1
1000
1.7633019289928017e-01
1.6647904780064182e-01
1.8221179320712913e-01
1.8253381368743199e-01
1.5957329581128538e-01
1.4705054450275296e-01
1.3047677162240867e-01
1.2090224292277325e-01
1.2813071131519457e-01
1.1762620913483411e-01
2.3846695522882094e-01
2.5326607438290916e-01
1.5798154005839490e-01
1.4241543839886933e-01
1.4115612609922584e-01
1.3681131130839053e-01
1.4127085020269056e-01
1.7941076561040945e-01
1.8090647656029357e-01
1.8701303539512920e-01
2.2079402928656403e-01
2.1113632790976047e-01
2.6380496299676276e-01
2.7900238803450528e-01
2.7525050866004930e-01
3.0509928146167442e-01
2.8729931732137542e-01
1.9379489091326452e-01
1.7058703255758850e-01
1.7419356453208321e-01
1.5900489713903465e-01
1.6599344017242207e-01
1.5731545660140361e-01
1.6569735167398048e-01
1.9094251187544145e-01
2.3500519918608620e-01
2.5419810164189138e-01
4.0300147609525616e-01
2.4432124689593820e-01
1.7637252641035617e-01
1.7145500479451659e-01
1.8046634203614814e-01
1.9852819805955638e-01
2.1832884525239835e-01
2.3447752693656884e-01
1.8785496568825916e-01
2.1242601418477239e-01
2.0773839935231353e-01
1.8141811814573822e-01
2.1461040757074826e-01
3.5217585520458533e-01
2.1748896150764024e-01
1.8202767556583457e-01
1.6575612819291707e-01
1.3886948728437065e-01
1.5659931628568480e-01
1.5804020784779202e-01
2.0062431361146046e-01
1.8881190385217347e-01
1.9736647086138442e-01
1.8336910713206048e-01
1.8220630775792165e-01
1.8144866545580685e-01
1.5718527616131403e-01
1.4231536581194076e-01
1.7180929275049872e-01
1.5551744197826170e-01
1.6490006087132017e-01
1.9026255036091258e-01
1.7992896994390933e-01
1.7819372759625840e-01
3.1276178734196186e-01
1.8160253914052674e-01
2.0230218437856284e-01
1.7916365693696001e-01
1.5343280751796765e-01
1.5317317014351603e-01
1.5270518703533242e-01
1.5327578697331468e-01
1.4039874294385010e-01
1.3444443062475819e-01
1.4434813648447567e-01
1.6285899003130452e-01
1.7223110495606747e-01
2.1668429177317466e-01
1.6633415463596862e-01
1.5405444257948181e-01
1.5497932301765283e-01
1.6188213299525012e-01
1.2908884489073111e-01
1.2233215758669981e-01
1.2482122268747581e-01
1.3192785436425261e-01
1.2717342477157506e-01
1.2457200375074449e-01
1.2197969788585614e-01
1.2534399534713223e-01
1.1355596974910219e-01
1.1368894497593195e-01
1.1300066638857337e-01
1.4411296848205360e-01
1.2464457922563960e-01
9.7705785543666684e-02
1.0097466514587680e-01
9.9955551783188601e-02
9.9552428195175513e-02
1.0166457992397401e-01
1.1058012680935959e-01
1.1321494421135035e-01
1.2718922622103448e-01
1.3996698254710044e-01
1.4875165843707605e-01
1.6710407618239784e-01
1.4671372701210858e-01
1.3196942201090511e-01
1.1180030169221064e-01
1.1629300484606624e-01
1.1539499753137314e-01
1.2960308505447662e-01
1.5624627929432722e-01
1.7701433148182366e-01
1.7263857888326695e-01
2.2469039295400994e-01
2.0605773149934425e-01
1.5687181624420934e-01
1.5386751723454303e-01
1.0411404329886839e-01
1.0045721772381172e-01
1.0602210346947033e-01
1.1154040595856909e-01
1.0831200274233144e-01
1.1597513777053405e-01
1.2031301302130830e-01
1.2673306948726917e-01
1.3249411100356964e-01
1.2685297813643026e-01
1.3241564313086662e-01
1.2280805818686653e-01
1.6032519324397509e-01
1.3641157781741176e-01
1.4305292482066231e-01
1.2713222685794451e-01
1.2580901468560679e-01
1.2610701507341848e-01
1.3710213108455879e-01
1.1977983122313116e-01
1.3077706489742810e-01
1.2754800715377734e-01
1.2432044310589585e-01
1.1922815720994230e-01
1.1132206769823029e-01
1.3942145750447385e-01
1.0338885852199348e-01
1.1234989120875567e-01
1.1853931189164930e-01
1.2998442846552061e-01
1.5674292542312926e-01
1.5972349389375340e-01
1.9650315722310563e-01
2.0888779913768116e-01
1.8013735008235923e-01
3.1005245952390753e-01
1.6181730539821806e-01
1.5044947702817152e-01
1.3928524221154437e-01
1.7498440844453383e-01
6.2448887449894819e-01
2.4423546535902702e-01
1.6925049024587960e-01
1.6672919681543266e-01
1.5580884019210647e-01
1.5072442326090807e-01
1.5621746723031688e-01
1.6833321066822302e-01
1.2739696904906533e-01
1.2800037791178198e-01
1.3810459580270254e-01
1.3152987309039524e-01
1.3098060862897512e-01
1.2128428301592779e-01
1.2492291070370720e-01
1.2498622520543337e-01
1.3384588587724255e-01
1.1618760789289760e-01
1.1337233206472026e-01
1.2641540266302503e-01
1.1554483264539833e-01
1.1716095482669564e-01
1.3197589376477531e-01
1.1318492947658532e-01
1.0440516715810844e-01
1.0530530182942911e-01
1.2733361408180846e-01
1.3789253641576255e-01
1.2908975316259638e-01
1.3283532643837870e-01
1.2416699334696428e-01
1.3148545133327236e-01
1.2211853906514022e-01
1.3282360297623919e-01
1.5425573443409779e-01
1.4424719710590383e-01
1.4730337163225021e-01
1.4546278695233938e-01
1.4746197265783223e-01
1.3351418517342950e-01
1.4890287048072970e-01
1.3332139546062852e-01
1.4124826072663418e-01
1.3629695322974267e-01
1.3293314047172436e-01
1.3362300057147644e-01
1.4037431400019953e-01
1.4031585981699565e-01
1.4134897483068129e-01
1.6508199145420832e-01
1.5635839691394868e-01
1.2844207068038252e-01
1.4133792404248971e-01
1.5090283632805798e-01
1.7687461288328460e-01
1.9225540272306474e-01
1.9736444787338436e-01
1.1918478225102432e-01
1.1997087182021091e-01
1.2834762134514074e-01
1.3031486364581149e-01
1.2152601900199618e-01
1.3671397397395643e-01
1.5308882555388201e-01
1.7903827811200265e-01
2.0710007672619959e-01
2.8029236400367430e-01
2.6673888889700242e-01
1.4853535669287252e-01
1.4210022504205994e-01
1.3868338750619771e-01
1.5325867477977537e-01
1.6393700128484531e-01
1.5823493667234545e-01
1.5411296124437274e-01
1.5274957619958737e-01
1.3680111837341000e-01
1.5075541130621734e-01
1.3791535565250654e-01
1.3793285320234305e-01
1.3845632286437901e-01
1.3833756389785101e-01
1.3751777051511208e-01
1.3896440040968111e-01
1.3830208365500798e-01
1.4029197649237263e-01
1.3881980946938050e-01
1.2428898574304068e-01
1.3243983649128746e-01
1.4702477226686034e-01
1.4768631297736295e-01
1.2870473994717041e-01
1.1932850453855177e-01
1.1434829005105950e-01
1.2421890615389586e-01
1.2400176170571184e-01
1.1220600866412694e-01
1.2260295317559032e-01
1.3012898800361677e-01
1.2992186996732205e-01
1.3103120941358304e-01
1.3139683337046873e-01
1.5939924560288632e-01
1.9744583490480289e-01
1.8574421937273006e-01
1.3322096940547501e-01
1.7028096612893834e-01
1.4853670725807203e-01
1.4559365370171487e-01
1.2734121528959158e-01
1.2069274794041096e-01
1.3299134475140512e-01
1.3325115169900467e-01
1.3717144626237066e-01
1.4100075702752496e-01
1.2871147837799479e-01
1.2883212697436242e-01
1.3676186342312763e-01
1.3586687252797658e-01
1.1706712398729939e-01
1.1922568100643344e-01
2.0915761016114676e-01
2.0708676415552069e-01
1.9387270305731652e-01
2.1226817223440675e-01
2.1636385522514590e-01
1.9355659141579923e-01
2.0037949022491344e-01
2.6743371943490207e-01
1.6102536477859541e-01
1.5983109602032575e-01
1.3651773320212038e-01
1.3545803854035540e-01
1.6582142761700627e-01
1.6456376801829234e-01
1.4664060074823207e-01
1.5033259727494963e-01
1.8257311580312155e-01
1.9956874359409116e-01
2.0552180126759642e-01
1.9797729823878474e-01
2.7814207104568905e-01
2.2207943319360446e-01
1.8333466586834535e-01
1.9071576122055742e-01
1.6963461698778504e-01
1.6573475779182398e-01
1.4183404172790015e-01
1.4812517638572703e-01
1.2689755099889261e-01
1.2976612696043177e-01
1.2399440123009453e-01
1.3388093174133461e-01
1.3759994371681722e-01
1.3920355004787738e-01
1.3954591510633702e-01
1.4055306382109800e-01
1.3524239200157320e-01
1.4418695827990624e-01
1.2678170298837818e-01
1.1863960956120025e-01
1.2589273617320620e-01
1.2281814499003969e-01
1.3414233077823581e-01
1.2815223763699038e-01
1.5336989168146509e-01
1.4518536922731612e-01
3.0747087299546949e-01
1.7857812839880308e-01
1.5144620885566634e-01
1.4541014592435073e-01
1.3068903120810738e-01
1.3030826651518346e-01
1.4005627910060903e-01
1.1745414924759155e-01
1.2054715929765987e-01
1.2200979488195846e-01
1.1763518973990543e-01
1.1438111373527303e-01
1.0712931937310566e-01
1.0173710288876123e-01
9.7202554224471632e-02
1.0437436168639085e-01
1.0625616258955717e-01
9.8856852970813910e-02
1.0372687930737114e-01
1.0876248024041962e-01
1.0611980626830445e-01
1.0422001387411452e-01
1.2375951278185333e-01
1.1449755878977892e-01
1.0840857555552839e-01
1.1446400278198157e-01
1.1608452742135268e-01
1.1094283409882706e-01
1.1053877920018601e-01
1.1022675423632375e-01
1.1105229212108304e-01
1.0784703106017124e-01
1.1952543588391189e-01
1.1504139366582550e-01
1.1768337518730078e-01
1.1843423449566258e-01
1.1476948242217393e-01
1.2405176723772669e-01
1.1608569743811330e-01
1.2057067668754431e-01
1.1505543758726233e-01
1.1203851200048601e-01
1.2172384540264444e-01
1.0967434282892671e-01
1.1070253989414047e-01
1.1513827211454325e-01
1.1285535669118316e-01
1.2462924763795291e-01
1.2309562477205974e-01
1.3356432909764135e-01
1.2875594326772266e-01
1.2856959229472317e-01
1.1436754777001354e-01
1.1584039290123992e-01
1.0935000835648405e-01
1.1464455030459472e-01
1.0741682707809268e-01
1.0905364295861403e-01
9.8557932210177016e-02
1.0120923328443343e-01
1.0044647992542727e-01
1.0139032543851112e-01
1.0209132027051837e-01
1.0672813447726204e-01
1.0566177793182106e-01
1.0739233867032198e-01
1.0272217411728522e-01
1.1036658795901171e-01
1.2178251484402994e-01
1.1643192012444174e-01
1.1776389759376656e-01
1.2038934077284807e-01
1.3630865238474821e-01
1.5116156042847112e-01
1.7402039107299111e-01
2.1000333557859294e-01
2.3047427404473361e-01
1.9076151128690452e-01
2.0655139616180615e-01
2.0834968346316882e-01
1.7908030529284905e-01
1.8758525206317705e-01
1.7786146227916619e-01
1.8344019655768001e-01
1.8316292828786473e-01
1.7644646256930671e-01
1.6749510655092639e-01
1.7174207574225533e-01
1.6972111000134874e-01
1.6842369830566056e-01
1.4506848373423506e-01
1.3257363513082485e-01
1.2902496363753879e-01
1.2989274345097265e-01
1.2294333460960447e-01
1.2809422436174026e-01
1.3158672714996883e-01
1.3874688664136817e-01
1.3425400920645406e-01
1.2284350830880633e-01
1.3104617724444634e-01
1.3083924273729725e-01
1.2796675733730797e-01
1.3517765390346775e-01
1.3240629077427585e-01
1.4212302848750094e-01
1.4263903265989750e-01
1.5630135116729910e-01
1.7068417905882316e-01
1.6872898154713101e-01
1.6439197753697468e-01
1.7388994173147368e-01
1.4119986679068788e-01
1.3046853786577256e-01
1.3185676247395675e-01
1.2635180710227661e-01
1.1211522064965181e-01
1.1774747604185912e-01
1.1530288204867555e-01
1.0832302567138263e-01
1.0670156259919424e-01
1.2391978672352014e-01
1.2065393365880796e-01
1.2171690332264649e-01
1.1028369553030391e-01
1.1649089660869416e-01
1.1476250906185953e-01
1.1792497713967366e-01
1.2403964680072489e-01
1.3622120843741187e-01
1.2552469869848498e-01
1.0875126083905644e-01
1.0458652324926117e-01
1.1027695151944855e-01
1.1401367265632142e-01
1.1637127414213261e-01
1.2740580427628015e-01
1.1448429194514782e-01
1.1799264568680458e-01
1.1948633781423899e-01
1.2299531896610380e-01
1.2399413411456500e-01
1.2405577179601776e-01
1.2060763306701819e-01
1.2574494211365203e-01
1.2134226686141998e-01
1.2312273836789579e-01
1.1695737517307160e-01
1.1838825863843205e-01
1.3091805432593207e-01
1.2294790244143275e-01
1.2154410967057729e-01
1.2669218718912900e-01
1.2141896392546483e-01
1.1485304883966993e-01
1.2021408602699331e-01
1.1704347328295213e-01
1.0928241445061528e-01
1.1132470878003835e-01
1.0437816793031951e-01
1.0918327750252065e-01
1.1140348893854421e-01
1.1129338773852487e-01
1.1761462708410807e-01
1.1912206009607647e-01
1.2124901312654039e-01
1.2717478254718978e-01
1.3168244388410927e-01
1.4901032801047984e-01
1.5482288620614792e-01
1.3017795782576272e-01
1.4651310739708448e-01
1.7949326457914494e-01
2.0584595770441322e-01
1.6419342894846983e-01
1.4936310985559204e-01
1.3503416081693712e-01
1.6690889349542273e-01
1.7731473205234072e-01
1.3655871555801100e-01
1.2673671000368494e-01
1.3113450690463654e-01
1.3021043380743752e-01
1.3782535189333411e-01
1.3122403140624814e-01
1.2813424459180991e-01
1.1568665267100457e-01
1.1069143271695982e-01
1.2743978538694969e-01
1.1884579021551152e-01
1.1824719192039432e-01
1.2083681604292375e-01
1.9707805152090851e-01
1.4353563400062025e-01
1.2626376277999174e-01
1.3571916617376206e-01
1.3612083548359644e-01
1.2501720145293432e-01
1.2498514916622316e-01
1.1115523891809156e-01
1.4280420889438367e-01
1.3182570817630190e-01
1.3952748429657383e-01
1.3457485051860454e-01
1.4246268970916789e-01
1.4406387323103823e-01
1.3810008466231355e-01
1.3022239180770920e-01
1.3769027318737659e-01
1.3668940094479939e-01
1.4166063256573339e-01
1.4494493983115553e-01
1.3965475152450804e-01
1.3649093268427565e-01
1.3671529039577332e-01
1.2252462211639217e-01
1.1816820286544795e-01
1.2332486347564341e-01
1.2197720306803149e-01
1.2199352927525314e-01
1.2547479637056305e-01
1.2312193784309584e-01
1.2147984815739730e-01
1.1598247102184894e-01
1.2192144278078208e-01
1.2353191770629283e-01
1.3050189840149312e-01
1.1263772917262199e-01
1.0764964392998022e-01
8.9851818648412074e-02
9.0904970789017159e-02
8.9016785379861199e-02
8.7046293447221201e-02
9.0277864036255748e-02
9.1150184543515991e-02
9.2755233303977849e-02
8.5664820541437869e-02
8.4970650408286830e-02
8.9536030445859685e-02
9.3789900753130914e-02
9.0809065698993705e-02
9.7225648954054639e-02
1.0065767926864001e-01
9.4125219231017118e-02
8.8401930420684421e-02
8.5508143880683993e-02
8.5758677784746912e-02
9.0921612164367172e-02
9.3360595314235170e-02
9.7247175741931258e-02
9.8612171776968863e-02
8.9815754694427138e-02
9.1014462361242277e-02
8.4457225586111073e-02
8.1036794368354648e-02
8.3753032214067727e-02
8.3753032214067727e-02
8.2223493521950741e-02
8.0282429264896080e-02
8.4705177946009694e-02
8.4883734441182218e-02
8.0846649159539388e-02
8.5680705456528394e-02
8.9833336083915291e-02
9.5486842627568666e-02
9.6687748614231822e-02
1.0177134836212681e-01
1.0696852770102522e-01
1.0216424371006350e-01
1.0199991922984537e-01
1.0809286840573978e-01
1.1020027745102121e-01
1.0198429762492384e-01
1.0029829719447061e-01
1.0009536257452285e-01
9.8629193140115673e-02
9.6988222210087696e-02
9.4496915185972044e-02
9.4336580300141928e-02
9.6356684552419386e-02
9.9142923368836802e-02
9.4558756354313142e-02
9.7323480370028012e-02
1.0489531504108740e-01
1.0665989149001294e-01
1.0624518825710906e-01
1.0833011072672070e-01
1.0950749242017502e-01
1.1047553937100024e-01
1.1283625924505225e-01
1.0836118810097263e-01
1.1521647202360943e-01
1.0877524343099813e-01
1.1239344239605049e-01
1.1908477566198665e-01
1.2241106284195072e-01
1.2366806071660148e-01
1.2034524395812315e-01
1.1461077001517740e-01
1.0528375903107562e-01
1.1172797960948903e-01
1.0533441721433524e-01
1.0914354034743004e-01
1.1257618173601683e-01
1.0759492301364704e-01
1.1458041303428626e-01
1.2166078796684392e-01
1.3047795645741550e-01
1.2435807872191031e-01
1.0754500592777379e-01
1.0252741822299814e-01
1.0139736007987291e-01
1.0197898176912749e-01
9.7945226947810826e-02
1.0510805845346877e-01
1.0454782131623302e-01
1.1480591968524170e-01
1.1252490827105539e-01
1.2126235488928977e-01
1.2012877315581089e-01
1.1458129892077507e-01
9.5286637541761629e-02
9.3374497138661652e-02
9.4211516374789014e-02
9.6035737090930565e-02
9.6934249420466564e-02
1.0177814467948604e-01
1.1207360496445734e-01
1.1074631649669647e-01
1.1273924033476181e-01
1.1759406926663654e-01
1.0850648043839271e-01
1.0833588564254854e-01
1.0129970191890406e-01
1.0977467599325648e-01
1.1347282453096236e-01
1.1093750830237042e-01
1.2025701714292561e-01
1.2481690445754542e-01
1.0665636970907612e-01
1.1295739966276712e-01
1.1410112039880151e-01
1.3387018440546367e-01
1.4376637516415205e-01
1.4791757311225839e-01
1.4773796351714868e-01
1.5040258089117300e-01
1.4467521663127425e-01
1.4226825935960657e-01
1.4080827869757631e-01
1.4207763267537074e-01
1.3710903094739732e-01
1.3470654863466000e-01
1.3857140797466494e-01
1.4045630374765472e-01
1.2760074530561544e-01
1.2994781880355283e-01
1.1601585757432442e-01
1.3363927644862061e-01
1.2609199612678076e-01
1.3499480091777355e-01
1.2336567721076712e-01
1.1829395725874550e-01
1.1645351638034207e-01
1.1299429998550810e-01
1.0397628601711516e-01
9.7840368494506627e-02
9.7685370687188619e-02
1.1064186863176503e-01
1.0382999742388430e-01
1.0510177464018389e-01
1.0190954475616619e-01
1.0875700353884937e-01
1.1479276979837957e-01
1.0689944321772618e-01
1.0134113081610389e-01
1.1006374306306661e-01
1.1050655570263709e-01
1.0312325513206226e-01
1.0801910933968856e-01
1.0282732348281641e-01
1.0897182243712050e-01
1.1344115578697857e-01
1.2070006896905644e-01
1.1671548941433872e-01
1.2004898540526211e-01
1.1413737548956593e-01
1.0750520971375950e-01
1.0193201354399811e-01
1.0279964483842403e-01
8.9658463262230634e-02
9.1909951500617024e-02
1.1001446756287910e-01
1.2247672387768435e-01
1.0787380399284215e-01
1.0694158010707844e-01
1.0507332362200181e-01
1.0507332362200181e-01
9.6443377869698116e-02
8.8037663659573606e-02
9.9132728288934061e-02
9.2456027341890457e-02
9.1845156202178341e-02
8.5834364545357034e-02
8.7717912313256333e-02
9.7829793726112349e-02
9.5769746023357069e-02
8.8200531998368581e-02
9.0836554384560980e-02
8.8278532064757817e-02
8.1801246593746713e-02
8.8016877741328034e-02
8.5144212004265751e-02
8.5489506775168048e-02
9.0304654237343560e-02
9.3803880205765133e-02
8.7114711094842742e-02
8.6550050376149962e-02
9.7826296354187256e-02
9.7404213849299953e-02
9.4440148231359711e-02
9.0997137098747599e-02
9.8783655052830766e-02
1.0080180866523612e-01
1.0453368519257156e-01
1.0910133020075113e-01
1.0249536822691840e-01
1.0843998519086029e-01
1.1209385333667504e-01
1.1316532528144382e-01
1.0461801825784776e-01
1.0105212349683079e-01
1.0622986093834812e-01
9.7474414227443767e-02
1.0069249921272538e-01
9.9829736261809868e-02
1.0399300660810985e-01
1.0630967199898243e-01
1.0684636797979399e-01
9.3190867091936663e-02
9.6567085292050867e-02
1.0272911159696230e-01
1.0457353926063949e-01
1.0885941732916725e-01
1.1532993671512401e-01
9.5214370336101611e-02
9.0929667875423281e-02
1.0765854278809582e-01
9.7454244589665590e-02
9.0844759453080459e-02
9.7566497387850767e-02
9.4360051913012388e-02
9.4287735735443703e-02
8.8343751021842234e-02
8.8662749836590671e-02
9.2021206350362400e-02
8.6546482612079756e-02
8.1300843285396412e-02
8.3823995936882251e-02
8.2791090558800434e-02
8.4416298703433104e-02
8.0470529235219329e-02
8.3062923071289041e-02
7.9255982620186627e-02
8.3880783283606111e-02
8.0172810300505173e-02
8.6132624356985502e-02
8.6018799871943358e-02
7.9634947541227033e-02
7.8691018977788921e-02
8.2960288561152798e-02
8.1135815247082840e-02
7.9158006841608897e-02
7.6413042370050782e-02
7.5938305239980394e-02
7.8356402592547142e-02
7.9524348326065641e-02
7.8905510548275354e-02
8.0814840647177366e-02
7.5995214946411108e-02
7.7427752342078451e-02
7.8026105325561451e-02
7.8526268580683040e-02
8.0989362571906962e-02
7.9902822630257095e-02
8.2954273795982914e-02
8.0251939922016874e-02
8.7878080790177476e-02
8.6376315282131202e-02
9.6082634840798833e-02
9.0517636116061229e-02
8.7647995095880019e-02
8.9460470851903673e-02
1.0112866893027307e-01
1.0077657967297478e-01
1.0077657967297478e-01
1.0621254335419039e-01
1.1028633515385464e-01
1.1175413501935305e-01
1.0979574362277233e-01
1.1245797852814572e-01
9.9044363884614683e-02
1.1390384398651184e-01
1.2654564720927178e-01
1.2455359657359395e-01
1.2592142053445562e-01
1.3018207499424425e-01
1.0460444147952322e-01
1.0522578409635430e-01
1.5326031336312826e-01
1.6110144868421727e-01
1.5403765611049522e-01
1.7474195571923876e-01
1.4536108748907378e-01
1.3288894331699599e-01
1.4232502824218712e-01
1.4486936989716331e-01
1.2890428589545000e-01
1.4455599230228844e-01
1.5105272881032586e-01
1.3025607444278658e-01
1.1596289355040146e-01
1.1661342346760377e-01
1.3107001267549662e-01
1.1430738482412151e-01
1.1545091564237535e-01
1.1134470457305756e-01
1.1550918484675003e-01
1.1629487454055576e-01
1.1638667245257137e-01
1.3340714247681096e-01
1.3224175984859760e-01
1.2150065302802324e-01
1.4107983499827764e-01
1.3415216754568637e-01
1.4072428220974531e-01
1.2867460141040651e-01
1.2908749675850595e-01
1.4756899827953787e-01
1.2954075974642099e-01
1.2954075974642099e-01
1.2623873744725500e-01
1.2471778644928337e-01
1.2895315225945089e-01
1.4583350987971691e-01
1.1064310322929696e-01
1.0777711759523875e-01
1.1155143878444586e-01
1.2149089633153520e-01
1.1045842423564758e-01
1.1237341095357753e-01
1.1474786013209226e-01
1.2058348813572861e-01
1.2592068217779706e-01
1.2397306995399386e-01
1.2539059874259076e-01
1.3062367227044258e-01
1.3605316262639161e-01
1.3876848248299370e-01
1.3876848248299370e-01
1.3919874991713729e-01
1.2499637100911118e-01
1.3363923271571002e-01
1.2418166876998443e-01
1.2728729999811811e-01
1.3518135311010485e-01
1.2587238624917499e-01
1.3896245907989577e-01
1.3096247638887015e-01
1.3296321295326874e-01
1.3535602928409460e-01
1.4799998119874011e-01
1.4724381207096512e-01
1.6759950529667272e-01
1.4744008235220632e-01
1.5484491735506695e-01
1.1506057795495366e-01
1.1367956563916293e-01
1.1675868767227182e-01
1.2565125233526245e-01
1.3096678898420305e-01
1.7590348597095445e-01
1.5970688524137600e-01
1.8054474119860153e-01
1.4282449880854736e-01
1.1979960687878767e-01
1.2061118059174741e-01
1.1123942866750422e-01
1.1370005420573846e-01
1.1251547070661518e-01
1.1144039804847715e-01
9.7807024733222281e-02
9.7591097566593288e-02
1.0808974201549904e-01
1.0573840419713811e-01
1.0900814146500744e-01
9.7920657428324592e-02
1.3719068075631419e-01
1.3607690226876989e-01
1.3706104978509837e-01
1.2152091718863481e-01
1.3497693011022743e-01
1.4656139125798393e-01
1.4348857153758299e-01
1.3342290062751139e-01
1.2987073569175861e-01
1.2650187207775851e-01
1.0764200485450102e-01
1.0923315898860413e-01
1.1105435145109087e-01
1.1116023999633957e-01
1.0666853449528338e-01
1.0781646506347407e-01
1.0798045230600120e-01
1.0773786662598318e-01
1.0773701824653081e-01
1.0502755266571494e-01
9.0890024947207701e-02
1.0484666767149610e-01
1.0409698927764238e-01
1.0509421112411682e-01
1.3670822699361723e-01
1.3499374058172792e-01
1.2174907798734061e-01
8.5554043920570921e-02
1.8002481803089204e-01
1.7659904371961038e-01
2.4878146788695341e-01
2.2549880379004750e-01
2.1701459086674776e-01
2.4870961278556369e-01
2.6617531591156834e-01
4.7592514493278559e-01
4.5183501605193394e-01
2.3695219441824442e-01
2.1904050910137710e-01
2.4359912829111871e-01
2.6547941930989649e-01
2.5796363221798929e-01
2.4010436297223642e-01
2.4281980504455977e-01
2.3232821800523248e-01
2.3404694798912926e-01
2.2274518688581238e-01
2.3296930261811238e-01
2.3760123020223639e-01
2.3238692214947659e-01
1.6686513162714242e-01
1.8587637294346762e-01
2.6555671248593793e-01
2.9577148208840037e-01
2.3491685794278616e-01
2.1586946540268873e-01
2.5140695970906674e-01
2.3134118548516988e-01
1.7672708517115751e-01
1.8633066246563501e-01
1.9797022555560870e-01
2.6069249317707838e-01
2.5452174042077064e-01
2.7631056512635743e-01
2.4791683347505356e-01
2.4010477726941926e-01
2.1439096652414008e-01
2.3671066661443607e-01
2.1239648763007929e-01
2.1709304377170582e-01
