4
1000
2.8958013185268783e-01
2.1561494752677435e-02
8.7713230596818959e-03
1.0000000000000000e+00
3.0223125123387717e-01
2.6610593035729879e-02
6.5148319546096956e-03
1.0000000000000000e+00
3.4637567304974937e-01
7.6128381028684133e-02
6.5148319546096956e-03
1.0000000000000000e+00
2.8418335967666053e-01
3.2148369653514242e-01
6.5148319546096956e-03
1.0000000000000000e+00
2.8418335967666053e-01
2.7325748252114868e-01
1.4361247928809467e-02
1.0000000000000000e+00
3.1863941156274223e-01
2.7325748252114868e-01
1.7669100590046588e-02
1.0000000000000000e+00
3.6815515437132262e-01
3.3352626832565879e-01
4.1650422193106357e-02
1.0000000000000000e+00
4.0399471341601156e-01
4.0292973043760871e-01
1.4875684674825612e-02
1.0000000000000000e+00
3.9391596193394207e-01
5.3283650773009872e-01
4.9945551864766513e-03
1.0000000000000000e+00
3.1952807257852101e-01
5.3283650773009872e-01
4.9945551864766513e-03
1.0000000000000000e+00
2.6815670679292225e-01
4.6922843689462757e-01
1.7744872529056016e-02
1.0000000000000000e+00
2.6231624974838041e-01
4.5095114196083164e-01
2.4969515309840068e-02
1.0000000000000000e+00
3.0792798425039791e-01
3.4502822691938495e-01
4.3115750980268791e-02
1.0000000000000000e+00
3.4147440592727207e-01
3.2474678540966129e-01
5.7192206476520374e-02
1.0000000000000000e+00
3.3655726394584917e-01
4.5864920104286289e-01
6.1075737793635204e-02
1.0000000000000000e+00
3.3761150119329386e-01
3.9202274168274021e-01
5.9678471973802522e-02
1.0000000000000000e+00
3.4369996664548808e-01
3.9779098118087863e-01
5.9691038542132452e-02
1.0000000000000000e+00
3.4369996664548808e-01
4.7783247540137386e-01
5.0541041047017649e-02
1.0000000000000000e+00
3.4963303685157143e-01
5.2417886555558657e-01
5.9818750806789472e-02
1.0000000000000000e+00
3.1978458855968483e-01
6.0567638948923563e-01
5.4294713400940969e-02
1.0000000000000000e+00
3.0917230100106963e-01
5.9674774315571999e-01
6.0677722655873373e-02
1.0000000000000000e+00
3.3682086915445097e-01
7.7575824987507080e-01
3.6936579831581190e-02
1.0000000000000000e+00
3.3682086915445097e-01
7.4610858243322586e-01
7.8713878617327288e-02
1.0000000000000000e+00
3.3682086915445097e-01
8.7290249597645020e-01
6.1832050886641815e-02
1.0000000000000000e+00
3.6002944214936861e-01
9.0765145253753876e-01
7.3272532004102692e-02
1.0000000000000000e+00
3.6002944214936861e-01
8.4247101676082825e-01
7.6448312181219086e-02
1.0000000000000000e+00
3.6544317370947965e-01
8.4247101676082825e-01
5.4946572438984737e-02
1.0000000000000000e+00
3.6544317370947965e-01
5.6439219992971634e-01
5.7247097057461366e-02
1.0000000000000000e+00
3.9211440613229342e-01
3.4927793424940323e-01
5.7247097057461366e-02
1.0000000000000000e+00
4.4147173275354135e-01
1.7247666996336197e-01
5.2998749924063310e-02
1.0000000000000000e+00
4.3493111298533904e-01
4.0499721300220703e-01
3.7027761724948510e-02
1.0000000000000000e+00
3.3655637742134559e-01
1.3670203667497849e-01
4.0826031624510511e-02
1.0000000000000000e+00
3.0318687443735826e-01
1.3670203667497849e-01
3.3017034561544284e-02
1.0000000000000000e+00
2.8820106626602637e-01
6.0731200691225284e-02
1.9375718612627685e-02
1.0000000000000000e+00
3.0201651954206454e-01
4.6634721588707184e-01
1.9375718612627685e-02
1.0000000000000000e+00
3.2166642748865115e-01
2.5797512960052704e-01
2.2747902613446114e-03
1.0000000000000000e+00
3.2919488853889334e-01
2.7909593489384865e-01
1.5347049519823491e-02
1.0000000000000000e+00
3.3682687540652978e-01
2.4476716872668480e-01
2.3723177210831642e-02
1.0000000000000000e+00
2.7160467167499291e-01
3.0716090854621148e-01
1.6463804589056968e-02
1.0000000000000000e+00
2.7160467167499291e-01
4.0224941652631974e-01
1.6140187689507007e-02
1.0000000000000000e+00
2.7160467167499291e-01
5.1919279825306153e-01
1.6202824953415990e-02
1.0000000000000000e+00
2.8511290049294757e-01
4.7688179668402886e-01
5.0759336626560986e-02
1.0000000000000000e+00
2.9389928357790041e-01
3.2455291059231972e-01
6.6363404220373928e-02
1.0000000000000000e+00
2.9822097003574299e-01
8.4118711020710224e-02
4.8508442653746903e-02
1.0000000000000000e+00
2.6849666640276837e-01
-1.3763115815454507e-01
4.5028316270963847e-02
1.0000000000000000e+00
3.0548444885874915e-01
-1.7042596898609186e-01
5.1753686689244210e-02
1.0000000000000000e+00
2.5775136549140143e-01
-1.7042596898609186e-01
7.7492928546325862e-02
1.0000000000000000e+00
2.8926806088651347e-01
-1.7042596898609186e-01
6.1800012291405443e-02
1.0000000000000000e+00
2.7604124166185784e-01
-1.7042596898609186e-01
6.5249130521897319e-02
1.0000000000000000e+00
3.5984115518743920e-01
-2.1051224302136684e-01
6.5249130521897319e-02
1.0000000000000000e+00
3.4167582571620869e-01
-2.1051224302136684e-01
6.0441913475278858e-02
1.0000000000000000e+00
3.3909502143154668e-01
-2.1051224302136684e-01
7.1838082206431869e-02
1.0000000000000000e+00
3.3909502143154668e-01
2.6512832213556980e-01
7.5128761977885011e-02
1.0000000000000000e+00
3.3909502143154668e-01
-1.0708902012192989e-01
5.5197920576665643e-02
1.0000000000000000e+00
3.5546801781396198e-01
-9.6847720254299885e-02
5.6518461714495066e-02
1.0000000000000000e+00
3.2625521632957089e-01
-1.5444900076472545e-01
5.9730291060168389e-02
1.0000000000000000e+00
3.2577888860481607e-01
-2.9959326963507915e-01
6.4895647737193946e-02
1.0000000000000000e+00
3.4263594455200064e-01
3.0215963911177868e-02
6.7155401672698650e-02
1.0000000000000000e+00
3.7422234199124205e-01
-4.0062176312421793e-01
6.7155401672698650e-02
1.0000000000000000e+00
3.7422234199124205e-01
-2.5097100685452456e-01
3.7401531807608995e-02
1.0000000000000000e+00
3.3803933306711542e-01
-8.1552150352945274e-02
1.2934560872145090e-02
1.0000000000000000e+00
3.1734500133546817e-01
-2.7574995129471058e-01
1.9018882870204840e-02
1.0000000000000000e+00
3.9238786750587451e-01
-1.5189660216783518e-01
2.0421919863201771e-02
1.0000000000000000e+00
3.9238786750587451e-01
-6.4356951668014473e-02
1.0475020374633465e-02
1.0000000000000000e+00
3.9027853642704713e-01
-8.5103609292855209e-02
5.6184343046970758e-02
1.0000000000000000e+00
3.6915154342653977e-01
-4.8652584168230528e-01
4.3873518689997587e-02
1.0000000000000000e+00
3.6915154342653977e-01
-8.0366253729080195e-01
5.0034590981431398e-02
1.0000000000000000e+00
3.9395080839398133e-01
-8.0366253729080195e-01
5.0439950063355360e-02
1.0000000000000000e+00
3.8863171550559628e-01
-9.0158930669640536e-01
2.4882135897405538e-02
1.0000000000000000e+00
3.7694713014292347e-01
-6.7708948503350253e-01
5.3387393693901691e-02
1.0000000000000000e+00
4.1469036334541443e-01
-7.3547178010558123e-01
5.3387393693901691e-02
1.0000000000000000e+00
3.8311807358053329e-01
-5.9157992403124804e-01
3.7341359521724377e-02
1.0000000000000000e+00
4.5191003487792614e-01
-6.8518355737542147e-01
5.8371993232049141e-02
1.0000000000000000e+00
4.5954426390466097e-01
-5.9497298549031252e-01
5.8016619862519297e-02
1.0000000000000000e+00
4.3847671536144617e-01
-3.6744683857177729e-01
6.2173686207734141e-02
1.0000000000000000e+00
4.3847671536144617e-01
-6.7413296985541815e-01
6.2173686207734141e-02
1.0000000000000000e+00
4.2525353481408956e-01
-4.7616436301832432e-01
5.7466441982887778e-02
1.0000000000000000e+00
4.0914664243695142e-01
-4.1843387081389660e-01
7.6739426919721160e-02
1.0000000000000000e+00
4.0914664243695142e-01
-1.8674014105563397e-01
7.1730790411584172e-02
1.0000000000000000e+00
3.9219801699158552e-01
-1.8674014105563397e-01
6.7130680413447413e-02
1.0000000000000000e+00
3.9554842434239390e-01
-1.6732128120129341e-01
6.4794821416489873e-02
1.0000000000000000e+00
4.0208896960479024e-01
-1.2354601702754731e-01
2.3185642537191603e-02
1.0000000000000000e+00
4.0548135492366555e-01
-1.6048536605303521e-01
1.9479954716280196e-02
1.0000000000000000e+00
3.9816524054270985e-01
-1.7831281728213066e-01
7.2944307800844405e-02
1.0000000000000000e+00
3.6802710092973712e-01
-2.2176745526594455e-01
5.9511299346104357e-02
1.0000000000000000e+00
3.7468171923768523e-01
-4.3276716016334826e-01
5.6477143297433946e-02
1.0000000000000000e+00
3.2550778601665797e-01
-4.0701187394661242e-01
5.6477143297433946e-02
1.0000000000000000e+00
2.9473699851308766e-01
-5.1961557932299907e-01
5.6477143297433946e-02
1.0000000000000000e+00
3.1766535936270657e-01
-4.0395278848809535e-01
5.8195389209777210e-02
1.0000000000000000e+00
3.6997199932460489e-01
-3.6334811143678958e-01
4.0015836580187175e-02
1.0000000000000000e+00
3.6997199932460489e-01
-4.0411926984888846e-01
8.2881037005791414e-04
1.0000000000000000e+00
3.6997199932460489e-01
-8.1502852887933797e-02
8.2881037005791414e-04
1.0000000000000000e+00
3.6364930764187875e-01
-8.1502852887933797e-02
1.9961399360090587e-02
1.0000000000000000e+00
3.6364930764187875e-01
-9.7411898822610921e-02
5.5275606325358245e-02
1.0000000000000000e+00
3.8885546837349239e-01
1.0369418382542794e-01
5.5275606325358245e-02
1.0000000000000000e+00
4.1725357611079517e-01
1.8534375428134853e-02
5.4551688589617703e-02
1.0000000000000000e+00
4.1725357611079517e-01
1.9448465418900018e-01
5.0760968223676178e-02
1.0000000000000000e+00
3.9325094398458305e-01
2.4492085290039545e-01
6.7139364006925467e-02
1.0000000000000000e+00
3.9325094398458305e-01
7.1495059815133577e-01
6.7139364006925467e-02
1.0000000000000000e+00
3.0673332501550021e-01
7.1495059815133577e-01
6.7139364006925467e-02
1.0000000000000000e+00
3.1457846880306306e-01
8.4132531967843538e-01
7.6580010863017384e-02
1.0000000000000000e+00
3.4420537099589410e-01
5.2879470524276262e-01
5.8118019761514012e-02
1.0000000000000000e+00
3.4420537099589410e-01
4.6544920590604311e-01
2.9621065637093130e-02
1.0000000000000000e+00
2.8307104565550389e-01
1.7101579469526773e-01
2.7260815069075767e-02
1.0000000000000000e+00
2.2334747284998002e-01
-8.6220693468203491e-02
2.7334584722757432e-02
1.0000000000000000e+00
2.4918433174838128e-01
-8.6220693468203491e-02
2.5019131934732292e-02
1.0000000000000000e+00
2.4918433174838128e-01
-1.4628658133660788e-01
3.0572602859228942e-02
1.0000000000000000e+00
2.9415758129556480e-01
-1.2997764597748751e-01
3.3771192756012175e-02
1.0000000000000000e+00
2.5809511345227065e-01
-1.6375477581386799e-01
1.9733370266385469e-02
1.0000000000000000e+00
2.7096029267062249e-01
-2.8686456351642842e-01
1.8921800466250721e-02
1.0000000000000000e+00
2.3923754215587678e-01
-3.5483019023304219e-01
1.8921800466250721e-02
1.0000000000000000e+00
2.0664882369686666e-01
-1.8893693356876606e-01
1.8921800466250721e-02
1.0000000000000000e+00
2.1315880574633184e-01
-8.3505004338076061e-02
4.4523026371371094e-02
1.0000000000000000e+00
2.5325382490058246e-01
-3.4364375441437001e-01
4.4265799441836867e-02
1.0000000000000000e+00
2.6918267075319591e-01
-3.7289098619585270e-01
1.7305913074869755e-02
1.0000000000000000e+00
2.6918267075319591e-01
-2.6387304130112166e-01
1.7305913074869755e-02
1.0000000000000000e+00
3.6924202543099227e-01
-2.0227760139023299e-01
1.7305913074869755e-02
1.0000000000000000e+00
3.5800080921848121e-01
1.3230863896096712e-01
2.4527112181294802e-02
1.0000000000000000e+00
3.4420243639846149e-01
2.2704804719323879e-01
7.0259593586433772e-02
1.0000000000000000e+00
3.3351012774159017e-01
2.2704804719323879e-01
7.0641303827051166e-02
1.0000000000000000e+00
3.3759614814420047e-01
2.2349050671691661e-01
4.5931829648088757e-02
1.0000000000000000e+00
3.3759614814420047e-01
2.6859125898117786e-01
6.0202983716499153e-02
1.0000000000000000e+00
3.5177340161402526e-01
2.9610255204970604e-01
6.0105533913065307e-02
1.0000000000000000e+00
3.2668204408486190e-01
2.7392607957954174e-01
5.5117325558148883e-02
1.0000000000000000e+00
3.5253638018269839e-01
3.8624200628037220e-01
2.5331649164490960e-02
1.0000000000000000e+00
3.3397633152429762e-01
3.4713633761639362e-01
2.5331649164490960e-02
1.0000000000000000e+00
3.3397633152429762e-01
4.8178577826256519e-01
4.4451757733531855e-02
1.0000000000000000e+00
3.3732894680809977e-01
6.1939272687668567e-01
3.7054945415638946e-02
1.0000000000000000e+00
3.2397561160263422e-01
8.6032417819733387e-01
5.6086154675631411e-02
1.0000000000000000e+00
3.1318715040919187e-01
9.7762193188900715e-01
2.4922097122816927e-02
1.0000000000000000e+00
3.6573543714706602e-01
9.7762193188900715e-01
1.7737761160879023e-02
1.0000000000000000e+00
3.4249171743516627e-01
6.5556264699334865e-01
4.0313277414588816e-02
1.0000000000000000e+00
3.3178407548342648e-01
4.8016830936903721e-01
3.5703788998125680e-02
1.0000000000000000e+00
2.6437009208251538e-01
6.7586542324061161e-01
3.5703788998125680e-02
1.0000000000000000e+00
2.3961541325201097e-01
5.0765354216928249e-01
3.5703788998125680e-02
1.0000000000000000e+00
2.3961541325201097e-01
4.8970974826152092e-01
3.6162989176864363e-02
1.0000000000000000e+00
2.4174572423447671e-01
5.2951479093535458e-01
3.6017801837351732e-02
1.0000000000000000e+00
2.5363571372230354e-01
2.9035085202558553e-01
3.7507501655545644e-02
1.0000000000000000e+00
2.1002885967840257e-01
2.9035085202558553e-01
6.7373238030177168e-02
1.0000000000000000e+00
2.3895351671029630e-01
9.5330632714467400e-02
6.7373238030177168e-02
1.0000000000000000e+00
1.8612759083856645e-01
1.1553240889115846e-01
8.0287116105955653e-02
1.0000000000000000e+00
1.8612759083856645e-01
3.6183881996112222e-02
6.4880100536447577e-02
1.0000000000000000e+00
2.0784394199375811e-01
1.4712459830479974e-02
5.7972876812618784e-02
1.0000000000000000e+00
2.0883502125155928e-01
-8.0036156388086921e-02
7.0788897798684053e-02
1.0000000000000000e+00
2.0802394522701206e-01
-1.0849300822810615e-01
7.0788897798684053e-02
1.0000000000000000e+00
1.6639372928415241e-01
-2.2612262568072761e-01
8.2612490506198816e-02
1.0000000000000000e+00
1.6510657303382459e-01
-5.3656237941322571e-02
5.7529447824981622e-02
1.0000000000000000e+00
1.8770690158356729e-01
4.1631841290654892e-02
7.8389156834509782e-02
1.0000000000000000e+00
2.4109579146255555e-01
2.6143062226838087e-01
7.8389156834509782e-02
1.0000000000000000e+00
2.1392339643438163e-01
2.6143062226838087e-01
7.5528861713883094e-02
1.0000000000000000e+00
2.8068181302745643e-01
2.2104688473409628e-01
8.8562656884369068e-02
1.0000000000000000e+00
2.8068181302745643e-01
6.7210513356985802e-02
7.5354513471302204e-02
1.0000000000000000e+00
2.6003875572581592e-01
1.8656580821043467e-01
9.0664184411343746e-02
1.0000000000000000e+00
2.8060754075062277e-01
1.6687542498475527e-01
9.0664184411343746e-02
1.0000000000000000e+00
2.4512081233200433e-01
1.6687542498475527e-01
9.0664184411343746e-02
1.0000000000000000e+00
2.6505677041944864e-01
3.4931101203328585e-01
8.6633842896026186e-02
1.0000000000000000e+00
2.8321369563576582e-01
3.2465046430370426e-01
8.6633842896026186e-02
1.0000000000000000e+00
2.8321369563576582e-01
2.2334299581489181e-01
7.3515896211665682e-02
1.0000000000000000e+00
2.8782029648658636e-01
2.7847408475718116e-01
8.1520850296419672e-02
1.0000000000000000e+00
3.3403052681472900e-01
2.5709019992864346e-01
8.1520850296419672e-02
1.0000000000000000e+00
3.0929512263622883e-01
3.7250903267777180e-01
7.2409360661458783e-02
1.0000000000000000e+00
3.0106662319388988e-01
1.3622658439344382e-01
8.5830535265904478e-02
1.0000000000000000e+00
2.5401487679567936e-01
1.3622658439344382e-01
8.0678813617032580e-02
1.0000000000000000e+00
2.5401487679567936e-01
2.8316122033065771e-01
6.4368350190397911e-02
1.0000000000000000e+00
3.0622331065472963e-01
2.8316122033065771e-01
6.6926641381633095e-02
1.0000000000000000e+00
3.6194271420475843e-01
5.8943362273639655e-01
7.3187042950939946e-02
1.0000000000000000e+00
3.3063499036592248e-01
8.2838103659814810e-01
7.3187042950939946e-02
1.0000000000000000e+00
2.6349747333091500e-01
7.5315607078737234e-01
7.5378793982145004e-02
1.0000000000000000e+00
2.9585354182285073e-01
5.9091789573794817e-01
7.5569899977472238e-02
1.0000000000000000e+00
3.2865074242812398e-01
6.5800673812991595e-01
8.4262330309775285e-02
1.0000000000000000e+00
3.6130309536468985e-01
6.5800673812991595e-01
7.8327122427344881e-02
1.0000000000000000e+00
4.0167787171316149e-01
6.5800673812991595e-01
5.1916181392789446e-02
1.0000000000000000e+00
3.9026235801514986e-01
5.6018977165585970e-01
6.9074229620218836e-02
1.0000000000000000e+00
3.8646667905499044e-01
6.7332801521188235e-01
6.9074229620218836e-02
1.0000000000000000e+00
3.8646667905499044e-01
8.7788986340528941e-01
8.2793510801911913e-02
1.0000000000000000e+00
4.0648607991982999e-01
7.0560359135633921e-01
8.2793510801911913e-02
1.0000000000000000e+00
3.8946373284210267e-01
4.3900411501890635e-01
8.2406084277954511e-02
1.0000000000000000e+00
3.7689142942775788e-01
4.5930801257854914e-01
6.4725862109389715e-02
1.0000000000000000e+00
3.4721380368222299e-01
9.1821712181335902e-01
9.2267333754625730e-02
1.0000000000000000e+00
3.4721380368222299e-01
8.2082093991703009e-01
8.4029123411801271e-02
1.0000000000000000e+00
3.4721380368222299e-01
5.6070261188215231e-01
6.7396983729031495e-02
1.0000000000000000e+00
3.4721380368222299e-01
6.0709034065148448e-01
9.1162374467876367e-02
1.0000000000000000e+00
3.7462261599370095e-01
6.2536968263229942e-01
1.0037501551332753e-01
1.0000000000000000e+00
2.3775142711468789e-01
6.2536968263229942e-01
7.0741728172924928e-02
1.0000000000000000e+00
2.6421051007577034e-01
7.0730283828816032e-01
7.0741728172924928e-02
1.0000000000000000e+00
2.6421051007577034e-01
7.0730283828816032e-01
9.8728706644669734e-02
1.0000000000000000e+00
2.6844411460564288e-01
6.4902815940222358e-01
7.7293800181996636e-02
1.0000000000000000e+00
2.5111706485853347e-01
5.8529146733126258e-01
9.9109370049609430e-02
1.0000000000000000e+00
2.7153987275318059e-01
5.8529146733126258e-01
9.4772875097169168e-02
1.0000000000000000e+00
1.9350042777017507e-01
5.5878079655012702e-01
9.4772875097169168e-02
1.0000000000000000e+00
1.8591338792697343e-01
5.5878079655012702e-01
9.4772875097169168e-02
1.0000000000000000e+00
1.8591338792697343e-01
6.8152810477549797e-01
9.4772875097169168e-02
1.0000000000000000e+00
1.7711869604767116e-01
5.1902633749778038e-01
9.4772875097169168e-02
1.0000000000000000e+00
1.7761717155457291e-01
5.1902633749778038e-01
1.0561456191417165e-01
1.0000000000000000e+00
1.9699664205194267e-01
5.1902633749778038e-01
1.0484113483753391e-01
1.0000000000000000e+00
2.1572991996885094e-01
5.1902633749778038e-01
1.1500574494775720e-01
1.0000000000000000e+00
2.4880946963907036e-01
5.3897280835444694e-01
1.1103521252434803e-01
1.0000000000000000e+00
2.8410118609548363e-01
6.0754744180376297e-01
1.1103521252434803e-01
1.0000000000000000e+00
2.8477703757465633e-01
3.4135014780695205e-01
1.2133066973101450e-01
1.0000000000000000e+00
2.6413648739338669e-01
2.5942969539100891e-01
1.2133066973101450e-01
1.0000000000000000e+00
2.2174540698409828e-01
2.5942969539100891e-01
1.2134977488231016e-01
1.0000000000000000e+00
1.9048907352492961e-01
2.5942969539100891e-01
1.2134977488231016e-01
1.0000000000000000e+00
1.9048907352492961e-01
3.0843600102598434e-01
1.2819347635295344e-01
1.0000000000000000e+00
2.1696183854595574e-01
3.0843600102598434e-01
1.2819347635295344e-01
1.0000000000000000e+00
2.2528382228568944e-01
3.0843600102598434e-01
1.3510879001032663e-01
1.0000000000000000e+00
2.3597856821373853e-01
2.6881162294084793e-01
1.2352696235675467e-01
1.0000000000000000e+00
2.2080223565802726e-01
1.7577626027996307e-01
1.2638505891582100e-01
1.0000000000000000e+00
2.4528476794597509e-01
1.7577626027996307e-01
1.2638505891582100e-01
1.0000000000000000e+00
3.1252721895810964e-01
2.5408873923952346e-01
1.4485575415810673e-01
1.0000000000000000e+00
3.1017280833560790e-01
2.9514539086158043e-01
1.4485575415810673e-01
1.0000000000000000e+00
3.2961452284592951e-01
3.9440205537612205e-01
1.4544625580228968e-01
1.0000000000000000e+00
3.5663980336624945e-01
3.7104784169132476e-01
1.3958693435333772e-01
1.0000000000000000e+00
3.1490235680479373e-01
3.7104784169132476e-01
1.3958693435333772e-01
1.0000000000000000e+00
3.7032538929719294e-01
4.9089171884479588e-01
1.1466534575365586e-01
1.0000000000000000e+00
3.4811550656098689e-01
4.7588291352512901e-01
1.2399547779850764e-01
1.0000000000000000e+00
3.4811550656098689e-01
3.7922218402745789e-01
1.0814426792703671e-01
1.0000000000000000e+00
3.0842071466844345e-01
3.1643989642980164e-01
1.0814426792703671e-01
1.0000000000000000e+00
3.0842071466844345e-01
5.0080870797755783e-01
9.4707240116895269e-02
1.0000000000000000e+00
2.8037437398683096e-01
2.9386802723529404e-01
9.7399469697029423e-02
1.0000000000000000e+00
2.8037437398683096e-01
3.1994295081021851e-01
1.0606491216376526e-01
1.0000000000000000e+00
3.4819070131283070e-01
3.1994295081021851e-01
7.4910263879337441e-02
1.0000000000000000e+00
3.1242991289121846e-01
2.1058747878196304e-01
9.0341704314687382e-02
1.0000000000000000e+00
3.1946067702023129e-01
2.5528974046828812e-01
9.0341704314687382e-02
1.0000000000000000e+00
3.4813089672474007e-01
2.4168346969308918e-01
9.0341704314687382e-02
1.0000000000000000e+00
3.3340486003083925e-01
5.1302006242694920e-01
1.0295534168753875e-01
1.0000000000000000e+00
3.4689567008985023e-01
5.1302006242694920e-01
7.6691049033888709e-02
1.0000000000000000e+00
3.8865652451289634e-01
3.9206359309973782e-01
7.6691049033888709e-02
1.0000000000000000e+00
4.1834930101407508e-01
5.6592268271269863e-01
4.5415172236153017e-02
1.0000000000000000e+00
4.1834930101407508e-01
6.1517361838268703e-01
4.0795230073035788e-02
1.0000000000000000e+00
3.6865342179311256e-01
8.2825630444931453e-01
3.1653053126410674e-02
1.0000000000000000e+00
3.3707873480392436e-01
8.2825630444931453e-01
7.4608710593656730e-02
1.0000000000000000e+00
3.4362185051662664e-01
8.0799800258027976e-01
7.5960506567844283e-02
1.0000000000000000e+00
3.3186400080097656e-01
8.0799800258027976e-01
7.0240748812557291e-02
1.0000000000000000e+00
3.7562807047737579e-01
8.3579472925412124e-01
6.2119850655199121e-02
1.0000000000000000e+00
3.7562807047737579e-01
6.1996823277222579e-01
6.2119850655199121e-02
1.0000000000000000e+00
3.8454739147795181e-01
5.5167814072119659e-01
6.3278599524983298e-02
1.0000000000000000e+00
3.9305735802275876e-01
6.0250670935856765e-01
9.1970759326704871e-02
1.0000000000000000e+00
4.1012384047729711e-01
6.5964216979118651e-01
6.8808228591569792e-02
1.0000000000000000e+00
4.1012384047729711e-01
6.1950563134523695e-01
7.2704969322421681e-02
1.0000000000000000e+00
3.7884662350637655e-01
6.7876042293282812e-01
9.6613137399890553e-02
1.0000000000000000e+00
3.6585685102267007e-01
7.3931429030271834e-01
1.0349346545908703e-01
1.0000000000000000e+00
3.3477144552392701e-01
7.3931429030271834e-01
9.5067640183606278e-02
1.0000000000000000e+00
3.8575686564666967e-01
7.3097179511460131e-01
1.0418472799856318e-01
1.0000000000000000e+00
3.8575686564666967e-01
6.3663150517168110e-01
9.2866606427469384e-02
1.0000000000000000e+00
3.8575686564666967e-01
8.1827464101734226e-01
9.2866606427469384e-02
1.0000000000000000e+00
3.7530447220427732e-01
8.2515810716795390e-01
1.1126084753695978e-01
1.0000000000000000e+00
4.0358099950475435e-01
8.2515810716795390e-01
1.2238101276952876e-01
1.0000000000000000e+00
4.2146375034002403e-01
8.7026463735746806e-01
1.2461938627448035e-01
1.0000000000000000e+00
3.5025039505211453e-01
8.7026463735746806e-01
1.3250939373310758e-01
1.0000000000000000e+00
3.2345030460504631e-01
8.7026463735746806e-01
1.3132080540444804e-01
1.0000000000000000e+00
3.7643629688767533e-01
8.7026463735746806e-01
1.0130122781183673e-01
1.0000000000000000e+00
3.7643629688767533e-01
9.1744555819677776e-01
1.0397375130478395e-01
1.0000000000000000e+00
3.7643629688767533e-01
9.6272493068026965e-01
1.1229363328229738e-01
1.0000000000000000e+00
3.6680711111051778e-01
9.0209587950157588e-01
1.0599811712663723e-01
1.0000000000000000e+00
3.6680711111051778e-01
9.0209587950157588e-01
1.3695382571231676e-01
1.0000000000000000e+00
4.0249633466822843e-01
9.1764035828309720e-01
1.3695382571231676e-01
1.0000000000000000e+00
3.4151698525232632e-01
9.1764035828309720e-01
1.3695382571231676e-01
1.0000000000000000e+00
3.4151698525232632e-01
9.1764035828309720e-01
1.3932976603891803e-01
1.0000000000000000e+00
3.4947827614081461e-01
9.1764035828309720e-01
1.2205082375940038e-01
1.0000000000000000e+00
3.4970216795039732e-01
9.1764035828309720e-01
1.2205082375940038e-01
1.0000000000000000e+00
2.9607265784574111e-01
9.1199266219409769e-01
1.2205082375940038e-01
1.0000000000000000e+00
2.9607265784574111e-01
9.3566079119118517e-01
1.0339179111097110e-01
1.0000000000000000e+00
2.6991648010147173e-01
9.3566079119118517e-01
1.0985996562440051e-01
1.0000000000000000e+00
2.4515020164830048e-01
9.3566079119118517e-01
1.2274419597733868e-01
1.0000000000000000e+00
2.9324318344873745e-01
8.8583061898025339e-01
1.2274419597733868e-01
1.0000000000000000e+00
1.9700851237570305e-01
9.2850309291752642e-01
1.2274419597733868e-01
1.0000000000000000e+00
2.3736969420855303e-01
9.2850309291752642e-01
1.1872154555667294e-01
1.0000000000000000e+00
2.7374228501861353e-01
9.2850309291752642e-01
1.0939235135365380e-01
1.0000000000000000e+00
3.2018413433974047e-01
9.0796460637720888e-01
1.1774928017903222e-01
1.0000000000000000e+00
2.7845692301337976e-01
9.1040101235630577e-01
1.1774928017903222e-01
1.0000000000000000e+00
2.9094793407415409e-01
8.7665417751195496e-01
1.1774928017903222e-01
1.0000000000000000e+00
3.1538909061049480e-01
8.7665417751195496e-01
1.1289947002578629e-01
1.0000000000000000e+00
3.0214294853789170e-01
9.0255060193958347e-01
1.1919486883480204e-01
1.0000000000000000e+00
2.9097766212356646e-01
9.0131534387255674e-01
1.1350631050217999e-01
1.0000000000000000e+00
3.1362223594618399e-01
9.0131534387255674e-01
9.6091107348092925e-02
1.0000000000000000e+00
2.7186477619392235e-01
9.0131534387255674e-01
1.0706282488454236e-01
1.0000000000000000e+00
2.6553355685604174e-01
9.0131534387255674e-01
1.3401545665610684e-01
1.0000000000000000e+00
2.7320394774136503e-01
9.0909603129039174e-01
1.2662713823292507e-01
1.0000000000000000e+00
3.1202283983287771e-01
9.2866488437066441e-01
1.0278038598980857e-01
1.0000000000000000e+00
3.1202283983287771e-01
9.6183852416361337e-01
1.0278038598980857e-01
1.0000000000000000e+00
3.5431765874085386e-01
9.6183852416361337e-01
1.0377972398337079e-01
1.0000000000000000e+00
3.1858686839399297e-01
9.7354920611614948e-01
1.0763320291798664e-01
1.0000000000000000e+00
3.4378394221124609e-01
9.6399810102666383e-01
7.3631554491930734e-02
1.0000000000000000e+00
3.2035616894421537e-01
9.6399810102666383e-01
8.4162730373554956e-02
1.0000000000000000e+00
3.4375555922446210e-01
9.6399810102666383e-01
1.0168830084066940e-01
1.0000000000000000e+00
3.4375555922446210e-01
9.6399810102666383e-01
1.1289307905744864e-01
1.0000000000000000e+00
3.7239722830412347e-01
9.1782257643426424e-01
9.7785400807970296e-02
1.0000000000000000e+00
3.3021073711273630e-01
9.4372132544303899e-01
9.4179944018014800e-02
1.0000000000000000e+00
2.8301354420540292e-01
9.4372132544303899e-01
1.0558746557135237e-01
1.0000000000000000e+00
2.6569756043312509e-01
9.4372132544303899e-01
9.6052816020437609e-02
1.0000000000000000e+00
2.6023393582721610e-01
9.7560900200987821e-01
1.3237008254427565e-01
1.0000000000000000e+00
2.6593874573876519e-01
9.7560900200987821e-01
1.2046890973497285e-01
1.0000000000000000e+00
2.4219724528660436e-01
9.7560900200987821e-01
1.2046890973497285e-01
1.0000000000000000e+00
2.9676225518045385e-01
9.7560900200987821e-01
1.1529319907922400e-01
1.0000000000000000e+00
3.2908074294385870e-01
9.7560900200987821e-01
9.8575366543718707e-02
1.0000000000000000e+00
3.6531814250332673e-01
9.7560900200987821e-01
1.1926108028192176e-01
1.0000000000000000e+00
3.5222627913748283e-01
9.7560900200987821e-01
1.3844063680071486e-01
1.0000000000000000e+00
2.8928884623741169e-01
9.7560900200987821e-01
1.3415643887046827e-01
1.0000000000000000e+00
2.8928884623741169e-01
9.7560900200987821e-01
1.2413918517913772e-01
1.0000000000000000e+00
2.9399693703447838e-01
9.7560900200987821e-01
1.2413918517913772e-01
1.0000000000000000e+00
2.1708806922828217e-01
9.7560900200987821e-01
1.3893486803781344e-01
1.0000000000000000e+00
2.3244981972669621e-01
9.7560900200987821e-01
1.3893486803781344e-01
1.0000000000000000e+00
1.6854481508192976e-01
9.7560900200987821e-01
1.3893486803781344e-01
1.0000000000000000e+00
1.5171871152409722e-01
8.8121272374773985e-01
1.2588032113771988e-01
1.0000000000000000e+00
1.6967816282698323e-01
8.8121272374773985e-01
1.2588032113771988e-01
1.0000000000000000e+00
2.0119082187005688e-01
8.3250833053971296e-01
1.2588032113771988e-01
1.0000000000000000e+00
2.0119082187005688e-01
8.7445596822435623e-01
1.2299348704900695e-01
1.0000000000000000e+00
1.6095161908009459e-01
8.7445596822435623e-01
1.2985037371900035e-01
1.0000000000000000e+00
1.8543204576411654e-01
8.7445596822435623e-01
1.3317100293270415e-01
1.0000000000000000e+00
1.9166553164535571e-01
8.7445596822435623e-01
1.3377752163714832e-01
1.0000000000000000e+00
2.1407274114602615e-01
8.8100700017894273e-01
1.3377752163714832e-01
1.0000000000000000e+00
2.4676298680418540e-01
8.8100700017894273e-01
1.3090164944796925e-01
1.0000000000000000e+00
2.4999082744756151e-01
9.0608021368170744e-01
1.3090164944796925e-01
1.0000000000000000e+00
2.1884920522273887e-01
8.6566276227022176e-01
1.3512982413440114e-01
1.0000000000000000e+00
2.1884920522273887e-01
8.6566276227022176e-01
1.3872885596274501e-01
1.0000000000000000e+00
2.1884920522273887e-01
9.3219320413554674e-01
1.4384606186567908e-01
1.0000000000000000e+00
2.1884920522273887e-01
9.3219320413554674e-01
1.1890593622147208e-01
1.0000000000000000e+00
2.1388161442877163e-01
9.4545060985619789e-01
1.3450070313328980e-01
1.0000000000000000e+00
2.8376253768504967e-01
9.1662993126446968e-01
1.3450070313328980e-01
1.0000000000000000e+00
3.0236012935341705e-01
9.1662993126446968e-01
1.3450070313328980e-01
1.0000000000000000e+00
2.5159684642852653e-01
8.8039008744890457e-01
1.4991867478156565e-01
1.0000000000000000e+00
3.1169604956807007e-01
8.8039008744890457e-01
1.5584575600141762e-01
1.0000000000000000e+00
3.0752106038556803e-01
8.8039008744890457e-01
1.5012577763909576e-01
1.0000000000000000e+00
3.2557578971312751e-01
8.8039008744890457e-01
1.4993162309028776e-01
1.0000000000000000e+00
2.9741940116213073e-01
8.8039008744890457e-01
1.4318520338483723e-01
1.0000000000000000e+00
3.0994583042041768e-01
8.8039008744890457e-01
1.3600809634872349e-01
1.0000000000000000e+00
2.7703370274679173e-01
9.0813198343748813e-01
1.3600809634872349e-01
1.0000000000000000e+00
3.7429504031018723e-01
9.0813198343748813e-01
1.3165294281416209e-01
1.0000000000000000e+00
3.9198276987002600e-01
9.6378849849934345e-01
1.2720556925260099e-01
1.0000000000000000e+00
4.0258003491902628e-01
9.6378849849934345e-01
1.2730820372880772e-01
1.0000000000000000e+00
3.5572393075557329e-01
9.6378849849934345e-01
1.4096452517615035e-01
1.0000000000000000e+00
3.6094441846938707e-01
9.6378849849934345e-01
1.4086778450937346e-01
1.0000000000000000e+00
3.6094441846938707e-01
9.4534413547153240e-01
1.5848562669189051e-01
1.0000000000000000e+00
3.6094441846938707e-01
9.9215843931669956e-01
1.5848562669189051e-01
1.0000000000000000e+00
2.8512731031509020e-01
9.9215843931669956e-01
1.3444426085980013e-01
1.0000000000000000e+00
2.5825121835799791e-01
9.9215843931669956e-01
1.2704875984409228e-01
1.0000000000000000e+00
2.4771278561087229e-01
9.7398169741863971e-01
1.2704875984409228e-01
1.0000000000000000e+00
3.1489322544069864e-01
9.1687487748349672e-01
1.2704875984409228e-01
1.0000000000000000e+00
3.0656069726677515e-01
9.0283775825882917e-01
1.1534555827447548e-01
1.0000000000000000e+00
2.8522639558644869e-01
9.3846680347705846e-01
1.1101121002056971e-01
1.0000000000000000e+00
2.8922940767364480e-01
9.2911217578584915e-01
1.2382932392129078e-01
1.0000000000000000e+00
2.1733329794363954e-01
9.2911217578584915e-01
1.2382932392129078e-01
1.0000000000000000e+00
1.8725414638169013e-01
9.2911217578584915e-01
1.2382932392129078e-01
1.0000000000000000e+00
2.0372499589569770e-01
9.2911217578584915e-01
1.1514662660838440e-01
1.0000000000000000e+00
1.6884940088488065e-01
9.1739431985552078e-01
1.2477461051375940e-01
1.0000000000000000e+00
1.6884940088488065e-01
9.0361560609089797e-01
1.2132480776117519e-01
1.0000000000000000e+00
1.7286653694458209e-01
8.8736816223608916e-01
1.2132480776117519e-01
1.0000000000000000e+00
1.7286653694458209e-01
8.8736816223608916e-01
1.4672535204508677e-01
1.0000000000000000e+00
1.7286653694458209e-01
8.8736816223608916e-01
1.4438776428060010e-01
1.0000000000000000e+00
1.7286653694458209e-01
8.8313052577796047e-01
1.6289506050006822e-01
1.0000000000000000e+00
1.3112835463829242e-01
9.0092781705679958e-01
1.6289506050006822e-01
1.0000000000000000e+00
1.2547985994018518e-01
9.0092781705679958e-01
1.6741315916360691e-01
1.0000000000000000e+00
1.2128580937854849e-01
9.0092781705679958e-01
1.6171168944047168e-01
1.0000000000000000e+00
1.5956170017301474e-01
9.0211615427760994e-01
1.6171168944047168e-01
1.0000000000000000e+00
2.1246347272239063e-01
9.0211615427760994e-01
1.6171168944047168e-01
1.0000000000000000e+00
2.0618986825860475e-01
9.0621111141881561e-01
1.2998936733411029e-01
1.0000000000000000e+00
2.1703057851112817e-01
8.5845511192819690e-01
1.2998936733411029e-01
1.0000000000000000e+00
2.3211552597052787e-01
8.5845511192819690e-01
1.2998936733411029e-01
1.0000000000000000e+00
2.3269689401780624e-01
8.5845511192819690e-01
1.3675859047280028e-01
1.0000000000000000e+00
2.3269689401780624e-01
9.3714815909406757e-01
1.6542739794303998e-01
1.0000000000000000e+00
2.3269689401780624e-01
9.1780504929265594e-01
1.6542739794303998e-01
1.0000000000000000e+00
2.4634630179201622e-01
9.1780504929265594e-01
1.6542739794303998e-01
1.0000000000000000e+00
2.5606956651603241e-01
9.7915147589883422e-01
1.6007157628255300e-01
1.0000000000000000e+00
1.7758532932197113e-01
9.7915147589883422e-01
1.6007157628255300e-01
1.0000000000000000e+00
1.7758532932197113e-01
8.7371155964574432e-01
1.6559350447560064e-01
1.0000000000000000e+00
1.7760737899692458e-01
8.7371155964574432e-01
1.5925548392178826e-01
1.0000000000000000e+00
1.7023375591264767e-01
9.4285954879960632e-01
1.6450013060884885e-01
1.0000000000000000e+00
1.9965223370121521e-01
9.0276535945376968e-01
1.6232468470761888e-01
1.0000000000000000e+00
2.3165995402263206e-01
9.0276535945376968e-01
1.6396465132775120e-01
1.0000000000000000e+00
2.7620025871323151e-01
9.0276535945376968e-01
1.6570684259122573e-01
1.0000000000000000e+00
3.1706372981892628e-01
9.0503027425511395e-01
1.6570684259122573e-01
1.0000000000000000e+00
3.0081595161931318e-01
9.0503027425511395e-01
1.6570684259122573e-01
1.0000000000000000e+00
2.3252384814435345e-01
8.5539215938551938e-01
1.6570684259122573e-01
1.0000000000000000e+00
2.2737131903880936e-01
8.5539215938551938e-01
1.6570684259122573e-01
1.0000000000000000e+00
2.1041269491428238e-01
8.5539215938551938e-01
1.7962644473946057e-01
1.0000000000000000e+00
2.1041269491428238e-01
9.2475547031863248e-01
1.7091459540015422e-01
1.0000000000000000e+00
2.5453510771507126e-01
8.7428601221545255e-01
1.6525288383772932e-01
1.0000000000000000e+00
2.6538672439522770e-01
8.7428601221545255e-01
1.6814115286169909e-01
1.0000000000000000e+00
2.9592839350874556e-01
8.7428601221545255e-01
1.4875170044897459e-01
1.0000000000000000e+00
2.8568772135253084e-01
8.7428601221545255e-01
1.5180351483932100e-01
1.0000000000000000e+00
2.8568772135253084e-01
8.9684676886899983e-01
1.8332294320052825e-01
1.0000000000000000e+00
2.1323086788828505e-01
8.9684676886899983e-01
1.8332294320052825e-01
1.0000000000000000e+00
2.3047150021369589e-01
9.1247492418988263e-01
1.8332294320052825e-01
1.0000000000000000e+00
2.1425831878508461e-01
9.1247492418988263e-01
2.0897148168942295e-01
1.0000000000000000e+00
2.5338854677460176e-01
9.1247492418988263e-01
2.0897148168942295e-01
1.0000000000000000e+00
2.0723640862337334e-01
9.1247492418988263e-01
2.0593822832515798e-01
1.0000000000000000e+00
2.0723640862337334e-01
9.2612399389399802e-01
2.0120574618986212e-01
1.0000000000000000e+00
2.0723640862337334e-01
9.2612399389399802e-01
2.0120574618986212e-01
1.0000000000000000e+00
2.2577423266551477e-01
9.2612399389399802e-01
1.8490267676597796e-01
1.0000000000000000e+00
2.5289224311194403e-01
9.2612399389399802e-01
1.9753213125577532e-01
1.0000000000000000e+00
2.5289224311194403e-01
9.2612399389399802e-01
1.9580230993515216e-01
1.0000000000000000e+00
3.1660633338100297e-01
8.9974549827529704e-01
1.9542513866972513e-01
1.0000000000000000e+00
2.8200556514269692e-01
8.9974549827529704e-01
1.9947221861284561e-01
1.0000000000000000e+00
2.5746729960150105e-01
8.9974549827529704e-01
1.6495310742820948e-01
1.0000000000000000e+00
2.5746729960150105e-01
9.0348447668729936e-01
1.6432826728041619e-01
1.0000000000000000e+00
3.5586132099336965e-01
9.0348447668729936e-01
1.8401244789774865e-01
1.0000000000000000e+00
3.2033937042064053e-01
9.4640541631160890e-01
1.8401244789774865e-01
1.0000000000000000e+00
3.0832095154977424e-01
9.4640541631160890e-01
1.4523645811195821e-01
1.0000000000000000e+00
2.6046609216786010e-01
8.1958251255928194e-01
1.5537644591595381e-01
1.0000000000000000e+00
2.4734434475607259e-01
8.3521776921479618e-01
1.5537644591595381e-01
1.0000000000000000e+00
2.3617054605341536e-01
8.3521776921479618e-01
1.5825932281504720e-01
1.0000000000000000e+00
2.3617054605341536e-01
8.6707572541563427e-01
1.5740463464235291e-01
1.0000000000000000e+00
2.3313219230107052e-01
8.6707572541563427e-01
1.5740463464235291e-01
1.0000000000000000e+00
2.3481980189166052e-01
8.6707572541563427e-01
1.6163835861434564e-01
1.0000000000000000e+00
2.2900043837211115e-01
8.6707572541563427e-01
1.7293755710770711e-01
1.0000000000000000e+00
2.2900043837211115e-01
8.6707572541563427e-01
1.5491291019779965e-01
1.0000000000000000e+00
2.4074420835307819e-01
8.6707572541563427e-01
1.4429961960477158e-01
1.0000000000000000e+00
2.8835441301993114e-01
8.6707572541563427e-01
1.4429961960477158e-01
1.0000000000000000e+00
2.7971409018567783e-01
8.7634120970396912e-01
1.6490399535459802e-01
1.0000000000000000e+00
2.9782182009142844e-01
8.7634120970396912e-01
1.5565763763797805e-01
1.0000000000000000e+00
3.1190944866460768e-01
8.3623667522697365e-01
1.5565763763797805e-01
1.0000000000000000e+00
3.2054366947335211e-01
8.3623667522697365e-01
1.5878023463947102e-01
1.0000000000000000e+00
3.2054366947335211e-01
8.4547808575807726e-01
1.6253843089280054e-01
1.0000000000000000e+00
3.2283716423620490e-01
8.4547808575807726e-01
1.6253843089280054e-01
1.0000000000000000e+00
2.7586501984109191e-01
8.4547808575807726e-01
1.7295124126312658e-01
1.0000000000000000e+00
2.8108141020123867e-01
8.4547808575807726e-01
1.6414919240114614e-01
1.0000000000000000e+00
2.9733032368307022e-01
8.4547808575807726e-01
1.7129562912223265e-01
1.0000000000000000e+00
2.0791188448851017e-01
8.4547808575807726e-01
1.6644460870074909e-01
1.0000000000000000e+00
2.2563690141026882e-01
8.4547808575807726e-01
1.6644460870074909e-01
1.0000000000000000e+00
1.9280136197988895e-01
8.4547808575807726e-01
1.6400654985691290e-01
1.0000000000000000e+00
1.9191467397098450e-01
8.4547808575807726e-01
1.6400654985691290e-01
1.0000000000000000e+00
2.0271444526218829e-01
8.4547808575807726e-01
1.6400654985691290e-01
1.0000000000000000e+00
2.4808009267502484e-01
8.4547808575807726e-01
1.5841056452254634e-01
1.0000000000000000e+00
2.4808009267502484e-01
8.1130793127595102e-01
1.5902059885329436e-01
1.0000000000000000e+00
2.8449141125378219e-01
8.1130793127595102e-01
1.5745385479303878e-01
1.0000000000000000e+00
2.4974236901101676e-01
8.1130793127595102e-01
1.5745385479303878e-01
1.0000000000000000e+00
2.8247205059227554e-01
8.7093994575916445e-01
1.5745385479303878e-01
1.0000000000000000e+00
2.6803938935694305e-01
8.7093994575916445e-01
1.5606364537152331e-01
1.0000000000000000e+00
2.7524435644221512e-01
8.7466078410288906e-01
1.5606364537152331e-01
1.0000000000000000e+00
3.1427210879695622e-01
8.6377975130817508e-01
1.6483816992613357e-01
1.0000000000000000e+00
3.4476255563271252e-01
8.6377975130817508e-01
1.6545407892326694e-01
1.0000000000000000e+00
2.9957215425741879e-01
9.0732078040382480e-01
1.6545407892326694e-01
1.0000000000000000e+00
2.7342255025354234e-01
7.9386189878350710e-01
1.5018270489881616e-01
1.0000000000000000e+00
2.6387578792122213e-01
7.9386189878350710e-01
1.5472169842460062e-01
1.0000000000000000e+00
2.6387578792122213e-01
9.0436619818574404e-01
1.6037984674685504e-01
1.0000000000000000e+00
3.5094610958543626e-01
8.2488562465077853e-01
1.6037984674685504e-01
1.0000000000000000e+00
3.2892138495293466e-01
8.2488562465077853e-01
1.7155108314827885e-01
1.0000000000000000e+00
3.2892138495293466e-01
8.3802840598291373e-01
1.6229166270122733e-01
1.0000000000000000e+00
3.6426538958397714e-01
8.4607333336389279e-01
1.5736719866172280e-01
1.0000000000000000e+00
2.4112169801441041e-01
8.4607333336389279e-01
1.7065677971468177e-01
1.0000000000000000e+00
2.9145019858327714e-01
8.3469709493583655e-01
1.7011742077656891e-01
1.0000000000000000e+00
3.8032934799042550e-01
8.3469709493583655e-01
1.6573332266771104e-01
1.0000000000000000e+00
3.8032934799042550e-01
8.7740412839120840e-01
1.4056306442134883e-01
1.0000000000000000e+00
3.7924652193390784e-01
8.7740412839120840e-01
1.6478242462389972e-01
1.0000000000000000e+00
3.6824637950115857e-01
8.7740412839120840e-01
1.5891338715218808e-01
1.0000000000000000e+00
3.4331344552987275e-01
8.6936027296251273e-01
1.6130211709887590e-01
1.0000000000000000e+00
3.4331344552987275e-01
8.9050272964304900e-01
1.7375648341030683e-01
1.0000000000000000e+00
3.4331344552987275e-01
8.9605076024672603e-01
1.7375648341030683e-01
1.0000000000000000e+00
3.1464121044331250e-01
9.1231704475721931e-01
1.7375648341030683e-01
1.0000000000000000e+00
2.5490833745055852e-01
9.1231704475721931e-01
1.5809910132438745e-01
1.0000000000000000e+00
2.5490833745055852e-01
9.2763948756401082e-01
1.6798658778780010e-01
1.0000000000000000e+00
3.0446803932494504e-01
9.4605396258775731e-01
1.6910471469518598e-01
1.0000000000000000e+00
3.1406573103225810e-01
9.4605396258775731e-01
1.8036534339544233e-01
1.0000000000000000e+00
3.1406573103225810e-01
8.9155414643828412e-01
1.8036534339544233e-01
1.0000000000000000e+00
3.5219358922398669e-01
8.9155414643828412e-01
1.7073362954315599e-01
1.0000000000000000e+00
4.1146631994701011e-01
8.9155414643828412e-01
1.7052884116774294e-01
1.0000000000000000e+00
3.8907386632121188e-01
8.9155414643828412e-01
1.5293804692109916e-01
1.0000000000000000e+00
3.8907386632121188e-01
8.9155414643828412e-01
1.5587782809516285e-01
1.0000000000000000e+00
3.6631680177009684e-01
8.9155414643828412e-01
1.5587782809516285e-01
1.0000000000000000e+00
2.7261937737415565e-01
9.2143628875855943e-01
1.5587782809516285e-01
1.0000000000000000e+00
2.6475699014912379e-01
9.2143628875855943e-01
1.5587782809516285e-01
1.0000000000000000e+00
3.3289117414454950e-01
8.9903776290957471e-01
1.5587782809516285e-01
1.0000000000000000e+00
3.7572901744346154e-01
8.4690419155303975e-01
1.4984059935441110e-01
1.0000000000000000e+00
3.8088595449875129e-01
8.4690419155303975e-01
1.4219044191768263e-01
1.0000000000000000e+00
3.8088595449875129e-01
9.6360677982811471e-01
1.4754593787720297e-01
1.0000000000000000e+00
3.8088595449875129e-01
8.8288358356003305e-01
1.4593330301349852e-01
1.0000000000000000e+00
3.8088595449875129e-01
8.8288358356003305e-01
1.4593330301349852e-01
1.0000000000000000e+00
3.6468095660160316e-01
8.8288358356003305e-01
1.4593330301349852e-01
1.0000000000000000e+00
3.6356777466784251e-01
8.8288358356003305e-01
1.4593330301349852e-01
1.0000000000000000e+00
3.1620153926263583e-01
8.8288358356003305e-01
1.4780259722383562e-01
1.0000000000000000e+00
2.3249548070083392e-01
8.8288358356003305e-01
1.4780259722383562e-01
1.0000000000000000e+00
2.7007350467096103e-01
8.9042440512348553e-01
1.4735641542129088e-01
1.0000000000000000e+00
2.9701334565828574e-01
8.6073497207034966e-01
1.5261047545127440e-01
1.0000000000000000e+00
2.9053538992951644e-01
9.5376859874595543e-01
1.5261047545127440e-01
1.0000000000000000e+00
2.9053538992951644e-01
9.7036677309442898e-01
1.4845242283545304e-01
1.0000000000000000e+00
2.7961823578874601e-01
8.0368676678408524e-01
1.4845242283545304e-01
1.0000000000000000e+00
2.3312609691123498e-01
8.0368676678408524e-01
1.4845242283545304e-01
1.0000000000000000e+00
2.1884052876333726e-01
8.8086034254301926e-01
1.4736218484822530e-01
1.0000000000000000e+00
2.1884052876333726e-01
8.8086034254301926e-01
1.5310242739278693e-01
1.0000000000000000e+00
2.1884052876333726e-01
8.9802725137342354e-01
1.5310242739278693e-01
1.0000000000000000e+00
2.1360022390211952e-01
8.9802725137342354e-01
1.5310242739278693e-01
1.0000000000000000e+00
1.9768896374802125e-01
8.9802725137342354e-01
1.5310242739278693e-01
1.0000000000000000e+00
2.5513953205148709e-01
8.9802725137342354e-01
1.4498232458490748e-01
1.0000000000000000e+00
2.5635255921582711e-01
8.9802725137342354e-01
1.4498232458490748e-01
1.0000000000000000e+00
2.9301584187845719e-01
8.9802725137342354e-01
1.4218776593688745e-01
1.0000000000000000e+00
3.3677154082755578e-01
8.7950980560053726e-01
1.3878858010057230e-01
1.0000000000000000e+00
3.5707308860213516e-01
9.2210174621213814e-01
1.2876290655467529e-01
1.0000000000000000e+00
3.0804994092972038e-01
9.2210174621213814e-01
1.2876290655467529e-01
1.0000000000000000e+00
3.1078763534964082e-01
9.2210174621213814e-01
1.3520390833500642e-01
1.0000000000000000e+00
2.5053178002775667e-01
9.3015547459144732e-01
1.6777804135117549e-01
1.0000000000000000e+00
2.2849000101626871e-01
9.3015547459144732e-01
1.6777804135117549e-01
1.0000000000000000e+00
2.3976867182130945e-01
8.9289318387527605e-01
1.6777804135117549e-01
1.0000000000000000e+00
2.3976867182130945e-01
9.2504197721500536e-01
1.7042303005937356e-01
1.0000000000000000e+00
2.3976867182130945e-01
9.2504197721500536e-01
1.7799439853761215e-01
1.0000000000000000e+00
2.8119530064935816e-01
8.9953658347149035e-01
1.6463294359627981e-01
1.0000000000000000e+00
3.1957528835113180e-01
8.9953658347149035e-01
1.6463294359627981e-01
1.0000000000000000e+00
3.1957528835113180e-01
8.9110234369654795e-01
1.6463294359627981e-01
1.0000000000000000e+00
2.7123938782091273e-01
8.9110234369654795e-01
1.6716636963892598e-01
1.0000000000000000e+00
2.9615926278705729e-01
8.9110234369654795e-01
1.5965497833449263e-01
1.0000000000000000e+00
3.1230668073470724e-01
8.9110234369654795e-01
1.5965497833449263e-01
1.0000000000000000e+00
3.4230389820362461e-01
8.9110234369654795e-01
1.5810312402672935e-01
1.0000000000000000e+00
3.4361811233605977e-01
8.9110234369654795e-01
1.5810312402672935e-01
1.0000000000000000e+00
3.4361811233605977e-01
9.4747857739348551e-01
1.6135259871143717e-01
1.0000000000000000e+00
3.3236777661289807e-01
9.6001509008128783e-01
1.6280651816405226e-01
1.0000000000000000e+00
2.9147498374726410e-01
9.6001509008128783e-01
1.6280651816405226e-01
1.0000000000000000e+00
2.5511469012047883e-01
9.6001509008128783e-01
1.6280651816405226e-01
1.0000000000000000e+00
3.2817620104100342e-01
9.6001509008128783e-01
1.6280651816405226e-01
1.0000000000000000e+00
3.2725880674473729e-01
9.6001509008128783e-01
1.4692380071855951e-01
1.0000000000000000e+00
3.2725880674473729e-01
9.7205810425002714e-01
1.6948904867522288e-01
1.0000000000000000e+00
2.6534902311317410e-01
9.7205810425002714e-01
1.7206781150080133e-01
1.0000000000000000e+00
2.6534902311317410e-01
9.7205810425002714e-01
1.7327252681488972e-01
1.0000000000000000e+00
2.3526724807373967e-01
9.7205810425002714e-01
1.7327252681488972e-01
1.0000000000000000e+00
2.0797980769924607e-01
9.7205810425002714e-01
1.7441674495703410e-01
1.0000000000000000e+00
2.2469318013094153e-01
9.7828850372825404e-01
1.7441674495703410e-01
1.0000000000000000e+00
2.3988090695269193e-01
9.7828850372825404e-01
1.5506060222751331e-01
1.0000000000000000e+00
2.3988090695269193e-01
9.7828850372825404e-01
1.5506060222751331e-01
1.0000000000000000e+00
2.3988090695269193e-01
9.7828850372825404e-01
1.5018114155745935e-01
1.0000000000000000e+00
2.2524585302375044e-01
9.3569345994983455e-01
1.5018114155745935e-01
1.0000000000000000e+00
2.1413603292234029e-01
9.3569345994983455e-01
1.5018114155745935e-01
1.0000000000000000e+00
2.5632875279910650e-01
9.0931871942375442e-01
1.6051147958851289e-01
1.0000000000000000e+00
2.9393749085642185e-01
9.0931871942375442e-01
1.6051147958851289e-01
1.0000000000000000e+00
2.3263214302636470e-01
9.0931871942375442e-01
1.5184304198837709e-01
1.0000000000000000e+00
2.3263214302636470e-01
9.3783377147410651e-01
1.5184304198837709e-01
1.0000000000000000e+00
2.3808040383659090e-01
9.3783377147410651e-01
1.3500617560121100e-01
1.0000000000000000e+00
2.3360717652752783e-01
9.0822824872229835e-01
1.3500617560121100e-01
1.0000000000000000e+00
2.7589325590446379e-01
9.0822824872229835e-01
1.3726929527829271e-01
1.0000000000000000e+00
2.4540612830236341e-01
9.1178296449725171e-01
1.3726929527829271e-01
1.0000000000000000e+00
2.4540612830236341e-01
9.2957490067128679e-01
1.4036807743023019e-01
1.0000000000000000e+00
2.4773925712719347e-01
9.5262854303364297e-01
1.3209541967726182e-01
1.0000000000000000e+00
2.5917045383170034e-01
9.5262854303364297e-01
1.2853311781427693e-01
1.0000000000000000e+00
2.5917045383170034e-01
9.5262854303364297e-01
1.4194066297850441e-01
1.0000000000000000e+00
2.8669584898665335e-01
9.5262854303364297e-01
1.3073935207567047e-01
1.0000000000000000e+00
3.4478006868079092e-01
9.5262854303364297e-01
1.3243536126456093e-01
1.0000000000000000e+00
3.4478006868079092e-01
9.8427487666849633e-01
1.3638624117365908e-01
1.0000000000000000e+00
3.6672710238411810e-01
9.8427487666849633e-01
1.2995598126790356e-01
1.0000000000000000e+00
4.0582216514661695e-01
9.8427487666849633e-01
1.2995598126790356e-01
1.0000000000000000e+00
4.1373362375810530e-01
9.8427487666849633e-01
1.1548067104658913e-01
1.0000000000000000e+00
3.9822511201413135e-01
9.8427487666849633e-01
1.1548067104658913e-01
1.0000000000000000e+00
4.0164159088084261e-01
9.8427487666849633e-01
1.1482995666219722e-01
1.0000000000000000e+00
3.5907508282610934e-01
9.4344464074019929e-01
1.1482995666219722e-01
1.0000000000000000e+00
3.6015450536427807e-01
9.6506837978158733e-01
1.2149938951833975e-01
1.0000000000000000e+00
3.2577345474777530e-01
9.6506837978158733e-01
1.2149938951833975e-01
1.0000000000000000e+00
2.9768580339072059e-01
9.2889813183937808e-01
1.2723199801175725e-01
1.0000000000000000e+00
2.9768580339072059e-01
9.2889813183937808e-01
1.2723199801175725e-01
1.0000000000000000e+00
2.8812338086930822e-01
9.2889813183937808e-01
1.2840593733481001e-01
1.0000000000000000e+00
2.5948111760584425e-01
9.2889813183937808e-01
9.7829004159484617e-02
1.0000000000000000e+00
2.4875693629650186e-01
9.2889813183937808e-01
9.7829004159484617e-02
1.0000000000000000e+00
2.4875693629650186e-01
9.2889813183937808e-01
1.1505228597443420e-01
1.0000000000000000e+00
2.7382950532404493e-01
9.2889813183937808e-01
1.1220372062880415e-01
1.0000000000000000e+00
2.6362005110053133e-01
9.2889813183937808e-01
1.1849866588372607e-01
1.0000000000000000e+00
2.6362005110053133e-01
8.9883973998148581e-01
9.1488279074019380e-02
1.0000000000000000e+00
2.6412670175699304e-01
8.9883973998148581e-01
9.1488279074019380e-02
1.0000000000000000e+00
2.6412670175699304e-01
8.5769397755284449e-01
9.1488279074019380e-02
1.0000000000000000e+00
2.2264684027680914e-01
8.9288520802874705e-01
9.6022191594875045e-02
1.0000000000000000e+00
2.1062144347155254e-01
9.2088143144865175e-01
7.9961546834147162e-02
1.0000000000000000e+00
1.7270959623778026e-01
8.1324838464279314e-01
7.9961546834147162e-02
1.0000000000000000e+00
1.7270959623778026e-01
8.1324838464279314e-01
7.7002741533851810e-02
1.0000000000000000e+00
1.5533180710548322e-01
8.1324838464279314e-01
9.1453349122366495e-02
1.0000000000000000e+00
1.5533180710548322e-01
8.6161877577324053e-01
8.8313453036880679e-02
1.0000000000000000e+00
1.5533180710548322e-01
9.3860815082807680e-01
1.1159180071908850e-01
1.0000000000000000e+00
2.2666860733801286e-01
9.5280051593799731e-01
1.1159180071908850e-01
1.0000000000000000e+00
2.8504078079635065e-01
9.2842283648569723e-01
1.1159180071908850e-01
1.0000000000000000e+00
2.8315759672472041e-01
9.9354375702459952e-01
1.0006948061991353e-01
1.0000000000000000e+00
2.5125519036004107e-01
9.6336830211002966e-01
1.0468914420116562e-01
1.0000000000000000e+00
2.8954847006747286e-01
9.6336830211002966e-01
1.0468914420116562e-01
1.0000000000000000e+00
3.1705014071116011e-01
9.6112296976280054e-01
1.0468914420116562e-01
1.0000000000000000e+00
2.5899574196586173e-01
9.6112296976280054e-01
1.1057963934499640e-01
1.0000000000000000e+00
2.4463098113113801e-01
9.6112296976280054e-01
1.0710767402551938e-01
1.0000000000000000e+00
2.9244637106233995e-01
9.6112296976280054e-01
1.1155421032808591e-01
1.0000000000000000e+00
3.2842651837194126e-01
9.6112296976280054e-01
1.1155421032808591e-01
1.0000000000000000e+00
3.1091590122008483e-01
9.6112296976280054e-01
1.1779223966650534e-01
1.0000000000000000e+00
3.8164233778292100e-01
9.6112296976280054e-01
9.3244487673564441e-02
1.0000000000000000e+00
3.8164233778292100e-01
9.5909297363032242e-01
9.3244487673564441e-02
1.0000000000000000e+00
3.8482916926653843e-01
9.7472800211180588e-01
8.9415328598170168e-02
1.0000000000000000e+00
3.6875209038765888e-01
9.7472800211180588e-01
1.0101973244227339e-01
1.0000000000000000e+00
3.8107561588907402e-01
9.7472800211180588e-01
1.0101973244227339e-01
1.0000000000000000e+00
3.7679361448311965e-01
9.7472800211180588e-01
1.0540762941591311e-01
1.0000000000000000e+00
3.5161790427440565e-01
9.7472800211180588e-01
1.0540762941591311e-01
1.0000000000000000e+00
3.3764991991841953e-01
9.7472800211180588e-01
1.0871073349617291e-01
1.0000000000000000e+00
3.2824535610774319e-01
9.7472800211180588e-01
6.9341191344483383e-02
1.0000000000000000e+00
3.0789945403734009e-01
9.7472800211180588e-01
6.9341191344483383e-02
1.0000000000000000e+00
3.7720979471845340e-01
9.7472800211180588e-01
7.2225375354810245e-02
1.0000000000000000e+00
3.8797700871867846e-01
9.8328129564542910e-01
7.8716018025352247e-02
1.0000000000000000e+00
3.9019382024338256e-01
9.4278283407111307e-01
7.8716018025352247e-02
1.0000000000000000e+00
3.9019382024338256e-01
9.7682684277315279e-01
8.3056390655747242e-02
1.0000000000000000e+00
3.7140555098807226e-01
9.3199016516227862e-01
7.7160910142174549e-02
1.0000000000000000e+00
3.4875402204846750e-01
9.3199016516227862e-01
9.7308573916143365e-02
1.0000000000000000e+00
3.2700957335686098e-01
9.6095286672134539e-01
1.0654751085448880e-01
1.0000000000000000e+00
3.2112919889544855e-01
9.7686306935866019e-01
9.5417953699416108e-02
1.0000000000000000e+00
3.3330311045205008e-01
9.3442240906078955e-01
1.0232100439961869e-01
1.0000000000000000e+00
3.8573126379554878e-01
9.3442240906078955e-01
1.0100198061909396e-01
1.0000000000000000e+00
3.7314988184874665e-01
9.3442240906078955e-01
1.0100198061909396e-01
1.0000000000000000e+00
3.0018006242966067e-01
9.3442240906078955e-01
5.2771058885900862e-02
1.0000000000000000e+00
2.7658794239317785e-01
9.1434624222238203e-01
8.8344377486555464e-02
1.0000000000000000e+00
3.1184608653342138e-01
9.7124155414421698e-01
8.8344377486555464e-02
1.0000000000000000e+00
3.7149327226137530e-01
9.4976885234136721e-01
8.8344377486555464e-02
1.0000000000000000e+00
4.2717899732446085e-01
9.4976885234136721e-01
9.2934065985082276e-02
1.0000000000000000e+00
3.8468722231840502e-01
9.4976885234136721e-01
6.8093962522743828e-02
1.0000000000000000e+00
3.4906303674137007e-01
9.4976885234136721e-01
6.8093962522743828e-02
1.0000000000000000e+00
3.1038973877360831e-01
9.9760749553461214e-01
6.8093962522743828e-02
1.0000000000000000e+00
3.1419271255066406e-01
9.9760749553461214e-01
6.8093962522743828e-02
1.0000000000000000e+00
3.2115670690467368e-01
9.9760749553461214e-01
6.4848482629804499e-02
1.0000000000000000e+00
3.2821498835613738e-01
9.9760749553461214e-01
6.5781877338940836e-02
1.0000000000000000e+00
4.0061401507040273e-01
9.9760749553461214e-01
6.5781877338940836e-02
1.0000000000000000e+00
3.9739794029077302e-01
9.9760749553461214e-01
8.2595294304246641e-02
1.0000000000000000e+00
3.2238452626546632e-01
9.9760749553461214e-01
4.4378174431676604e-02
1.0000000000000000e+00
3.2842233335753690e-01
9.2928339158315798e-01
4.6956608966047503e-02
1.0000000000000000e+00
3.2842233335753690e-01
9.7807823483963152e-01
6.5885982904637791e-02
1.0000000000000000e+00
2.6738347882559310e-01
9.6947998479372477e-01
6.5885982904637791e-02
1.0000000000000000e+00
3.1567133987476836e-01
9.6947998479372477e-01
6.5885982904637791e-02
1.0000000000000000e+00
3.2511302760025274e-01
9.6947998479372477e-01
6.5885982904637791e-02
1.0000000000000000e+00
2.9954663036545526e-01
8.8028758690124964e-01
6.3085577879155613e-02
1.0000000000000000e+00
3.6134466576544355e-01
9.0611157492166972e-01
6.3085577879155613e-02
1.0000000000000000e+00
3.9164907300067853e-01
9.0611157492166972e-01
5.6010710969621874e-02
1.0000000000000000e+00
3.8612633292717646e-01
9.0611157492166972e-01
2.0644037888905592e-02
1.0000000000000000e+00
4.1350473744017791e-01
8.9973092005020594e-01
5.4626631455084868e-02
1.0000000000000000e+00
3.9461343084616374e-01
8.6890429370469069e-01
4.8414116164258308e-02
1.0000000000000000e+00
4.0787934512985657e-01
8.6890429370469069e-01
4.8414116164258308e-02
1.0000000000000000e+00
3.7307757512820672e-01
8.6890429370469069e-01
4.8414116164258308e-02
1.0000000000000000e+00
3.7307757512820672e-01
8.6890429370469069e-01
5.4580176735817082e-02
1.0000000000000000e+00
3.7307757512820672e-01
8.4138286039597010e-01
3.2644020647330768e-02
1.0000000000000000e+00
3.7307757512820672e-01
8.4138286039597010e-01
5.5284950670375116e-02
1.0000000000000000e+00
3.5096609034729909e-01
9.7153696343666529e-01
5.4721003535723872e-02
1.0000000000000000e+00
3.5096609034729909e-01
9.7153696343666529e-01
5.1767663236296363e-02
1.0000000000000000e+00
3.6981345527959775e-01
9.7153696343666529e-01
5.0248193808420188e-02
1.0000000000000000e+00
3.3905971051348160e-01
9.7153696343666529e-01
2.3235061925424821e-02
1.0000000000000000e+00
3.3905971051348160e-01
9.7153696343666529e-01
3.7867510945125110e-02
1.0000000000000000e+00
3.3373575518993448e-01
9.1902463250225996e-01
3.7867510945125110e-02
1.0000000000000000e+00
3.7599538873104166e-01
9.5716795437401747e-01
5.2920814857407100e-02
1.0000000000000000e+00
3.7557072985140394e-01
9.0963364132112479e-01
3.1249115148148127e-02
1.0000000000000000e+00
3.7557072985140394e-01
9.0963364132112479e-01
1.2623862966484017e-02
1.0000000000000000e+00
4.0634949820736210e-01
9.5432430617875075e-01
1.2623862966484017e-02
1.0000000000000000e+00
4.0634949820736210e-01
9.4604129357394418e-01
1.2623862966484017e-02
1.0000000000000000e+00
3.6956415640810292e-01
8.5832957191523751e-01
2.0044034717193432e-02
1.0000000000000000e+00
3.6956415640810292e-01
7.9659699102994641e-01
2.0044034717193432e-02
1.0000000000000000e+00
3.6956415640810292e-01
8.4983718780931672e-01
6.9885676703961563e-03
1.0000000000000000e+00
3.6956415640810292e-01
8.4983718780931672e-01
1.9545371083131619e-02
1.0000000000000000e+00
3.9237790125110905e-01
7.8840778036174020e-01
3.9203726125469990e-02
1.0000000000000000e+00
3.8435921854028265e-01
9.9367627514657220e-01
4.4093494673779793e-02
1.0000000000000000e+00
3.3579051903137724e-01
9.0377912683543404e-01
3.3096048419884033e-02
1.0000000000000000e+00
3.5446106352532070e-01
8.6640155701097687e-01
3.3096048419884033e-02
1.0000000000000000e+00
3.7786471414068501e-01
8.6640155701097687e-01
4.1924477459451742e-02
1.0000000000000000e+00
4.2345553951957982e-01
8.2793173020836552e-01
4.1542778700204563e-03
1.0000000000000000e+00
4.2345553951957982e-01
7.3224933458623132e-01
4.1542778700204563e-03
1.0000000000000000e+00
4.5668387355902951e-01
7.3224933458623132e-01
4.1542778700204563e-03
1.0000000000000000e+00
4.2948624993363183e-01
7.1323479538914403e-01
5.8998045488806439e-03
1.0000000000000000e+00
4.3100356439748566e-01
7.6812235686593344e-01
7.1926063602404666e-03
1.0000000000000000e+00
4.3100356439748566e-01
7.6812235686593344e-01
4.8097491008775306e-03
1.0000000000000000e+00
4.4721051248410504e-01
9.7605625960641196e-01
3.0634647911028934e-03
1.0000000000000000e+00
4.1768867837885182e-01
9.7605625960641196e-01
3.0634647911028934e-03
1.0000000000000000e+00
4.6365232382589738e-01
6.0479940149598410e-01
3.0634647911028934e-03
1.0000000000000000e+00
4.7298653040701311e-01
6.0479940149598410e-01
3.0634647911028934e-03
1.0000000000000000e+00
4.7298653040701311e-01
8.4313048097901633e-01
2.7049665593131073e-02
1.0000000000000000e+00
4.1385396838808219e-01
8.7516897219829848e-01
3.0929048799498565e-02
1.0000000000000000e+00
4.4885269751461010e-01
8.7516897219829848e-01
3.7561611526234634e-02
1.0000000000000000e+00
4.4885269751461010e-01
8.7107697503306558e-01
2.1296223180888779e-02
1.0000000000000000e+00
4.0286231985004406e-01
8.9873936773874452e-01
2.1296223180888779e-02
1.0000000000000000e+00
4.2209277128489475e-01
8.9873936773874452e-01
1.7589925110860355e-02
1.0000000000000000e+00
4.2209277128489475e-01
7.4805726112463167e-01
4.4487664729877002e-02
1.0000000000000000e+00
4.2209277128489475e-01
7.7864826099612405e-01
6.7027265459819324e-02
1.0000000000000000e+00
4.2209277128489475e-01
5.9933613614775827e-01
4.9664072946234233e-02
1.0000000000000000e+00
4.7764334031302269e-01
5.9933613614775827e-01
4.9664072946234233e-02
1.0000000000000000e+00
4.3630536035556133e-01
5.4470767827369859e-01
6.1205525670720823e-02
1.0000000000000000e+00
4.2776291009425904e-01
5.4470767827369859e-01
6.4473911005825363e-02
1.0000000000000000e+00
4.2776291009425904e-01
5.4470767827369859e-01
6.3741050710723363e-02
1.0000000000000000e+00
4.1925766442358281e-01
7.2716749752071341e-01
6.3741050710723363e-02
1.0000000000000000e+00
3.1807765208571936e-01
7.2716749752071341e-01
5.8412782432333193e-02
1.0000000000000000e+00
3.1807765208571936e-01
5.7816453384366473e-01
5.5067670116022788e-02
1.0000000000000000e+00
2.5674184441953685e-01
6.5812977509704074e-01
6.0544780505642853e-02
1.0000000000000000e+00
2.6736703917771365e-01
6.4764293389525851e-01
6.0544780505642853e-02
1.0000000000000000e+00
2.6446131041660692e-01
6.5591856571045359e-01
6.0544780505642853e-02
1.0000000000000000e+00
2.6446131041660692e-01
7.7722006769981822e-01
5.9589567527928017e-02
1.0000000000000000e+00
2.6569558419208761e-01
8.0970590295401057e-01
5.7008521215811930e-02
1.0000000000000000e+00
2.7579493652950759e-01
8.5952512281146487e-01
3.0259443031445704e-02
1.0000000000000000e+00
2.0657813195060726e-01
9.3619098574054083e-01
3.0259443031445704e-02
1.0000000000000000e+00
2.2345724627297159e-01
9.3619098574054083e-01
4.4117653326884471e-02
1.0000000000000000e+00
2.0964364002787761e-01
9.2907816836741408e-01
4.4294495534904860e-02
1.0000000000000000e+00
3.0306195042425088e-01
9.2907816836741408e-01
2.3880472806104086e-02
1.0000000000000000e+00
3.0189399805016137e-01
9.2907816836741408e-01
4.5717946696640921e-03
1.0000000000000000e+00
3.0189399805016137e-01
9.2907816836741408e-01
7.0866587549062443e-03
1.0000000000000000e+00
2.8427370369530536e-01
9.8875666329768142e-01
7.0866587549062443e-03
1.0000000000000000e+00
2.7872054476387120e-01
9.8875666329768142e-01
1.2725075145772285e-02
1.0000000000000000e+00
3.3951900910682298e-01
9.8875666329768142e-01
1.0793298271073587e-02
1.0000000000000000e+00
3.1153006304151631e-01
9.9737269723918875e-01
1.6313063001780398e-02
1.0000000000000000e+00
3.3125747844673015e-01
9.9737269723918875e-01
3.5036349690108187e-02
1.0000000000000000e+00
3.1395685590899802e-01
9.9737269723918875e-01
3.5883328898398764e-02
1.0000000000000000e+00
3.0438997514642097e-01
9.9631517382003953e-01
3.5883328898398764e-02
1.0000000000000000e+00
2.6968518935240127e-01
6.6047004611828020e-01
2.1320762133746035e-02
1.0000000000000000e+00
3.3668163150645114e-01
7.6819055156447580e-01
1.8577092813848145e-02
1.0000000000000000e+00
3.4911985147840596e-01
6.4849085734822443e-01
2.7461595446857251e-02
1.0000000000000000e+00
3.4133836265749551e-01
9.0794841387905767e-01
2.7461595446857251e-02
1.0000000000000000e+00
3.4133836265749551e-01
9.0794841387905767e-01
1.8510936372967995e-02
1.0000000000000000e+00
3.4133836265749551e-01
8.7053667382933786e-01
1.8510936372967995e-02
1.0000000000000000e+00
3.3928267669028855e-01
8.9296257869937112e-01
1.8768838860614784e-02
1.0000000000000000e+00
2.8453968965544618e-01
8.1552636997439554e-01
1.8768838860614784e-02
1.0000000000000000e+00
2.7579431456609882e-01
8.1552636997439554e-01
9.5538039014263637e-02
1.0000000000000000e+00
2.2172567096635021e-01
8.8723605686464002e-01
1.1277274626545478e-01
1.0000000000000000e+00
2.3060542938395656e-01
7.2312179768123319e-01
1.0131519406340886e-01
1.0000000000000000e+00
2.3060542938395656e-01
8.0708513037898233e-01
4.6808368314577825e-02
1.0000000000000000e+00
2.3006235144197262e-01
8.3208512702622106e-01
4.6808368314577825e-02
1.0000000000000000e+00
2.3237611620783127e-01
9.1889777222313573e-01
2.9001054142190702e-02
1.0000000000000000e+00
2.9632540314554490e-01
9.2744618935175827e-01
2.2529027678592689e-02
1.0000000000000000e+00
2.9632540314554490e-01
9.8324761820622375e-01
1.9512584919630177e-02
1.0000000000000000e+00
2.6587483461111105e-01
8.8720117790289810e-01
1.9512584919630177e-02
1.0000000000000000e+00
2.9557531245148994e-01
8.8720117790289810e-01
8.3093079948412252e-03
1.0000000000000000e+00
2.7401423977784134e-01
9.2953130883761337e-01
2.1202080438433774e-02
1.0000000000000000e+00
2.7401423977784134e-01
9.8099129555412223e-01
2.9375930337755568e-02
1.0000000000000000e+00
2.3904561029843308e-01
9.8099129555412223e-01
4.1210184360443242e-02
1.0000000000000000e+00
2.2484216990045525e-01
9.8099129555412223e-01
5.4883897791205533e-02
1.0000000000000000e+00
2.1767395978889681e-01
9.8099129555412223e-01
4.6506098958252556e-02
1.0000000000000000e+00
1.7419620102367617e-01
9.8139115351732475e-01
5.1258517915903218e-02
1.0000000000000000e+00
1.7419620102367617e-01
9.8139115351732475e-01
5.0365909023730643e-02
1.0000000000000000e+00
1.8865159770570017e-01
8.5797649550731880e-01
4.8237815054653771e-02
1.0000000000000000e+00
2.5116052163861013e-01
8.1324517655666573e-01
4.8237815054653771e-02
1.0000000000000000e+00
2.4908389255500651e-01
8.1324517655666573e-01
6.5406668486593850e-02
1.0000000000000000e+00
3.1291422072894193e-01
8.5907923731501801e-01
3.1234948916880972e-02
1.0000000000000000e+00
3.1573743570692159e-01
9.3366693261559708e-01
3.1214516907402873e-02
1.0000000000000000e+00
3.8268171774319626e-01
9.5833966623540623e-01
3.1214516907402873e-02
1.0000000000000000e+00
4.3070293555132366e-01
9.5833966623540623e-01
1.7225602939197421e-02
1.0000000000000000e+00
3.8598045578322626e-01
9.6927927642609579e-01
4.5982178481608627e-03
1.0000000000000000e+00
3.6906607180929996e-01
9.6927927642609579e-01
2.0059072244384885e-02
1.0000000000000000e+00
3.6906607180929996e-01
9.9157454467858774e-01
1.8581005110809207e-02
1.0000000000000000e+00
3.6906607180929996e-01
9.7966741513009770e-01
1.1026491475695371e-02
1.0000000000000000e+00
3.8249351654297925e-01
9.7966741513009770e-01
9.3224325164556476e-04
1.0000000000000000e+00
3.5625830676502801e-01
9.5778629857595665e-01
9.3224325164556476e-04
1.0000000000000000e+00
3.2339073381075423e-01
9.5778629857595665e-01
1.3121814066016674e-02
1.0000000000000000e+00
3.5659978202232878e-01
9.5210739573012693e-01
2.4738907413029670e-02
1.0000000000000000e+00
3.2786716865297194e-01
9.2944459033678872e-01
2.4738907413029670e-02
1.0000000000000000e+00
3.2786716865297194e-01
9.6402575609754426e-01
2.7065525128909945e-02
1.0000000000000000e+00
3.2999382978226777e-01
9.4491702107261522e-01
2.0843382756629586e-02
1.0000000000000000e+00
2.8173587769191499e-01
9.8452318621348245e-01
2.0843382756629586e-02
1.0000000000000000e+00
3.0352133263289716e-01
9.8452318621348245e-01
3.4079821612158417e-02
1.0000000000000000e+00
3.0713514501616146e-01
9.8452318621348245e-01
1.6966576054164767e-02
1.0000000000000000e+00
2.8063120024665977e-01
9.0465569657753808e-01
3.7305058277615905e-02
1.0000000000000000e+00
2.5333560893699314e-01
9.6309810386519534e-01
3.0095218046972155e-02
1.0000000000000000e+00
2.2764194833501961e-01
8.9432136969189746e-01
3.0095218046972155e-02
1.0000000000000000e+00
3.0267372431620743e-01
8.0741960810046298e-01
3.0095218046972155e-02
1.0000000000000000e+00
2.8658682813323821e-01
7.8987662376384837e-01
2.7509787883082032e-02
1.0000000000000000e+00
2.9856693704999770e-01
7.8987662376384837e-01
4.9532312266001105e-02
1.0000000000000000e+00
3.2812961151279296e-01
7.8987662376384837e-01
4.2849031574496627e-02
1.0000000000000000e+00
2.9686345865405883e-01
7.8987662376384837e-01
4.0698495117885619e-02
1.0000000000000000e+00
2.9686345865405883e-01
8.0107886875412082e-01
4.4201663119656592e-02
1.0000000000000000e+00
2.8977429966829504e-01
9.7441049451372241e-01
2.3877592763801664e-02
1.0000000000000000e+00
2.4517271581493105e-01
9.7562400817769235e-01
3.7685511640211194e-02
1.0000000000000000e+00
2.3995658901907291e-01
8.6715169817107385e-01
2.4665445095797628e-02
1.0000000000000000e+00
2.7647517488725271e-01
7.8670929193394845e-01
2.7574993210782855e-02
1.0000000000000000e+00
2.8290280939467038e-01
8.2189884975450700e-01
2.7574993210782855e-02
1.0000000000000000e+00
2.8366258607633199e-01
8.2189884975450700e-01
6.6784218425800651e-02
1.0000000000000000e+00
2.3115457461602773e-01
7.5869620785015290e-01
3.9681986446430534e-02
1.0000000000000000e+00
2.5665402465887155e-01
7.7693687572973436e-01
4.2025245266904682e-02
1.0000000000000000e+00
2.5665402465887155e-01
8.9133176354589527e-01
5.7696757378926128e-02
1.0000000000000000e+00
2.8106149153239812e-01
8.4043982026996678e-01
2.3343780550112575e-02
1.0000000000000000e+00
2.9980497069112744e-01
6.6707941291751927e-01
2.3343780550112575e-02
1.0000000000000000e+00
3.0413465395025696e-01
6.6707941291751927e-01
1.2182160054271668e-02
1.0000000000000000e+00
3.2392728521875824e-01
7.5716180454837745e-01
4.1562719975536316e-02
1.0000000000000000e+00
3.4890204768083777e-01
7.6304798440905874e-01
1.8098930601900071e-02
1.0000000000000000e+00
3.2478769596121992e-01
7.3451832922073668e-01
4.6649442584566769e-03
1.0000000000000000e+00
3.5094137589834418e-01
7.3451832922073668e-01
4.7121798480475319e-03
1.0000000000000000e+00
3.3956827975265469e-01
7.3451832922073668e-01
4.7121798480475319e-03
1.0000000000000000e+00
3.3029428503863301e-01
8.9497292095693415e-01
1.3063812241944112e-02
1.0000000000000000e+00
3.1293931837348055e-01
8.9867639455842441e-01
6.3244529073927525e-04
1.0000000000000000e+00
3.0466201949087690e-01
8.5832597974585956e-01
1.3258224315995909e-02
1.0000000000000000e+00
3.4307103186068844e-01
9.2389851163970893e-01
1.3258224315995909e-02
1.0000000000000000e+00
3.5376239149985622e-01
9.2389851163970893e-01
1.7285673609058000e-02
1.0000000000000000e+00
3.3877517330614637e-01
9.6031734447824424e-01
1.7285673609058000e-02
1.0000000000000000e+00
3.3877517330614637e-01
8.0381116185235446e-01
3.1222250042537786e-02
1.0000000000000000e+00
3.3877517330614637e-01
9.4928213868188327e-01
3.1222250042537786e-02
1.0000000000000000e+00
2.9552028375832151e-01
9.4928213868188327e-01
2.6290990142206289e-02
1.0000000000000000e+00
3.0344168516961645e-01
9.4928213868188327e-01
6.7081819949726201e-02
1.0000000000000000e+00
3.1808335940507959e-01
9.4928213868188327e-01
4.2040472580174543e-02
1.0000000000000000e+00
3.2886299631712745e-01
9.8168371532010501e-01
4.3659696783925034e-02
1.0000000000000000e+00
4.3095573923704933e-01
9.2693263392793601e-01
4.3659696783925034e-02
1.0000000000000000e+00
3.6338790088115047e-01
9.2693263392793601e-01
5.3432116713429428e-02
1.0000000000000000e+00
3.0084454222736667e-01
9.2926413922468787e-01
5.3432116713429428e-02
1.0000000000000000e+00
2.5033621444521259e-01
9.5293816349367266e-01
2.1140791438574530e-02
1.0000000000000000e+00
2.5033621444521259e-01
9.7704320943812495e-01
2.3002294320667721e-02
1.0000000000000000e+00
2.9066491174665998e-01
9.7704320943812495e-01
2.8774455152506567e-02
1.0000000000000000e+00
3.1658467139271806e-01
9.7704320943812495e-01
1.4924774840528704e-02
1.0000000000000000e+00
3.0494418322263073e-01
9.0774465895156031e-01
3.5917592197711207e-02
1.0000000000000000e+00
3.4060734464941333e-01
9.3337333745221263e-01
3.5917592197711207e-02
1.0000000000000000e+00
3.4292118019578766e-01
7.3665840721587306e-01
1.9785557836348749e-02
1.0000000000000000e+00
3.4943648894471835e-01
8.7341321057538157e-01
3.7971004340852238e-02
1.0000000000000000e+00
3.0615628604931544e-01
8.7341321057538157e-01
4.6194551475400664e-02
1.0000000000000000e+00
3.0615628604931544e-01
8.7341321057538157e-01
4.6475188769454695e-02
1.0000000000000000e+00
2.7538349759919356e-01
8.7341321057538157e-01
3.9474222422632016e-02
1.0000000000000000e+00
2.8264515359109055e-01
8.7341321057538157e-01
5.8401029170545377e-02
1.0000000000000000e+00
2.9754737369870554e-01
8.4689669667641287e-01
5.8401029170545377e-02
1.0000000000000000e+00
2.7910990432059180e-01
8.0330555125037795e-01
3.8004267574342526e-02
1.0000000000000000e+00
2.7040401172047268e-01
9.1834946705857878e-01
3.9189924099537171e-02
1.0000000000000000e+00
2.7104014467835214e-01
9.2723210698823100e-01
3.9189924099537171e-02
1.0000000000000000e+00
4.2411416240423705e-01
9.2723210698823100e-01
3.9189924099537171e-02
1.0000000000000000e+00
4.4274675690024878e-01
9.2723210698823100e-01
2.9183669327812828e-02
1.0000000000000000e+00
3.8168880746155764e-01
9.2723210698823100e-01
4.3235286683830060e-02
1.0000000000000000e+00
3.4235556826382663e-01
9.2723210698823100e-01
1.2748450585695542e-02
1.0000000000000000e+00
3.1853460643827702e-01
9.2723210698823100e-01
1.2748450585695542e-02
1.0000000000000000e+00
3.5826025281488683e-01
8.8134505397538310e-01
2.3102062367888726e-02
1.0000000000000000e+00
3.4075345222294118e-01
9.0973412788371211e-01
2.3102062367888726e-02
1.0000000000000000e+00
3.5449777946263339e-01
9.3877972832779055e-01
3.3511876673492230e-02
1.0000000000000000e+00
3.5449777946263339e-01
9.3877972832779055e-01
3.7911790036650933e-02
1.0000000000000000e+00
3.4754488787069704e-01
9.3877972832779055e-01
5.1664643534513749e-02
1.0000000000000000e+00
3.4850209638165097e-01
8.9662438801387911e-01
5.1664643534513749e-02
1.0000000000000000e+00
3.1095505797924261e-01
8.9662438801387911e-01
3.1165478917591832e-02
1.0000000000000000e+00
3.2682538324655752e-01
8.1377846172908908e-01
4.2430588210754655e-02
1.0000000000000000e+00
3.3965420176895122e-01
8.1989839703674083e-01
5.6454903612666391e-02
1.0000000000000000e+00
3.0263179972456555e-01
7.9456396804089313e-01
5.6454903612666391e-02
1.0000000000000000e+00
3.0263179972456555e-01
7.9332355067963367e-01
4.5889311170958541e-02
1.0000000000000000e+00
2.8334014549540143e-01
7.9142820784254586e-01
5.3807501149185560e-02
1.0000000000000000e+00
2.7956389415697913e-01
7.9142820784254586e-01
3.8161260708056949e-02
1.0000000000000000e+00
2.8614121269123416e-01
9.9575397321386849e-01
2.4367034136139415e-02
1.0000000000000000e+00
2.8614121269123416e-01
7.5461839833660638e-01
9.3961089652111751e-03
1.0000000000000000e+00
2.6287963207499843e-01
9.5434320527492678e-01
9.3961089652111751e-03
1.0000000000000000e+00
3.9632926847474437e-01
9.8552071112571871e-01
7.2002520673777881e-04
1.0000000000000000e+00
3.9632926847474437e-01
8.1007528859554445e-01
1.0590481505551003e-02
1.0000000000000000e+00
3.9632926847474437e-01
8.1007528859554445e-01
4.5748741299667023e-02
1.0000000000000000e+00
3.7153899635808330e-01
8.1007528859554445e-01
5.2343939131878875e-02
1.0000000000000000e+00
3.7091026421325068e-01
8.2429636358647262e-01
5.9631862844162248e-02
1.0000000000000000e+00
3.1836739148633342e-01
7.1490814625649368e-01
6.3862915317349694e-02
1.0000000000000000e+00
3.1467420736947815e-01
9.0779371415628707e-01
5.9043697713696025e-02
1.0000000000000000e+00
3.1585092037488494e-01
9.2433419120861804e-01
5.9043697713696025e-02
1.0000000000000000e+00
3.3535431265403304e-01
9.4237401192440307e-01
5.9137053714130167e-02
1.0000000000000000e+00
3.3535431265403304e-01
9.4223704417599952e-01
5.4814389367584232e-02
1.0000000000000000e+00
3.0763648017813239e-01
8.8475142275347030e-01
7.2865916808132175e-02
1.0000000000000000e+00
3.0763648017813239e-01
5.7222343092216765e-01
6.7586056930940691e-02
1.0000000000000000e+00
3.7036555572916541e-01
5.7222343092216765e-01
5.6649306831877771e-02
1.0000000000000000e+00
3.5607549488116774e-01
6.1444078614367759e-01
6.8184617949646059e-02
1.0000000000000000e+00
3.5607549488116774e-01
7.6325398539556777e-01
7.4273829856883827e-02
1.0000000000000000e+00
3.7884054086674723e-01
7.0494931792272841e-01
7.1384613445025030e-02
1.0000000000000000e+00
3.5280468953345689e-01
8.8113248204244887e-01
4.7431583559136931e-02
1.0000000000000000e+00
3.9148963136170778e-01
5.8586339508547103e-01
2.3739681156348530e-02
1.0000000000000000e+00
4.4263339308594141e-01
5.8943499829983925e-01
1.8333042083304468e-02
1.0000000000000000e+00
3.9777325732205782e-01
7.8395921942210411e-01
3.5891309423368517e-02
1.0000000000000000e+00
3.7417503153477583e-01
7.9406538531547999e-01
1.4379052873664533e-03
1.0000000000000000e+00
3.6217912924979601e-01
9.7054378614193415e-01
8.1315092239492570e-03
1.0000000000000000e+00
3.7960976642710875e-01
9.7054378614193415e-01
5.0630036784332338e-02
1.0000000000000000e+00
3.4851137270374011e-01
8.2183797583347773e-01
5.4578699214380327e-02
1.0000000000000000e+00
3.5729238508423578e-01
8.2183797583347773e-01
1.3355582762505952e-02
1.0000000000000000e+00
3.5729238508423578e-01
7.7649817541605448e-01
3.1261219256521200e-03
1.0000000000000000e+00
2.8384143988290589e-01
7.7649817541605448e-01
1.0533747597128246e-02
1.0000000000000000e+00
2.8384143988290589e-01
7.7080412507420992e-01
2.6131776553575042e-02
1.0000000000000000e+00
2.7422983887294095e-01
7.0694222599631762e-01
2.4721118431534711e-02
1.0000000000000000e+00
2.9223276990154545e-01
7.0694222599631762e-01
8.2277793399953281e-03
1.0000000000000000e+00
2.8601332347528796e-01
7.0694222599631762e-01
8.2277793399953281e-03
1.0000000000000000e+00
2.8601332347528796e-01
9.9149949401980852e-01
2.0457872290626261e-02
1.0000000000000000e+00
2.8601332347528796e-01
9.9383664173437869e-01
5.7253015328660700e-02
1.0000000000000000e+00
2.8601332347528796e-01
9.9269914669348513e-01
4.8860852685720657e-03
1.0000000000000000e+00
3.1823545846776824e-01
9.1595201236559665e-01
3.8849057730749342e-02
1.0000000000000000e+00
3.2453445404456716e-01
9.1595201236559665e-01
5.0926173206880782e-02
1.0000000000000000e+00
3.3525393124358516e-01
9.1595201236559665e-01
7.5790450077965948e-02
1.0000000000000000e+00
2.4691920879917006e-01
8.8672803943409240e-01
7.5790450077965948e-02
1.0000000000000000e+00
2.4636024912973653e-01
8.8672803943409240e-01
6.1248676486775372e-02
1.0000000000000000e+00
3.0855109473844777e-01
8.7463890244616782e-01
5.0661532775029633e-02
1.0000000000000000e+00
3.1539953431268941e-01
7.2527136137141501e-01
3.0126161043062899e-02
1.0000000000000000e+00
3.2802912896653424e-01
7.2527136137141501e-01
3.6338585995599720e-02
1.0000000000000000e+00
3.2493395441923667e-01
6.8396390085472381e-01
1.5169490207881664e-03
1.0000000000000000e+00
3.2902995859984685e-01
6.1266794656767165e-01
3.1157927223011944e-02
1.0000000000000000e+00
3.1924703242037822e-01
6.6393573065652167e-01
4.2310285017356369e-02
1.0000000000000000e+00
3.8871241071973373e-01
6.6393573065652167e-01
3.4952166824132297e-02
1.0000000000000000e+00
3.8871241071973373e-01
7.7358001699103629e-01
5.1664236612032260e-02
1.0000000000000000e+00
3.8871241071973373e-01
7.6255728067262685e-01
2.7989424444149341e-02
1.0000000000000000e+00
3.8473368333433200e-01
7.6255728067262685e-01
1.8795574810701515e-02
1.0000000000000000e+00
3.7832410484332968e-01
5.8630282939775502e-01
3.2051961257002409e-02
1.0000000000000000e+00
3.7439870679298792e-01
8.3920076252325093e-01
3.1657178390651103e-02
1.0000000000000000e+00
3.7439870679298792e-01
8.0503403903348958e-01
2.5868407886355277e-02
1.0000000000000000e+00
3.7439870679298792e-01
9.1001800629674112e-01
2.5868407886355277e-02
1.0000000000000000e+00
3.5060403061578427e-01
9.1001800629674112e-01
9.6929371057740410e-03
1.0000000000000000e+00
3.4322887597153340e-01
8.5115954927532589e-01
2.1063765480994340e-02
1.0000000000000000e+00
3.5430367135921870e-01
8.5115954927532589e-01
1.2684568732856866e-02
1.0000000000000000e+00
3.6489995926166330e-01
8.5115954927532589e-01
1.9046768516182061e-02
1.0000000000000000e+00
3.3274229321176563e-01
8.5115954927532589e-01
1.7458952933429833e-02
1.0000000000000000e+00
3.0103929418618236e-01
8.1841493300526058e-01
5.9123354468374606e-02
1.0000000000000000e+00
2.9832168001229320e-01
8.1841493300526058e-01
8.0258230648814793e-02
1.0000000000000000e+00
2.9832168001229320e-01
9.7035401636167085e-01
8.0258230648814793e-02
1.0000000000000000e+00
3.1206242166007314e-01
9.7035401636167085e-01
6.8190615594267007e-02
1.0000000000000000e+00
2.3255256976625560e-01
8.0994690717561757e-01
6.3250765640168544e-02
1.0000000000000000e+00
2.1215723309359191e-01
9.4536942751510655e-01
6.3250765640168544e-02
1.0000000000000000e+00
2.5113099295339225e-01
9.4536942751510655e-01
3.7327617376922723e-02
1.0000000000000000e+00
2.8779820579728721e-01
9.4536942751510655e-01
3.7327617376922723e-02
1.0000000000000000e+00
2.7925953868469833e-01
5.8945959569318807e-01
4.9913823574661370e-02
1.0000000000000000e+00
2.7925953868469833e-01
5.2996364371283566e-01
1.3543073989330884e-02
1.0000000000000000e+00
3.0924819310820340e-01
4.4505416737301862e-01
8.0946720837346275e-03
1.0000000000000000e+00
2.7150618558442829e-01
3.2286898368402039e-01
4.1377488224497994e-03
1.0000000000000000e+00
3.1752244097805260e-01
3.2286898368402039e-01
1.3954564200594183e-02
1.0000000000000000e+00
2.8368618519670008e-01
2.6909519308610474e-01
2.2561617398514505e-02
1.0000000000000000e+00
2.9528934037006138e-01
2.3492332869573151e-01
3.9999959261967893e-02
1.0000000000000000e+00
2.8712181647932766e-01
3.2765946858926331e-01
4.5127972232057806e-02
1.0000000000000000e+00
2.8712181647932766e-01
6.4773574048085725e-01
1.4247798913038429e-02
1.0000000000000000e+00
2.5047872768408297e-01
7.8977131978972470e-01
5.2846414901978334e-03
1.0000000000000000e+00
2.3232784931241213e-01
8.2246867702706372e-01
3.6013214549711903e-03
1.0000000000000000e+00
2.1110658225296675e-01
5.3373716907008206e-01
1.8471062153457757e-02
1.0000000000000000e+00
1.9855881266920505e-01
6.3829022781355893e-01
1.7190203040718194e-02
1.0000000000000000e+00
2.3721926816432415e-01
6.6912753270371472e-01
1.8845156096267607e-02
1.0000000000000000e+00
1.8088277213900028e-01
7.0649349824889218e-01
2.3317954320191403e-03
1.0000000000000000e+00
2.8295539849131046e-01
7.0649349824889218e-01
2.3228141882100373e-03
1.0000000000000000e+00
2.0586708717672764e-01
7.0649349824889218e-01
2.3228141882100373e-03
1.0000000000000000e+00
2.0586708717672764e-01
6.8303432823522603e-01
2.3228141882100373e-03
1.0000000000000000e+00
2.4591744848220287e-01
6.8806950464277183e-01
9.3318663940408497e-03
1.0000000000000000e+00
2.4399516970078139e-01
8.1574919163613235e-01
9.3318663940408497e-03
1.0000000000000000e+00
2.7994413539926200e-01
8.2133310377030289e-01
2.6656824390647677e-02
1.0000000000000000e+00
2.5089253630648045e-01
7.0626992405668720e-01
2.6656824390647677e-02
1.0000000000000000e+00
2.9816804040382294e-01
7.0626992405668720e-01
9.5081180271336108e-03
1.0000000000000000e+00
3.1923093233416466e-01
6.7428663791433796e-01
1.6953853418363002e-02
1.0000000000000000e+00
4.0049035433838753e-01
6.7428663791433796e-01
5.0558918092974692e-03
1.0000000000000000e+00
4.3344841647120802e-01
6.7647420334906205e-01
1.2804083519858983e-02
1.0000000000000000e+00
4.1721896204325049e-01
7.6287075597138032e-01
5.7927976356131700e-02
1.0000000000000000e+00
4.1721896204325049e-01
9.4184226262659654e-01
6.1710692703036335e-02
1.0000000000000000e+00
3.7154180958094685e-01
7.0454315561146363e-01
6.1710692703036335e-02
1.0000000000000000e+00
3.7154180958094685e-01
9.5117632019610032e-01
8.0451075679866341e-02
1.0000000000000000e+00
3.3254536241219057e-01
9.5117632019610032e-01
9.3532140127626923e-02
1.0000000000000000e+00
4.3716793972924961e-01
8.3077429699987992e-01
8.8219490594474342e-02
1.0000000000000000e+00
4.1282364912257208e-01
7.1246500778288469e-01
8.5481551935208705e-02
1.0000000000000000e+00
4.1887039504871382e-01
7.1246500778288469e-01
6.9167997448948887e-02
1.0000000000000000e+00
3.6795203760192408e-01
6.8711358587534055e-01
3.5283591359166172e-02
1.0000000000000000e+00
2.7873990684673799e-01
6.8711358587534055e-01
5.0367939512489107e-02
1.0000000000000000e+00
3.1573935970590128e-01
9.3188504408390149e-01
3.9214285317120817e-02
1.0000000000000000e+00
2.6524644344971193e-01
9.7344877663344964e-01
3.9214285317120817e-02
1.0000000000000000e+00
2.5911653984729810e-01
9.6004445943326577e-01
3.6511430976224807e-02
1.0000000000000000e+00
2.8638383850847049e-01
8.9187020155877694e-01
3.6511430976224807e-02
1.0000000000000000e+00
3.5450400144253535e-01
8.9187020155877694e-01
4.9062940751446155e-02
1.0000000000000000e+00
4.0288447320853038e-01
8.9187020155877694e-01
4.7050910529924300e-02
1.0000000000000000e+00
4.0097827347852899e-01
9.1511005441934690e-01
4.2550135514011350e-02
1.0000000000000000e+00
3.8551157037653638e-01
9.1930674714312777e-01
3.8546987893914780e-02
1.0000000000000000e+00
4.2038580845036222e-01
9.1930674714312777e-01
6.2922229143714509e-02
1.0000000000000000e+00
4.4422678719200803e-01
9.2168510285482630e-01
5.4782009768223366e-02
1.0000000000000000e+00
4.3184856674560024e-01
9.2168510285482630e-01
4.1373030134400329e-02
1.0000000000000000e+00
4.3184856674560024e-01
8.2570619461403116e-01
3.2634614818653068e-02
1.0000000000000000e+00
3.6541518918164684e-01
9.5753979263172373e-01
3.2634614818653068e-02
1.0000000000000000e+00
3.1491174152978374e-01
9.5753979263172373e-01
2.5642855876049003e-02
1.0000000000000000e+00
3.4708528942354633e-01
9.1166107123062834e-01
6.2502628975471458e-02
1.0000000000000000e+00
3.5509651782848550e-01
7.6789065775737986e-01
6.2502628975471458e-02
1.0000000000000000e+00
3.2618292653859271e-01
7.6789065775737986e-01
6.2502628975471458e-02
1.0000000000000000e+00
3.3856019796729697e-01
7.5015271035299524e-01
3.6487213653435907e-02
1.0000000000000000e+00
3.0389478802607073e-01
9.1215518442259058e-01
3.9606096074840030e-02
1.0000000000000000e+00
2.9717646678835763e-01
8.8131166947350725e-01
1.8321011067291698e-02
1.0000000000000000e+00
2.9793858004194362e-01
9.5302340341077074e-01
3.0188582689424953e-02
1.0000000000000000e+00
2.1079919335824115e-01
9.5302340341077074e-01
3.0477883146068058e-02
1.0000000000000000e+00
2.6953446969781680e-01
9.5302340341077074e-01
1.1311733947059116e-02
1.0000000000000000e+00
2.6953446969781680e-01
9.5302340341077074e-01
3.2340435977948806e-02
1.0000000000000000e+00
2.6953446969781680e-01
9.5302340341077074e-01
1.1441224921418330e-02
1.0000000000000000e+00
3.0126257648151977e-01
9.5302340341077074e-01
3.3572699610067508e-02
1.0000000000000000e+00
2.9672959388625486e-01
9.5302340341077074e-01
2.9526689203612483e-02
1.0000000000000000e+00
3.3133296773229404e-01
9.5302340341077074e-01
2.9526689203612483e-02
1.0000000000000000e+00
3.0493244074676795e-01
9.5302340341077074e-01
3.2050398990668333e-02
1.0000000000000000e+00
3.4353383921478553e-01
9.5302340341077074e-01
9.0752483226515329e-02
1.0000000000000000e+00
3.0964497767780585e-01
9.8008546185956225e-01
6.5684218771912134e-02
1.0000000000000000e+00
3.0964497767780585e-01
9.6714723808036074e-01
7.6924148129455722e-02
1.0000000000000000e+00
3.0818929953892393e-01
9.1289047104583010e-01
6.5298915954463160e-02
1.0000000000000000e+00
3.1122510682251914e-01
9.1289047104583010e-01
5.2071270646683848e-02
1.0000000000000000e+00
3.6406444932725890e-01
9.9528330517277941e-01
5.2071270646683848e-02
1.0000000000000000e+00
3.4663049585577710e-01
9.9528330517277941e-01
6.0552242325775302e-02
1.0000000000000000e+00
3.4663049585577710e-01
9.9528330517277941e-01
7.3896165119640506e-02
1.0000000000000000e+00
3.4663049585577710e-01
8.5326962684557661e-01
7.3896165119640506e-02
1.0000000000000000e+00
3.3867005060818656e-01
8.8810623296812996e-01
7.3896165119640506e-02
1.0000000000000000e+00
2.9626155446675284e-01
9.4365160026864037e-01
7.6614874528877414e-02
1.0000000000000000e+00
2.8528638172355159e-01
9.4365160026864037e-01
4.8003476226858771e-02
1.0000000000000000e+00
3.1544440227952464e-01
9.4365160026864037e-01
4.0478448962949193e-02
1.0000000000000000e+00
3.6612777330373092e-01
9.5163487409517988e-01
1.7384044474147237e-02
1.0000000000000000e+00
3.6612777330373092e-01
9.5163487409517988e-01
3.5467651204362488e-02
1.0000000000000000e+00
3.6156926222537322e-01
9.5163487409517988e-01
2.4000459813669300e-02
1.0000000000000000e+00
3.9071487740073962e-01
9.1170100634262785e-01
1.9887718835070706e-02
1.0000000000000000e+00
3.9083913565190187e-01
8.9655060832665190e-01
3.1472571613539918e-02
1.0000000000000000e+00
3.6888686791570535e-01
9.0589874190554842e-01
3.1472571613539918e-02
1.0000000000000000e+00
3.7805232257159105e-01
9.0589874190554842e-01
3.3844185386533360e-02
1.0000000000000000e+00
3.5544472225518575e-01
9.0589874190554842e-01
5.1905769248242001e-02
1.0000000000000000e+00
3.5352960348171791e-01
9.0589874190554842e-01
8.7872878973121266e-02
1.0000000000000000e+00
3.6822771324585801e-01
9.0589874190554842e-01
9.1504256100142817e-02
1.0000000000000000e+00
3.3147800477962619e-01
9.1980387968287691e-01
8.4571751159364800e-02
1.0000000000000000e+00
3.1435862320284969e-01
9.1980387968287691e-01
6.5576908969069342e-02
1.0000000000000000e+00
3.4977405282478458e-01
8.5103777003751024e-01
5.7663506687367777e-02
1.0000000000000000e+00
3.6449726435165530e-01
8.5103777003751024e-01
1.2644423962319712e-02
1.0000000000000000e+00
3.6449726435165530e-01
8.8759090331659540e-01
1.2644423962319712e-02
1.0000000000000000e+00
3.4401426880430108e-01
8.8759090331659540e-01
2.4180409357632021e-02
1.0000000000000000e+00
3.4684062909144586e-01
9.9523152550027594e-01
2.4180409357632021e-02
1.0000000000000000e+00
3.3478250887054628e-01
9.9523152550027594e-01
2.1558552839542250e-02
1.0000000000000000e+00
3.3599400028396076e-01
9.9523152550027594e-01
3.5147987165237288e-02
1.0000000000000000e+00
3.1954640647671795e-01
9.9523152550027594e-01
4.1584550727839092e-02
1.0000000000000000e+00
2.7969350418351269e-01
9.9523152550027594e-01
3.1986250634054164e-02
1.0000000000000000e+00
3.9391373663892182e-01
9.9523152550027594e-01
4.3898183013061504e-02
1.0000000000000000e+00
4.0296083789070281e-01
8.9970560510919317e-01
4.3898183013061504e-02
1.0000000000000000e+00
4.3850586477418574e-01
8.9970560510919317e-01
4.2165684256451647e-02
1.0000000000000000e+00
4.1832928087313803e-01
8.9970560510919317e-01
4.6851907483051042e-02
1.0000000000000000e+00
3.7905496598904165e-01
8.9970560510919317e-01
3.2181082851002435e-02
1.0000000000000000e+00
3.9036598482852014e-01
7.1850934763715490e-01
4.9464297107169847e-02
1.0000000000000000e+00
3.3535359574233325e-01
7.3397332475797161e-01
3.3634573545987229e-02
1.0000000000000000e+00
3.2159200830136569e-01
9.0916908950821385e-01
4.4096670438284497e-02
1.0000000000000000e+00
3.2683271828790339e-01
7.6763437361732945e-01
7.7137059158394555e-02
1.0000000000000000e+00
3.2683271828790339e-01
8.8169774039924964e-01
6.2430189548740606e-02
1.0000000000000000e+00
3.2683271828790339e-01
9.2208825423658713e-01
5.4266837517479877e-02
1.0000000000000000e+00
3.2051114291169824e-01
9.5839112623871192e-01
7.0468944589356403e-02
1.0000000000000000e+00
3.0609263754666927e-01
9.7559574990809783e-01
5.0024791712621669e-02
1.0000000000000000e+00
3.0609263754666927e-01
9.7559574990809783e-01
3.6422602691436629e-02
1.0000000000000000e+00
4.1440520337999942e-01
9.5931859686315879e-01
6.1031847120011667e-02
1.0000000000000000e+00
4.4372734702409389e-01
9.5931859686315879e-01
3.0686085786419431e-02
1.0000000000000000e+00
4.3311347714842441e-01
9.1676304861248359e-01
3.0686085786419431e-02
1.0000000000000000e+00
3.6563811353624942e-01
9.1676304861248359e-01
3.8557886820035497e-02
1.0000000000000000e+00
3.5294522224211278e-01
9.1676304861248359e-01
3.8557886820035497e-02
1.0000000000000000e+00
3.5294522224211278e-01
9.0224864146948680e-01
5.1365595984952966e-02
1.0000000000000000e+00
2.8185267811858239e-01
9.0224864146948680e-01
5.1693315447755600e-02
1.0000000000000000e+00
2.2409939062998774e-01
9.6338962576628551e-01
5.1693315447755600e-02
1.0000000000000000e+00
2.5318653364882948e-01
9.6377284550617337e-01
5.1693315447755600e-02
1.0000000000000000e+00
2.5318653364882948e-01
9.6377284550617337e-01
6.0568390709795500e-02
1.0000000000000000e+00
