1
1000
1.4541653824184894e-01
1.4599194245799893e-01
1.4008634875457190e-01
1.4072981366265697e-01
1.3918465794524804e-01
1.2684044032968575e-01
1.2613357977292314e-01
1.2536667758294673e-01
1.2287706832882589e-01
1.0394636245688088e-01
1.0770189708274819e-01
1.0392178115772649e-01
1.0756720592424701e-01
1.0582339278492260e-01
1.1353489670279637e-01
1.1982595591287591e-01
1.1737727689254060e-01
1.2051616984878373e-01
1.2858452389010694e-01
1.2443788388955448e-01
1.2338439061634510e-01
1.3074751552784311e-01
1.2992213906659145e-01
1.3227105879835974e-01
1.3438583096089615e-01
1.4027538630587721e-01
1.4262683218974148e-01
1.3806132450198813e-01
1.4593569723395755e-01
1.6515045053238128e-01
1.5715227261168763e-01
1.5680187576896468e-01
1.6367804268005537e-01
1.5083958701672887e-01
1.4373868758583305e-01
1.4966007775114135e-01
1.5700492312418729e-01
1.5612282154725618e-01
1.5348644671066686e-01
1.5636036646079396e-01
1.5828454180738602e-01
1.5249264313738753e-01
1.5013213959434049e-01
1.3766499085876766e-01
1.3528630421103591e-01
1.5446866619634084e-01
1.5342372252026895e-01
1.5650111003425132e-01
1.8362591588369759e-01
1.8796126719747722e-01
1.6754199009721099e-01
1.7115452651391627e-01
1.6558399468233073e-01
1.5620787390066826e-01
1.3279312436101809e-01
1.2151487267381517e-01
1.1970347481790349e-01
1.2478164209609961e-01
1.1791763943933267e-01
1.1570200904716139e-01
1.1493938491872564e-01
1.2968379744490344e-01
1.2696006817976632e-01
1.2697589834925221e-01
1.4354833430269906e-01
1.4274120939807619e-01
1.4627415801475152e-01
1.4273398433128015e-01
1.3655464732602651e-01
1.3775423287710020e-01
1.4799417077236143e-01
1.4134048309781680e-01
1.4131910344043797e-01
1.4179291473343061e-01
1.3663763021247258e-01
1.3514503813343082e-01
1.3291055420391276e-01
1.3566269688648058e-01
1.3137703543131518e-01
1.3420397018830588e-01
1.3589735832631411e-01
1.3859339442274674e-01
1.4120980827616780e-01
1.6018080702182746e-01
1.5904781871575324e-01
1.6441558964465799e-01
1.6176989405912670e-01
1.3906545796596162e-01
1.3926633753490664e-01
1.3539100628945661e-01
1.3175827219361147e-01
1.2646271453728228e-01
1.3045624594289446e-01
1.2361754307083853e-01
1.3313349956155429e-01
1.3349055688605538e-01
1.3188236985974877e-01
1.2668493117157723e-01
1.2315410017157015e-01
1.2293732208851740e-01
1.2161382861719652e-01
1.2519259022590640e-01
1.3628771359483974e-01
1.2943444141256141e-01
1.3365917662470284e-01
1.2982300953989312e-01
1.1867702431458454e-01
1.2095312339816332e-01
1.1945756442699772e-01
1.2360662250283543e-01
1.2875773645077468e-01
1.2427627510369785e-01
1.2180953947535716e-01
1.2645061253540310e-01
1.1999874300598137e-01
1.1490711154773019e-01
1.1624704155997470e-01
1.1075841922740506e-01
1.1676921458699706e-01
1.1666694847489768e-01
1.1710273265176538e-01
1.3022479604212173e-01
1.3028695070227406e-01
1.3407897841315841e-01
1.3264370387655494e-01
1.3294378770427684e-01
1.3486235730440357e-01
1.4971687660970645e-01
1.4081038205715854e-01
1.4016113179084155e-01
1.4073386451349035e-01
1.5026364322791047e-01
1.4977256932047958e-01
1.5565377920030038e-01
1.4268148430440261e-01
1.4076708514931424e-01
1.4480221827921141e-01
1.5380556286879155e-01
1.6480272020075809e-01
1.5365964971333854e-01
1.4471808954843376e-01
1.4609726633647199e-01
1.4857371554116919e-01
1.4451057880324458e-01
1.4407516634155659e-01
1.4068548298893874e-01
1.4022025879770611e-01
1.4767930659532127e-01
1.4348033355447784e-01
1.4727952374328923e-01
1.4704682269951586e-01
1.4800184929192123e-01
1.5050389020056323e-01
1.3895191977013988e-01
1.3333130422840289e-01
1.3349675511238357e-01
1.3183716186490546e-01
1.2931097042381670e-01
1.2948690839783647e-01
1.3631585172038899e-01
1.2049854135723687e-01
1.1930003022504898e-01
1.2924970680664877e-01
1.2193627440165627e-01
1.4532902428075936e-01
1.4656922208273801e-01
1.5879480358455692e-01
1.7965538792278354e-01
1.8103747628426423e-01
1.6614200502928736e-01
1.6316152368211947e-01
1.6480644149872120e-01
1.5456114184682423e-01
1.4163010804477960e-01
1.5404395759769565e-01
1.2994315089527966e-01
1.3062156488752641e-01
1.2951779950744743e-01
1.2586800101459161e-01
1.3149403408165619e-01
1.3258220511248356e-01
1.3468061241307447e-01
1.3503082380394374e-01
1.3494369557385261e-01
1.4158665253102312e-01
1.4709575355651722e-01
1.5471479690817611e-01
1.5046525489417720e-01
1.4970805414988564e-01
1.6117012181572307e-01
1.5490697565086489e-01
1.4871309645983782e-01
1.4668949971336309e-01
1.2478973594395190e-01
1.4536880758548340e-01
1.5365848344225419e-01
1.5562787654263721e-01
1.5334255213603132e-01
1.2453958918581176e-01
1.2116630782823089e-01
1.1495290425436711e-01
1.0314344445836737e-01
1.0963753992410805e-01
1.0916532125845863e-01
1.0011128759847060e-01
1.0226795333916323e-01
1.0072662512768307e-01
1.0701722429358376e-01
1.0575299144669534e-01
1.2024604591062348e-01
1.2333783367311554e-01
1.3986427609456262e-01
1.4582370998316788e-01
1.3113761706101049e-01
1.4483374595118209e-01
1.4240667902865128e-01
1.5121425274322084e-01
1.4067820844197201e-01
1.4798916304140788e-01
1.5035764929505804e-01
1.4751448132766196e-01
1.6596823088989154e-01
1.6522938992858799e-01
1.8996229542520826e-01
1.9056173383586711e-01
1.7836028652421518e-01
1.7453944157057258e-01
1.8742613429603680e-01
1.6371406114927139e-01
1.6070255596951163e-01
1.6415614616310756e-01
1.5568050122419494e-01
1.5653957932445947e-01
1.3974335152380257e-01
1.3720066592666136e-01
1.3922967974666201e-01
1.3795787544984819e-01
1.3578888508470432e-01
1.4808333552147399e-01
1.3417667948320736e-01
1.3695496374866181e-01
1.3268473386585161e-01
1.3455824346109910e-01
1.3739456813170114e-01
1.4871842174988589e-01
1.4558322257263176e-01
1.6195000416473632e-01
1.5983227833231758e-01
1.4452731636291324e-01
1.3447579306667731e-01
1.3053109117538908e-01
1.2383435256939464e-01
1.2420214069141319e-01
1.2116685789123766e-01
1.1958576015958382e-01
1.2254344716253751e-01
1.2131533810634522e-01
1.2080293547567622e-01
1.1150579610215003e-01
1.0229211953172458e-01
1.0228591247171474e-01
1.1191027962959194e-01
1.1046315618505739e-01
1.3348969984239731e-01
1.8359805268398074e-01
1.4671428710197854e-01
1.5105933581348988e-01
1.8538188206202710e-01
2.2351446448125009e-01
2.0723545555747724e-01
2.2630447431201425e-01
2.0796596868469217e-01
2.0725910183011909e-01
2.3035570867294786e-01
1.6679783133112841e-01
1.6878150726636054e-01
1.6906070674217394e-01
1.7356886687600176e-01
1.6374030603672851e-01
1.5945416107491209e-01
1.5764509206465427e-01
1.5307888052106591e-01
1.5284393373655114e-01
1.5946401627059437e-01
2.0632603517774736e-01
1.7573971733316046e-01
1.7926326024966041e-01
1.7125288598585045e-01
1.6869106824346575e-01
1.7694158495606088e-01
1.7502262526932066e-01
2.0965224505359994e-01
1.8921464171407493e-01
1.9300110853366206e-01
1.8458900487822824e-01
1.8296985984337552e-01
2.2531266421808963e-01
2.1150979621801777e-01
2.0229724215321851e-01
2.0616551208986833e-01
2.4360152393471221e-01
2.2385270066772445e-01
1.9691894521863559e-01
2.6286440647754467e-01
1.7762366157431594e-01
1.8179825822111406e-01
1.8190056840559149e-01
1.7477229527769292e-01
1.8498353412008559e-01
1.8024163933490958e-01
1.8428258682583715e-01
1.8571231475595631e-01
1.6788179806118780e-01
1.7574110327486495e-01
1.5915449424233385e-01
1.7708692336703705e-01
1.9012712495101725e-01
1.9656571261477851e-01
1.7923326733975953e-01
1.8254605027523776e-01
1.7924883737680600e-01
1.7073100554076426e-01
1.7408817823635536e-01
1.5675752061777781e-01
1.5611135379344787e-01
1.5837304317276663e-01
1.5985741874702195e-01
1.3532470607627795e-01
1.5252871302715046e-01
1.5048479478841256e-01
1.3214463750831629e-01
1.3632167412632915e-01
1.3633100113460034e-01
1.8683789625856759e-01
1.8965346689690410e-01
1.7466279547956570e-01
1.8155614133501127e-01
1.7189076024302272e-01
1.3937403178526256e-01
1.8420475200678546e-01
2.0156645557236433e-01
1.7785238242550849e-01
5.1010278642489082e-01
5.7553278586414969e-01
4.5531064617951761e-01
1.6318723854519551e-01
1.8646741178856444e-01
1.5632495639212859e-01
1.6231268993658068e-01
1.5606565443621156e-01
1.3013709669582105e-01
1.3487390341638084e-01
1.6448120086692647e-01
1.6875976296096579e-01
2.0044316814868102e-01
1.9802062955257735e-01
1.9473031400647245e-01
1.7860534078109777e-01
1.6907376198463911e-01
1.7288732591873704e-01
1.7170921705970257e-01
1.4020803042084520e-01
1.2731837230594334e-01
1.2731837230594334e-01
1.7010175828339041e-01
1.7059534684509747e-01
1.7185673637225418e-01
1.1887973777113822e-01
1.2584080976129330e-01
1.3121385793660006e-01
1.2966292774316293e-01
1.2852145992350431e-01
1.1921415351418943e-01
1.1831393033401522e-01
1.1596679687731890e-01
1.1687982028856346e-01
1.2520644626056571e-01
1.3797004755562173e-01
1.1858053283206578e-01
1.0757919692727108e-01
1.0746324183510202e-01
1.2457726349374103e-01
1.3002293160465755e-01
1.1041249229408300e-01
1.3239460088901378e-01
1.3428355425600930e-01
1.3784878573701476e-01
1.5447465215008321e-01
1.5645388923573969e-01
1.6336547727374578e-01
1.5957667992898258e-01
1.5840709927388355e-01
1.5727915101262585e-01
1.6346620557254224e-01
1.6132698605004245e-01
1.6972040774726632e-01
1.6830555930456523e-01
1.4498904110018268e-01
1.5881749605387110e-01
1.5293765152900740e-01
1.1843606724074292e-01
1.6089773837510801e-01
1.6434832294116838e-01
1.5475844358136293e-01
1.3838495740841597e-01
1.4964292010218422e-01
1.6283965879836473e-01
1.5165836518941231e-01
1.3782019237293558e-01
1.3228341796578849e-01
1.4399004661487536e-01
1.5089647542380466e-01
1.4459175930474236e-01
1.4395273296956224e-01
1.3546785378189485e-01
1.2154781978306958e-01
1.3392464032211834e-01
1.2622237715272022e-01
2.7629236822957209e-01
2.9630949401491996e-01
2.8870709680503481e-01
3.1103326183248742e-01
2.5012380942882639e-01
1.9296160419538796e-01
1.9376825249708446e-01
1.9491492404525307e-01
2.0552079145373064e-01
2.0297168686574596e-01
3.3170881556486742e-01
3.3142441113727839e-01
3.2098495203167304e-01
2.3679967619572156e-01
2.1260221137169896e-01
2.0627237239187976e-01
2.4004980903598333e-01
2.2090090421398334e-01
2.2571517575967689e-01
1.9471791971745961e-01
1.9305640735102073e-01
2.0190153897916258e-01
1.8148410561720699e-01
1.9064150370386534e-01
1.9542451323540921e-01
1.9597031596701595e-01
1.9617398143373932e-01
1.7214302673755860e-01
1.7555796408430774e-01
1.9498394626472559e-01
2.0000128693915753e-01
2.0000128693915753e-01
2.1194538714554056e-01
1.7249411967756920e-01
1.6401493909990245e-01
1.6339782319116078e-01
1.7007196173428688e-01
1.8829082889752896e-01
1.8644658305361050e-01
1.4357353538955647e-01
1.5224034191091645e-01
1.3578840030397166e-01
1.5604606042480568e-01
1.6855653435891071e-01
1.6389321742943896e-01
1.7208751061478103e-01
1.6639346973510857e-01
1.5104079520037314e-01
1.6263403026936474e-01
2.0109696676407407e-01
1.6919142919452820e-01
1.7319495813968827e-01
1.5322329131831569e-01
1.5096873556922269e-01
1.5547772841975613e-01
1.2814655964812374e-01
1.2333820620784747e-01
1.2991803971409710e-01
1.6617445734659411e-01
1.4460255467836527e-01
1.5994182084194891e-01
1.5660098930662250e-01
1.5461791316488199e-01
1.4593239107834505e-01
1.1227278828890758e-01
1.1765874985261668e-01
1.1879735973112961e-01
1.0078052337038181e-01
1.0197314152963206e-01
1.0139886913960891e-01
1.1602883189373568e-01
1.1181139554157324e-01
1.1994749733214639e-01
1.1953783592751704e-01
1.2613887063391180e-01
1.2392031589669804e-01
1.2145283145402150e-01
1.3696940788388373e-01
1.2017060894019424e-01
1.3559470050074340e-01
1.5139433658757975e-01
1.5588427520278808e-01
1.5187560470429171e-01
1.3375366176705925e-01
1.2488815865847856e-01
1.2467070643581385e-01
1.4793639130888131e-01
1.3374682821225262e-01
1.2797295548898618e-01
1.1446726805609271e-01
1.1068160822364868e-01
1.0828673999861066e-01
1.0704626379794414e-01
1.1383938717611942e-01
1.1492544221389003e-01
1.0917697626557016e-01
1.1819816422771559e-01
1.0638394803843344e-01
1.0617127211029719e-01
1.2555938546010292e-01
1.4749330607171962e-01
1.5204393243284592e-01
1.1327774765592892e-01
1.1228375953279998e-01
1.0662311762181959e-01
1.1360327674947790e-01
9.6514817334705488e-02
1.0110058756900062e-01
1.0429857557310893e-01
1.0999226471951896e-01
1.0914978126535756e-01
1.1162866916515599e-01
1.1153224286686758e-01
1.2437621047803933e-01
1.3644524812653885e-01
1.6559139003455717e-01
1.4697968627998020e-01
1.6484056635879513e-01
1.7351152121832819e-01
1.6969157296174589e-01
1.6881472425242644e-01
1.7096407533768793e-01
1.9381507784437443e-01
2.0726886184827922e-01
1.9728355263991365e-01
1.8874905036416878e-01
1.6321631239850867e-01
1.6429228126413217e-01
1.6387257325022911e-01
1.6489549580335236e-01
1.7831494958630553e-01
1.6168859967466900e-01
3.0517969435188147e-01
3.1289655875329198e-01
2.4582301305057080e-01
1.5624647075145592e-01
1.5949974247134549e-01
1.5833349013565484e-01
1.6746078763900873e-01
1.6503586941136597e-01
2.0605884583265535e-01
1.9670378155320395e-01
2.0486604218005497e-01
2.2883398383553033e-01
2.4894412933876037e-01
2.2873752020555030e-01
1.8508633276627356e-01
2.0297585784733524e-01
1.9746971470413438e-01
2.2116072265500869e-01
2.2760251154289751e-01
1.5964636505206489e-01
1.5420818560618854e-01
1.5279917320447722e-01
1.7553858600724026e-01
2.6769313676711215e-01
2.6820243923111642e-01
4.9063704105877659e-01
1.5050250096110016e-01
1.9443133400502166e-01
2.9266449685496043e-01
2.8312708060788966e-01
1.5726050406380765e-01
1.6924255651455794e-01
1.7088216300087883e-01
1.5851085794215644e-01
1.5640162871268748e-01
1.3962880635923419e-01
1.3234896191136061e-01
1.2490133621070693e-01
1.2454874633842997e-01
1.2562657149173581e-01
1.4411404024041882e-01
1.8520957835452254e-01
1.6844859779634633e-01
1.4538478039600566e-01
1.4833954114292780e-01
1.6329991416303827e-01
1.7630348300397902e-01
1.8016960308582347e-01
1.7053583196734240e-01
1.5745156130809074e-01
1.5168897778983101e-01
1.5538990872875574e-01
1.4035876517586193e-01
1.3450235589254952e-01
1.4440039106468494e-01
1.3814109016124629e-01
1.3091034416908878e-01
1.3499737861870809e-01
1.2507581940413887e-01
1.2510132069001831e-01
1.1558965121490555e-01
1.1986702260715980e-01
1.1986575850204759e-01
1.2045652317002334e-01
1.5732371155910363e-01
1.6248343718010866e-01
1.6705450389432022e-01
2.9899548847165580e-01
2.8726849227711387e-01
1.4298427773091871e-01
1.3793860264427965e-01
1.9939013311243592e-01
1.5995666633825001e-01
1.6049249288590439e-01
1.5747895594621397e-01
1.8192226979702206e-01
1.8728679352824018e-01
1.8011268794337390e-01
2.2450226513784130e-01
1.6080117777578451e-01
1.4654835368766045e-01
1.5018735835215080e-01
1.3548857636577752e-01
1.5474397668452139e-01
1.5495544096452141e-01
1.6700980737701013e-01
3.0435100692994604e-01
4.1565252466950597e-01
2.1222718175708596e-01
2.1475780390135626e-01
1.7003896565060456e-01
1.7028115664385035e-01
1.6806327840323920e-01
2.0316385291686301e-01
1.9670068989971121e-01
1.6029991841671776e-01
1.6079107318897365e-01
1.3087051431271424e-01
1.2625223548431230e-01
1.2530549597198667e-01
1.2454819389836719e-01
1.2706105666371900e-01
1.3872548592987516e-01
1.3637434284413166e-01
1.9045240686093876e-01
2.0500903215103278e-01
1.6606852322611143e-01
1.6539569994290290e-01
1.4181740188994810e-01
1.5898110823333872e-01
1.4326718053109264e-01
1.4234309828425937e-01
1.3092770637074957e-01
1.3590579885629991e-01
1.2915623796485803e-01
1.5503990851313909e-01
1.4220488584963387e-01
1.4042608146067617e-01
1.3090419679604465e-01
1.3020309865419352e-01
1.1621277998837864e-01
1.5179459665783893e-01
1.3602798914034631e-01
1.2561756870409360e-01
1.2258671383074357e-01
1.2977165106034991e-01
1.3031681230498632e-01
1.5477119880513041e-01
1.8768628369615889e-01
1.3591834950537401e-01
1.5152514060362193e-01
1.8609706133372009e-01
1.6873171095942502e-01
1.0776557946085154e-01
1.1294065460456591e-01
1.6671740115541095e-01
1.7600182770054698e-01
1.3692870735788149e-01
1.2119091652085770e-01
1.2101302901091289e-01
1.2799821757514163e-01
1.1821949259810342e-01
1.3161750169540098e-01
1.2149471126135497e-01
1.3608899042700234e-01
1.3247151780602964e-01
1.2862691582557967e-01
1.2847942091868314e-01
1.1603074126767109e-01
1.1642477676903638e-01
1.2165590688889165e-01
1.1798477196469243e-01
1.2004759205510064e-01
1.2892944353700028e-01
1.2591914079779948e-01
1.2672358622327543e-01
1.2765740736527634e-01
1.3286270702804140e-01
1.3059491296296957e-01
1.7097836607739617e-01
1.6237627645619951e-01
1.5789122504799441e-01
1.4866891954450998e-01
1.3117096594158933e-01
1.3416307717405071e-01
1.3006895519212405e-01
1.2536826387607181e-01
1.2376368862454065e-01
1.1995353172806113e-01
1.1546959262841172e-01
1.1825827622271966e-01
1.2194076781881741e-01
1.1810928261161267e-01
1.2095533271992984e-01
1.2666680113427642e-01
1.3772845330417438e-01
1.3203221820838557e-01
1.1714601282803859e-01
1.1405019708511331e-01
1.1647490657803679e-01
1.1711064587926233e-01
1.1520110510073084e-01
1.1350085395954354e-01
1.1877963310372197e-01
1.1189275330927546e-01
1.1065070116212361e-01
1.2764623034546987e-01
1.1964785521202312e-01
1.2024765627585916e-01
1.2383336270537550e-01
1.1934668642345558e-01
1.1946826939443439e-01
1.2212217816679438e-01
1.1956947622157107e-01
1.2294900596954587e-01
1.1961752419004300e-01
1.1199019151449573e-01
1.2094391324585457e-01
1.2268784425830793e-01
1.3139445115891435e-01
1.3191268706348086e-01
1.4102304895092024e-01
1.2962673607869557e-01
1.4011840030470030e-01
1.4672197240990237e-01
1.4354270209788389e-01
1.4512225668444809e-01
1.5136250849187322e-01
1.6774828397533426e-01
1.7769097479567197e-01
1.6228570496347966e-01
1.6132040240400741e-01
1.5571914702317044e-01
1.4254870498894812e-01
1.2841765036409869e-01
1.2839656498403695e-01
1.3625195882455088e-01
1.4038652192151621e-01
1.4915093728786219e-01
1.5761934440296765e-01
1.8270507493272312e-01
1.7820135633400938e-01
1.5312943608466981e-01
1.5371679806833133e-01
1.5659113823732271e-01
1.5299570062990581e-01
1.4304270330781441e-01
1.3570828584252298e-01
1.4926852840110252e-01
1.5317260058837814e-01
1.5387115635508777e-01
1.5523950075025433e-01
1.7969294589434401e-01
1.7365134038016286e-01
1.6652287899748519e-01
1.6995892140104665e-01
1.6998810703016301e-01
1.7514707827604642e-01
1.7244875532120857e-01
1.7420033794930492e-01
1.5833859842983275e-01
1.4907088558693848e-01
1.5347848624510674e-01
1.5748923245892402e-01
1.5800720193382958e-01
1.5438770817679578e-01
1.3902696088347963e-01
1.4580368032592200e-01
1.4067869868147034e-01
1.5951799506612649e-01
1.4889674054834084e-01
1.3178159330815778e-01
1.2845058645121360e-01
1.4699975315610025e-01
1.5086094374448597e-01
1.4648638868487615e-01
1.4636206886803355e-01
1.4091515837161861e-01
1.2357106471699952e-01
1.2833230163129886e-01
1.2913017974898966e-01
1.1918645002251908e-01
1.2107813945131643e-01
1.1782019377738459e-01
1.1497571626824783e-01
1.1707743436470058e-01
1.2064523911796916e-01
1.2342789687356701e-01
1.2315068149538648e-01
1.2259072715272029e-01
1.1179493663935489e-01
1.0709737915183880e-01
1.0857564346728082e-01
1.0917645047665524e-01
1.0850105713421307e-01
1.0841168723228108e-01
1.0813699438440638e-01
1.0822207750828719e-01
1.0841196476143306e-01
1.1223918445755986e-01
1.1358129215466187e-01
1.1681112751548901e-01
1.2262022272821788e-01
1.2298241835402768e-01
1.2679146403984481e-01
1.2526672905031547e-01
1.2640877153147240e-01
1.2951958320785517e-01
1.3010070050049999e-01
1.3130571983901299e-01
1.4183455772845727e-01
1.3934541222341068e-01
1.3527722834365530e-01
1.3495062656157403e-01
1.4888179255980019e-01
1.3991736645960368e-01
1.4225248717761377e-01
1.3456130806217842e-01
1.3219788270425234e-01
1.3170016470676357e-01
1.3162402768707523e-01
1.2887031686377046e-01
1.2857306651910222e-01
1.2899538863788645e-01
1.2265898927266132e-01
1.4025616848831010e-01
1.4384749297304106e-01
1.6302041458463751e-01
1.5844740185739989e-01
1.6594706041823315e-01
1.5586671055996254e-01
1.4838873781642628e-01
1.5392411439676773e-01
1.5797126125790473e-01
1.4425744391941925e-01
1.3277163593967745e-01
1.1661242907882430e-01
1.1556685051739969e-01
1.1873124702337509e-01
1.2455652282445269e-01
1.3106360489459712e-01
1.3553817636057297e-01
1.3846074040556350e-01
1.3874504354474479e-01
1.3946767921566203e-01
1.3429631950124565e-01
1.3588936137136115e-01
1.3603177163293537e-01
1.2822023880320516e-01
1.3167445141396034e-01
1.3798814376725901e-01
1.3771898822087869e-01
1.4513790221695572e-01
1.4085605297194331e-01
1.3980102305867692e-01
1.3262576783811669e-01
1.3699200802258960e-01
1.3372842681795369e-01
1.4318613234034874e-01
1.3243738765389965e-01
1.3891599946586036e-01
1.3390039893774516e-01
1.2707608868111425e-01
1.5111971467883512e-01
1.5046894621493462e-01
1.5293435293613705e-01
1.5687191158362279e-01
1.6974575038402423e-01
1.6983261721285120e-01
1.7439219376721313e-01
1.7419826244254744e-01
1.7145329500226364e-01
1.5334447943453047e-01
1.4918097065720370e-01
1.3421709226409204e-01
1.3199496276495493e-01
1.3969408063909106e-01
1.5585158667148713e-01
1.6635621964804986e-01
1.6998164248471193e-01
1.8621061679271500e-01
1.8052647535421026e-01
1.7893155054813811e-01
1.8439165241290198e-01
1.9334995638952038e-01
1.9284037143403329e-01
1.9772265121285706e-01
1.7560137198916112e-01
1.7433828116502842e-01
1.5391240179077387e-01
1.5809737512084304e-01
1.4962379401135953e-01
1.4756593801884912e-01
1.4568188483759231e-01
1.2138501117347822e-01
1.5130558736502611e-01
1.4109401284646370e-01
9.4668973420212910e-02
8.7957713821574593e-02
1.4119096876334580e-01
1.3723974938819603e-01
1.3366408773135460e-01
1.3181246501162272e-01
1.3726585028901225e-01
1.4321502347170656e-01
1.4435569683217703e-01
1.4796169263468878e-01
1.5635301627704534e-01
1.4763378586371095e-01
1.3209889156572072e-01
1.3723355363766263e-01
1.4681016789668663e-01
1.4790825822903128e-01
1.5850529108304021e-01
1.6043355441104556e-01
1.5873410819824310e-01
1.5578305590462682e-01
1.4653837741338827e-01
1.3525313557624283e-01
1.5157287492451890e-01
1.3670798489867664e-01
1.4715090420094712e-01
1.6668833987612505e-01
1.7318522414501836e-01
1.5525410362820635e-01
1.3880288695701115e-01
1.5222086936381940e-01
1.4976566877311867e-01
1.7068616557143015e-01
1.6052602120286213e-01
1.4801732668111156e-01
1.4509777430506157e-01
1.2136038239108128e-01
1.2776345763428804e-01
1.2343042393969209e-01
1.2085685725086869e-01
1.2725370757717308e-01
1.1767616490311929e-01
1.2217946448420680e-01
1.2288330344262233e-01
1.2137169842382153e-01
1.2158526608203944e-01
1.3634192536225467e-01
1.2816573533664216e-01
1.2721113783278057e-01
1.3965690545956272e-01
1.3423280888820555e-01
1.2330083240635289e-01
1.2119719591644990e-01
1.2966229491802092e-01
1.3394449857617269e-01
1.3551167387106897e-01
1.2515701125288980e-01
1.3018685334404867e-01
1.3553387709342762e-01
1.4549920245747941e-01
1.4054122568274222e-01
1.4028691156917064e-01
1.2678326283986174e-01
1.1873537750380013e-01
1.0954454583444367e-01
1.0740886740370857e-01
9.6001972106230224e-02
1.0045773916214423e-01
1.0237549208594643e-01
1.0201928824603435e-01
1.0629954091005395e-01
1.1580688980207744e-01
1.1534627785563034e-01
1.0845602980587855e-01
