4
93
2.9571765521541238e-01
7.7640888020396237e-01
7.9717865149723371e-02
1.0000000000000000e+00
4.0659383032470942e-01
9.1290568485856061e-01
6.0858690232271334e-02
1.0000000000000000e+00
3.6563374474644661e-01
8.6817774847149853e-01
1.0865006164531224e-01
1.0000000000000000e+00
1.5780903957784176e-01
9.2912474013864998e-01
1.1906428928487003e-01
1.0000000000000000e+00
6.7946040071547031e-02
9.5496824763249610e-01
1.1951855723746121e-01
1.0000000000000000e+00
2.4798149671005376e-01
9.5436109609436248e-01
1.1728119592735312e-01
1.0000000000000000e+00
3.3186266242591955e-01
9.5436109609436248e-01
1.2014892620354659e-01
1.0000000000000000e+00
3.5400475500682660e-01
9.1805336072575305e-01
1.2673125985529624e-01
1.0000000000000000e+00
3.3364305654140480e-01
9.3017032050993298e-01
1.3707392167052604e-01
1.0000000000000000e+00
3.7134498541308858e-01
9.5509739646222447e-01
8.7829373709246289e-02
1.0000000000000000e+00
4.2523891726341390e-01
9.6156287246849392e-01
8.4757085123419534e-02
1.0000000000000000e+00
2.3949407685904589e-01
9.1843500786926602e-01
7.3354176279826794e-02
1.0000000000000000e+00
3.3368357065955934e-01
9.6199212369974707e-01
4.4586208683176670e-02
1.0000000000000000e+00
3.7346112488194194e-01
8.9829088707920168e-01
1.8371212446800206e-02
1.0000000000000000e+00
3.1433967348311853e-01
8.5951693316455935e-01
1.2472112988325540e-02
1.0000000000000000e+00
2.4117975622539234e-01
9.6521441971417521e-01
5.3235535282146890e-02
1.0000000000000000e+00
2.9615096548695874e-01
7.6499250025954102e-01
4.5213396869803552e-02
1.0000000000000000e+00
3.0655836757978250e-01
6.2635192375164483e-01
3.4703750837798003e-02
1.0000000000000000e+00
2.4277601590620179e-01
9.5181638754438613e-01
4.5243664689769508e-02
1.0000000000000000e+00
2.4818454439991910e-01
7.6260194748174404e-01
1.8269233274622876e-03
1.0000000000000000e+00
3.8161944558851246e-01
8.3943744383286689e-01
2.7146305784845032e-02
1.0000000000000000e+00
4.6809790151201014e-01
8.3346886229701345e-01
8.0321845261642016e-02
1.0000000000000000e+00
4.4950085094205861e-01
8.4718555253930394e-01
6.8914898217917658e-02
1.0000000000000000e+00
2.7684323031462554e-01
5.6623333361931150e-01
7.4555481679999508e-02
1.0000000000000000e+00
3.4827836563817982e-01
9.0298070230055605e-01
4.8997846444399334e-02
1.0000000000000000e+00
2.1168656174631906e-01
7.1878507018554960e-01
5.2248940349818446e-02
1.0000000000000000e+00
1.9293748609561590e-01
5.8740415780339394e-01
6.9769934356008895e-02
1.0000000000000000e+00
2.6227835681129363e-01
6.6772298554569720e-01
8.9173841069714405e-02
1.0000000000000000e+00
2.0073992082689074e-01
7.7536133530229567e-01
8.8793551998242043e-02
1.0000000000000000e+00
1.7198165993977454e-01
7.9413886035472392e-01
5.9107622202282079e-02
1.0000000000000000e+00
1.1398169868698460e-01
6.5397756958991526e-01
5.1885698817932285e-02
1.0000000000000000e+00
1.3326766928730649e-01
2.6524802197382091e-01
3.2617005764768697e-02
1.0000000000000000e+00
3.1748671205787105e-01
5.6706267029658197e-01
1.4119028184359200e-02
1.0000000000000000e+00
2.4890398169009131e-01
9.5570566032693027e-01
1.6734797228855319e-02
1.0000000000000000e+00
2.4898573155587655e-01
7.8545206498965858e-01
6.5946455824450828e-02
1.0000000000000000e+00
2.5966622836494935e-01
6.6792370046168803e-01
4.1752772068866767e-02
1.0000000000000000e+00
4.2579473187288386e-01
2.3391851380147277e-01
7.1257679451809969e-02
1.0000000000000000e+00
3.5368151897637290e-01
5.9867012470640479e-01
6.8612104286876280e-02
1.0000000000000000e+00
2.9391970164215309e-01
8.5182060247898339e-01
5.8840675983083207e-02
1.0000000000000000e+00
2.4480447270980221e-01
7.2085509302705764e-01
4.5091885583678964e-02
1.0000000000000000e+00
3.0976237477807445e-01
6.1804322251264243e-01
1.1393898491951410e-02
1.0000000000000000e+00
2.5381801771072787e-01
2.3967138193693249e-01
9.1327394817199148e-03
1.0000000000000000e+00
2.7913316134436172e-01
1.8198898881819336e-01
2.7872952725010697e-02
1.0000000000000000e+00
3.0347694391457480e-01
5.1309610046591847e-01
2.5981603282707516e-02
1.0000000000000000e+00
2.8816064568309230e-01
6.6528769191500037e-01
3.1751688371150527e-02
1.0000000000000000e+00
2.7852761555186589e-01
6.4651424791809409e-01
5.0621462670824263e-02
1.0000000000000000e+00
2.4551978237650474e-01
7.9101459663506835e-01
2.3647752741089795e-02
1.0000000000000000e+00
2.2784677632807870e-01
2.8862132299836962e-01
5.3433520855469402e-02
1.0000000000000000e+00
2.4482066762357135e-01
7.6909581553336470e-01
5.5812025054910924e-02
1.0000000000000000e+00
2.6075267368651112e-01
8.6180999297794192e-01
7.2524549983063485e-02
1.0000000000000000e+00
2.4395351142811705e-01
8.3925819285359471e-01
7.8330256588378694e-02
1.0000000000000000e+00
2.5229181444228743e-01
9.0472894644044577e-01
2.5236888866493251e-02
1.0000000000000000e+00
2.0224530577615951e-01
3.5345874463819205e-01
6.5401924793695804e-02
1.0000000000000000e+00
2.3721573829607223e-01
8.4070663553284253e-01
6.1111775239260174e-02
1.0000000000000000e+00
1.1248220586639945e-01
7.6822473694192017e-01
8.3642408496962167e-02
1.0000000000000000e+00
3.0668853562747245e-01
6.7413351618306483e-01
9.5910687273863010e-02
1.0000000000000000e+00
3.2111841244113748e-01
5.6420485538983489e-01
9.6984283341589622e-02
1.0000000000000000e+00
3.0873640919526224e-01
7.2804688130127038e-01
1.0918952389110928e-01
1.0000000000000000e+00
3.2001231740650837e-01
7.5014413361059273e-01
1.0366913616380771e-01
1.0000000000000000e+00
3.5677891633895342e-01
7.6692418966995324e-01
1.0848459203916719e-01
1.0000000000000000e+00
3.0446995134479948e-01
8.3950259935663785e-01
9.4294637046550639e-02
1.0000000000000000e+00
2.1581897096257308e-01
7.9397610229061688e-01
1.0200496467368794e-01
1.0000000000000000e+00
1.7971632679473259e-01
8.0550830279098595e-01
8.5566747152915928e-02
1.0000000000000000e+00
2.2094178878251114e-01
6.1180848841177071e-01
9.1122366056515608e-02
1.0000000000000000e+00
2.3219682951821596e-01
8.1567622189031685e-01
1.0163222253831919e-01
1.0000000000000000e+00
1.6218207404381246e-01
9.1616719685116554e-01
1.1221208435526933e-01
1.0000000000000000e+00
1.8971698289169581e-01
9.0127046689012791e-01
1.1786931776950951e-01
1.0000000000000000e+00
3.2052700757412822e-01
9.0214119063311959e-01
1.2183417112610187e-01
1.0000000000000000e+00
2.7284440282164724e-01
8.5134304085368062e-01
1.1902285443429719e-01
1.0000000000000000e+00
2.7005113184350193e-01
7.7326976557815219e-01
1.0388303647559952e-01
1.0000000000000000e+00
3.5084562434713007e-01
7.4443606220738734e-01
1.1457496962029837e-01
1.0000000000000000e+00
3.0931393092396320e-01
8.1022977483080472e-01
1.0853696438935004e-01
1.0000000000000000e+00
1.4794500510106445e-01
7.4094448602845664e-01
1.2482173713724479e-01
1.0000000000000000e+00
3.2102246780777932e-01
8.2503862763842339e-01
1.4583501070374041e-01
1.0000000000000000e+00
3.1757118238965631e-01
8.5980869821360106e-01
1.4818154452004820e-01
1.0000000000000000e+00
2.2869855736280442e-01
8.8445338039746280e-01
1.6032263999441057e-01
1.0000000000000000e+00
3.3772152394885779e-01
9.0439055106689925e-01
1.7134291110196501e-01
1.0000000000000000e+00
2.0544167451225803e-01
8.7922424803109611e-01
1.9021219292117167e-01
1.0000000000000000e+00
3.3461093186997459e-01
8.6057472395332302e-01
2.0711696471480537e-01
1.0000000000000000e+00
2.5236273958216771e-01
7.9710662193683679e-01
1.9129027324888739e-01
1.0000000000000000e+00
1.5910032443571254e-01
7.0270343529846291e-01
1.7746553910692456e-01
1.0000000000000000e+00
1.0051138978087693e-01
7.8965137407503794e-01
1.4940126580913785e-01
1.0000000000000000e+00
2.8408718434729963e-01
7.2920086115918825e-01
1.6868148055946222e-01
1.0000000000000000e+00
2.9751094034509151e-01
8.1875453817046950e-01
1.7405544837092748e-01
1.0000000000000000e+00
3.1225103046381264e-01
7.6719577491603563e-01
1.5268695845006733e-01
1.0000000000000000e+00
2.9906636639134376e-01
6.9787803825311134e-01
1.3815483151265653e-01
1.0000000000000000e+00
2.5156715855337097e-01
6.7352418040245543e-01
1.6143680110835704e-01
1.0000000000000000e+00
2.1419901208355441e-01
6.9582625848561297e-01
1.5810987218137598e-01
1.0000000000000000e+00
1.7780674314053613e-01
5.4465465623507048e-01
1.5835773397120648e-01
1.0000000000000000e+00
3.1929315819797921e-01
4.7952099054673458e-01
1.5354327170061879e-01
1.0000000000000000e+00
4.0779978393038618e-01
5.3989769614854599e-01
1.6841422396246344e-01
1.0000000000000000e+00
2.7248830215467024e-01
4.3433766093658055e-01
1.5948062881361694e-01
1.0000000000000000e+00
3.2339398150725174e-01
5.5905495331244315e-01
1.5190409917850048e-01
1.0000000000000000e+00
