1
1000
1.2328099867684669e-01
1.3404423637727006e-01
1.4351369939107675e-01
1.3083561063917176e-01
1.3082126172373859e-01
1.4487748339259993e-01
1.3767820285850449e-01
1.4404799342376104e-01
1.5292829963315888e-01
1.4691612766530221e-01
1.3546866658181919e-01
1.2355997918689213e-01
1.2070187236112923e-01
1.3133415475729332e-01
1.3179965204977004e-01
1.3032938142565287e-01
1.3071004568904565e-01
1.3365795095861449e-01
1.3277462114353944e-01
1.3939860909705182e-01
1.2966339915506930e-01
1.3273783223943536e-01
1.5659512703953496e-01
1.6461017907213824e-01
1.7424695513037530e-01
1.4611094461594143e-01
1.5840127542824964e-01
1.4086075318943320e-01
1.4550113520209662e-01
1.4688780075655986e-01
1.5501966582080562e-01
1.5867331274024493e-01
1.2555374299319091e-01
1.3034086888736762e-01
1.2945822187967337e-01
1.3882935431707510e-01
1.3697951332136768e-01
1.3732052349153895e-01
1.2506150956814197e-01
1.2629852759664786e-01
1.2681029522324239e-01
1.2895006475587326e-01
1.2184636429614983e-01
1.2549066498542075e-01
1.3000157807525212e-01
1.2442290314470489e-01
1.3182987976103058e-01
1.2171279423640266e-01
1.2660452371642567e-01
1.3425896971647427e-01
1.4730410192779192e-01
1.3736862046140316e-01
1.3154997507296107e-01
1.3188106123057447e-01
1.3574552564294431e-01
1.3414345100668248e-01
1.3605631532404353e-01
1.3396609728246153e-01
1.4098285903286553e-01
1.4961560025635093e-01
1.3864203837292566e-01
1.3518305850878828e-01
1.5391534989777531e-01
1.5110004695495544e-01
1.5133736400990119e-01
1.4650786058764748e-01
1.4813084543010815e-01
1.5354615695986462e-01
1.6162636593103735e-01
1.5484523451199780e-01
1.5470354220147725e-01
1.5472034765954054e-01
1.7235168390352457e-01
1.7231518583244843e-01
1.7440863516020669e-01
1.6487379754555895e-01
1.6235820140833523e-01
1.4766804149375617e-01
1.4994519489504859e-01
1.4618385206039267e-01
1.4895996189647170e-01
1.5275336186188748e-01
1.5020118251469783e-01
1.5159017607518613e-01
1.4241540233316766e-01
1.4804428768015357e-01
1.4303124071103818e-01
1.3172256937085783e-01
1.3604432643590619e-01
1.4577402035007989e-01
1.4999345178196363e-01
1.4996362427020102e-01
1.4976326993814307e-01
1.4090240344543953e-01
1.4612979985276886e-01
1.5001790033832102e-01
1.5233307814128483e-01
1.4131296982333519e-01
1.4342952392171640e-01
1.3431261679674805e-01
1.4326851720959571e-01
1.2482203713999777e-01
1.3628419264297492e-01
1.2976570229096279e-01
1.2386265347417315e-01
1.2879996374318492e-01
1.2282178204141747e-01
1.3074585055711907e-01
1.2409270069088420e-01
1.2830418609052630e-01
1.2926395684421574e-01
1.2122312695969605e-01
1.1009215905386084e-01
1.2073755517222924e-01
1.2599467477334453e-01
1.2847548136127432e-01
1.3539516970395418e-01
1.4426711870112693e-01
1.3574458191903915e-01
1.1968854555489644e-01
1.3454351952127017e-01
1.3313357165732373e-01
1.3291239507507233e-01
1.3381962047741205e-01
1.3518917691917959e-01
1.3812836339339413e-01
1.3299327176556131e-01
1.3430986245063309e-01
1.5590809960065269e-01
1.3779588268078383e-01
1.8024802833092132e-01
1.9549233854644496e-01
1.3717307371309093e-01
1.2862882317530644e-01
1.1977291893569539e-01
1.2003299265857782e-01
1.1892768770076322e-01
1.2212944319292228e-01
1.1946269977010206e-01
1.1497540079032628e-01
1.0735863581235040e-01
1.0622876404206309e-01
1.1059831511612465e-01
1.0969695763126537e-01
1.1198009226443809e-01
1.0598424878911050e-01
1.0480070045057407e-01
1.0463477240382561e-01
1.0364066826087653e-01
1.1018603478455330e-01
1.1576029036138807e-01
1.1903527181675705e-01
1.1148253283321771e-01
1.1081384972092261e-01
1.0515935505461836e-01
1.0511899111514354e-01
1.1491055756412100e-01
1.1582991695194583e-01
1.0962418969165456e-01
1.1692325970727410e-01
1.1928750416665057e-01
1.1805942971874536e-01
1.0971778517833707e-01
1.1384744767952661e-01
1.2472569301518602e-01
1.3595807642657984e-01
1.3793181235841850e-01
1.5309418142602083e-01
1.1833993905405304e-01
1.6075595758211925e-01
1.3620653783881898e-01
1.4775714570734622e-01
1.4561419709860832e-01
1.4887255187356221e-01
1.5499372224205599e-01
1.8690251641622369e-01
1.3940834449907452e-01
1.4093199352252300e-01
1.2610684963953853e-01
1.6030307881014913e-01
1.4343576915827938e-01
1.3076433542894481e-01
1.3085747371985310e-01
1.2528346383490785e-01
1.2084001216687995e-01
1.2543360438522116e-01
1.2571048766033602e-01
1.1591891550954951e-01
1.1409848121714961e-01
1.0637318904092778e-01
1.0133563523683059e-01
1.0899188668484650e-01
1.0449963977599863e-01
9.7159153839108683e-02
1.0270660467758481e-01
1.0448596066988246e-01
1.0415465489180238e-01
1.0709860874716012e-01
1.1341987797231008e-01
1.0944923434617784e-01
9.7625090162295980e-02
9.6050943242430048e-02
9.5664422172752617e-02
9.5681710276577528e-02
9.9369977151558209e-02
9.8983997631001547e-02
1.0068252080454045e-01
9.9866156128960742e-02
1.0455999858573595e-01
1.0718638382485740e-01
1.0928662211570320e-01
1.0943062369925775e-01
1.0735118785057801e-01
1.2528438470027203e-01
1.2083925007022693e-01
1.1889806559096770e-01
1.2124333205845358e-01
1.2287427590073635e-01
1.1470856919658155e-01
1.1230066272895980e-01
1.2241442501849358e-01
1.2278177875180636e-01
1.2015596157804928e-01
1.2868259339347024e-01
1.2261508667947099e-01
1.2747811760136096e-01
1.2887962201866077e-01
1.4946006995532313e-01
1.5515075686573876e-01
1.4647547350879508e-01
1.4720885046234555e-01
1.5497216261303184e-01
1.5200814421608055e-01
1.5375372752743774e-01
1.6106828128517012e-01
1.4507597534678393e-01
1.3708089531309978e-01
1.5163736485167309e-01
1.5053388430743189e-01
1.4499082529105287e-01
1.4901127763705774e-01
1.4557760648540877e-01
1.4510377079373671e-01
1.5158784997886929e-01
1.4581257733362846e-01
1.6952953410872870e-01
1.7256808730179229e-01
1.9814996526199291e-01
2.0731919652553135e-01
1.7937164896818664e-01
1.7896622963459477e-01
1.6841560788331836e-01
2.0943933039088292e-01
2.6351163403984668e-01
2.0456776036715993e-01
2.0759559494861560e-01
2.3148477389097341e-01
2.1009256515228689e-01
2.1396138942792461e-01
2.0698904777468630e-01
1.8920563436809595e-01
1.8705820732424308e-01
1.9991775404508580e-01
1.8493882853815202e-01
1.7127625718399517e-01
1.6617157603397525e-01
1.7149899850955808e-01
2.0040994548853813e-01
2.0111542011628938e-01
1.8801039567001179e-01
1.7862289640271864e-01
1.6707591427491120e-01
1.7016499219130415e-01
1.8599015402405311e-01
1.7543484469623669e-01
1.7525700765195676e-01
1.7090870497703073e-01
1.7880117743439311e-01
2.0407443256578373e-01
1.9037764757954348e-01
2.4518137238503368e-01
2.4322420689001692e-01
2.2646399777159756e-01
2.2554343224843329e-01
2.3701705207477711e-01
2.4660953302139052e-01
1.8465018012052706e-01
1.8456708273576683e-01
1.9140974433930963e-01
1.9019767947460331e-01
3.1258802246818168e-01
3.1034639065926806e-01
2.9062137365651369e-01
3.0304961164450200e-01
2.3302625030132262e-01
3.1798052473524324e-01
3.7444821487368435e-01
3.2220510719818890e-01
3.1414823451257168e-01
3.0679660632505290e-01
3.0258061375412754e-01
3.1152852728115532e-01
2.8963261435140591e-01
3.0221168464710080e-01
1.4458802362011836e-01
1.3337178896324600e-01
1.4541178657538548e-01
1.4131053609730698e-01
1.4946376066626055e-01
1.5111846531906639e-01
1.5365550567233791e-01
1.6432715866803452e-01
1.6495664578381103e-01
1.5294616479222869e-01
1.5344147398224903e-01
1.5164659251993493e-01
1.8559165933894964e-01
1.9112716318187487e-01
2.1655475077164396e-01
1.9333465025869898e-01
1.7484429594393039e-01
1.7637182784817149e-01
1.8318512534263345e-01
1.8386741697368814e-01
1.8295900646746260e-01
1.7645765529490631e-01
2.0275719424726479e-01
2.1594610684906812e-01
3.0827664514519887e-01
2.9777091991025001e-01
3.0783233937487353e-01
2.8609204498103924e-01
3.0140311597102554e-01
2.6605674097170601e-01
7.8770724437027995e-01
5.2884284095646228e-01
2.8194234027706794e-01
2.4362028437504507e-01
1.8293100879389809e-01
2.0329453358683336e-01
1.8818812767681972e-01
1.9644073928053696e-01
1.7888539507479312e-01
1.7458768253178369e-01
1.6031479198981435e-01
1.3643012323731479e-01
1.5512699184003523e-01
1.5833794480910107e-01
1.5705863599607794e-01
1.5627903652439581e-01
2.5869330885471947e-01
1.6378893784802362e-01
1.6280414778188310e-01
1.5996305319511206e-01
1.7146578996479733e-01
1.6380612861147120e-01
1.6808675698241454e-01
1.4933561761107975e-01
1.5223516265497694e-01
1.5350586674172220e-01
2.1514901462194774e-01
1.9760797972635064e-01
2.4124584039283292e-01
4.0642396636709910e-01
3.8845815113702542e-01
1.5521871088215775e-01
1.5767103123049131e-01
1.7089562478867429e-01
1.8284600042403013e-01
1.8355548524616100e-01
1.9673409173002698e-01
2.0342398594821876e-01
1.8785519800344497e-01
1.5487849421665595e-01
1.5636590041845996e-01
1.5642301756962029e-01
1.9579040946495327e-01
1.7976521760544861e-01
1.7337850411868064e-01
1.9315559971107754e-01
1.7683654167501647e-01
1.8980620759464387e-01
1.9518939453719006e-01
1.9906143121446365e-01
2.0852438172651799e-01
2.0913864797246248e-01
2.1979747282548978e-01
2.1979747282548978e-01
2.1758401161216206e-01
2.2207342079105860e-01
2.2720375431111825e-01
2.4646346232379282e-01
2.1400299494572103e-01
1.9204746052027791e-01
1.8604514821861287e-01
1.9939411929528317e-01
2.1721911805999536e-01
2.6038445676502298e-01
1.4881601184131410e-01
1.4818230555473286e-01
1.5399020192119647e-01
1.5184506041901918e-01
1.6254442061334015e-01
1.6525876373423132e-01
1.6839526235190447e-01
1.6705222254468741e-01
1.6164489982246050e-01
1.6084368757697617e-01
1.7782919502418978e-01
1.8011949291861348e-01
1.6438536222939160e-01
1.7050386885336913e-01
1.7050993606487952e-01
1.7528745983937083e-01
1.7880815275533482e-01
1.6520743094261117e-01
1.7008081480928280e-01
1.5758220411588450e-01
1.5759411380698116e-01
1.4955908833272383e-01
1.4897493471561368e-01
1.4882154319435809e-01
1.4937580831133607e-01
1.5790616090403797e-01
1.4862307825067561e-01
1.4154332459494948e-01
1.4641999720830920e-01
1.7242566011413910e-01
1.7368121716867652e-01
1.8531996909967241e-01
1.8291829892741276e-01
1.8727147448782103e-01
1.9222872200824001e-01
1.4523173386916047e-01
1.4803418775915028e-01
1.6743036821331614e-01
1.7208465885371488e-01
1.6899489486471420e-01
1.8448628762582125e-01
1.6751728720302114e-01
1.7058514739580144e-01
1.7608906168566935e-01
2.1000240265054107e-01
2.0435780686937011e-01
2.0360390937236500e-01
1.9974503160528873e-01
1.8558006014210629e-01
2.0979326955479952e-01
2.2676546672573733e-01
2.1745736655470155e-01
1.9767353656900000e-01
2.2602110878275844e-01
2.5509050884832135e-01
2.6851830826637285e-01
2.0466012673960471e-01
2.1185310911611638e-01
2.2455451444240762e-01
2.1613610701644870e-01
2.1751706737905899e-01
2.1962217845929741e-01
2.0972288778688608e-01
1.9962049484880040e-01
2.0120925568521542e-01
1.8949842422458502e-01
2.0155026714488833e-01
3.1977543636955552e-01
3.1977543636955552e-01
1.9395113443654632e-01
1.9708971807755782e-01
1.8588444367698703e-01
1.9277191623553203e-01
1.6674565168807817e-01
1.6809679277237674e-01
2.5238047726331803e-01
3.2282180010345007e-01
3.5658571236026843e-01
1.4476625908006080e-01
1.3967202190141861e-01
1.6621272691736899e-01
1.6500293484851500e-01
1.7347129703085179e-01
1.7237331865313421e-01
1.6602176859973036e-01
1.8338210087632359e-01
1.8742683868540863e-01
1.8480450798070117e-01
1.9183971735807456e-01
1.8896989289755337e-01
2.1053685380942472e-01
1.9172910408564314e-01
2.1012863591097125e-01
2.0998384979550294e-01
2.0468172007931495e-01
2.0617926487757196e-01
2.3026963317205890e-01
1.8820305599271225e-01
2.0448521715220341e-01
1.8471836625501742e-01
1.8674716330974944e-01
1.9046406549184361e-01
1.8963196839479893e-01
2.0284903385514547e-01
2.0406928605495708e-01
2.5509315366742835e-01
3.0107245782539410e-01
2.7530693372642345e-01
2.8755626721173244e-01
2.9882259322371157e-01
3.1511609206550995e-01
3.5499234766872084e-01
3.5999758773107871e-01
3.6235802801627798e-01
3.5076672204452869e-01
3.5273139045231150e-01
3.6769238574748497e-01
3.6769238574748497e-01
3.7477013160206063e-01
3.6167512963191922e-01
1.9730729270389635e-01
1.8554221757629855e-01
1.9970694165549965e-01
2.0208364743931420e-01
1.8257146495435472e-01
2.1405696854895215e-01
1.7441569777290622e-01
1.8455337665548832e-01
1.8774370588375353e-01
1.8651667805138164e-01
1.9083904072460231e-01
2.2274806690465826e-01
2.1933058969247646e-01
2.2168830964483946e-01
2.2501538682480082e-01
2.5960362794499670e-01
4.3640536846168693e-01
4.6541978545664364e-01
4.6967305012845889e-01
4.4544961736846145e-01
4.2574736422903781e-01
4.2353164873322546e-01
2.7126392066710464e-01
2.8002733377894523e-01
1.9406294368408988e-01
1.9406294368408988e-01
2.0021778246066471e-01
1.8158419869419271e-01
1.6939685097867380e-01
1.7240797371699462e-01
1.8132245860677251e-01
1.8926543919380945e-01
1.7241499176815400e-01
1.5974922091730748e-01
1.7683187288024571e-01
1.6220768657591639e-01
1.4911159079025260e-01
1.5248762138804228e-01
1.2327575864489930e-01
1.2469899495324935e-01
1.2229438412200261e-01
1.6367438042808172e-01
1.8160932699943375e-01
2.0445093014661428e-01
1.5896547625319610e-01
3.8559225537433967e-01
2.1723608530721553e-01
2.2861499739484994e-01
2.3107746475031338e-01
2.1605012406348675e-01
2.1284210886919083e-01
2.4914956256783163e-01
2.4576176960324503e-01
2.3768609790183926e-01
2.4356309175896609e-01
2.5311180871351796e-01
2.9879674294548492e-01
2.9422273011914718e-01
2.9802997351843880e-01
3.0062072187898686e-01
2.9425860892703065e-01
2.9268085381089953e-01
2.1456961587776721e-01
2.4609939163485028e-01
2.4471187722268695e-01
3.0394216607316787e-01
2.1485714429525277e-01
1.9645956657492225e-01
1.8641024195500663e-01
2.3520417661613244e-01
2.7651930120762608e-01
2.8345659059582134e-01
2.1201660301085123e-01
2.2342785185566727e-01
1.6494512949124240e-01
1.5685236727260632e-01
3.6311650251744437e-01
2.4534914386103079e-01
2.4252379405505664e-01
2.3337147482058301e-01
2.0522730054861885e-01
3.0095393502848050e-01
2.8232939971230214e-01
2.5376606395083684e-01
2.7384966685431406e-01
2.8281907793099514e-01
4.1938077725293466e-01
2.5193751724699714e-01
1.6064962258692730e-01
1.7476452357996994e-01
2.0517705434222422e-01
2.0658136116155798e-01
2.0647758910393818e-01
1.5381520813995769e-01
1.6766526788905342e-01
1.8135908751666258e-01
1.6443867804707180e-01
1.6742588838753658e-01
1.7186560429752343e-01
1.7001792042113120e-01
1.6123406945835636e-01
1.6410303451156222e-01
1.5875581579307110e-01
1.5995372384601617e-01
1.4846855008881860e-01
2.2796779587661767e-01
2.0752204724250845e-01
1.7764122377693028e-01
1.6719028562545829e-01
1.6023252003214672e-01
2.8143570073724544e-01
1.6499345676289764e-01
1.6487987731399323e-01
1.6107262703021280e-01
1.6310837979226658e-01
1.6138870024498819e-01
1.5630625323534661e-01
1.5050172164081735e-01
1.5906895965598983e-01
1.6069371873080385e-01
1.8382706117393308e-01
2.2465150113267257e-01
1.6294163789117022e-01
1.5901510670133209e-01
1.7146768329737469e-01
1.6396411876520423e-01
1.6418004669125719e-01
1.7288472348568751e-01
1.6623415035919833e-01
1.6616397238203856e-01
1.6926396969349267e-01
1.7767313717066963e-01
1.7794517631187723e-01
1.7658622424993592e-01
1.8471494353733786e-01
1.6711611679103733e-01
1.7396140075762773e-01
1.7763185994642627e-01
1.8128187978098181e-01
1.6691067425845446e-01
1.6385302517010508e-01
1.6407457075388035e-01
1.5295401618538029e-01
1.6074406148676668e-01
1.5813778190619446e-01
1.5697306940447658e-01
1.5454614143687345e-01
1.6358425749335428e-01
1.5070874766525905e-01
1.3912756913712404e-01
1.1983201739623650e-01
1.1918457375125517e-01
1.2245711698444037e-01
1.2328868814214866e-01
1.3365664501849295e-01
1.3181524792464144e-01
1.2538915722388286e-01
1.3395305238603519e-01
1.3845385540392099e-01
1.6306198254091939e-01
1.4669023424606173e-01
1.3756041415271467e-01
1.3393920646129323e-01
1.3727086746983561e-01
1.5420108852355738e-01
1.5477089587787080e-01
1.7033814415384879e-01
2.1444646013698138e-01
2.0974171369591438e-01
1.6650373469618401e-01
1.3601212378386546e-01
1.4310852657900067e-01
1.4118460065327826e-01
1.5713343128711846e-01
1.5963892117697168e-01
1.4036030770983352e-01
1.3839704836757094e-01
1.3820892490031136e-01
1.3165448284674533e-01
1.2017909835696436e-01
1.3306192154778862e-01
1.3020957881482711e-01
1.3670582097238707e-01
1.3219019317750177e-01
1.3853517416952182e-01
1.3187598027517330e-01
1.4057286048704218e-01
1.3316166366811621e-01
1.5538308629326969e-01
1.5938543081382281e-01
2.0412358894037660e-01
1.4855163487428136e-01
1.6974249218580495e-01
1.7628179187235674e-01
1.7855487785543336e-01
1.2560683131843481e-01
1.4048557054392130e-01
1.4328951206156598e-01
1.6390487249194538e-01
1.7868270182550083e-01
1.7224092147703313e-01
1.6073435622866367e-01
1.6531931847124592e-01
1.8702233695880621e-01
1.9065787799678474e-01
1.8389632001710018e-01
1.5433840566314763e-01
1.5720303490143478e-01
1.5848515153749226e-01
1.5421223769264514e-01
1.5836993419379408e-01
1.5347256101931472e-01
1.5328088970551101e-01
1.6490136896051932e-01
1.7046069522966206e-01
2.0113585693218319e-01
1.6161884631327994e-01
1.3232617374447719e-01
1.4596477854404857e-01
1.3300539250681009e-01
1.3622390034418830e-01
1.4539699004383980e-01
1.4102590649381513e-01
1.3632099085131150e-01
1.8154705181268174e-01
1.4894124194805156e-01
1.3862707142365993e-01
1.3509944414402258e-01
1.3348495576429376e-01
1.3756470308542887e-01
1.3701756967457782e-01
1.2557062138471650e-01
1.2718934545191257e-01
1.4486627293504248e-01
1.3282496898902971e-01
1.3101954710223512e-01
1.4257787498431784e-01
1.3804779053051641e-01
1.4486596841964491e-01
1.3564589863759882e-01
1.3564589863759882e-01
1.5195711006665083e-01
1.3806418784546340e-01
1.3611715224488397e-01
1.4933766015375319e-01
1.6206071168117744e-01
1.5879457483709644e-01
1.4453289422823937e-01
1.5173986136768547e-01
1.5404675407253512e-01
1.6158646147003050e-01
1.8025788049307909e-01
1.9779918556564124e-01
1.6241104787262561e-01
1.8416022214325672e-01
1.6770044236977125e-01
1.6675311823718914e-01
1.3854780086653012e-01
1.5211488166389134e-01
1.6475263236473192e-01
1.7540825196946266e-01
1.5451573101609234e-01
1.5662576955098928e-01
1.5065409754528050e-01
1.4376281840684496e-01
1.4577928339771046e-01
1.4631677059178899e-01
1.4465713237332156e-01
1.3920810598682620e-01
1.3829779801614381e-01
1.3471237164132030e-01
1.4577334798586070e-01
1.7819067010176415e-01
1.8168168133206258e-01
1.7926512320418994e-01
1.7311880174145622e-01
1.4762760967540497e-01
1.4228986718811779e-01
1.5056185937487368e-01
1.6279219632293426e-01
1.6634328565957199e-01
1.5053310846398629e-01
1.7589519807960963e-01
1.5631214885176489e-01
1.5117767110638916e-01
1.4965749462878686e-01
1.4615755718405635e-01
1.4420015453078588e-01
1.4166922796564133e-01
1.3201846782060181e-01
2.2906111832044698e-01
1.3261591997019720e-01
1.3912014293493738e-01
1.4107032364046923e-01
1.6335986961774424e-01
1.6016409420021341e-01
1.6334480344969574e-01
1.4229447251748151e-01
1.5381464373559070e-01
1.6227398704171159e-01
1.6593710770479178e-01
1.7912380960407584e-01
1.6688738915020082e-01
1.6897842439985741e-01
1.3166816588227381e-01
1.2801724655591815e-01
1.4176372278974922e-01
1.3638921365382953e-01
1.5472076371474372e-01
1.6897875549282354e-01
1.5243865581077995e-01
1.6585413111090083e-01
1.7239162584065115e-01
1.5282089609777755e-01
1.5633211714241890e-01
2.0443974357076405e-01
1.6049494135130848e-01
1.4836511305480005e-01
1.4890231557559325e-01
1.3828315336435545e-01
1.3233540091194862e-01
1.3433929575633347e-01
1.4095682933424852e-01
1.3361609130884033e-01
1.3626030760800106e-01
2.0365149745755409e-01
1.6924888854803133e-01
1.6253656635938168e-01
1.5003898385767386e-01
1.6202389457052963e-01
1.6114413290260415e-01
1.5027384412865730e-01
1.3815633218500828e-01
1.3359576303952936e-01
1.3703941366843123e-01
1.3991172792475415e-01
1.3691415712270827e-01
1.3104674135455247e-01
1.3610699049639155e-01
1.5003644875178584e-01
1.5579564419940306e-01
1.5435530695852009e-01
1.4904550467165184e-01
1.5090219792350296e-01
1.5379088250679887e-01
1.4840572491737813e-01
1.6347300307307061e-01
1.4583728440183272e-01
1.4936272957698921e-01
1.5246559044436619e-01
1.4296958390450623e-01
1.4098515317820756e-01
1.4696725659629373e-01
1.5468989960877144e-01
2.0649487896947999e-01
1.2780171197175380e-01
1.2252423040614566e-01
1.6098990734951854e-01
1.5026275983269544e-01
1.2802873134183609e-01
1.2660414242923182e-01
1.3430746372199115e-01
1.2828636990174405e-01
1.4459455756924933e-01
1.3131115828900156e-01
1.2551959197170112e-01
1.2417825162864489e-01
1.2501887503205447e-01
1.2775091399216623e-01
1.2738859556093643e-01
1.1932585402177771e-01
1.1782370116053606e-01
1.1704680031784857e-01
1.1575091861908847e-01
1.1582223143233000e-01
1.3172415095305434e-01
1.1929828268412881e-01
1.1885587050967587e-01
1.2543917567293220e-01
1.2627551800518810e-01
1.2643272325162505e-01
1.3370672051203292e-01
1.3930073538233853e-01
1.3736545216640550e-01
1.6677244892451984e-01
1.6344791233377787e-01
1.6278157857141079e-01
1.7532518472106984e-01
1.5281709211705810e-01
2.2803412182249391e-01
2.3879143355301660e-01
1.6447837649349251e-01
1.5802136347889451e-01
1.5443496032241644e-01
1.2852490943163056e-01
1.5894349493880883e-01
1.3906324334192449e-01
1.5588992255168002e-01
1.3371661232753765e-01
1.6488678565748122e-01
1.7505343128855103e-01
1.8020222949110903e-01
1.7945467894401521e-01
1.9223887212508142e-01
1.9034348163912909e-01
1.9205453282189308e-01
1.7741238870794432e-01
1.6084889256836504e-01
1.4991600476990885e-01
1.6323284116153222e-01
1.5302475787290301e-01
1.4894491719010994e-01
1.4104307761943705e-01
1.4574644402960890e-01
1.5293834993222252e-01
1.3529009755203761e-01
1.3221436098006831e-01
1.2572704322490316e-01
1.3673469514881992e-01
1.5172846874931439e-01
1.5147255608336643e-01
1.6012688272539077e-01
1.6096246801152034e-01
1.6614902101746740e-01
1.9683935958364876e-01
2.0352541918827377e-01
1.8136688599264986e-01
1.6736160683792259e-01
1.6366166465001022e-01
2.4661553960082913e-01
3.3149806732367665e-01
2.9290916535649580e-01
2.2441703933128024e-01
1.7169885998732753e-01
1.8509589529866058e-01
1.7661481983100547e-01
1.6029695493996293e-01
1.5001994200760169e-01
1.6171493302761081e-01
1.6660756928660858e-01
1.5500341908800805e-01
1.6532756882064617e-01
1.6728414235813255e-01
1.6370252368742969e-01
1.6609084450920084e-01
1.6336080102506678e-01
1.8671985885820067e-01
1.8269512476281222e-01
1.7660480818529239e-01
1.7460437216179417e-01
1.4245555886260164e-01
1.5734504249758641e-01
1.5109720613176270e-01
1.5244138443863015e-01
1.6218097265320147e-01
1.8516617507898128e-01
2.1457758231746701e-01
2.3103432476477664e-01
2.0643990967728179e-01
2.2179127647537697e-01
1.8529022526430425e-01
1.8096127431166939e-01
1.6304746926705338e-01
1.5926816080558914e-01
1.5130403509078236e-01
1.4380343410895835e-01
1.4223139667122231e-01
1.4251726942329274e-01
1.6981582512525362e-01
1.4833750421845776e-01
1.7487041565582259e-01
1.9864298679649273e-01
2.0670966484192807e-01
1.8857458976529171e-01
2.0073899114751828e-01
1.8709271231950342e-01
1.5827917437793590e-01
1.6953937977752312e-01
1.6008001227214341e-01
1.3851852059469941e-01
1.6204769048028009e-01
1.6757461624543896e-01
