3
1000
-6.8905415214793404e+00
-6.8905415214793404e+00
0.0000000000000000e+00
-6.5372795964580002e+00
-6.5372795964580002e+00
0.0000000000000000e+00
-6.7092999561452604e+00
-6.7092999561452604e+00
0.0000000000000000e+00
-7.7989413008786297e+00
-7.7989413008786297e+00
0.0000000000000000e+00
-7.0282210375631724e+00
-7.0282210375631724e+00
0.0000000000000000e+00
-6.5840671461305789e+00
-6.5840671461305789e+00
0.0000000000000000e+00
-6.0920225196243187e+00
-6.0920225196243187e+00
0.0000000000000000e+00
-6.3230810654370027e+00
-6.3230810654370027e+00
0.0000000000000000e+00
-6.5084493269760992e+00
-6.5084493269760992e+00
0.0000000000000000e+00
-6.9567599407546510e+00
-6.9567599407546510e+00
0.0000000000000000e+00
-6.7613957569828465e+00
-6.7613957569828465e+00
0.0000000000000000e+00
-7.0475746384617199e+00
-7.0475746384617199e+00
0.0000000000000000e+00
-6.7607104133707425e+00
-6.7607104133707425e+00
0.0000000000000000e+00
-6.2624122740694705e+00
-6.2624122740694705e+00
0.0000000000000000e+00
-6.0302621197735347e+00
-6.0302621197735347e+00
0.0000000000000000e+00
-6.5348656464703723e+00
-6.5348656464703723e+00
0.0000000000000000e+00
-6.2002321303577075e+00
-6.2002321303577075e+00
0.0000000000000000e+00
-6.2094769078349676e+00
-6.2094769078349676e+00
0.0000000000000000e+00
-6.3821965873381910e+00
-6.3821965873381910e+00
0.0000000000000000e+00
-6.2435199799019880e+00
-6.2435199799019880e+00
0.0000000000000000e+00
-6.5709921515019154e+00
-6.5709921515019154e+00
0.0000000000000000e+00
-6.5260185187630730e+00
-6.5260185187630730e+00
0.0000000000000000e+00
-6.4833162226021983e+00
-6.4833162226021983e+00
0.0000000000000000e+00
-6.4769273251385906e+00
-6.4769273251385906e+00
0.0000000000000000e+00
-6.5921828833036002e+00
-6.5921828833036002e+00
0.0000000000000000e+00
-6.6255522047853184e+00
-6.6255522047853184e+00
0.0000000000000000e+00
-6.8618739137410261e+00
-6.8618739137410261e+00
0.0000000000000000e+00
-6.9852461838687825e+00
-6.9852461838687825e+00
0.0000000000000000e+00
-7.9182405655425168e+00
-7.9182405655425168e+00
0.0000000000000000e+00
-7.8255216308276756e+00
-7.8255216308276756e+00
0.0000000000000000e+00
-7.5157239985961182e+00
-7.5157239985961182e+00
0.0000000000000000e+00
-7.7655717534907911e+00
-7.7655717534907911e+00
0.0000000000000000e+00
-7.6541546438785719e+00
-7.6541546438785719e+00
0.0000000000000000e+00
-7.3475238235049876e+00
-7.3475238235049876e+00
0.0000000000000000e+00
-6.8491903645553274e+00
-6.8491903645553274e+00
0.0000000000000000e+00
-7.5245964437514470e+00
-7.5245964437514470e+00
0.0000000000000000e+00
-7.5242612323336431e+00
-7.5242612323336431e+00
0.0000000000000000e+00
-7.4259791632623600e+00
-7.4259791632623600e+00
0.0000000000000000e+00
-7.3406243657234551e+00
-7.3406243657234551e+00
0.0000000000000000e+00
-7.5145861443561213e+00
-7.5145861443561213e+00
0.0000000000000000e+00
-8.5569164952556989e+00
-8.5569164952556989e+00
0.0000000000000000e+00
-7.0037444005313230e+00
-7.0037444005313230e+00
0.0000000000000000e+00
-6.8461382343096098e+00
-6.8461382343096098e+00
0.0000000000000000e+00
-6.2489398865930958e+00
-6.2489398865930958e+00
0.0000000000000000e+00
-6.5381720593740766e+00
-6.5381720593740766e+00
0.0000000000000000e+00
-7.5127556174561745e+00
-7.5127556174561745e+00
0.0000000000000000e+00
-7.2032276111431841e+00
-7.2032276111431841e+00
0.0000000000000000e+00
-8.3596440531449190e+00
-8.3596440531449190e+00
0.0000000000000000e+00
-8.9905500265825076e+00
-8.9905500265825076e+00
0.0000000000000000e+00
-9.1991758461439339e+00
-9.1991758461439339e+00
0.0000000000000000e+00
-7.9796433790291275e+00
-7.9796433790291275e+00
0.0000000000000000e+00
-7.9607257270613889e+00
-7.9607257270613889e+00
0.0000000000000000e+00
-7.5583246901129080e+00
-7.5583246901129080e+00
0.0000000000000000e+00
-7.0240342933680067e+00
-7.0240342933680067e+00
0.0000000000000000e+00
-7.1497162140786514e+00
-7.1497162140786514e+00
0.0000000000000000e+00
-6.7985386429732575e+00
-6.7985386429732575e+00
0.0000000000000000e+00
-6.5943590566234018e+00
-6.5943590566234018e+00
0.0000000000000000e+00
-6.7538567762552653e+00
-6.7538567762552653e+00
0.0000000000000000e+00
-6.9503810812540934e+00
-6.9503810812540934e+00
0.0000000000000000e+00
-6.4306075772288231e+00
-6.4306075772288231e+00
0.0000000000000000e+00
-6.4147327836004386e+00
-6.4147327836004386e+00
0.0000000000000000e+00
-6.5125739006548047e+00
-6.5125739006548047e+00
0.0000000000000000e+00
-5.9491488847132903e+00
-5.9491488847132903e+00
0.0000000000000000e+00
-5.9781805296091211e+00
-5.9781805296091211e+00
0.0000000000000000e+00
-6.4576477360997213e+00
-6.4576477360997213e+00
0.0000000000000000e+00
-6.4101315006755062e+00
-6.4101315006755062e+00
0.0000000000000000e+00
-6.6668674316812293e+00
-6.6668674316812293e+00
0.0000000000000000e+00
-6.6443119011907363e+00
-6.6443119011907363e+00
0.0000000000000000e+00
-6.2328275754733857e+00
-6.2328275754733857e+00
0.0000000000000000e+00
-6.4054758835148338e+00
-6.4054758835148338e+00
0.0000000000000000e+00
-6.6108716293933298e+00
-6.6108716293933298e+00
0.0000000000000000e+00
-6.4096441093786582e+00
-6.4096441093786582e+00
0.0000000000000000e+00
-6.6004958823150739e+00
-6.6004958823150739e+00
0.0000000000000000e+00
-6.4672909053481318e+00
-6.4672909053481318e+00
0.0000000000000000e+00
-6.3669421073970760e+00
-6.3669421073970760e+00
0.0000000000000000e+00
-6.2775778829144464e+00
-6.2775778829144464e+00
0.0000000000000000e+00
-6.2576112774723871e+00
-6.2576112774723871e+00
0.0000000000000000e+00
-6.3392540495499254e+00
-6.3392540495499254e+00
0.0000000000000000e+00
-6.2611197223954305e+00
-6.2611197223954305e+00
0.0000000000000000e+00
-6.3208053408445428e+00
-6.3208053408445428e+00
0.0000000000000000e+00
-6.4245403804117522e+00
-6.4245403804117522e+00
0.0000000000000000e+00
-6.7918913961656129e+00
-6.7918913961656129e+00
0.0000000000000000e+00
-7.4737277395303412e+00
-7.4737277395303412e+00
0.0000000000000000e+00
-7.4600453487032707e+00
-7.4600453487032707e+00
0.0000000000000000e+00
-7.6662571692719643e+00
-7.6662571692719643e+00
0.0000000000000000e+00
-7.5896468702745228e+00
-7.5896468702745228e+00
0.0000000000000000e+00
-7.2987629770457598e+00
-7.2987629770457598e+00
0.0000000000000000e+00
-7.1820486560071046e+00
-7.1820486560071046e+00
0.0000000000000000e+00
-7.2247490698074692e+00
-7.2247490698074692e+00
0.0000000000000000e+00
-6.5906344332358922e+00
-6.5906344332358922e+00
0.0000000000000000e+00
-6.2595242909540909e+00
-6.2595242909540909e+00
0.0000000000000000e+00
-6.1858050686820167e+00
-6.1858050686820167e+00
0.0000000000000000e+00
-6.4800959177865014e+00
-6.4800959177865014e+00
0.0000000000000000e+00
-6.4391957085367899e+00
-6.4391957085367899e+00
0.0000000000000000e+00
-6.2037860996715839e+00
-6.2037860996715839e+00
0.0000000000000000e+00
-6.2294118682142408e+00
-6.2294118682142408e+00
0.0000000000000000e+00
-6.1966979477983442e+00
-6.1966979477983442e+00
0.0000000000000000e+00
-6.2233538423357846e+00
-6.2233538423357846e+00
0.0000000000000000e+00
-6.1925648752451332e+00
-6.1925648752451332e+00
0.0000000000000000e+00
-6.2145641557031581e+00
-6.2145641557031581e+00
0.0000000000000000e+00
-6.2355199378040727e+00
-6.2355199378040727e+00
0.0000000000000000e+00
-6.2578354018717786e+00
-6.2578354018717786e+00
0.0000000000000000e+00
-6.3693363173592852e+00
-6.3693363173592852e+00
0.0000000000000000e+00
-6.1491502484980129e+00
-6.1491502484980129e+00
0.0000000000000000e+00
-6.3772698013536999e+00
-6.3772698013536999e+00
0.0000000000000000e+00
-6.3331128565638322e+00
-6.3331128565638322e+00
0.0000000000000000e+00
-6.8061596797903272e+00
-6.8061596797903272e+00
0.0000000000000000e+00
-6.7394098972047036e+00
-6.7394098972047036e+00
0.0000000000000000e+00
-6.3269718079035764e+00
-6.3269718079035764e+00
0.0000000000000000e+00
-6.2613244497500471e+00
-6.2613244497500471e+00
0.0000000000000000e+00
-6.3157390157713689e+00
-6.3157390157713689e+00
0.0000000000000000e+00
-6.2779577549291350e+00
-6.2779577549291350e+00
0.0000000000000000e+00
-6.2947483885300661e+00
-6.2947483885300661e+00
0.0000000000000000e+00
-6.3910271232360785e+00
-6.3910271232360785e+00
0.0000000000000000e+00
-6.7023684293809271e+00
-6.7023684293809271e+00
0.0000000000000000e+00
-7.0353528527040545e+00
-7.0353528527040545e+00
0.0000000000000000e+00
-7.8643177576631720e+00
-7.8643177576631720e+00
0.0000000000000000e+00
-7.4087496328699505e+00
-7.4087496328699505e+00
0.0000000000000000e+00
-7.1068360673445969e+00
-7.1068360673445969e+00
0.0000000000000000e+00
-7.1279252124514976e+00
-7.1279252124514976e+00
0.0000000000000000e+00
-6.7821182607971586e+00
-6.7821182607971586e+00
0.0000000000000000e+00
-6.4029721456846866e+00
-6.4029721456846866e+00
0.0000000000000000e+00
-6.5655608140003254e+00
-6.5655608140003254e+00
0.0000000000000000e+00
-6.4509434823591407e+00
-6.4509434823591407e+00
0.0000000000000000e+00
-6.4405060087392600e+00
-6.4405060087392600e+00
0.0000000000000000e+00
-6.4629525775962495e+00
-6.4629525775962495e+00
0.0000000000000000e+00
-7.0048997330429756e+00
-7.0048997330429756e+00
0.0000000000000000e+00
-6.5692656028860945e+00
-6.5692656028860945e+00
0.0000000000000000e+00
-6.5750004620884894e+00
-6.5750004620884894e+00
0.0000000000000000e+00
-6.5282065180074591e+00
-6.5282065180074591e+00
0.0000000000000000e+00
-6.7468306399089961e+00
-6.7468306399089961e+00
0.0000000000000000e+00
-7.0116969404703413e+00
-7.0116969404703413e+00
0.0000000000000000e+00
-7.2166639649454485e+00
-7.2166639649454485e+00
0.0000000000000000e+00
-7.5805919419984935e+00
-7.5805919419984935e+00
0.0000000000000000e+00
-6.6472658867082153e+00
-6.6472658867082153e+00
0.0000000000000000e+00
-6.5977121073463403e+00
-6.5977121073463403e+00
0.0000000000000000e+00
-6.7471950851101097e+00
-6.7471950851101097e+00
0.0000000000000000e+00
-7.1033857636520823e+00
-7.1033857636520823e+00
0.0000000000000000e+00
-7.3172078174896971e+00
-7.3172078174896971e+00
0.0000000000000000e+00
-7.2025262622315722e+00
-7.2025262622315722e+00
0.0000000000000000e+00
-6.8501485600611431e+00
-6.8501485600611431e+00
0.0000000000000000e+00
-6.8487459456191147e+00
-6.8487459456191147e+00
0.0000000000000000e+00
-6.8523796609808301e+00
-6.8523796609808301e+00
0.0000000000000000e+00
-6.6926148987927521e+00
-6.6926148987927521e+00
0.0000000000000000e+00
-6.6940953875838396e+00
-6.6940953875838396e+00
0.0000000000000000e+00
-6.5596619758066765e+00
-6.5596619758066765e+00
0.0000000000000000e+00
-6.7017513343718687e+00
-6.7017513343718687e+00
0.0000000000000000e+00
-6.8117009191970848e+00
-6.8117009191970848e+00
0.0000000000000000e+00
-6.8808687200913372e+00
-6.8808687200913372e+00
0.0000000000000000e+00
-6.8213245111890535e+00
-6.8213245111890535e+00
0.0000000000000000e+00
-6.8902398561933325e+00
-6.8902398561933325e+00
0.0000000000000000e+00
-6.9189186051910365e+00
-6.9189186051910365e+00
0.0000000000000000e+00
-6.6056815259334822e+00
-6.6056815259334822e+00
0.0000000000000000e+00
-6.5875498332450189e+00
-6.5875498332450189e+00
0.0000000000000000e+00
-6.4755184270750066e+00
-6.4755184270750066e+00
0.0000000000000000e+00
-6.4529461196373576e+00
-6.4529461196373576e+00
0.0000000000000000e+00
-6.3954856160974209e+00
-6.3954856160974209e+00
0.0000000000000000e+00
-6.3981691475651736e+00
-6.3981691475651736e+00
0.0000000000000000e+00
-6.4276308590191764e+00
-6.4276308590191764e+00
0.0000000000000000e+00
-6.3606155580866739e+00
-6.3606155580866739e+00
0.0000000000000000e+00
-7.0876848006557438e+00
-7.0876848006557438e+00
0.0000000000000000e+00
-6.3219207527365855e+00
-6.3219207527365855e+00
0.0000000000000000e+00
-6.7192027550599391e+00
-6.7192027550599391e+00
0.0000000000000000e+00
-6.3453749877258305e+00
-6.3453749877258305e+00
0.0000000000000000e+00
-6.4861159079191193e+00
-6.4861159079191193e+00
0.0000000000000000e+00
-7.1212080257518995e+00
-7.1212080257518995e+00
0.0000000000000000e+00
-8.6114746199668719e+00
-8.6114746199668719e+00
0.0000000000000000e+00
-8.5688383610848060e+00
-8.5688383610848060e+00
0.0000000000000000e+00
-7.6725920156285659e+00
-7.6725920156285659e+00
0.0000000000000000e+00
-7.8323727035279047e+00
-7.8323727035279047e+00
0.0000000000000000e+00
-7.7130896577282018e+00
-7.7130896577282018e+00
0.0000000000000000e+00
-7.2123084263219477e+00
-7.2123084263219477e+00
0.0000000000000000e+00
-6.8098255378174350e+00
-6.8098255378174350e+00
0.0000000000000000e+00
-6.7227767305636430e+00
-6.7227767305636430e+00
0.0000000000000000e+00
-6.6343100925145908e+00
-6.6343100925145908e+00
0.0000000000000000e+00
-6.4961930193751085e+00
-6.4961930193751085e+00
0.0000000000000000e+00
-6.4950454592969500e+00
-6.4950454592969500e+00
0.0000000000000000e+00
-6.5688810902336963e+00
-6.5688810902336963e+00
0.0000000000000000e+00
-6.5096890772292300e+00
-6.5096890772292300e+00
0.0000000000000000e+00
-6.5516569604667971e+00
-6.5516569604667971e+00
0.0000000000000000e+00
-6.5138134241139234e+00
-6.5138134241139234e+00
0.0000000000000000e+00
-6.5150864131254895e+00
-6.5150864131254895e+00
0.0000000000000000e+00
-6.5269569548502835e+00
-6.5269569548502835e+00
0.0000000000000000e+00
-6.5313331429680446e+00
-6.5313331429680446e+00
0.0000000000000000e+00
-6.8667508804144983e+00
-6.8667508804144983e+00
0.0000000000000000e+00
-6.8663642390829001e+00
-6.8663642390829001e+00
0.0000000000000000e+00
-7.0743090609498989e+00
-7.0743090609498989e+00
0.0000000000000000e+00
-8.0206556247309688e+00
-8.0206556247309688e+00
0.0000000000000000e+00
-8.1437320962420330e+00
-8.1437320962420330e+00
0.0000000000000000e+00
-8.0442431288511074e+00
-8.0442431288511074e+00
0.0000000000000000e+00
-8.3941316627341855e+00
-8.3941316627341855e+00
0.0000000000000000e+00
-7.7354857980445875e+00
-7.7354857980445875e+00
0.0000000000000000e+00
-7.8962822488997242e+00
-7.8962822488997242e+00
0.0000000000000000e+00
-7.7156136793790635e+00
-7.7156136793790635e+00
0.0000000000000000e+00
-8.5716863503677132e+00
-8.5716863503677132e+00
0.0000000000000000e+00
-7.0810396150898249e+00
-7.0810396150898249e+00
0.0000000000000000e+00
-7.0184907757316228e+00
-7.0184907757316228e+00
0.0000000000000000e+00
-7.0019927917408715e+00
-7.0019927917408715e+00
0.0000000000000000e+00
-6.3439811202790253e+00
-6.3439811202790253e+00
0.0000000000000000e+00
-6.3163969421759258e+00
-6.3163969421759258e+00
0.0000000000000000e+00
-7.4796101551539262e+00
-7.4796101551539262e+00
0.0000000000000000e+00
-9.6550894870572268e+00
-9.6550894870572268e+00
0.0000000000000000e+00
-9.0177877587977058e+00
-9.0177877587977058e+00
0.0000000000000000e+00
-7.8470256564676335e+00
-7.8470256564676335e+00
0.0000000000000000e+00
-8.1997115149498860e+00
-8.1997115149498860e+00
0.0000000000000000e+00
-8.4140834113809202e+00
-8.4140834113809202e+00
0.0000000000000000e+00
-8.5720486129435205e+00
-8.5720486129435205e+00
0.0000000000000000e+00
-7.6655548677987166e+00
-7.6655548677987166e+00
0.0000000000000000e+00
-6.6014720305034107e+00
-6.6014720305034107e+00
0.0000000000000000e+00
-6.7462997836716880e+00
-6.7462997836716880e+00
0.0000000000000000e+00
-7.0228100699668277e+00
-7.0228100699668277e+00
0.0000000000000000e+00
-7.1866214926461947e+00
-7.1866214926461947e+00
0.0000000000000000e+00
-6.5860027124953016e+00
-6.5860027124953016e+00
0.0000000000000000e+00
-6.3092824806173473e+00
-6.3092824806173473e+00
0.0000000000000000e+00
-7.1397469247210532e+00
-7.1397469247210532e+00
0.0000000000000000e+00
-7.0040711092862580e+00
-7.0040711092862580e+00
0.0000000000000000e+00
-6.7772762853596848e+00
-6.7772762853596848e+00
0.0000000000000000e+00
-6.6037294561788054e+00
-6.6037294561788054e+00
0.0000000000000000e+00
-7.8724804556007983e+00
-7.8724804556007983e+00
0.0000000000000000e+00
-7.4346438704624873e+00
-7.4346438704624873e+00
0.0000000000000000e+00
-8.1108645503781780e+00
-8.1108645503781780e+00
0.0000000000000000e+00
-8.1573895887326202e+00
-8.1573895887326202e+00
0.0000000000000000e+00
-8.2841560884263359e+00
-8.2841560884263359e+00
0.0000000000000000e+00
-1.0431602663483222e+01
-1.0431602663483222e+01
0.0000000000000000e+00
-1.0540317828546934e+01
-1.0540317828546934e+01
0.0000000000000000e+00
-9.0582796652049140e+00
-9.0582796652049140e+00
0.0000000000000000e+00
-9.1374437845695073e+00
-9.1374437845695073e+00
0.0000000000000000e+00
-8.8570252057436925e+00
-8.8570252057436925e+00
0.0000000000000000e+00
-7.9435689398164566e+00
-7.9435689398164566e+00
0.0000000000000000e+00
-8.2152558780645393e+00
-8.2152558780645393e+00
0.0000000000000000e+00
-8.4023378781856479e+00
-8.4023378781856479e+00
0.0000000000000000e+00
-8.2856765375899570e+00
-8.2856765375899570e+00
0.0000000000000000e+00
-7.7633597373642900e+00
-7.7633597373642900e+00
0.0000000000000000e+00
-7.3730644502579690e+00
-7.3730644502579690e+00
0.0000000000000000e+00
-7.4663084700597757e+00
-7.4663084700597757e+00
0.0000000000000000e+00
-7.4722541679680603e+00
-7.4722541679680603e+00
0.0000000000000000e+00
-6.7753492124464865e+00
-6.7753492124464865e+00
0.0000000000000000e+00
-6.6937779089187561e+00
-6.6937779089187561e+00
0.0000000000000000e+00
-6.7573218515929376e+00
-6.7573218515929376e+00
0.0000000000000000e+00
-6.7434670448411520e+00
-6.7434670448411520e+00
0.0000000000000000e+00
-6.9616670183361249e+00
-6.9616670183361249e+00
0.0000000000000000e+00
-6.9602099161123938e+00
-6.9602099161123938e+00
0.0000000000000000e+00
-6.8475471928041323e+00
-6.8475471928041323e+00
0.0000000000000000e+00
-6.8040673088420318e+00
-6.8040673088420318e+00
0.0000000000000000e+00
-7.6384351309349583e+00
-7.6384351309349583e+00
0.0000000000000000e+00
-7.4712920231105189e+00
-7.4712920231105189e+00
0.0000000000000000e+00
-7.7666878436626607e+00
-7.7666878436626607e+00
0.0000000000000000e+00
-7.3934105065639208e+00
-7.3934105065639208e+00
0.0000000000000000e+00
-6.6170552482784615e+00
-6.6170552482784615e+00
0.0000000000000000e+00
-6.5751121979004861e+00
-6.5751121979004861e+00
0.0000000000000000e+00
-6.5520268359020974e+00
-6.5520268359020974e+00
0.0000000000000000e+00
-6.6774173064951823e+00
-6.6774173064951823e+00
0.0000000000000000e+00
-6.6897564881105502e+00
-6.6897564881105502e+00
0.0000000000000000e+00
-7.0530854413108841e+00
-7.0530854413108841e+00
0.0000000000000000e+00
-6.7937762191870803e+00
-6.7937762191870803e+00
0.0000000000000000e+00
-6.9579358714134152e+00
-6.9579358714134152e+00
0.0000000000000000e+00
-7.1412326378575610e+00
-7.1412326378575610e+00
0.0000000000000000e+00
-5.9688948878568713e+00
-5.9688948878568713e+00
0.0000000000000000e+00
-6.8590598506173803e+00
-6.8590598506173803e+00
0.0000000000000000e+00
-7.2801611508275990e+00
-7.2801611508275990e+00
0.0000000000000000e+00
-8.0403707650713265e+00
-8.0403707650713265e+00
0.0000000000000000e+00
-7.4880581813969069e+00
-7.4880581813969069e+00
0.0000000000000000e+00
-8.2518880983718752e+00
-8.2518880983718752e+00
0.0000000000000000e+00
-7.4246331865466555e+00
-7.4246331865466555e+00
0.0000000000000000e+00
-7.9635717786476050e+00
-7.9635717786476050e+00
0.0000000000000000e+00
-8.2168479752124792e+00
-8.2168479752124792e+00
0.0000000000000000e+00
-7.8779697746291522e+00
-7.8779697746291522e+00
0.0000000000000000e+00
-5.8636133966246273e+00
-5.8636133966246273e+00
0.0000000000000000e+00
-6.0265326297059119e+00
-6.0265326297059119e+00
0.0000000000000000e+00
-5.8489905399083515e+00
-5.8489905399083515e+00
0.0000000000000000e+00
-6.0902802933622571e+00
-6.0902802933622571e+00
0.0000000000000000e+00
-6.3728101636815886e+00
-6.3728101636815886e+00
0.0000000000000000e+00
-6.2315550797274044e+00
-6.2315550797274044e+00
0.0000000000000000e+00
-5.5512523526939503e+00
-5.5512523526939503e+00
0.0000000000000000e+00
-5.5285667163995154e+00
-5.5285667163995154e+00
0.0000000000000000e+00
-5.3823128271899341e+00
-5.3823128271899341e+00
0.0000000000000000e+00
-5.5522225364253623e+00
-5.5522225364253623e+00
0.0000000000000000e+00
-5.8911409997644517e+00
-5.8911409997644517e+00
0.0000000000000000e+00
-5.0515474272326255e+00
-5.0515474272326255e+00
0.0000000000000000e+00
-5.3430265164223520e+00
-5.3430265164223520e+00
0.0000000000000000e+00
-6.2508043210828088e+00
-6.2508043210828088e+00
0.0000000000000000e+00
-6.0913444058383881e+00
-6.0913444058383881e+00
0.0000000000000000e+00
-5.6441961783136350e+00
-5.6441961783136350e+00
0.0000000000000000e+00
-6.2765337110120862e+00
-6.2765337110120862e+00
0.0000000000000000e+00
-5.6449108341268239e+00
-5.6449108341268239e+00
0.0000000000000000e+00
-5.6655653352387683e+00
-5.6655653352387683e+00
0.0000000000000000e+00
-5.5428808453710330e+00
-5.5428808453710330e+00
0.0000000000000000e+00
-5.8540018811941259e+00
-5.8540018811941259e+00
0.0000000000000000e+00
-5.1938554618360016e+00
-5.1938554618360016e+00
0.0000000000000000e+00
-4.9968366834904252e+00
-4.9968366834904252e+00
0.0000000000000000e+00
-6.2155615312354939e+00
-6.2155615312354939e+00
0.0000000000000000e+00
-6.6133853913170046e+00
-6.6133853913170046e+00
0.0000000000000000e+00
-6.9348742769007021e+00
-6.9348742769007021e+00
0.0000000000000000e+00
-7.0553539232315643e+00
-7.0553539232315643e+00
0.0000000000000000e+00
-6.4267930759187779e+00
-6.4267930759187779e+00
0.0000000000000000e+00
-7.5917131050628539e+00
-7.5917131050628539e+00
0.0000000000000000e+00
-6.5175986808337356e+00
-6.5175986808337356e+00
0.0000000000000000e+00
-6.5635266998832522e+00
-6.5635266998832522e+00
0.0000000000000000e+00
-7.4540672354041453e+00
-7.4540672354041453e+00
0.0000000000000000e+00
-6.3566137394999913e+00
-6.3566137394999913e+00
0.0000000000000000e+00
-5.9881323156461308e+00
-5.9881323156461308e+00
0.0000000000000000e+00
-6.0968833984201725e+00
-6.0968833984201725e+00
0.0000000000000000e+00
-6.6078623920954538e+00
-6.6078623920954538e+00
0.0000000000000000e+00
-5.4177949596942128e+00
-5.4177949596942128e+00
0.0000000000000000e+00
-6.5078031769488600e+00
-6.5078031769488600e+00
0.0000000000000000e+00
-4.9966058655892507e+00
-4.9966058655892507e+00
0.0000000000000000e+00
-5.0370580359529979e+00
-5.0370580359529979e+00
0.0000000000000000e+00
-5.0848368253407683e+00
-5.0848368253407683e+00
0.0000000000000000e+00
-5.2055328100759866e+00
-5.2055328100759866e+00
0.0000000000000000e+00
-5.4480255322325934e+00
-5.4480255322325934e+00
0.0000000000000000e+00
-6.6905812245885254e+00
-6.6905812245885254e+00
0.0000000000000000e+00
-5.8010839087909938e+00
-5.8010839087909938e+00
0.0000000000000000e+00
-5.5024023615907431e+00
-5.5024023615907431e+00
0.0000000000000000e+00
-6.5487870481488635e+00
-6.5487870481488635e+00
0.0000000000000000e+00
-5.3063847664140482e+00
-5.3063847664140482e+00
0.0000000000000000e+00
-5.2221621342458722e+00
-5.2221621342458722e+00
0.0000000000000000e+00
-5.1222089191702311e+00
-5.1222089191702311e+00
0.0000000000000000e+00
-7.1893777785396207e+00
-7.1893777785396207e+00
0.0000000000000000e+00
-5.5788281407056299e+00
-5.5788281407056299e+00
0.0000000000000000e+00
-5.5721013162880775e+00
-5.5721013162880775e+00
0.0000000000000000e+00
-5.1919324733467604e+00
-5.1919324733467604e+00
0.0000000000000000e+00
-5.6932535967346611e+00
-5.6932535967346611e+00
0.0000000000000000e+00
-5.1046117947396974e+00
-5.1046117947396974e+00
0.0000000000000000e+00
-6.7259256154406382e+00
-6.7259256154406382e+00
0.0000000000000000e+00
-6.7175827806098098e+00
-6.7175827806098098e+00
0.0000000000000000e+00
-7.4380820200409419e+00
-7.4380820200409419e+00
0.0000000000000000e+00
-7.4046313705538580e+00
-7.4046313705538580e+00
0.0000000000000000e+00
-8.1654498932808046e+00
-8.1654498932808046e+00
0.0000000000000000e+00
-8.1045336547349258e+00
-8.1045336547349258e+00
0.0000000000000000e+00
-8.6447244872628755e+00
-8.6447244872628755e+00
0.0000000000000000e+00
-8.5705860365772626e+00
-8.5705860365772626e+00
0.0000000000000000e+00
-8.8629688482889790e+00
-8.8629688482889790e+00
0.0000000000000000e+00
-7.3254115875298158e+00
-7.3254115875298158e+00
0.0000000000000000e+00
-6.5880786794254629e+00
-6.5880786794254629e+00
0.0000000000000000e+00
-5.8975658438908916e+00
-5.8975658438908916e+00
0.0000000000000000e+00
-5.9533946504142978e+00
-5.9533946504142978e+00
0.0000000000000000e+00
-5.7600530985690552e+00
-5.7600530985690552e+00
0.0000000000000000e+00
-6.0450670223532068e+00
-6.0450670223532068e+00
0.0000000000000000e+00
-6.9233661928684516e+00
-6.9233661928684516e+00
0.0000000000000000e+00
-6.8946550724811448e+00
-6.8946550724811448e+00
0.0000000000000000e+00
-6.7628997496561301e+00
-6.7628997496561301e+00
0.0000000000000000e+00
-7.0194484894667024e+00
-7.0194484894667024e+00
0.0000000000000000e+00
-7.0107575235887918e+00
-7.0107575235887918e+00
0.0000000000000000e+00
-6.6697291773960004e+00
-6.6697291773960004e+00
0.0000000000000000e+00
-5.8198331032475048e+00
-5.8198331032475048e+00
0.0000000000000000e+00
-6.1873462839793003e+00
-6.1873462839793003e+00
0.0000000000000000e+00
-6.1966587475409423e+00
-6.1966587475409423e+00
0.0000000000000000e+00
-5.4727187102802812e+00
-5.4727187102802812e+00
0.0000000000000000e+00
-5.5437916873793665e+00
-5.5437916873793665e+00
0.0000000000000000e+00
-6.4672259594284629e+00
-6.4672259594284629e+00
0.0000000000000000e+00
-7.3298926504544148e+00
-7.3298926504544148e+00
0.0000000000000000e+00
-5.8683341854751809e+00
-5.8683341854751809e+00
0.0000000000000000e+00
-6.1333488600975423e+00
-6.1333488600975423e+00
0.0000000000000000e+00
-6.0464507903643803e+00
-6.0464507903643803e+00
0.0000000000000000e+00
-5.4730112953289947e+00
-5.4730112953289947e+00
0.0000000000000000e+00
-5.1381717396069098e+00
-5.1381717396069098e+00
0.0000000000000000e+00
-5.2585182029215165e+00
-5.2585182029215165e+00
0.0000000000000000e+00
-4.9089348373673358e+00
-4.9089348373673358e+00
0.0000000000000000e+00
-5.6898417954663012e+00
-5.6898417954663012e+00
0.0000000000000000e+00
-5.1632071579953891e+00
-5.1632071579953891e+00
0.0000000000000000e+00
-5.8897647701271731e+00
-5.8897647701271731e+00
0.0000000000000000e+00
-6.9493883821409135e+00
-6.9493883821409135e+00
0.0000000000000000e+00
-8.8996739518968440e+00
-8.8996739518968440e+00
0.0000000000000000e+00
-8.8996739518968440e+00
-8.8996739518968440e+00
0.0000000000000000e+00
-1.0119208074405545e+01
-1.0119208074405545e+01
0.0000000000000000e+00
-9.8528073528054154e+00
-9.8528073528054154e+00
0.0000000000000000e+00
-9.1582789634998250e+00
-9.1582789634998250e+00
0.0000000000000000e+00
-8.0767763715617900e+00
-8.0767763715617900e+00
0.0000000000000000e+00
-8.8013264685909469e+00
-8.8013264685909469e+00
0.0000000000000000e+00
-9.0324710989330672e+00
-9.0324710989330672e+00
0.0000000000000000e+00
-8.0366081715552120e+00
-8.0366081715552120e+00
0.0000000000000000e+00
-8.8782574922010120e+00
-8.8782574922010120e+00
0.0000000000000000e+00
-1.0632711167361531e+01
-1.0632711167361531e+01
0.0000000000000000e+00
-1.1571088227454695e+01
-1.1571088227454695e+01
0.0000000000000000e+00
-1.1056806175690845e+01
-1.1056806175690845e+01
0.0000000000000000e+00
-1.0383066165671686e+01
-1.0383066165671686e+01
0.0000000000000000e+00
-8.3281730080998067e+00
-8.3281730080998067e+00
0.0000000000000000e+00
-6.1008454418829112e+00
-6.1008454418829112e+00
0.0000000000000000e+00
-6.9609735163836852e+00
-6.9609735163836852e+00
0.0000000000000000e+00
-6.9147543721655076e+00
-6.9147543721655076e+00
0.0000000000000000e+00
-5.8887559319654112e+00
-5.8887559319654112e+00
0.0000000000000000e+00
-5.2840910866498838e+00
-5.2840910866498838e+00
0.0000000000000000e+00
-7.9490396926704552e+00
-7.9490396926704552e+00
0.0000000000000000e+00
-8.9574147533350477e+00
-8.9574147533350477e+00
0.0000000000000000e+00
-6.4565114291534691e+00
-6.4565114291534691e+00
0.0000000000000000e+00
-5.5017473462452617e+00
-5.5017473462452617e+00
0.0000000000000000e+00
-5.5769331935720867e+00
-5.5769331935720867e+00
0.0000000000000000e+00
-6.7201376723103703e+00
-6.7201376723103703e+00
0.0000000000000000e+00
-5.0536683534268505e+00
-5.0536683534268505e+00
0.0000000000000000e+00
-5.0016882443975108e+00
-5.0016882443975108e+00
0.0000000000000000e+00
-4.9959547085036942e+00
-4.9959547085036942e+00
0.0000000000000000e+00
-5.0124189019381928e+00
-5.0124189019381928e+00
0.0000000000000000e+00
-5.1066234856863542e+00
-5.1066234856863542e+00
0.0000000000000000e+00
-5.1356915339880711e+00
-5.1356915339880711e+00
0.0000000000000000e+00
-5.0738574778290833e+00
-5.0738574778290833e+00
0.0000000000000000e+00
-5.3143335199955839e+00
-5.3143335199955839e+00
0.0000000000000000e+00
-5.9923494461554849e+00
-5.9923494461554849e+00
0.0000000000000000e+00
-5.8266525414865686e+00
-5.8266525414865686e+00
0.0000000000000000e+00
-4.9585078132962073e+00
-4.9585078132962073e+00
0.0000000000000000e+00
-5.9129031070196936e+00
-5.9129031070196936e+00
0.0000000000000000e+00
-6.4525837422846646e+00
-6.4525837422846646e+00
0.0000000000000000e+00
-5.7902151467140310e+00
-5.7902151467140310e+00
0.0000000000000000e+00
-5.1747125179611810e+00
-5.1747125179611810e+00
0.0000000000000000e+00
-5.5868932863848118e+00
-5.5868932863848118e+00
0.0000000000000000e+00
-5.9390731089689117e+00
-5.9390731089689117e+00
0.0000000000000000e+00
-7.0316000935246628e+00
-7.0316000935246628e+00
0.0000000000000000e+00
-6.9588437542819683e+00
-6.9588437542819683e+00
0.0000000000000000e+00
-8.0174310922247134e+00
-8.0174310922247134e+00
0.0000000000000000e+00
-7.4210695378457476e+00
-7.4210695378457476e+00
0.0000000000000000e+00
-5.1919086219791062e+00
-5.1919086219791062e+00
0.0000000000000000e+00
-5.4535191007487898e+00
-5.4535191007487898e+00
0.0000000000000000e+00
-5.3927755282363030e+00
-5.3927755282363030e+00
0.0000000000000000e+00
-5.3194839722073191e+00
-5.3194839722073191e+00
0.0000000000000000e+00
-5.0646455845605498e+00
-5.0646455845605498e+00
0.0000000000000000e+00
-5.2004719181247667e+00
-5.2004719181247667e+00
0.0000000000000000e+00
-6.2674282200393314e+00
-6.2674282200393314e+00
0.0000000000000000e+00
-5.2221534889151737e+00
-5.2221534889151737e+00
0.0000000000000000e+00
-5.2688951056712297e+00
-5.2688951056712297e+00
0.0000000000000000e+00
-6.6099948710795342e+00
-6.6099948710795342e+00
0.0000000000000000e+00
-5.6177994561848941e+00
-5.6177994561848941e+00
0.0000000000000000e+00
-5.5347439780743306e+00
-5.5347439780743306e+00
0.0000000000000000e+00
-5.5232651469008891e+00
-5.5232651469008891e+00
0.0000000000000000e+00
-9.2331229293888200e+00
-9.2331229293888200e+00
0.0000000000000000e+00
-8.7696389147689651e+00
-8.7696389147689651e+00
0.0000000000000000e+00
-8.7919935202813857e+00
-8.7919935202813857e+00
0.0000000000000000e+00
-8.8209108375371628e+00
-8.8209108375371628e+00
0.0000000000000000e+00
-8.8521019926338269e+00
-8.8521019926338269e+00
0.0000000000000000e+00
-5.4235708468020087e+00
-5.4235708468020087e+00
0.0000000000000000e+00
-5.3356688027864170e+00
-5.3356688027864170e+00
0.0000000000000000e+00
-5.3586946307312413e+00
-5.3586946307312413e+00
0.0000000000000000e+00
-5.9614935250272936e+00
-5.9614935250272936e+00
0.0000000000000000e+00
-6.8749306629944131e+00
-6.8749306629944131e+00
0.0000000000000000e+00
-5.3590362181084510e+00
-5.3590362181084510e+00
0.0000000000000000e+00
-6.8999617872720060e+00
-6.8999617872720060e+00
0.0000000000000000e+00
-6.9690920330316031e+00
-6.9690920330316031e+00
0.0000000000000000e+00
-6.7013846651653530e+00
-6.7013846651653530e+00
0.0000000000000000e+00
-6.6588954515889798e+00
-6.6588954515889798e+00
0.0000000000000000e+00
-7.8845763841665431e+00
-7.8845763841665431e+00
0.0000000000000000e+00
-6.7470604737998112e+00
-6.7470604737998112e+00
0.0000000000000000e+00
-7.3343253465912071e+00
-7.3343253465912071e+00
0.0000000000000000e+00
-7.5327042729814320e+00
-7.5327042729814320e+00
0.0000000000000000e+00
-7.0664128599003906e+00
-7.0664128599003906e+00
0.0000000000000000e+00
-5.1655987913751060e+00
-5.1655987913751060e+00
0.0000000000000000e+00
-5.3080644740834968e+00
-5.3080644740834968e+00
0.0000000000000000e+00
-5.0039129412399745e+00
-5.0039129412399745e+00
0.0000000000000000e+00
-5.1345342822619360e+00
-5.1345342822619360e+00
0.0000000000000000e+00
-5.5174411193243476e+00
-5.5174411193243476e+00
0.0000000000000000e+00
-5.6555867938658562e+00
-5.6555867938658562e+00
0.0000000000000000e+00
-5.7543374519096222e+00
-5.7543374519096222e+00
0.0000000000000000e+00
-5.8784217941286414e+00
-5.8784217941286414e+00
0.0000000000000000e+00
-5.0630125921725337e+00
-5.0630125921725337e+00
0.0000000000000000e+00
-5.2601017318355652e+00
-5.2601017318355652e+00
0.0000000000000000e+00
-5.0860776228085474e+00
-5.0860776228085474e+00
0.0000000000000000e+00
-4.9180585567524284e+00
-4.9180585567524284e+00
0.0000000000000000e+00
-5.9628518689757231e+00
-5.9628518689757231e+00
0.0000000000000000e+00
-5.7401602384575598e+00
-5.7401602384575598e+00
0.0000000000000000e+00
-6.6104411647068249e+00
-6.6104411647068249e+00
0.0000000000000000e+00
-5.8855426007330838e+00
-5.8855426007330838e+00
0.0000000000000000e+00
-7.7692102975604627e+00
-7.7692102975604627e+00
0.0000000000000000e+00
-9.1825994812271752e+00
-9.1825994812271752e+00
0.0000000000000000e+00
-6.4057183034727174e+00
-6.4057183034727174e+00
0.0000000000000000e+00
-6.5285883565995952e+00
-6.5285883565995952e+00
0.0000000000000000e+00
-5.6420470014011244e+00
-5.6420470014011244e+00
0.0000000000000000e+00
-5.5177931642792135e+00
-5.5177931642792135e+00
0.0000000000000000e+00
-5.4921554050890515e+00
-5.4921554050890515e+00
0.0000000000000000e+00
-5.5627842634832971e+00
-5.5627842634832971e+00
0.0000000000000000e+00
-5.8040116449738068e+00
-5.8040116449738068e+00
0.0000000000000000e+00
-5.6118896528677089e+00
-5.6118896528677089e+00
0.0000000000000000e+00
-5.0680395479539984e+00
-5.0680395479539984e+00
0.0000000000000000e+00
-5.8768983965690857e+00
-5.8768983965690857e+00
0.0000000000000000e+00
-5.7416579476034890e+00
-5.7416579476034890e+00
0.0000000000000000e+00
-5.3191381593581095e+00
-5.3191381593581095e+00
0.0000000000000000e+00
-5.0958205178623759e+00
-5.0958205178623759e+00
0.0000000000000000e+00
-7.1067467751909073e+00
-7.1067467751909073e+00
0.0000000000000000e+00
-6.1932600933551640e+00
-6.1932600933551640e+00
0.0000000000000000e+00
-5.1958526977892339e+00
-5.1958526977892339e+00
0.0000000000000000e+00
-6.6294265251549849e+00
-6.6294265251549849e+00
0.0000000000000000e+00
-6.4306300315064018e+00
-6.4306300315064018e+00
0.0000000000000000e+00
-8.9304669585376288e+00
-8.9304669585376288e+00
0.0000000000000000e+00
-6.4365485024862465e+00
-6.4365485024862465e+00
0.0000000000000000e+00
-7.1639662138440752e+00
-7.1639662138440752e+00
0.0000000000000000e+00
-7.6458973927078349e+00
-7.6458973927078349e+00
0.0000000000000000e+00
-7.0712460225805094e+00
-7.0712460225805094e+00
0.0000000000000000e+00
-6.2668252564909848e+00
-6.2668252564909848e+00
0.0000000000000000e+00
-7.0215362675924720e+00
-7.0215362675924720e+00
0.0000000000000000e+00
-7.9630031060042548e+00
-7.9630031060042548e+00
0.0000000000000000e+00
-6.5691762583574489e+00
-6.5691762583574489e+00
0.0000000000000000e+00
-6.8942429360212794e+00
-6.8942429360212794e+00
0.0000000000000000e+00
-5.5441043334561950e+00
-5.5441043334561950e+00
0.0000000000000000e+00
-5.7793388170991467e+00
-5.7793388170991467e+00
0.0000000000000000e+00
-6.9560187786401642e+00
-6.9560187786401642e+00
0.0000000000000000e+00
-7.4552853529029814e+00
-7.4552853529029814e+00
0.0000000000000000e+00
-5.8036827640204720e+00
-5.8036827640204720e+00
0.0000000000000000e+00
-5.5590738985458996e+00
-5.5590738985458996e+00
0.0000000000000000e+00
-5.6946770684960581e+00
-5.6946770684960581e+00
0.0000000000000000e+00
-6.3659095049034811e+00
-6.3659095049034811e+00
0.0000000000000000e+00
-5.3725551504353666e+00
-5.3725551504353666e+00
0.0000000000000000e+00
-5.9529883636209169e+00
-5.9529883636209169e+00
0.0000000000000000e+00
-5.8290600652193696e+00
-5.8290600652193696e+00
0.0000000000000000e+00
-5.7616228900615889e+00
-5.7616228900615889e+00
0.0000000000000000e+00
-5.4015895685765782e+00
-5.4015895685765782e+00
0.0000000000000000e+00
-5.9034138446968818e+00
-5.9034138446968818e+00
0.0000000000000000e+00
-6.0954830189432592e+00
-6.0954830189432592e+00
0.0000000000000000e+00
-5.4940955662266440e+00
-5.4940955662266440e+00
0.0000000000000000e+00
-5.6901009583022031e+00
-5.6901009583022031e+00
0.0000000000000000e+00
-5.0810429699427129e+00
-5.0810429699427129e+00
0.0000000000000000e+00
-7.4250095813042236e+00
-7.4250095813042236e+00
0.0000000000000000e+00
-6.4124078543975163e+00
-6.4124078543975163e+00
0.0000000000000000e+00
-6.3541346471496976e+00
-6.3541346471496976e+00
0.0000000000000000e+00
-6.0689766692340381e+00
-6.0689766692340381e+00
0.0000000000000000e+00
-6.2943328415011717e+00
-6.2943328415011717e+00
0.0000000000000000e+00
-7.1621868864297884e+00
-7.1621868864297884e+00
0.0000000000000000e+00
-6.7798022937110591e+00
-6.7798022937110591e+00
0.0000000000000000e+00
-6.9115081145027242e+00
-6.9115081145027242e+00
0.0000000000000000e+00
-6.2480667979701456e+00
-6.2480667979701456e+00
0.0000000000000000e+00
-6.6271821292386148e+00
-6.6271821292386148e+00
0.0000000000000000e+00
-5.8196269314597666e+00
-5.8196269314597666e+00
0.0000000000000000e+00
-5.8252192791319279e+00
-5.8252192791319279e+00
0.0000000000000000e+00
-7.0517787418771416e+00
-7.0517787418771416e+00
0.0000000000000000e+00
-7.9090344408875204e+00
-7.9090344408875204e+00
0.0000000000000000e+00
-6.3778509644963393e+00
-6.3778509644963393e+00
0.0000000000000000e+00
-7.4085535907212581e+00
-7.4085535907212581e+00
0.0000000000000000e+00
-7.3053876775681434e+00
-7.3053876775681434e+00
0.0000000000000000e+00
-7.8825550501264008e+00
-7.8825550501264008e+00
0.0000000000000000e+00
-9.3980215344518960e+00
-9.3980215344518960e+00
0.0000000000000000e+00
-8.7120687462581721e+00
-8.7120687462581721e+00
0.0000000000000000e+00
-5.9641294928381772e+00
-5.9641294928381772e+00
0.0000000000000000e+00
-5.9138395390494214e+00
-5.9138395390494214e+00
0.0000000000000000e+00
-6.3995280998746127e+00
-6.3995280998746127e+00
0.0000000000000000e+00
-5.4074049393075461e+00
-5.4074049393075461e+00
0.0000000000000000e+00
-5.7233493319613329e+00
-5.7233493319613329e+00
0.0000000000000000e+00
-6.3518064051369727e+00
-6.3518064051369727e+00
0.0000000000000000e+00
-6.2058592390855489e+00
-6.2058592390855489e+00
0.0000000000000000e+00
-6.0559811677426891e+00
-6.0559811677426891e+00
0.0000000000000000e+00
-6.9999827320437866e+00
-6.9999827320437866e+00
0.0000000000000000e+00
-7.2292772430878163e+00
-7.2292772430878163e+00
0.0000000000000000e+00
-8.4019336059384244e+00
-8.4019336059384244e+00
0.0000000000000000e+00
-5.5175482215146392e+00
-5.5175482215146392e+00
0.0000000000000000e+00
-5.5619089184357211e+00
-5.5619089184357211e+00
0.0000000000000000e+00
-6.1695514499569217e+00
-6.1695514499569217e+00
0.0000000000000000e+00
-7.2788192153005360e+00
-7.2788192153005360e+00
0.0000000000000000e+00
-7.2748947456532669e+00
-7.2748947456532669e+00
0.0000000000000000e+00
-6.9891570110174355e+00
-6.9891570110174355e+00
0.0000000000000000e+00
-6.1579337941332586e+00
-6.1579337941332586e+00
0.0000000000000000e+00
-5.3494724230837694e+00
-5.3494724230837694e+00
0.0000000000000000e+00
-5.2922567102738087e+00
-5.2922567102738087e+00
0.0000000000000000e+00
-6.0543966952977035e+00
-6.0543966952977035e+00
0.0000000000000000e+00
-4.9492829955314335e+00
-4.9492829955314335e+00
0.0000000000000000e+00
-5.4083534104686430e+00
-5.4083534104686430e+00
0.0000000000000000e+00
-6.2370284053224969e+00
-6.2370284053224969e+00
0.0000000000000000e+00
-6.9154271801713278e+00
-6.9154271801713278e+00
0.0000000000000000e+00
-7.1734526040008610e+00
-7.1734526040008610e+00
0.0000000000000000e+00
-8.2701260193031487e+00
-8.2701260193031487e+00
0.0000000000000000e+00
-9.9456198085146905e+00
-9.9456198085146905e+00
0.0000000000000000e+00
-5.9731382259085004e+00
-5.9731382259085004e+00
0.0000000000000000e+00
-5.2137157931080438e+00
-5.2137157931080438e+00
0.0000000000000000e+00
-5.0758703627391766e+00
-5.0758703627391766e+00
0.0000000000000000e+00
-5.6553100707703816e+00
-5.6553100707703816e+00
0.0000000000000000e+00
-5.1055291459837306e+00
-5.1055291459837306e+00
0.0000000000000000e+00
-5.3268647592657024e+00
-5.3268647592657024e+00
0.0000000000000000e+00
-5.8968932981794442e+00
-5.8968932981794442e+00
0.0000000000000000e+00
-5.5353689574130192e+00
-5.5353689574130192e+00
0.0000000000000000e+00
-5.3307465850919522e+00
-5.3307465850919522e+00
0.0000000000000000e+00
-5.3675383353887769e+00
-5.3675383353887769e+00
0.0000000000000000e+00
-6.7610464368651719e+00
-6.7610464368651719e+00
0.0000000000000000e+00
-7.0420277294238582e+00
-7.0420277294238582e+00
0.0000000000000000e+00
-6.4177219784839634e+00
-6.4177219784839634e+00
0.0000000000000000e+00
-7.1294730681144909e+00
-7.1294730681144909e+00
0.0000000000000000e+00
-1.0045914631985408e+01
-1.0045914631985408e+01
0.0000000000000000e+00
-5.1874214934579470e+00
-5.1874214934579470e+00
0.0000000000000000e+00
-5.0468368002957114e+00
-5.0468368002957114e+00
0.0000000000000000e+00
-5.8547751658602651e+00
-5.8547751658602651e+00
0.0000000000000000e+00
-6.7059600361042477e+00
-6.7059600361042477e+00
0.0000000000000000e+00
-6.4356729017717829e+00
-6.4356729017717829e+00
0.0000000000000000e+00
-5.8388898151249986e+00
-5.8388898151249986e+00
0.0000000000000000e+00
-6.0393117192435550e+00
-6.0393117192435550e+00
0.0000000000000000e+00
-5.6969037454362930e+00
-5.6969037454362930e+00
0.0000000000000000e+00
-5.7084424994340024e+00
-5.7084424994340024e+00
0.0000000000000000e+00
-5.8606585387161330e+00
-5.8606585387161330e+00
0.0000000000000000e+00
-5.3114809717916174e+00
-5.3114809717916174e+00
0.0000000000000000e+00
-4.8976694565626584e+00
-4.8976694565626584e+00
0.0000000000000000e+00
-4.9229302288619863e+00
-4.9229302288619863e+00
0.0000000000000000e+00
-5.0684158887885413e+00
-5.0684158887885413e+00
0.0000000000000000e+00
-5.0680112323530517e+00
-5.0680112323530517e+00
0.0000000000000000e+00
-5.2736499309151235e+00
-5.2736499309151235e+00
0.0000000000000000e+00
-5.3501335460645620e+00
-5.3501335460645620e+00
0.0000000000000000e+00
-5.6095151046563032e+00
-5.6095151046563032e+00
0.0000000000000000e+00
-5.9481279832248015e+00
-5.9481279832248015e+00
0.0000000000000000e+00
-6.3715785659592283e+00
-6.3715785659592283e+00
0.0000000000000000e+00
-5.6330234561521229e+00
-5.6330234561521229e+00
0.0000000000000000e+00
-5.6180817207401059e+00
-5.6180817207401059e+00
0.0000000000000000e+00
-4.8964781868364131e+00
-4.8964781868364131e+00
0.0000000000000000e+00
-4.9081531139161712e+00
-4.9081531139161712e+00
0.0000000000000000e+00
-5.1283717845155428e+00
-5.1283717845155428e+00
0.0000000000000000e+00
-5.2948748809907009e+00
-5.2948748809907009e+00
0.0000000000000000e+00
-5.2450216425816265e+00
-5.2450216425816265e+00
0.0000000000000000e+00
-5.1318749467766489e+00
-5.1318749467766489e+00
0.0000000000000000e+00
-5.6629182015460087e+00
-5.6629182015460087e+00
0.0000000000000000e+00
-5.5133565908972990e+00
-5.5133565908972990e+00
0.0000000000000000e+00
-5.9130347467978286e+00
-5.9130347467978286e+00
0.0000000000000000e+00
-4.9216204240914863e+00
-4.9216204240914863e+00
0.0000000000000000e+00
-5.2615926831187441e+00
-5.2615926831187441e+00
0.0000000000000000e+00
-5.7001920624270443e+00
-5.7001920624270443e+00
0.0000000000000000e+00
-6.1236454144944927e+00
-6.1236454144944927e+00
0.0000000000000000e+00
-5.1316230848253719e+00
-5.1316230848253719e+00
0.0000000000000000e+00
-5.5275201844587585e+00
-5.5275201844587585e+00
0.0000000000000000e+00
-5.4898694694343435e+00
-5.4898694694343435e+00
0.0000000000000000e+00
-5.6317504242232843e+00
-5.6317504242232843e+00
0.0000000000000000e+00
-6.5324240596642786e+00
-6.5324240596642786e+00
0.0000000000000000e+00
-7.0894162361921484e+00
-7.0894162361921484e+00
0.0000000000000000e+00
-7.6191674638816087e+00
-7.6191674638816087e+00
0.0000000000000000e+00
-7.6962718432701074e+00
-7.6962718432701074e+00
0.0000000000000000e+00
-7.8512170092470734e+00
-7.8512170092470734e+00
0.0000000000000000e+00
-5.6269465773627916e+00
-5.6269465773627916e+00
0.0000000000000000e+00
-5.7223000798620554e+00
-5.7223000798620554e+00
0.0000000000000000e+00
-6.1831663719614145e+00
-6.1831663719614145e+00
0.0000000000000000e+00
-6.0197399696911438e+00
-6.0197399696911438e+00
0.0000000000000000e+00
-6.5401314997653524e+00
-6.5401314997653524e+00
0.0000000000000000e+00
-6.4442338123654803e+00
-6.4442338123654803e+00
0.0000000000000000e+00
-5.3303134979690068e+00
-5.3303134979690068e+00
0.0000000000000000e+00
-5.7371751247329179e+00
-5.7371751247329179e+00
0.0000000000000000e+00
-5.9806917246033677e+00
-5.9806917246033677e+00
0.0000000000000000e+00
-5.5548548822412194e+00
-5.5548548822412194e+00
0.0000000000000000e+00
-6.8981242737075945e+00
-6.8981242737075945e+00
0.0000000000000000e+00
-4.9048279711533711e+00
-4.9048279711533711e+00
0.0000000000000000e+00
-4.9881818210309490e+00
-4.9881818210309490e+00
0.0000000000000000e+00
-5.3032642424789582e+00
-5.3032642424789582e+00
0.0000000000000000e+00
-5.3616297259121053e+00
-5.3616297259121053e+00
0.0000000000000000e+00
-5.3796061354400431e+00
-5.3796061354400431e+00
0.0000000000000000e+00
-5.1833516233266224e+00
-5.1833516233266224e+00
0.0000000000000000e+00
-5.1969932225098940e+00
-5.1969932225098940e+00
0.0000000000000000e+00
-6.4573678530020446e+00
-6.4573678530020446e+00
0.0000000000000000e+00
-6.0628494584812360e+00
-6.0628494584812360e+00
0.0000000000000000e+00
-5.0591748668455772e+00
-5.0591748668455772e+00
0.0000000000000000e+00
-5.1673229305014283e+00
-5.1673229305014283e+00
0.0000000000000000e+00
-5.0036078323350086e+00
-5.0036078323350086e+00
0.0000000000000000e+00
-8.5950794727122393e+00
-8.5950794727122393e+00
0.0000000000000000e+00
-8.1631766511870545e+00
-8.1631766511870545e+00
0.0000000000000000e+00
-8.2216762765127172e+00
-8.2216762765127172e+00
0.0000000000000000e+00
-7.3787571129487031e+00
-7.3787571129487031e+00
0.0000000000000000e+00
-5.6275972651659565e+00
-5.6275972651659565e+00
0.0000000000000000e+00
-5.7874603123862762e+00
-5.7874603123862762e+00
0.0000000000000000e+00
-5.4521547285830181e+00
-5.4521547285830181e+00
0.0000000000000000e+00
-5.4306407981556033e+00
-5.4306407981556033e+00
0.0000000000000000e+00
-4.9237594403831366e+00
-4.9237594403831366e+00
0.0000000000000000e+00
-5.3657593168726292e+00
-5.3657593168726292e+00
0.0000000000000000e+00
-5.6203989632343072e+00
-5.6203989632343072e+00
0.0000000000000000e+00
-6.1284865237079869e+00
-6.1284865237079869e+00
0.0000000000000000e+00
-6.0199447355919062e+00
-6.0199447355919062e+00
0.0000000000000000e+00
-5.5380888998510125e+00
-5.5380888998510125e+00
0.0000000000000000e+00
-6.6303615833722063e+00
-6.6303615833722063e+00
0.0000000000000000e+00
-5.2685412069272726e+00
-5.2685412069272726e+00
0.0000000000000000e+00
-5.2819878402674956e+00
-5.2819878402674956e+00
0.0000000000000000e+00
-5.1461625088780556e+00
-5.1461625088780556e+00
0.0000000000000000e+00
-5.6122796504520958e+00
-5.6122796504520958e+00
0.0000000000000000e+00
-6.2622894434638319e+00
-6.2622894434638319e+00
0.0000000000000000e+00
-6.7835730112400174e+00
-6.7835730112400174e+00
0.0000000000000000e+00
-6.1762429502055269e+00
-6.1762429502055269e+00
0.0000000000000000e+00
-5.5945579980503268e+00
-5.5945579980503268e+00
0.0000000000000000e+00
-6.0739566605120690e+00
-6.0739566605120690e+00
0.0000000000000000e+00
-6.0885483086954162e+00
-6.0885483086954162e+00
0.0000000000000000e+00
-5.6315658004558857e+00
-5.6315658004558857e+00
0.0000000000000000e+00
-5.7702942275151754e+00
-5.7702942275151754e+00
0.0000000000000000e+00
-5.6267705784630078e+00
-5.6267705784630078e+00
0.0000000000000000e+00
-5.2627923945502744e+00
-5.2627923945502744e+00
0.0000000000000000e+00
-5.3035955571120574e+00
-5.3035955571120574e+00
0.0000000000000000e+00
-5.4640134663701128e+00
-5.4640134663701128e+00
0.0000000000000000e+00
-5.8366449444275803e+00
-5.8366449444275803e+00
0.0000000000000000e+00
-5.9508450599658218e+00
-5.9508450599658218e+00
0.0000000000000000e+00
-6.9366282450047514e+00
-6.9366282450047514e+00
0.0000000000000000e+00
-6.0746282599198098e+00
-6.0746282599198098e+00
0.0000000000000000e+00
-5.9835246328376339e+00
-5.9835246328376339e+00
0.0000000000000000e+00
-6.2306870389035041e+00
-6.2306870389035041e+00
0.0000000000000000e+00
-6.5036931487282965e+00
-6.5036931487282965e+00
0.0000000000000000e+00
-5.9114599926943008e+00
-5.9114599926943008e+00
0.0000000000000000e+00
-5.5245690758084249e+00
-5.5245690758084249e+00
0.0000000000000000e+00
-5.4791873809823928e+00
-5.4791873809823928e+00
0.0000000000000000e+00
-5.4170471295295064e+00
-5.4170471295295064e+00
0.0000000000000000e+00
-5.8011702299720040e+00
-5.8011702299720040e+00
0.0000000000000000e+00
-6.1975121620192404e+00
-6.1975121620192404e+00
0.0000000000000000e+00
-5.7803764936972044e+00
-5.7803764936972044e+00
0.0000000000000000e+00
-6.4830129846101165e+00
-6.4830129846101165e+00
0.0000000000000000e+00
-7.2600210289083620e+00
-7.2600210289083620e+00
0.0000000000000000e+00
-1.0481299309888712e+01
-1.0481299309888712e+01
0.0000000000000000e+00
-6.9127793332069229e+00
-6.9127793332069229e+00
0.0000000000000000e+00
-6.6078550620033543e+00
-6.6078550620033543e+00
0.0000000000000000e+00
-6.4984090424536660e+00
-6.4984090424536660e+00
0.0000000000000000e+00
-6.6580267266232411e+00
-6.6580267266232411e+00
0.0000000000000000e+00
-6.6437384941473709e+00
-6.6437384941473709e+00
0.0000000000000000e+00
-6.4993658674868158e+00
-6.4993658674868158e+00
0.0000000000000000e+00
-6.9776184619392545e+00
-6.9776184619392545e+00
0.0000000000000000e+00
-6.0920461180141432e+00
-6.0920461180141432e+00
0.0000000000000000e+00
-5.8056628127045897e+00
-5.8056628127045897e+00
0.0000000000000000e+00
-6.5817184765706243e+00
-6.5817184765706243e+00
0.0000000000000000e+00
-6.3524063635983934e+00
-6.3524063635983934e+00
0.0000000000000000e+00
-5.7192599469871954e+00
-5.7192599469871954e+00
0.0000000000000000e+00
-5.9655877969473678e+00
-5.9655877969473678e+00
0.0000000000000000e+00
-6.3750103160610161e+00
-6.3750103160610161e+00
0.0000000000000000e+00
-6.5947959551841748e+00
-6.5947959551841748e+00
0.0000000000000000e+00
-6.8326840493865619e+00
-6.8326840493865619e+00
0.0000000000000000e+00
-6.4935376214230853e+00
-6.4935376214230853e+00
0.0000000000000000e+00
-6.7009187605226916e+00
-6.7009187605226916e+00
0.0000000000000000e+00
-6.6532703541164455e+00
-6.6532703541164455e+00
0.0000000000000000e+00
-6.4374067283579599e+00
-6.4374067283579599e+00
0.0000000000000000e+00
-6.4861818279788377e+00
-6.4861818279788377e+00
0.0000000000000000e+00
-6.4847913276488391e+00
-6.4847913276488391e+00
0.0000000000000000e+00
-6.4348244223725040e+00
-6.4348244223725040e+00
0.0000000000000000e+00
-6.7084985231681555e+00
-6.7084985231681555e+00
0.0000000000000000e+00
-7.7845165442341671e+00
-7.7845165442341671e+00
0.0000000000000000e+00
-7.0829415252625063e+00
-7.0829415252625063e+00
0.0000000000000000e+00
-6.4779355000835839e+00
-6.4779355000835839e+00
0.0000000000000000e+00
-6.4188033638048276e+00
-6.4188033638048276e+00
0.0000000000000000e+00
-6.4125552222963220e+00
-6.4125552222963220e+00
0.0000000000000000e+00
-6.4698824157718988e+00
-6.4698824157718988e+00
0.0000000000000000e+00
-5.2840572298861739e+00
-5.2840572298861739e+00
0.0000000000000000e+00
-5.5163057343262007e+00
-5.5163057343262007e+00
0.0000000000000000e+00
-6.1581888598868693e+00
-6.1581888598868693e+00
0.0000000000000000e+00
-6.6150864154381441e+00
-6.6150864154381441e+00
0.0000000000000000e+00
-6.6506637608339094e+00
-6.6506637608339094e+00
0.0000000000000000e+00
-6.6511738731881511e+00
-6.6511738731881511e+00
0.0000000000000000e+00
-6.6792015018298994e+00
-6.6792015018298994e+00
0.0000000000000000e+00
-5.6172931396448709e+00
-5.6172931396448709e+00
0.0000000000000000e+00
-6.0083507013779993e+00
-6.0083507013779993e+00
0.0000000000000000e+00
-5.8821111575178548e+00
-5.8821111575178548e+00
0.0000000000000000e+00
-5.2951631966897033e+00
-5.2951631966897033e+00
0.0000000000000000e+00
-5.2138917982980946e+00
-5.2138917982980946e+00
0.0000000000000000e+00
-5.1545445101563221e+00
-5.1545445101563221e+00
0.0000000000000000e+00
-6.3651958912099866e+00
-6.3651958912099866e+00
0.0000000000000000e+00
-6.4203301198632836e+00
-6.4203301198632836e+00
0.0000000000000000e+00
-6.1958654024821405e+00
-6.1958654024821405e+00
0.0000000000000000e+00
-5.8105905705331553e+00
-5.8105905705331553e+00
0.0000000000000000e+00
-6.6173733302897659e+00
-6.6173733302897659e+00
0.0000000000000000e+00
-7.0070137342278453e+00
-7.0070137342278453e+00
0.0000000000000000e+00
-6.6902806690981915e+00
-6.6902806690981915e+00
0.0000000000000000e+00
-7.0065746667228268e+00
-7.0065746667228268e+00
0.0000000000000000e+00
-6.8918894416327854e+00
-6.8918894416327854e+00
0.0000000000000000e+00
-6.1124251704590327e+00
-6.1124251704590327e+00
0.0000000000000000e+00
-6.4696110650131660e+00
-6.4696110650131660e+00
0.0000000000000000e+00
-6.2406829194746587e+00
-6.2406829194746587e+00
0.0000000000000000e+00
-6.1178901889477659e+00
-6.1178901889477659e+00
0.0000000000000000e+00
-6.7091311129129538e+00
-6.7091311129129538e+00
0.0000000000000000e+00
-6.6624579378604736e+00
-6.6624579378604736e+00
0.0000000000000000e+00
-7.3210187052563462e+00
-7.3210187052563462e+00
0.0000000000000000e+00
-6.6570482401120596e+00
-6.6570482401120596e+00
0.0000000000000000e+00
-6.5435596173454007e+00
-6.5435596173454007e+00
0.0000000000000000e+00
-6.7148622872077830e+00
-6.7148622872077830e+00
0.0000000000000000e+00
-6.4238608196175804e+00
-6.4238608196175804e+00
0.0000000000000000e+00
-6.0591012219097129e+00
-6.0591012219097129e+00
0.0000000000000000e+00
-6.5123696973568812e+00
-6.5123696973568812e+00
0.0000000000000000e+00
-6.5188413200208188e+00
-6.5188413200208188e+00
0.0000000000000000e+00
-7.4676861681203466e+00
-7.4676861681203466e+00
0.0000000000000000e+00
-6.8514607057785586e+00
-6.8514607057785586e+00
0.0000000000000000e+00
-6.5050781351516491e+00
-6.5050781351516491e+00
0.0000000000000000e+00
-6.7468285279189830e+00
-6.7468285279189830e+00
0.0000000000000000e+00
-7.0826404041491866e+00
-7.0826404041491866e+00
0.0000000000000000e+00
-7.1394587137619876e+00
-7.1394587137619876e+00
0.0000000000000000e+00
-7.5153254471513300e+00
-7.5153254471513300e+00
0.0000000000000000e+00
-7.6523823240359743e+00
-7.6523823240359743e+00
0.0000000000000000e+00
-7.9715572522704985e+00
-7.9715572522704985e+00
0.0000000000000000e+00
-8.7534791301035533e+00
-8.7534791301035533e+00
0.0000000000000000e+00
-7.8214740902720372e+00
-7.8214740902720372e+00
0.0000000000000000e+00
-7.3267665954849921e+00
-7.3267665954849921e+00
0.0000000000000000e+00
-6.9156515255880766e+00
-6.9156515255880766e+00
0.0000000000000000e+00
-7.9160788281766656e+00
-7.9160788281766656e+00
0.0000000000000000e+00
-7.6405419200363678e+00
-7.6405419200363678e+00
0.0000000000000000e+00
-6.6838983842620117e+00
-6.6838983842620117e+00
0.0000000000000000e+00
-6.8730637504219612e+00
-6.8730637504219612e+00
0.0000000000000000e+00
-6.8675210675789309e+00
-6.8675210675789309e+00
0.0000000000000000e+00
-7.8007416407682886e+00
-7.8007416407682886e+00
0.0000000000000000e+00
-8.2598062576128033e+00
-8.2598062576128033e+00
0.0000000000000000e+00
-9.4612669040935060e+00
-9.4612669040935060e+00
0.0000000000000000e+00
-8.9502861900901785e+00
-8.9502861900901785e+00
0.0000000000000000e+00
-7.7267140848235911e+00
-7.7267140848235911e+00
0.0000000000000000e+00
-7.9178795789528369e+00
-7.9178795789528369e+00
0.0000000000000000e+00
-8.0891897018074026e+00
-8.0891897018074026e+00
0.0000000000000000e+00
-7.8310924550677532e+00
-7.8310924550677532e+00
0.0000000000000000e+00
-6.9278716895509600e+00
-6.9278716895509600e+00
0.0000000000000000e+00
-7.4044461789805069e+00
-7.4044461789805069e+00
0.0000000000000000e+00
-7.5094130725670798e+00
-7.5094130725670798e+00
0.0000000000000000e+00
-7.5043431023491962e+00
-7.5043431023491962e+00
0.0000000000000000e+00
-7.6274588264530214e+00
-7.6274588264530214e+00
0.0000000000000000e+00
-8.5244563945223728e+00
-8.5244563945223728e+00
0.0000000000000000e+00
-9.4793249000958184e+00
-9.4793249000958184e+00
0.0000000000000000e+00
-8.3596248105285014e+00
-8.3596248105285014e+00
0.0000000000000000e+00
-7.9764799095191927e+00
-7.9764799095191927e+00
0.0000000000000000e+00
-8.2505912475818768e+00
-8.2505912475818768e+00
0.0000000000000000e+00
-8.2192013227701146e+00
-8.2192013227701146e+00
0.0000000000000000e+00
-8.5892595122115214e+00
-8.5892595122115214e+00
0.0000000000000000e+00
-8.5929748179766374e+00
-8.5929748179766374e+00
0.0000000000000000e+00
-7.7877187998313113e+00
-7.7877187998313113e+00
0.0000000000000000e+00
-7.8037744346031861e+00
-7.8037744346031861e+00
0.0000000000000000e+00
-7.0933038663732226e+00
-7.0933038663732226e+00
0.0000000000000000e+00
-7.4176899017032252e+00
-7.4176899017032252e+00
0.0000000000000000e+00
-7.6512536153896251e+00
-7.6512536153896251e+00
0.0000000000000000e+00
-7.3619443780383760e+00
-7.3619443780383760e+00
0.0000000000000000e+00
-6.6942330277673285e+00
-6.6942330277673285e+00
0.0000000000000000e+00
-7.0867830761586461e+00
-7.0867830761586461e+00
0.0000000000000000e+00
-6.8822594113196178e+00
-6.8822594113196178e+00
0.0000000000000000e+00
-7.3954555960386443e+00
-7.3954555960386443e+00
0.0000000000000000e+00
-7.3721679736357926e+00
-7.3721679736357926e+00
0.0000000000000000e+00
-6.3527323192145548e+00
-6.3527323192145548e+00
0.0000000000000000e+00
-6.3488971339341820e+00
-6.3488971339341820e+00
0.0000000000000000e+00
-6.6912020022250829e+00
-6.6912020022250829e+00
0.0000000000000000e+00
-6.7437386874002394e+00
-6.7437386874002394e+00
0.0000000000000000e+00
-6.8555252362787513e+00
-6.8555252362787513e+00
0.0000000000000000e+00
-7.1078239182008112e+00
-7.1078239182008112e+00
0.0000000000000000e+00
-6.5484775050098847e+00
-6.5484775050098847e+00
0.0000000000000000e+00
-6.4047993481343024e+00
-6.4047993481343024e+00
0.0000000000000000e+00
-6.3723853600062759e+00
-6.3723853600062759e+00
0.0000000000000000e+00
-6.4294421716697272e+00
-6.4294421716697272e+00
0.0000000000000000e+00
-6.8344231945702125e+00
-6.8344231945702125e+00
0.0000000000000000e+00
-6.8237925194141438e+00
-6.8237925194141438e+00
0.0000000000000000e+00
-6.6620726505750678e+00
-6.6620726505750678e+00
0.0000000000000000e+00
-7.1804249489208853e+00
-7.1804249489208853e+00
0.0000000000000000e+00
-7.0002287824041032e+00
-7.0002287824041032e+00
0.0000000000000000e+00
-6.9375284642280146e+00
-6.9375284642280146e+00
0.0000000000000000e+00
-6.6325854676231604e+00
-6.6325854676231604e+00
0.0000000000000000e+00
-6.6313668509906432e+00
-6.6313668509906432e+00
0.0000000000000000e+00
-6.6852809449444139e+00
-6.6852809449444139e+00
0.0000000000000000e+00
-7.4325473609199300e+00
-7.4325473609199300e+00
0.0000000000000000e+00
-7.9461093213081133e+00
-7.9461093213081133e+00
0.0000000000000000e+00
-8.0778828750925484e+00
-8.0778828750925484e+00
0.0000000000000000e+00
-8.1105967862071076e+00
-8.1105967862071076e+00
0.0000000000000000e+00
-8.0835823458512479e+00
-8.0835823458512479e+00
0.0000000000000000e+00
-8.2314133403140737e+00
-8.2314133403140737e+00
0.0000000000000000e+00
-8.2283459886418608e+00
-8.2283459886418608e+00
0.0000000000000000e+00
-8.2195049644497615e+00
-8.2195049644497615e+00
0.0000000000000000e+00
-8.0749861166454853e+00
-8.0749861166454853e+00
0.0000000000000000e+00
-7.2859118459839856e+00
-7.2859118459839856e+00
0.0000000000000000e+00
-7.5364120929810978e+00
-7.5364120929810978e+00
0.0000000000000000e+00
-7.3045224111935116e+00
-7.3045224111935116e+00
0.0000000000000000e+00
-6.7510020204554611e+00
-6.7510020204554611e+00
0.0000000000000000e+00
-6.6173512633643838e+00
-6.6173512633643838e+00
0.0000000000000000e+00
-6.8289709242527383e+00
-6.8289709242527383e+00
0.0000000000000000e+00
-6.4292409305200993e+00
-6.4292409305200993e+00
0.0000000000000000e+00
-6.5059417858365745e+00
-6.5059417858365745e+00
0.0000000000000000e+00
-6.3870301283747963e+00
-6.3870301283747963e+00
0.0000000000000000e+00
-6.3127306078586596e+00
-6.3127306078586596e+00
0.0000000000000000e+00
-6.4083111712784033e+00
-6.4083111712784033e+00
0.0000000000000000e+00
-6.4253351477579308e+00
-6.4253351477579308e+00
0.0000000000000000e+00
-6.4817896311974970e+00
-6.4817896311974970e+00
0.0000000000000000e+00
-6.3185012513139203e+00
-6.3185012513139203e+00
0.0000000000000000e+00
-6.3946554480527640e+00
-6.3946554480527640e+00
0.0000000000000000e+00
-6.7093071602492085e+00
-6.7093071602492085e+00
0.0000000000000000e+00
-6.7094245330913047e+00
-6.7094245330913047e+00
0.0000000000000000e+00
-6.7584307069330851e+00
-6.7584307069330851e+00
0.0000000000000000e+00
-6.5431924646448767e+00
-6.5431924646448767e+00
0.0000000000000000e+00
-6.5809933448946412e+00
-6.5809933448946412e+00
0.0000000000000000e+00
-6.5615303551581903e+00
-6.5615303551581903e+00
0.0000000000000000e+00
-6.5188596490647379e+00
-6.5188596490647379e+00
0.0000000000000000e+00
-6.9332289328908256e+00
-6.9332289328908256e+00
0.0000000000000000e+00
-7.0642284008938292e+00
-7.0642284008938292e+00
0.0000000000000000e+00
-7.1155539845686393e+00
-7.1155539845686393e+00
0.0000000000000000e+00
-6.5119053980804935e+00
-6.5119053980804935e+00
0.0000000000000000e+00
-6.6480679307649471e+00
-6.6480679307649471e+00
0.0000000000000000e+00
-6.7560843034714981e+00
-6.7560843034714981e+00
0.0000000000000000e+00
-7.1560844959504299e+00
-7.1560844959504299e+00
0.0000000000000000e+00
-7.8195640499522252e+00
-7.8195640499522252e+00
0.0000000000000000e+00
-7.7030049688465745e+00
-7.7030049688465745e+00
0.0000000000000000e+00
-7.4038081313303277e+00
-7.4038081313303277e+00
0.0000000000000000e+00
-7.3516390059850583e+00
-7.3516390059850583e+00
0.0000000000000000e+00
-7.0072524074469236e+00
-7.0072524074469236e+00
0.0000000000000000e+00
-7.4384314303473547e+00
-7.4384314303473547e+00
0.0000000000000000e+00
-6.7875274142359050e+00
-6.7875274142359050e+00
0.0000000000000000e+00
-6.4854716960634251e+00
-6.4854716960634251e+00
0.0000000000000000e+00
-6.4828805691763307e+00
-6.4828805691763307e+00
0.0000000000000000e+00
-8.0918479816047100e+00
-8.0918479816047100e+00
0.0000000000000000e+00
-6.9469547847079962e+00
-6.9469547847079962e+00
0.0000000000000000e+00
-6.9487646925150468e+00
-6.9487646925150468e+00
0.0000000000000000e+00
-6.5624331113122540e+00
-6.5624331113122540e+00
0.0000000000000000e+00
-6.5713770441764545e+00
-6.5713770441764545e+00
0.0000000000000000e+00
-6.4720790802368384e+00
-6.4720790802368384e+00
0.0000000000000000e+00
-6.5129722351700003e+00
-6.5129722351700003e+00
0.0000000000000000e+00
-6.6375945383404460e+00
-6.6375945383404460e+00
0.0000000000000000e+00
-6.5540908439882015e+00
-6.5540908439882015e+00
0.0000000000000000e+00
-6.4647761776414239e+00
-6.4647761776414239e+00
0.0000000000000000e+00
-6.4530410164361012e+00
-6.4530410164361012e+00
0.0000000000000000e+00
-6.4926846171194796e+00
-6.4926846171194796e+00
0.0000000000000000e+00
-6.4970734379984769e+00
-6.4970734379984769e+00
0.0000000000000000e+00
-6.5831040588335066e+00
-6.5831040588335066e+00
0.0000000000000000e+00
-6.5733694367157485e+00
-6.5733694367157485e+00
0.0000000000000000e+00
-6.7404153678767678e+00
-6.7404153678767678e+00
0.0000000000000000e+00
-6.7972276408419008e+00
-6.7972276408419008e+00
0.0000000000000000e+00
-6.6276467069796938e+00
-6.6276467069796938e+00
0.0000000000000000e+00
-6.5230343869649019e+00
-6.5230343869649019e+00
0.0000000000000000e+00
-6.4575366045399143e+00
-6.4575366045399143e+00
0.0000000000000000e+00
-6.3298739406031324e+00
-6.3298739406031324e+00
0.0000000000000000e+00
-6.5539916581687097e+00
-6.5539916581687097e+00
0.0000000000000000e+00
-6.3261965766470603e+00
-6.3261965766470603e+00
0.0000000000000000e+00
-6.3997247191365512e+00
-6.3997247191365512e+00
0.0000000000000000e+00
-6.4380141447153747e+00
-6.4380141447153747e+00
0.0000000000000000e+00
-6.3762712252759091e+00
-6.3762712252759091e+00
0.0000000000000000e+00
-6.6113859220613689e+00
-6.6113859220613689e+00
0.0000000000000000e+00
-7.1261789687756298e+00
-7.1261789687756298e+00
0.0000000000000000e+00
-7.2555070007793816e+00
-7.2555070007793816e+00
0.0000000000000000e+00
-7.3780207592542135e+00
-7.3780207592542135e+00
0.0000000000000000e+00
-7.3364893565918727e+00
-7.3364893565918727e+00
0.0000000000000000e+00
-8.0792255514455995e+00
-8.0792255514455995e+00
0.0000000000000000e+00
-8.0812706790702435e+00
-8.0812706790702435e+00
0.0000000000000000e+00
-8.1022129086999879e+00
-8.1022129086999879e+00
0.0000000000000000e+00
-8.0794310329243437e+00
-8.0794310329243437e+00
0.0000000000000000e+00
-8.0775708891670988e+00
-8.0775708891670988e+00
0.0000000000000000e+00
-6.9519237416464126e+00
-6.9519237416464126e+00
0.0000000000000000e+00
-6.9508471225545652e+00
-6.9508471225545652e+00
0.0000000000000000e+00
-6.4874808746976314e+00
-6.4874808746976314e+00
0.0000000000000000e+00
-6.5784663774243324e+00
-6.5784663774243324e+00
0.0000000000000000e+00
-6.7787506575317806e+00
-6.7787506575317806e+00
0.0000000000000000e+00
-8.1363039771130943e+00
-8.1363039771130943e+00
0.0000000000000000e+00
-7.9378542612198739e+00
-7.9378542612198739e+00
0.0000000000000000e+00
-8.6031227413946851e+00
-8.6031227413946851e+00
0.0000000000000000e+00
-8.6001857777668107e+00
-8.6001857777668107e+00
0.0000000000000000e+00
-8.3954439934125098e+00
-8.3954439934125098e+00
0.0000000000000000e+00
-8.4586155281646569e+00
-8.4586155281646569e+00
0.0000000000000000e+00
-1.0005170187535882e+01
-1.0005170187535882e+01
0.0000000000000000e+00
-9.8758032149827635e+00
-9.8758032149827635e+00
0.0000000000000000e+00
-1.0225679185618400e+01
-1.0225679185618400e+01
0.0000000000000000e+00
-1.0047586903600310e+01
-1.0047586903600310e+01
0.0000000000000000e+00
-8.2407238001722849e+00
-8.2407238001722849e+00
0.0000000000000000e+00
-7.0004415686119845e+00
-7.0004415686119845e+00
0.0000000000000000e+00
-7.0568384154942976e+00
-7.0568384154942976e+00
0.0000000000000000e+00
-7.0581071079239095e+00
-7.0581071079239095e+00
0.0000000000000000e+00
-8.7233741911963314e+00
-8.7233741911963314e+00
0.0000000000000000e+00
-7.0573298477233237e+00
-7.0573298477233237e+00
0.0000000000000000e+00
-7.1941527353681405e+00
-7.1941527353681405e+00
0.0000000000000000e+00
-6.9163786664813074e+00
-6.9163786664813074e+00
0.0000000000000000e+00
-6.7661655062328503e+00
-6.7661655062328503e+00
0.0000000000000000e+00
-6.4696946684726822e+00
-6.4696946684726822e+00
0.0000000000000000e+00
-6.8883617816980642e+00
-6.8883617816980642e+00
0.0000000000000000e+00
-6.6162597056824612e+00
-6.6162597056824612e+00
0.0000000000000000e+00
-6.6056360549053093e+00
-6.6056360549053093e+00
0.0000000000000000e+00
-6.3975110612656678e+00
-6.3975110612656678e+00
0.0000000000000000e+00
-6.4344238772714029e+00
-6.4344238772714029e+00
0.0000000000000000e+00
-6.4276443735224538e+00
-6.4276443735224538e+00
0.0000000000000000e+00
-6.6342778945674166e+00
-6.6342778945674166e+00
0.0000000000000000e+00
-6.5460693315796714e+00
-6.5460693315796714e+00
0.0000000000000000e+00
-6.6836081230553823e+00
-6.6836081230553823e+00
0.0000000000000000e+00
-7.0795115234618331e+00
-7.0795115234618331e+00
0.0000000000000000e+00
-6.8192596941352210e+00
-6.8192596941352210e+00
0.0000000000000000e+00
-7.0020006378667503e+00
-7.0020006378667503e+00
0.0000000000000000e+00
-6.4745388228520060e+00
-6.4745388228520060e+00
0.0000000000000000e+00
-6.4549757052598356e+00
-6.4549757052598356e+00
0.0000000000000000e+00
-6.7802846894670932e+00
-6.7802846894670932e+00
0.0000000000000000e+00
-6.9033515534588830e+00
-6.9033515534588830e+00
0.0000000000000000e+00
-7.1116009094801349e+00
-7.1116009094801349e+00
0.0000000000000000e+00
-7.7430472986515468e+00
-7.7430472986515468e+00
0.0000000000000000e+00
-7.1569280469016316e+00
-7.1569280469016316e+00
0.0000000000000000e+00
-6.8693865482814838e+00
-6.8693865482814838e+00
0.0000000000000000e+00
-6.7208673300173647e+00
-6.7208673300173647e+00
0.0000000000000000e+00
-6.6980731254575891e+00
-6.6980731254575891e+00
0.0000000000000000e+00
-6.9188469969666446e+00
-6.9188469969666446e+00
0.0000000000000000e+00
-6.9627751592486504e+00
-6.9627751592486504e+00
0.0000000000000000e+00
-7.6296642848676903e+00
-7.6296642848676903e+00
0.0000000000000000e+00
-7.2997816712103125e+00
-7.2997816712103125e+00
0.0000000000000000e+00
-8.0980140666473162e+00
-8.0980140666473162e+00
0.0000000000000000e+00
-8.1080636912929869e+00
-8.1080636912929869e+00
0.0000000000000000e+00
-1.0661673480429434e+01
-1.0661673480429434e+01
0.0000000000000000e+00
-8.8092429662264191e+00
-8.8092429662264191e+00
0.0000000000000000e+00
-8.6842961982663169e+00
-8.6842961982663169e+00
0.0000000000000000e+00
-8.5641600576825958e+00
-8.5641600576825958e+00
0.0000000000000000e+00
-7.2941847019488897e+00
-7.2941847019488897e+00
0.0000000000000000e+00
-6.8793696939620599e+00
-6.8793696939620599e+00
0.0000000000000000e+00
-7.5613971157735875e+00
-7.5613971157735875e+00
0.0000000000000000e+00
-7.4663621355113481e+00
-7.4663621355113481e+00
0.0000000000000000e+00
-7.6226030396923452e+00
-7.6226030396923452e+00
0.0000000000000000e+00
-8.1868730956842288e+00
-8.1868730956842288e+00
0.0000000000000000e+00
-7.8866927491233483e+00
-7.8866927491233483e+00
0.0000000000000000e+00
-7.7551237393781935e+00
-7.7551237393781935e+00
0.0000000000000000e+00
-8.0344182167523144e+00
-8.0344182167523144e+00
0.0000000000000000e+00
-7.5226366406363407e+00
-7.5226366406363407e+00
0.0000000000000000e+00
-7.6298703302586102e+00
-7.6298703302586102e+00
0.0000000000000000e+00
-7.1655984123402998e+00
-7.1655984123402998e+00
0.0000000000000000e+00
-7.0253088884327282e+00
-7.0253088884327282e+00
0.0000000000000000e+00
-7.4523323906653527e+00
-7.4523323906653527e+00
0.0000000000000000e+00
-6.7226443383523335e+00
-6.7226443383523335e+00
0.0000000000000000e+00
-6.7182651431570699e+00
-6.7182651431570699e+00
0.0000000000000000e+00
-7.6871686913209558e+00
-7.6871686913209558e+00
0.0000000000000000e+00
-6.2237185863291309e+00
-6.2237185863291309e+00
0.0000000000000000e+00
-7.9646746229224492e+00
-7.9646746229224492e+00
0.0000000000000000e+00
-8.0690652773127685e+00
-8.0690652773127685e+00
0.0000000000000000e+00
-6.9580750788763304e+00
-6.9580750788763304e+00
0.0000000000000000e+00
-7.4750469895322667e+00
-7.4750469895322667e+00
0.0000000000000000e+00
-8.1727113759467507e+00
-8.1727113759467507e+00
0.0000000000000000e+00
-7.5146867843681449e+00
-7.5146867843681449e+00
0.0000000000000000e+00
-6.5686179284720989e+00
-6.5686179284720989e+00
0.0000000000000000e+00
-6.4544543547743727e+00
-6.4544543547743727e+00
0.0000000000000000e+00
-6.6277092269756821e+00
-6.6277092269756821e+00
0.0000000000000000e+00
-6.5484881635883880e+00
-6.5484881635883880e+00
0.0000000000000000e+00
-6.6272551551324268e+00
-6.6272551551324268e+00
0.0000000000000000e+00
-8.3169264902651996e+00
-8.3169264902651996e+00
0.0000000000000000e+00
-1.0930998422723832e+01
-1.0930998422723832e+01
0.0000000000000000e+00
-1.1246213060039029e+01
-1.1246213060039029e+01
0.0000000000000000e+00
-8.4046796952190128e+00
-8.4046796952190128e+00
0.0000000000000000e+00
-9.3289685866808583e+00
-9.3289685866808583e+00
0.0000000000000000e+00
-8.3860659188796660e+00
-8.3860659188796660e+00
0.0000000000000000e+00
-8.3020384416048643e+00
-8.3020384416048643e+00
0.0000000000000000e+00
-8.2983211955986995e+00
-8.2983211955986995e+00
0.0000000000000000e+00
-6.1622124389556427e+00
-6.1622124389556427e+00
0.0000000000000000e+00
-6.4090647617511971e+00
-6.4090647617511971e+00
0.0000000000000000e+00
-7.5241943674511305e+00
-7.5241943674511305e+00
0.0000000000000000e+00
-6.8550087608901471e+00
-6.8550087608901471e+00
0.0000000000000000e+00
