3
1000
-6.3166657175641756e+00
-6.3166657175641756e+00
0.0000000000000000e+00
-6.0434886362945308e+00
-6.0434886362945308e+00
0.0000000000000000e+00
-7.3180545683395337e+00
-7.3180545683395337e+00
0.0000000000000000e+00
-6.4191912452390820e+00
-6.4191912452390820e+00
0.0000000000000000e+00
-6.9763715445532100e+00
-6.9763715445532100e+00
0.0000000000000000e+00
-7.0190003367838028e+00
-7.0190003367838028e+00
0.0000000000000000e+00
-5.6278854084637384e+00
-5.6278854084637384e+00
0.0000000000000000e+00
-5.7556593183273819e+00
-5.7556593183273819e+00
0.0000000000000000e+00
-7.2077786384672002e+00
-7.2077786384672002e+00
0.0000000000000000e+00
-7.8241956428239554e+00
-7.8241956428239554e+00
0.0000000000000000e+00
-7.0909569183456780e+00
-7.0909569183456780e+00
0.0000000000000000e+00
-6.7850211019758593e+00
-6.7850211019758593e+00
0.0000000000000000e+00
-7.7101886619413698e+00
-7.7101886619413698e+00
0.0000000000000000e+00
-5.1832602504723049e+00
-5.1832602504723049e+00
0.0000000000000000e+00
-5.7247894176336027e+00
-5.7247894176336027e+00
0.0000000000000000e+00
-5.5806370839796120e+00
-5.5806370839796120e+00
0.0000000000000000e+00
-5.5656585182421701e+00
-5.5656585182421701e+00
0.0000000000000000e+00
-6.4612407436150914e+00
-6.4612407436150914e+00
0.0000000000000000e+00
-5.2854698871404207e+00
-5.2854698871404207e+00
0.0000000000000000e+00
-5.2064744954036390e+00
-5.2064744954036390e+00
0.0000000000000000e+00
-5.2673050392398073e+00
-5.2673050392398073e+00
0.0000000000000000e+00
-5.2028013475166226e+00
-5.2028013475166226e+00
0.0000000000000000e+00
-5.7461917019470361e+00
-5.7461917019470361e+00
0.0000000000000000e+00
-5.3963559212771699e+00
-5.3963559212771699e+00
0.0000000000000000e+00
-5.0830319552914061e+00
-5.0830319552914061e+00
0.0000000000000000e+00
-5.1333795876705448e+00
-5.1333795876705448e+00
0.0000000000000000e+00
-5.3302677399704539e+00
-5.3302677399704539e+00
0.0000000000000000e+00
-5.3650306214527079e+00
-5.3650306214527079e+00
0.0000000000000000e+00
-5.5726015316434792e+00
-5.5726015316434792e+00
0.0000000000000000e+00
-6.2299583393767737e+00
-6.2299583393767737e+00
0.0000000000000000e+00
-7.6404546907560604e+00
-7.6404546907560604e+00
0.0000000000000000e+00
-8.0678123866049045e+00
-8.0678123866049045e+00
0.0000000000000000e+00
-6.9134182157771971e+00
-6.9134182157771971e+00
0.0000000000000000e+00
-6.7638445230457940e+00
-6.7638445230457940e+00
0.0000000000000000e+00
-8.4293895820969933e+00
-8.4293895820969933e+00
0.0000000000000000e+00
-1.0266229807633966e+01
-1.0266229807633966e+01
0.0000000000000000e+00
-7.4315345075290704e+00
-7.4315345075290704e+00
0.0000000000000000e+00
-8.8244935610363875e+00
-8.8244935610363875e+00
0.0000000000000000e+00
-8.4776767159121729e+00
-8.4776767159121729e+00
0.0000000000000000e+00
-6.8475477531097964e+00
-6.8475477531097964e+00
0.0000000000000000e+00
-7.2293061285709044e+00
-7.2293061285709044e+00
0.0000000000000000e+00
-7.6630244070258717e+00
-7.6630244070258717e+00
0.0000000000000000e+00
-6.5240577405448157e+00
-6.5240577405448157e+00
0.0000000000000000e+00
-7.0445069632814050e+00
-7.0445069632814050e+00
0.0000000000000000e+00
-7.9020131869590955e+00
-7.9020131869590955e+00
0.0000000000000000e+00
-5.7680134193236290e+00
-5.7680134193236290e+00
0.0000000000000000e+00
-5.7492466291658433e+00
-5.7492466291658433e+00
0.0000000000000000e+00
-5.8613943972436502e+00
-5.8613943972436502e+00
0.0000000000000000e+00
-6.0408036070290017e+00
-6.0408036070290017e+00
0.0000000000000000e+00
-5.1427506136595751e+00
-5.1427506136595751e+00
0.0000000000000000e+00
-7.4311771468451084e+00
-7.4311771468451084e+00
0.0000000000000000e+00
-6.7288681581184253e+00
-6.7288681581184253e+00
0.0000000000000000e+00
-6.7508992353744510e+00
-6.7508992353744510e+00
0.0000000000000000e+00
-6.1344899510645066e+00
-6.1344899510645066e+00
0.0000000000000000e+00
-5.4194144430974758e+00
-5.4194144430974758e+00
0.0000000000000000e+00
-5.4035364541699700e+00
-5.4035364541699700e+00
0.0000000000000000e+00
-5.1028066378256032e+00
-5.1028066378256032e+00
0.0000000000000000e+00
-5.2706790015975695e+00
-5.2706790015975695e+00
0.0000000000000000e+00
-5.4627117550343742e+00
-5.4627117550343742e+00
0.0000000000000000e+00
-5.1964645246677508e+00
-5.1964645246677508e+00
0.0000000000000000e+00
-5.7105328092401004e+00
-5.7105328092401004e+00
0.0000000000000000e+00
-6.1910612448085960e+00
-6.1910612448085960e+00
0.0000000000000000e+00
-5.7806185931960101e+00
-5.7806185931960101e+00
0.0000000000000000e+00
-5.2355844525537680e+00
-5.2355844525537680e+00
0.0000000000000000e+00
-5.6850924001855239e+00
-5.6850924001855239e+00
0.0000000000000000e+00
-5.5463854797752710e+00
-5.5463854797752710e+00
0.0000000000000000e+00
-6.3242882786907497e+00
-6.3242882786907497e+00
0.0000000000000000e+00
-7.2673178074538543e+00
-7.2673178074538543e+00
0.0000000000000000e+00
-6.5103189604972957e+00
-6.5103189604972957e+00
0.0000000000000000e+00
-6.8506672929562784e+00
-6.8506672929562784e+00
0.0000000000000000e+00
-7.5970150596442405e+00
-7.5970150596442405e+00
0.0000000000000000e+00
-7.8052322933824190e+00
-7.8052322933824190e+00
0.0000000000000000e+00
-6.2916357680474713e+00
-6.2916357680474713e+00
0.0000000000000000e+00
-6.0940543337385229e+00
-6.0940543337385229e+00
0.0000000000000000e+00
-6.5662831062500331e+00
-6.5662831062500331e+00
0.0000000000000000e+00
-6.5366529464424747e+00
-6.5366529464424747e+00
0.0000000000000000e+00
-6.1081172710882781e+00
-6.1081172710882781e+00
0.0000000000000000e+00
-6.2381881701637383e+00
-6.2381881701637383e+00
0.0000000000000000e+00
-6.5831019438512968e+00
-6.5831019438512968e+00
0.0000000000000000e+00
-5.7325208654041937e+00
-5.7325208654041937e+00
0.0000000000000000e+00
-5.3255012909204638e+00
-5.3255012909204638e+00
0.0000000000000000e+00
-5.0794829799785282e+00
-5.0794829799785282e+00
0.0000000000000000e+00
-5.7771327521754605e+00
-5.7771327521754605e+00
0.0000000000000000e+00
-5.5155237479076256e+00
-5.5155237479076256e+00
0.0000000000000000e+00
-5.1112949157960861e+00
-5.1112949157960861e+00
0.0000000000000000e+00
-5.3118150965279094e+00
-5.3118150965279094e+00
0.0000000000000000e+00
-6.0445207344745207e+00
-6.0445207344745207e+00
0.0000000000000000e+00
-6.1505870208696685e+00
-6.1505870208696685e+00
0.0000000000000000e+00
-7.0473247320009520e+00
-7.0473247320009520e+00
0.0000000000000000e+00
-6.7890000696141826e+00
-6.7890000696141826e+00
0.0000000000000000e+00
-5.6648747970383075e+00
-5.6648747970383075e+00
0.0000000000000000e+00
-8.5553088097865135e+00
-8.5553088097865135e+00
0.0000000000000000e+00
-7.2703171571291758e+00
-7.2703171571291758e+00
0.0000000000000000e+00
-7.2323584458496661e+00
-7.2323584458496661e+00
0.0000000000000000e+00
-6.5648784168317071e+00
-6.5648784168317071e+00
0.0000000000000000e+00
-6.5419270533361615e+00
-6.5419270533361615e+00
0.0000000000000000e+00
-7.4656247081048406e+00
-7.4656247081048406e+00
0.0000000000000000e+00
-6.8108814587845217e+00
-6.8108814587845217e+00
0.0000000000000000e+00
-5.8551277726964059e+00
-5.8551277726964059e+00
0.0000000000000000e+00
-5.8026864759512833e+00
-5.8026864759512833e+00
0.0000000000000000e+00
-5.6527793850180483e+00
-5.6527793850180483e+00
0.0000000000000000e+00
-7.6385385638902399e+00
-7.6385385638902399e+00
0.0000000000000000e+00
-7.9832302308943053e+00
-7.9832302308943053e+00
0.0000000000000000e+00
-7.7268068536016594e+00
-7.7268068536016594e+00
0.0000000000000000e+00
-6.4866732282685620e+00
-6.4866732282685620e+00
0.0000000000000000e+00
-6.6198049183071195e+00
-6.6198049183071195e+00
0.0000000000000000e+00
-6.2818574275559431e+00
-6.2818574275559431e+00
0.0000000000000000e+00
-7.2457176569675461e+00
-7.2457176569675461e+00
0.0000000000000000e+00
-7.1224988283949546e+00
-7.1224988283949546e+00
0.0000000000000000e+00
-5.2382021707132509e+00
-5.2382021707132509e+00
0.0000000000000000e+00
-5.0039343546725883e+00
-5.0039343546725883e+00
0.0000000000000000e+00
-5.0351138622156419e+00
-5.0351138622156419e+00
0.0000000000000000e+00
-5.2333978414836153e+00
-5.2333978414836153e+00
0.0000000000000000e+00
-5.4117063163702284e+00
-5.4117063163702284e+00
0.0000000000000000e+00
-5.3590766269759911e+00
-5.3590766269759911e+00
0.0000000000000000e+00
-5.5260340229801557e+00
-5.5260340229801557e+00
0.0000000000000000e+00
-5.3175634373193663e+00
-5.3175634373193663e+00
0.0000000000000000e+00
-5.0743884484075013e+00
-5.0743884484075013e+00
0.0000000000000000e+00
-5.1575562323655681e+00
-5.1575562323655681e+00
0.0000000000000000e+00
-6.8282321210275194e+00
-6.8282321210275194e+00
0.0000000000000000e+00
-5.2006517641642267e+00
-5.2006517641642267e+00
0.0000000000000000e+00
-5.5602058890375758e+00
-5.5602058890375758e+00
0.0000000000000000e+00
-5.3283176130893395e+00
-5.3283176130893395e+00
0.0000000000000000e+00
-6.2683386335080575e+00
-6.2683386335080575e+00
0.0000000000000000e+00
-6.2003348690086355e+00
-6.2003348690086355e+00
0.0000000000000000e+00
-5.4398768337096595e+00
-5.4398768337096595e+00
0.0000000000000000e+00
-6.2246519944054945e+00
-6.2246519944054945e+00
0.0000000000000000e+00
-7.0097287530465326e+00
-7.0097287530465326e+00
0.0000000000000000e+00
-5.2904053910087452e+00
-5.2904053910087452e+00
0.0000000000000000e+00
-5.3132900813203161e+00
-5.3132900813203161e+00
0.0000000000000000e+00
-6.3455418258186702e+00
-6.3455418258186702e+00
0.0000000000000000e+00
-6.1878389734667634e+00
-6.1878389734667634e+00
0.0000000000000000e+00
-7.7022410460803048e+00
-7.7022410460803048e+00
0.0000000000000000e+00
-7.2349456955836242e+00
-7.2349456955836242e+00
0.0000000000000000e+00
-5.8686211543023168e+00
-5.8686211543023168e+00
0.0000000000000000e+00
-5.9109982889087931e+00
-5.9109982889087931e+00
0.0000000000000000e+00
-6.2853124122132487e+00
-6.2853124122132487e+00
0.0000000000000000e+00
-6.3663113349083167e+00
-6.3663113349083167e+00
0.0000000000000000e+00
-6.1858658384058769e+00
-6.1858658384058769e+00
0.0000000000000000e+00
-6.1133126821094059e+00
-6.1133126821094059e+00
0.0000000000000000e+00
-6.3894444672211002e+00
-6.3894444672211002e+00
0.0000000000000000e+00
-5.0979080149942968e+00
-5.0979080149942968e+00
0.0000000000000000e+00
-5.1107601000505953e+00
-5.1107601000505953e+00
0.0000000000000000e+00
-5.0970140734836340e+00
-5.0970140734836340e+00
0.0000000000000000e+00
-5.3708008765418223e+00
-5.3708008765418223e+00
0.0000000000000000e+00
-5.3931580260345555e+00
-5.3931580260345555e+00
0.0000000000000000e+00
-5.4649594242359658e+00
-5.4649594242359658e+00
0.0000000000000000e+00
-5.3612164965288462e+00
-5.3612164965288462e+00
0.0000000000000000e+00
-6.1387915739220995e+00
-6.1387915739220995e+00
0.0000000000000000e+00
-5.0950490126255179e+00
-5.0950490126255179e+00
0.0000000000000000e+00
-5.3334622616982585e+00
-5.3334622616982585e+00
0.0000000000000000e+00
-4.9602665825859962e+00
-4.9602665825859962e+00
0.0000000000000000e+00
-4.9885397655958750e+00
-4.9885397655958750e+00
0.0000000000000000e+00
-5.9698649560431782e+00
-5.9698649560431782e+00
0.0000000000000000e+00
-6.0418215939338751e+00
-6.0418215939338751e+00
0.0000000000000000e+00
-6.9559778229954876e+00
-6.9559778229954876e+00
0.0000000000000000e+00
-5.8371682771594049e+00
-5.8371682771594049e+00
0.0000000000000000e+00
-5.9443578607990872e+00
-5.9443578607990872e+00
0.0000000000000000e+00
-6.2038214985232960e+00
-6.2038214985232960e+00
0.0000000000000000e+00
-5.6146119005192396e+00
-5.6146119005192396e+00
0.0000000000000000e+00
-7.0125578206569088e+00
-7.0125578206569088e+00
0.0000000000000000e+00
-5.4311963371346010e+00
-5.4311963371346010e+00
0.0000000000000000e+00
-5.9284161112140259e+00
-5.9284161112140259e+00
0.0000000000000000e+00
-5.9956158752512092e+00
-5.9956158752512092e+00
0.0000000000000000e+00
-7.8233455958924907e+00
-7.8233455958924907e+00
0.0000000000000000e+00
-7.0528649595388426e+00
-7.0528649595388426e+00
0.0000000000000000e+00
-6.4824786218248471e+00
-6.4824786218248471e+00
0.0000000000000000e+00
-6.1909180642932000e+00
-6.1909180642932000e+00
0.0000000000000000e+00
-5.6896262889734812e+00
-5.6896262889734812e+00
0.0000000000000000e+00
-5.4541621725124809e+00
-5.4541621725124809e+00
0.0000000000000000e+00
-5.9809028248200047e+00
-5.9809028248200047e+00
0.0000000000000000e+00
-6.2331252522984304e+00
-6.2331252522984304e+00
0.0000000000000000e+00
-6.3825434646101389e+00
-6.3825434646101389e+00
0.0000000000000000e+00
-6.6693205479765760e+00
-6.6693205479765760e+00
0.0000000000000000e+00
-6.8896118007835057e+00
-6.8896118007835057e+00
0.0000000000000000e+00
-6.7934156027173076e+00
-6.7934156027173076e+00
0.0000000000000000e+00
-7.5760412335412823e+00
-7.5760412335412823e+00
0.0000000000000000e+00
-6.7721014433368119e+00
-6.7721014433368119e+00
0.0000000000000000e+00
-6.7645410713224621e+00
-6.7645410713224621e+00
0.0000000000000000e+00
-6.5959635283565206e+00
-6.5959635283565206e+00
0.0000000000000000e+00
-5.8604160631609705e+00
-5.8604160631609705e+00
0.0000000000000000e+00
-5.9306907783435223e+00
-5.9306907783435223e+00
0.0000000000000000e+00
-5.8264699797356938e+00
-5.8264699797356938e+00
0.0000000000000000e+00
-6.2203586754666542e+00
-6.2203586754666542e+00
0.0000000000000000e+00
-5.1567094692709352e+00
-5.1567094692709352e+00
0.0000000000000000e+00
-6.1403926380043909e+00
-6.1403926380043909e+00
0.0000000000000000e+00
-7.4632397025696466e+00
-7.4632397025696466e+00
0.0000000000000000e+00
-8.1859855819012211e+00
-8.1859855819012211e+00
0.0000000000000000e+00
-1.0915465592523747e+01
-1.0915465592523747e+01
0.0000000000000000e+00
-1.1921883796260520e+01
-1.1921883796260520e+01
0.0000000000000000e+00
-8.0181134773153460e+00
-8.0181134773153460e+00
0.0000000000000000e+00
-7.5590710507877077e+00
-7.5590710507877077e+00
0.0000000000000000e+00
-6.5376004095323408e+00
-6.5376004095323408e+00
0.0000000000000000e+00
-7.1240908602762634e+00
-7.1240908602762634e+00
0.0000000000000000e+00
-6.2707276672800552e+00
-6.2707276672800552e+00
0.0000000000000000e+00
-5.2379183304003663e+00
-5.2379183304003663e+00
0.0000000000000000e+00
-6.1524952441322442e+00
-6.1524952441322442e+00
0.0000000000000000e+00
-6.0715175337480281e+00
-6.0715175337480281e+00
0.0000000000000000e+00
-5.3684525596225185e+00
-5.3684525596225185e+00
0.0000000000000000e+00
-5.7201265723077821e+00
-5.7201265723077821e+00
0.0000000000000000e+00
-5.0506018906812695e+00
-5.0506018906812695e+00
0.0000000000000000e+00
-6.2179265980703482e+00
-6.2179265980703482e+00
0.0000000000000000e+00
-6.5704957896790450e+00
-6.5704957896790450e+00
0.0000000000000000e+00
-8.3448868296147580e+00
-8.3448868296147580e+00
0.0000000000000000e+00
-7.2733563726007011e+00
-7.2733563726007011e+00
0.0000000000000000e+00
-5.3317602282146934e+00
-5.3317602282146934e+00
0.0000000000000000e+00
-5.3719568417347920e+00
-5.3719568417347920e+00
0.0000000000000000e+00
-5.5439040608572174e+00
-5.5439040608572174e+00
0.0000000000000000e+00
-5.8554071150356126e+00
-5.8554071150356126e+00
0.0000000000000000e+00
-5.8600866911076288e+00
-5.8600866911076288e+00
0.0000000000000000e+00
-5.2461755683420908e+00
-5.2461755683420908e+00
0.0000000000000000e+00
-6.3411534960691913e+00
-6.3411534960691913e+00
0.0000000000000000e+00
-5.2454073648430946e+00
-5.2454073648430946e+00
0.0000000000000000e+00
-5.2704609702784930e+00
-5.2704609702784930e+00
0.0000000000000000e+00
-5.3049464919903144e+00
-5.3049464919903144e+00
0.0000000000000000e+00
-5.7742551998405123e+00
-5.7742551998405123e+00
0.0000000000000000e+00
-5.3396982458527376e+00
-5.3396982458527376e+00
0.0000000000000000e+00
-5.2973794230404083e+00
-5.2973794230404083e+00
0.0000000000000000e+00
-5.1174462415463076e+00
-5.1174462415463076e+00
0.0000000000000000e+00
-5.0932558385672806e+00
-5.0932558385672806e+00
0.0000000000000000e+00
-5.0444152510617704e+00
-5.0444152510617704e+00
0.0000000000000000e+00
-5.1711615877464920e+00
-5.1711615877464920e+00
0.0000000000000000e+00
-5.5428894931202688e+00
-5.5428894931202688e+00
0.0000000000000000e+00
-5.6054800457414657e+00
-5.6054800457414657e+00
0.0000000000000000e+00
-5.5141911931541436e+00
-5.5141911931541436e+00
0.0000000000000000e+00
-5.2770869655392882e+00
-5.2770869655392882e+00
0.0000000000000000e+00
-5.4110872703003059e+00
-5.4110872703003059e+00
0.0000000000000000e+00
-5.5117912261899189e+00
-5.5117912261899189e+00
0.0000000000000000e+00
-5.6298954801069652e+00
-5.6298954801069652e+00
0.0000000000000000e+00
-5.2264092519996037e+00
-5.2264092519996037e+00
0.0000000000000000e+00
-6.8551409676818160e+00
-6.8551409676818160e+00
0.0000000000000000e+00
-5.1529904531653514e+00
-5.1529904531653514e+00
0.0000000000000000e+00
-5.3655047164036249e+00
-5.3655047164036249e+00
0.0000000000000000e+00
-5.7643332782059282e+00
-5.7643332782059282e+00
0.0000000000000000e+00
-5.8722100703829270e+00
-5.8722100703829270e+00
0.0000000000000000e+00
-5.4931028695392445e+00
-5.4931028695392445e+00
0.0000000000000000e+00
-5.8757278640439843e+00
-5.8757278640439843e+00
0.0000000000000000e+00
-6.1560514978114291e+00
-6.1560514978114291e+00
0.0000000000000000e+00
-6.0580458544771467e+00
-6.0580458544771467e+00
0.0000000000000000e+00
-5.2385855036094551e+00
-5.2385855036094551e+00
0.0000000000000000e+00
-5.4882021709998519e+00
-5.4882021709998519e+00
0.0000000000000000e+00
-5.0941929689260981e+00
-5.0941929689260981e+00
0.0000000000000000e+00
-5.0369398989557910e+00
-5.0369398989557910e+00
0.0000000000000000e+00
-4.9911925747782879e+00
-4.9911925747782879e+00
0.0000000000000000e+00
-4.8908547761862398e+00
-4.8908547761862398e+00
0.0000000000000000e+00
-5.1093386043037547e+00
-5.1093386043037547e+00
0.0000000000000000e+00
-5.2462743565109582e+00
-5.2462743565109582e+00
0.0000000000000000e+00
-5.5874793233115474e+00
-5.5874793233115474e+00
0.0000000000000000e+00
-5.0456309070454211e+00
-5.0456309070454211e+00
0.0000000000000000e+00
-5.0515336506742088e+00
-5.0515336506742088e+00
0.0000000000000000e+00
-5.0664710706986806e+00
-5.0664710706986806e+00
0.0000000000000000e+00
-4.9423282452309811e+00
-4.9423282452309811e+00
0.0000000000000000e+00
-4.9445718498367137e+00
-4.9445718498367137e+00
0.0000000000000000e+00
-5.8791375609932661e+00
-5.8791375609932661e+00
0.0000000000000000e+00
-5.0613757711074330e+00
-5.0613757711074330e+00
0.0000000000000000e+00
-5.4059221989130091e+00
-5.4059221989130091e+00
0.0000000000000000e+00
-5.3113394032585219e+00
-5.3113394032585219e+00
0.0000000000000000e+00
-6.3656861034767953e+00
-6.3656861034767953e+00
0.0000000000000000e+00
-7.2541679833422084e+00
-7.2541679833422084e+00
0.0000000000000000e+00
-7.9822052684723115e+00
-7.9822052684723115e+00
0.0000000000000000e+00
-5.0598798617346494e+00
-5.0598798617346494e+00
0.0000000000000000e+00
-5.2749808916235077e+00
-5.2749808916235077e+00
0.0000000000000000e+00
-5.2424335118898346e+00
-5.2424335118898346e+00
0.0000000000000000e+00
-5.8012502928382865e+00
-5.8012502928382865e+00
0.0000000000000000e+00
-5.4732113608583361e+00
-5.4732113608583361e+00
0.0000000000000000e+00
-6.1914052928379970e+00
-6.1914052928379970e+00
0.0000000000000000e+00
-7.7029739291296266e+00
-7.7029739291296266e+00
0.0000000000000000e+00
-7.9074736357829156e+00
-7.9074736357829156e+00
0.0000000000000000e+00
-7.9969595500812147e+00
-7.9969595500812147e+00
0.0000000000000000e+00
-6.5351763075314420e+00
-6.5351763075314420e+00
0.0000000000000000e+00
-6.1926490635213245e+00
-6.1926490635213245e+00
0.0000000000000000e+00
-7.9565626959783540e+00
-7.9565626959783540e+00
0.0000000000000000e+00
-7.7925352929048533e+00
-7.7925352929048533e+00
0.0000000000000000e+00
-9.7370356616186733e+00
-9.7370356616186733e+00
0.0000000000000000e+00
-8.7110877912876035e+00
-8.7110877912876035e+00
0.0000000000000000e+00
-9.4996011838828895e+00
-9.4996011838828895e+00
0.0000000000000000e+00
-9.1467547835416347e+00
-9.1467547835416347e+00
0.0000000000000000e+00
-9.2683238893624633e+00
-9.2683238893624633e+00
0.0000000000000000e+00
-1.0689744903290574e+01
-1.0689744903290574e+01
0.0000000000000000e+00
-9.3171862572477870e+00
-9.3171862572477870e+00
0.0000000000000000e+00
-8.5672376223292339e+00
-8.5672376223292339e+00
0.0000000000000000e+00
-8.5356472114839512e+00
-8.5356472114839512e+00
0.0000000000000000e+00
-6.6679993331810117e+00
-6.6679993331810117e+00
0.0000000000000000e+00
-6.3372818211899622e+00
-6.3372818211899622e+00
0.0000000000000000e+00
-6.0193760795549540e+00
-6.0193760795549540e+00
0.0000000000000000e+00
-5.4948132720878737e+00
-5.4948132720878737e+00
0.0000000000000000e+00
-5.7520243558244770e+00
-5.7520243558244770e+00
0.0000000000000000e+00
-5.7966464432997853e+00
-5.7966464432997853e+00
0.0000000000000000e+00
-6.1863542116448764e+00
-6.1863542116448764e+00
0.0000000000000000e+00
-6.0200245949284241e+00
-6.0200245949284241e+00
0.0000000000000000e+00
-6.4452051909844332e+00
-6.4452051909844332e+00
0.0000000000000000e+00
-6.4287462263006008e+00
-6.4287462263006008e+00
0.0000000000000000e+00
-8.1695017413871103e+00
-8.1695017413871103e+00
0.0000000000000000e+00
-8.5757463371066898e+00
-8.5757463371066898e+00
0.0000000000000000e+00
-7.5780004567118695e+00
-7.5780004567118695e+00
0.0000000000000000e+00
-5.8483134138887234e+00
-5.8483134138887234e+00
0.0000000000000000e+00
-5.6443395122209514e+00
-5.6443395122209514e+00
0.0000000000000000e+00
-5.5678418025661180e+00
-5.5678418025661180e+00
0.0000000000000000e+00
-5.7126187909291186e+00
-5.7126187909291186e+00
0.0000000000000000e+00
-6.0093027148060170e+00
-6.0093027148060170e+00
0.0000000000000000e+00
-5.8064905738531625e+00
-5.8064905738531625e+00
0.0000000000000000e+00
-7.0946487575933483e+00
-7.0946487575933483e+00
0.0000000000000000e+00
-7.3926072335947524e+00
-7.3926072335947524e+00
0.0000000000000000e+00
-8.1076932745101296e+00
-8.1076932745101296e+00
0.0000000000000000e+00
-7.3737479640097607e+00
-7.3737479640097607e+00
0.0000000000000000e+00
-6.9235064231357857e+00
-6.9235064231357857e+00
0.0000000000000000e+00
-6.6247769410712127e+00
-6.6247769410712127e+00
0.0000000000000000e+00
-7.7919455624115379e+00
-7.7919455624115379e+00
0.0000000000000000e+00
-7.8762214687404768e+00
-7.8762214687404768e+00
0.0000000000000000e+00
-8.0273595467846803e+00
-8.0273595467846803e+00
0.0000000000000000e+00
-6.9045872313332444e+00
-6.9045872313332444e+00
0.0000000000000000e+00
-6.4914627255079296e+00
-6.4914627255079296e+00
0.0000000000000000e+00
-5.8054177890168406e+00
-5.8054177890168406e+00
0.0000000000000000e+00
-5.7271411606639795e+00
-5.7271411606639795e+00
0.0000000000000000e+00
-5.7850526872077150e+00
-5.7850526872077150e+00
0.0000000000000000e+00
-5.6589847465170546e+00
-5.6589847465170546e+00
0.0000000000000000e+00
-7.9465213950223843e+00
-7.9465213950223843e+00
0.0000000000000000e+00
-7.7079941404913885e+00
-7.7079941404913885e+00
0.0000000000000000e+00
-7.0329596304365829e+00
-7.0329596304365829e+00
0.0000000000000000e+00
-6.9809045560681557e+00
-6.9809045560681557e+00
0.0000000000000000e+00
-6.2418469787913899e+00
-6.2418469787913899e+00
0.0000000000000000e+00
-6.0736482617132204e+00
-6.0736482617132204e+00
0.0000000000000000e+00
-9.8985967950273697e+00
-9.8985967950273697e+00
0.0000000000000000e+00
-7.8242865495329692e+00
-7.8242865495329692e+00
0.0000000000000000e+00
-8.9817429953464067e+00
-8.9817429953464067e+00
0.0000000000000000e+00
-9.2655591955886472e+00
-9.2655591955886472e+00
0.0000000000000000e+00
-7.5163821715415331e+00
-7.5163821715415331e+00
0.0000000000000000e+00
-5.8330618378741219e+00
-5.8330618378741219e+00
0.0000000000000000e+00
-7.8958228111398254e+00
-7.8958228111398254e+00
0.0000000000000000e+00
-8.2251798295967262e+00
-8.2251798295967262e+00
0.0000000000000000e+00
-5.6416544356312048e+00
-5.6416544356312048e+00
0.0000000000000000e+00
-5.9399522254183594e+00
-5.9399522254183594e+00
0.0000000000000000e+00
-5.7472324499485374e+00
-5.7472324499485374e+00
0.0000000000000000e+00
-5.8380790567962890e+00
-5.8380790567962890e+00
0.0000000000000000e+00
-6.6796316734128922e+00
-6.6796316734128922e+00
0.0000000000000000e+00
-6.7553125737335735e+00
-6.7553125737335735e+00
0.0000000000000000e+00
-6.7665822666851110e+00
-6.7665822666851110e+00
0.0000000000000000e+00
-6.2829539099554017e+00
-6.2829539099554017e+00
0.0000000000000000e+00
-5.6471400738101352e+00
-5.6471400738101352e+00
0.0000000000000000e+00
-6.3134973423644363e+00
-6.3134973423644363e+00
0.0000000000000000e+00
-4.9678399392884414e+00
-4.9678399392884414e+00
0.0000000000000000e+00
-5.7296220543086651e+00
-5.7296220543086651e+00
0.0000000000000000e+00
-5.5559689427136307e+00
-5.5559689427136307e+00
0.0000000000000000e+00
-5.2080349651550799e+00
-5.2080349651550799e+00
0.0000000000000000e+00
-4.9869936898761331e+00
-4.9869936898761331e+00
0.0000000000000000e+00
-5.1935158720948431e+00
-5.1935158720948431e+00
0.0000000000000000e+00
-5.1183898932146192e+00
-5.1183898932146192e+00
0.0000000000000000e+00
-5.8558952182416331e+00
-5.8558952182416331e+00
0.0000000000000000e+00
-6.1774282296869192e+00
-6.1774282296869192e+00
0.0000000000000000e+00
-5.5370382175201689e+00
-5.5370382175201689e+00
0.0000000000000000e+00
-6.0967261390062610e+00
-6.0967261390062610e+00
0.0000000000000000e+00
-5.3207012374781932e+00
-5.3207012374781932e+00
0.0000000000000000e+00
-6.2412134912218749e+00
-6.2412134912218749e+00
0.0000000000000000e+00
-6.3757565900832995e+00
-6.3757565900832995e+00
0.0000000000000000e+00
-1.1289470686055278e+01
-1.1289470686055278e+01
0.0000000000000000e+00
-1.1384943994912266e+01
-1.1384943994912266e+01
0.0000000000000000e+00
-8.6053912727767141e+00
-8.6053912727767141e+00
0.0000000000000000e+00
-8.5575878774825878e+00
-8.5575878774825878e+00
0.0000000000000000e+00
-8.9019428864485075e+00
-8.9019428864485075e+00
0.0000000000000000e+00
-8.9130526019595706e+00
-8.9130526019595706e+00
0.0000000000000000e+00
-8.8207811309690651e+00
-8.8207811309690651e+00
0.0000000000000000e+00
-5.6521249952579016e+00
-5.6521249952579016e+00
0.0000000000000000e+00
-6.7613286383993429e+00
-6.7613286383993429e+00
0.0000000000000000e+00
-5.9376854488528590e+00
-5.9376854488528590e+00
0.0000000000000000e+00
-5.9455742798962348e+00
-5.9455742798962348e+00
0.0000000000000000e+00
-6.1531688629796282e+00
-6.1531688629796282e+00
0.0000000000000000e+00
-5.6094304391575260e+00
-5.6094304391575260e+00
0.0000000000000000e+00
-6.3358115308229550e+00
-6.3358115308229550e+00
0.0000000000000000e+00
-7.0225235850027987e+00
-7.0225235850027987e+00
0.0000000000000000e+00
-5.1555398088211479e+00
-5.1555398088211479e+00
0.0000000000000000e+00
-5.2666490005486075e+00
-5.2666490005486075e+00
0.0000000000000000e+00
-6.5218213047338995e+00
-6.5218213047338995e+00
0.0000000000000000e+00
-9.2145637291198490e+00
-9.2145637291198490e+00
0.0000000000000000e+00
-5.3659487797920935e+00
-5.3659487797920935e+00
0.0000000000000000e+00
-5.3873123009328863e+00
-5.3873123009328863e+00
0.0000000000000000e+00
-5.2669542827616276e+00
-5.2669542827616276e+00
0.0000000000000000e+00
-5.3550986366185800e+00
-5.3550986366185800e+00
0.0000000000000000e+00
-5.4225651730208950e+00
-5.4225651730208950e+00
0.0000000000000000e+00
-5.4517626772372925e+00
-5.4517626772372925e+00
0.0000000000000000e+00
-5.4537746386056023e+00
-5.4537746386056023e+00
0.0000000000000000e+00
-6.3519125722410621e+00
-6.3519125722410621e+00
0.0000000000000000e+00
-6.4184306928856900e+00
-6.4184306928856900e+00
0.0000000000000000e+00
-6.2039259147891759e+00
-6.2039259147891759e+00
0.0000000000000000e+00
-6.4443815733020768e+00
-6.4443815733020768e+00
0.0000000000000000e+00
-7.2510903789113890e+00
-7.2510903789113890e+00
0.0000000000000000e+00
-5.9724764811636284e+00
-5.9724764811636284e+00
0.0000000000000000e+00
-5.2471898070496081e+00
-5.2471898070496081e+00
0.0000000000000000e+00
-6.0152953487430283e+00
-6.0152953487430283e+00
0.0000000000000000e+00
-5.4355298344598522e+00
-5.4355298344598522e+00
0.0000000000000000e+00
-8.3822471724679843e+00
-8.3822471724679843e+00
0.0000000000000000e+00
-6.6482956514399740e+00
-6.6482956514399740e+00
0.0000000000000000e+00
-5.3718371676056496e+00
-5.3718371676056496e+00
0.0000000000000000e+00
-5.2095782586089205e+00
-5.2095782586089205e+00
0.0000000000000000e+00
-5.4306244610042782e+00
-5.4306244610042782e+00
0.0000000000000000e+00
-5.8988413629697929e+00
-5.8988413629697929e+00
0.0000000000000000e+00
-6.1344563587093175e+00
-6.1344563587093175e+00
0.0000000000000000e+00
-6.4259789216115406e+00
-6.4259789216115406e+00
0.0000000000000000e+00
-6.5938536602359941e+00
-6.5938536602359941e+00
0.0000000000000000e+00
-6.6102803675356760e+00
-6.6102803675356760e+00
0.0000000000000000e+00
-5.0657591014053249e+00
-5.0657591014053249e+00
0.0000000000000000e+00
-5.2030400822422740e+00
-5.2030400822422740e+00
0.0000000000000000e+00
-5.2963827367978622e+00
-5.2963827367978622e+00
0.0000000000000000e+00
-5.2518065873639266e+00
-5.2518065873639266e+00
0.0000000000000000e+00
-5.2062505100200793e+00
-5.2062505100200793e+00
0.0000000000000000e+00
-5.0874394199062278e+00
-5.0874394199062278e+00
0.0000000000000000e+00
-5.9772154597637419e+00
-5.9772154597637419e+00
0.0000000000000000e+00
-5.1345267173097628e+00
-5.1345267173097628e+00
0.0000000000000000e+00
-6.3974628187986280e+00
-6.3974628187986280e+00
0.0000000000000000e+00
-5.4579091613872475e+00
-5.4579091613872475e+00
0.0000000000000000e+00
-5.1979720312361861e+00
-5.1979720312361861e+00
0.0000000000000000e+00
-5.2615681644819254e+00
-5.2615681644819254e+00
0.0000000000000000e+00
-6.2459203585698466e+00
-6.2459203585698466e+00
0.0000000000000000e+00
-5.5611663241298199e+00
-5.5611663241298199e+00
0.0000000000000000e+00
-6.3182531886432445e+00
-6.3182531886432445e+00
0.0000000000000000e+00
-5.4268309975053075e+00
-5.4268309975053075e+00
0.0000000000000000e+00
-4.9348382573177512e+00
-4.9348382573177512e+00
0.0000000000000000e+00
-5.2808656816763770e+00
-5.2808656816763770e+00
0.0000000000000000e+00
-5.0258121407896796e+00
-5.0258121407896796e+00
0.0000000000000000e+00
-5.0959355412754030e+00
-5.0959355412754030e+00
0.0000000000000000e+00
-5.2236631586590354e+00
-5.2236631586590354e+00
0.0000000000000000e+00
-5.9577958223617502e+00
-5.9577958223617502e+00
0.0000000000000000e+00
-5.1933828983195518e+00
-5.1933828983195518e+00
0.0000000000000000e+00
-5.1804364226068556e+00
-5.1804364226068556e+00
0.0000000000000000e+00
-6.1001271466034845e+00
-6.1001271466034845e+00
0.0000000000000000e+00
-6.0990267034810248e+00
-6.0990267034810248e+00
0.0000000000000000e+00
-6.1468290392529195e+00
-6.1468290392529195e+00
0.0000000000000000e+00
-5.9483741299380526e+00
-5.9483741299380526e+00
0.0000000000000000e+00
-5.7302863691620747e+00
-5.7302863691620747e+00
0.0000000000000000e+00
-6.1628358682474778e+00
-6.1628358682474778e+00
0.0000000000000000e+00
-5.2311773671412842e+00
-5.2311773671412842e+00
0.0000000000000000e+00
-4.9882880652002477e+00
-4.9882880652002477e+00
0.0000000000000000e+00
-5.4649545872161038e+00
-5.4649545872161038e+00
0.0000000000000000e+00
-5.4463404398962867e+00
-5.4463404398962867e+00
0.0000000000000000e+00
-5.5145059970823631e+00
-5.5145059970823631e+00
0.0000000000000000e+00
-5.2754488699939239e+00
-5.2754488699939239e+00
0.0000000000000000e+00
-5.1555472183157196e+00
-5.1555472183157196e+00
0.0000000000000000e+00
-5.2101840382617493e+00
-5.2101840382617493e+00
0.0000000000000000e+00
-4.9981655286091629e+00
-4.9981655286091629e+00
0.0000000000000000e+00
-5.1710994437047200e+00
-5.1710994437047200e+00
0.0000000000000000e+00
-5.9785886452172514e+00
-5.9785886452172514e+00
0.0000000000000000e+00
-8.5905978737958062e+00
-8.5905978737958062e+00
0.0000000000000000e+00
-9.1444863714528850e+00
-9.1444863714528850e+00
0.0000000000000000e+00
-8.7818833605667788e+00
-8.7818833605667788e+00
0.0000000000000000e+00
-8.8306138977666517e+00
-8.8306138977666517e+00
0.0000000000000000e+00
-7.8550347889877825e+00
-7.8550347889877825e+00
0.0000000000000000e+00
-7.2082039254026711e+00
-7.2082039254026711e+00
0.0000000000000000e+00
-7.1071889231548475e+00
-7.1071889231548475e+00
0.0000000000000000e+00
-7.2952176182026029e+00
-7.2952176182026029e+00
0.0000000000000000e+00
-7.0960291998603440e+00
-7.0960291998603440e+00
0.0000000000000000e+00
-5.3419805074834299e+00
-5.3419805074834299e+00
0.0000000000000000e+00
-5.1875323293520914e+00
-5.1875323293520914e+00
0.0000000000000000e+00
-5.3797826229028285e+00
-5.3797826229028285e+00
0.0000000000000000e+00
-5.7703347559365010e+00
-5.7703347559365010e+00
0.0000000000000000e+00
-6.4042890196540405e+00
-6.4042890196540405e+00
0.0000000000000000e+00
-5.3358021285166330e+00
-5.3358021285166330e+00
0.0000000000000000e+00
-5.2156392589502358e+00
-5.2156392589502358e+00
0.0000000000000000e+00
-4.9847322617534164e+00
-4.9847322617534164e+00
0.0000000000000000e+00
-5.2457982220869281e+00
-5.2457982220869281e+00
0.0000000000000000e+00
-5.4215467900177305e+00
-5.4215467900177305e+00
0.0000000000000000e+00
-5.3318801833168035e+00
-5.3318801833168035e+00
0.0000000000000000e+00
-7.0533532155938232e+00
-7.0533532155938232e+00
0.0000000000000000e+00
-6.7704566465894764e+00
-6.7704566465894764e+00
0.0000000000000000e+00
-6.7704566465894764e+00
-6.7704566465894764e+00
0.0000000000000000e+00
-7.0790266714533256e+00
-7.0790266714533256e+00
0.0000000000000000e+00
-6.7812062064884504e+00
-6.7812062064884504e+00
0.0000000000000000e+00
-7.0098261182296691e+00
-7.0098261182296691e+00
0.0000000000000000e+00
-7.8684799812546906e+00
-7.8684799812546906e+00
0.0000000000000000e+00
-7.5781123831702661e+00
-7.5781123831702661e+00
0.0000000000000000e+00
-7.0443904133444653e+00
-7.0443904133444653e+00
0.0000000000000000e+00
-7.0340105706354867e+00
-7.0340105706354867e+00
0.0000000000000000e+00
-6.9284275773514921e+00
-6.9284275773514921e+00
0.0000000000000000e+00
-6.9081908478062495e+00
-6.9081908478062495e+00
0.0000000000000000e+00
-7.1998098909588091e+00
-7.1998098909588091e+00
0.0000000000000000e+00
-5.6365291007127283e+00
-5.6365291007127283e+00
0.0000000000000000e+00
-5.1294763179294840e+00
-5.1294763179294840e+00
0.0000000000000000e+00
-5.1514660039604658e+00
-5.1514660039604658e+00
0.0000000000000000e+00
-5.2485466050606959e+00
-5.2485466050606959e+00
0.0000000000000000e+00
-5.0856717326162864e+00
-5.0856717326162864e+00
0.0000000000000000e+00
-5.0398119316057226e+00
-5.0398119316057226e+00
0.0000000000000000e+00
-4.9681474942746400e+00
-4.9681474942746400e+00
0.0000000000000000e+00
-4.9461149616018014e+00
-4.9461149616018014e+00
0.0000000000000000e+00
-5.0107695427701797e+00
-5.0107695427701797e+00
0.0000000000000000e+00
-5.1727301590223531e+00
-5.1727301590223531e+00
0.0000000000000000e+00
-5.0218797874041190e+00
-5.0218797874041190e+00
0.0000000000000000e+00
-5.5775325168834078e+00
-5.5775325168834078e+00
0.0000000000000000e+00
-5.7716738334816675e+00
-5.7716738334816675e+00
0.0000000000000000e+00
-6.9726938921724662e+00
-6.9726938921724662e+00
0.0000000000000000e+00
-7.4857842290033556e+00
-7.4857842290033556e+00
0.0000000000000000e+00
-7.8991032614050365e+00
-7.8991032614050365e+00
0.0000000000000000e+00
-6.4575099483672478e+00
-6.4575099483672478e+00
0.0000000000000000e+00
-5.8885892305482486e+00
-5.8885892305482486e+00
0.0000000000000000e+00
-6.6933314604604917e+00
-6.6933314604604917e+00
0.0000000000000000e+00
-6.1688231096856159e+00
-6.1688231096856159e+00
0.0000000000000000e+00
-7.1874323511744631e+00
-7.1874323511744631e+00
0.0000000000000000e+00
-6.7714269591047369e+00
-6.7714269591047369e+00
0.0000000000000000e+00
-6.6038568104005986e+00
-6.6038568104005986e+00
0.0000000000000000e+00
-5.6876517803154893e+00
-5.6876517803154893e+00
0.0000000000000000e+00
-5.1908352352323623e+00
-5.1908352352323623e+00
0.0000000000000000e+00
-5.4433818491826589e+00
-5.4433818491826589e+00
0.0000000000000000e+00
-4.9718663044774631e+00
-4.9718663044774631e+00
0.0000000000000000e+00
-4.9329476887873351e+00
-4.9329476887873351e+00
0.0000000000000000e+00
-5.3215566391753804e+00
-5.3215566391753804e+00
0.0000000000000000e+00
-5.8222545598830990e+00
-5.8222545598830990e+00
0.0000000000000000e+00
-6.6915746488464851e+00
-6.6915746488464851e+00
0.0000000000000000e+00
-5.2474896187723559e+00
-5.2474896187723559e+00
0.0000000000000000e+00
-5.0611564460683249e+00
-5.0611564460683249e+00
0.0000000000000000e+00
-5.5216850526278582e+00
-5.5216850526278582e+00
0.0000000000000000e+00
-5.6791685695086596e+00
-5.6791685695086596e+00
0.0000000000000000e+00
-8.3024497908732862e+00
-8.3024497908732862e+00
0.0000000000000000e+00
-8.0272683729904113e+00
-8.0272683729904113e+00
0.0000000000000000e+00
-7.6439170106270788e+00
-7.6439170106270788e+00
0.0000000000000000e+00
-8.7490857698920266e+00
-8.7490857698920266e+00
0.0000000000000000e+00
-8.3884559090343380e+00
-8.3884559090343380e+00
0.0000000000000000e+00
-7.9834272495596714e+00
-7.9834272495596714e+00
0.0000000000000000e+00
-7.0118609500651088e+00
-7.0118609500651088e+00
0.0000000000000000e+00
-5.7274228903553173e+00
-5.7274228903553173e+00
0.0000000000000000e+00
-5.9342844668285446e+00
-5.9342844668285446e+00
0.0000000000000000e+00
-8.5020180688937632e+00
-8.5020180688937632e+00
0.0000000000000000e+00
-8.7404983456117780e+00
-8.7404983456117780e+00
0.0000000000000000e+00
-8.1177343328933347e+00
-8.1177343328933347e+00
0.0000000000000000e+00
-7.0234487937296199e+00
-7.0234487937296199e+00
0.0000000000000000e+00
-5.6397910171215253e+00
-5.6397910171215253e+00
0.0000000000000000e+00
-5.2035414998936984e+00
-5.2035414998936984e+00
0.0000000000000000e+00
-4.9993712750541635e+00
-4.9993712750541635e+00
0.0000000000000000e+00
-4.9860411186073677e+00
-4.9860411186073677e+00
0.0000000000000000e+00
-4.9015612017478398e+00
-4.9015612017478398e+00
0.0000000000000000e+00
-5.3285709264510981e+00
-5.3285709264510981e+00
0.0000000000000000e+00
-5.3420379035274292e+00
-5.3420379035274292e+00
0.0000000000000000e+00
-5.6108342845773347e+00
-5.6108342845773347e+00
0.0000000000000000e+00
-5.5005606151999507e+00
-5.5005606151999507e+00
0.0000000000000000e+00
-5.4917752964752093e+00
-5.4917752964752093e+00
0.0000000000000000e+00
-5.4901654010125789e+00
-5.4901654010125789e+00
0.0000000000000000e+00
-5.3953934960486434e+00
-5.3953934960486434e+00
0.0000000000000000e+00
-6.4335918406301964e+00
-6.4335918406301964e+00
0.0000000000000000e+00
-6.4134199349392382e+00
-6.4134199349392382e+00
0.0000000000000000e+00
-5.2116858483416459e+00
-5.2116858483416459e+00
0.0000000000000000e+00
-4.9263910104750899e+00
-4.9263910104750899e+00
0.0000000000000000e+00
-5.1106663396823295e+00
-5.1106663396823295e+00
0.0000000000000000e+00
-5.5405754758045145e+00
-5.5405754758045145e+00
0.0000000000000000e+00
-5.5502194240169196e+00
-5.5502194240169196e+00
0.0000000000000000e+00
-5.8549947897278605e+00
-5.8549947897278605e+00
0.0000000000000000e+00
-5.6404311139770442e+00
-5.6404311139770442e+00
0.0000000000000000e+00
-6.1302718076998310e+00
-6.1302718076998310e+00
0.0000000000000000e+00
-5.8869123423599063e+00
-5.8869123423599063e+00
0.0000000000000000e+00
-5.7657041797688615e+00
-5.7657041797688615e+00
0.0000000000000000e+00
-5.3245589434064691e+00
-5.3245589434064691e+00
0.0000000000000000e+00
-5.6794151246093776e+00
-5.6794151246093776e+00
0.0000000000000000e+00
-6.5943666416915780e+00
-6.5943666416915780e+00
0.0000000000000000e+00
-6.5997663846565615e+00
-6.5997663846565615e+00
0.0000000000000000e+00
-6.1688183073880687e+00
-6.1688183073880687e+00
0.0000000000000000e+00
-5.5589983838841679e+00
-5.5589983838841679e+00
0.0000000000000000e+00
-5.0667212370038222e+00
-5.0667212370038222e+00
0.0000000000000000e+00
-5.8309900222856488e+00
-5.8309900222856488e+00
0.0000000000000000e+00
-6.4334334342863055e+00
-6.4334334342863055e+00
0.0000000000000000e+00
-5.9554138580606306e+00
-5.9554138580606306e+00
0.0000000000000000e+00
-5.6641611469706845e+00
-5.6641611469706845e+00
0.0000000000000000e+00
-5.5516653807427359e+00
-5.5516653807427359e+00
0.0000000000000000e+00
-5.2407211933536413e+00
-5.2407211933536413e+00
0.0000000000000000e+00
-5.5181307920252864e+00
-5.5181307920252864e+00
0.0000000000000000e+00
-6.0126575255290708e+00
-6.0126575255290708e+00
0.0000000000000000e+00
-6.0221866562448465e+00
-6.0221866562448465e+00
0.0000000000000000e+00
-5.8181373943453893e+00
-5.8181373943453893e+00
0.0000000000000000e+00
-5.4459423218589160e+00
-5.4459423218589160e+00
0.0000000000000000e+00
-7.0885160770193725e+00
-7.0885160770193725e+00
0.0000000000000000e+00
-7.2589182704139272e+00
-7.2589182704139272e+00
0.0000000000000000e+00
-6.9424402130307552e+00
-6.9424402130307552e+00
0.0000000000000000e+00
-7.2839877278625806e+00
-7.2839877278625806e+00
0.0000000000000000e+00
-6.1219063413493719e+00
-6.1219063413493719e+00
0.0000000000000000e+00
-6.1186697682130307e+00
-6.1186697682130307e+00
0.0000000000000000e+00
-5.6423519307786094e+00
-5.6423519307786094e+00
0.0000000000000000e+00
-5.9101522797818653e+00
-5.9101522797818653e+00
0.0000000000000000e+00
-5.5724147992784134e+00
-5.5724147992784134e+00
0.0000000000000000e+00
-5.6273901875536794e+00
-5.6273901875536794e+00
0.0000000000000000e+00
-5.5518420369316708e+00
-5.5518420369316708e+00
0.0000000000000000e+00
-5.9291261952021834e+00
-5.9291261952021834e+00
0.0000000000000000e+00
-5.5020601876393602e+00
-5.5020601876393602e+00
0.0000000000000000e+00
-5.6167238293398007e+00
-5.6167238293398007e+00
0.0000000000000000e+00
-5.2966397179409457e+00
-5.2966397179409457e+00
0.0000000000000000e+00
-4.9650239179658566e+00
-4.9650239179658566e+00
0.0000000000000000e+00
-6.0579291118660858e+00
-6.0579291118660858e+00
0.0000000000000000e+00
-5.9865634037785593e+00
-5.9865634037785593e+00
0.0000000000000000e+00
-6.6697252856797498e+00
-6.6697252856797498e+00
0.0000000000000000e+00
-5.9660437102236870e+00
-5.9660437102236870e+00
0.0000000000000000e+00
-5.7196321312656497e+00
-5.7196321312656497e+00
0.0000000000000000e+00
-5.6347424165769837e+00
-5.6347424165769837e+00
0.0000000000000000e+00
-6.1927355451149850e+00
-6.1927355451149850e+00
0.0000000000000000e+00
-5.8721387850683797e+00
-5.8721387850683797e+00
0.0000000000000000e+00
-7.2383503409653080e+00
-7.2383503409653080e+00
0.0000000000000000e+00
-4.9985580207502824e+00
-4.9985580207502824e+00
0.0000000000000000e+00
-4.9655544018426196e+00
-4.9655544018426196e+00
0.0000000000000000e+00
-5.4645446078255810e+00
-5.4645446078255810e+00
0.0000000000000000e+00
-5.4348586067345002e+00
-5.4348586067345002e+00
0.0000000000000000e+00
-5.9244399104252263e+00
-5.9244399104252263e+00
0.0000000000000000e+00
-5.9619717822965450e+00
-5.9619717822965450e+00
0.0000000000000000e+00
-5.9614407344121467e+00
-5.9614407344121467e+00
0.0000000000000000e+00
-6.1760559442389269e+00
-6.1760559442389269e+00
0.0000000000000000e+00
-6.0514378509600109e+00
-6.0514378509600109e+00
0.0000000000000000e+00
-5.2640170787477096e+00
-5.2640170787477096e+00
0.0000000000000000e+00
-5.2892350555823651e+00
-5.2892350555823651e+00
0.0000000000000000e+00
-5.0878865387303653e+00
-5.0878865387303653e+00
0.0000000000000000e+00
-5.1077374281148771e+00
-5.1077374281148771e+00
0.0000000000000000e+00
-5.2408891306022927e+00
-5.2408891306022927e+00
0.0000000000000000e+00
-5.0894576599400123e+00
-5.0894576599400123e+00
0.0000000000000000e+00
-5.2129382651626468e+00
-5.2129382651626468e+00
0.0000000000000000e+00
-6.6576266754603299e+00
-6.6576266754603299e+00
0.0000000000000000e+00
-5.8776462451636258e+00
-5.8776462451636258e+00
0.0000000000000000e+00
-5.7536450685362759e+00
-5.7536450685362759e+00
0.0000000000000000e+00
-5.7137381343311677e+00
-5.7137381343311677e+00
0.0000000000000000e+00
-5.9940248758860708e+00
-5.9940248758860708e+00
0.0000000000000000e+00
-6.9747200959231828e+00
-6.9747200959231828e+00
0.0000000000000000e+00
-6.4432994773368089e+00
-6.4432994773368089e+00
0.0000000000000000e+00
-6.2511014569384820e+00
-6.2511014569384820e+00
0.0000000000000000e+00
-6.6488905654456474e+00
-6.6488905654456474e+00
0.0000000000000000e+00
-6.0142090053613728e+00
-6.0142090053613728e+00
0.0000000000000000e+00
-5.5118938962064297e+00
-5.5118938962064297e+00
0.0000000000000000e+00
-5.4454878421808903e+00
-5.4454878421808903e+00
0.0000000000000000e+00
-5.9906459411971484e+00
-5.9906459411971484e+00
0.0000000000000000e+00
-6.3325478983295040e+00
-6.3325478983295040e+00
0.0000000000000000e+00
-6.0325739880380116e+00
-6.0325739880380116e+00
0.0000000000000000e+00
-6.0205868154261788e+00
-6.0205868154261788e+00
0.0000000000000000e+00
-5.4393473297929527e+00
-5.4393473297929527e+00
0.0000000000000000e+00
-5.4509871944245045e+00
-5.4509871944245045e+00
0.0000000000000000e+00
-6.7007627310905207e+00
-6.7007627310905207e+00
0.0000000000000000e+00
-5.1707027074347387e+00
-5.1707027074347387e+00
0.0000000000000000e+00
-5.7050881602307530e+00
-5.7050881602307530e+00
0.0000000000000000e+00
-5.5342395081725559e+00
-5.5342395081725559e+00
0.0000000000000000e+00
-5.6044836532129629e+00
-5.6044836532129629e+00
0.0000000000000000e+00
-6.3135500213078393e+00
-6.3135500213078393e+00
0.0000000000000000e+00
-7.2631618413224066e+00
-7.2631618413224066e+00
0.0000000000000000e+00
-7.3387079182107051e+00
-7.3387079182107051e+00
0.0000000000000000e+00
-9.1474067645908868e+00
-9.1474067645908868e+00
0.0000000000000000e+00
-5.1233890578340340e+00
-5.1233890578340340e+00
0.0000000000000000e+00
-6.0929162070964837e+00
-6.0929162070964837e+00
0.0000000000000000e+00
-6.3082521706831027e+00
-6.3082521706831027e+00
0.0000000000000000e+00
-6.5817107359762534e+00
-6.5817107359762534e+00
0.0000000000000000e+00
-8.1800757617882240e+00
-8.1800757617882240e+00
0.0000000000000000e+00
-7.0959004980257578e+00
-7.0959004980257578e+00
0.0000000000000000e+00
-6.8299322468897952e+00
-6.8299322468897952e+00
0.0000000000000000e+00
-7.1453263749012148e+00
-7.1453263749012148e+00
0.0000000000000000e+00
-7.0950521464765917e+00
-7.0950521464765917e+00
0.0000000000000000e+00
-1.0683175233201887e+01
-1.0683175233201887e+01
0.0000000000000000e+00
-1.0577179615833755e+01
-1.0577179615833755e+01
0.0000000000000000e+00
-1.0293219534124376e+01
-1.0293219534124376e+01
0.0000000000000000e+00
-5.9308853118013722e+00
-5.9308853118013722e+00
0.0000000000000000e+00
-4.9936400839371613e+00
-4.9936400839371613e+00
0.0000000000000000e+00
-5.3565748256883818e+00
-5.3565748256883818e+00
0.0000000000000000e+00
-5.3929842401613763e+00
-5.3929842401613763e+00
0.0000000000000000e+00
-6.1842734352433482e+00
-6.1842734352433482e+00
0.0000000000000000e+00
-5.5163946761984803e+00
-5.5163946761984803e+00
0.0000000000000000e+00
-5.2260232918244860e+00
-5.2260232918244860e+00
0.0000000000000000e+00
-5.2949519673147387e+00
-5.2949519673147387e+00
0.0000000000000000e+00
-5.9566555606701410e+00
-5.9566555606701410e+00
0.0000000000000000e+00
-5.9011619237865132e+00
-5.9011619237865132e+00
0.0000000000000000e+00
-6.0854823772191171e+00
-6.0854823772191171e+00
0.0000000000000000e+00
-5.2342803162553899e+00
-5.2342803162553899e+00
0.0000000000000000e+00
-4.9862254760645861e+00
-4.9862254760645861e+00
0.0000000000000000e+00
-5.0525817966559075e+00
-5.0525817966559075e+00
0.0000000000000000e+00
-5.7532839148713775e+00
-5.7532839148713775e+00
0.0000000000000000e+00
-5.9595132388363856e+00
-5.9595132388363856e+00
0.0000000000000000e+00
-5.7617729436527014e+00
-5.7617729436527014e+00
0.0000000000000000e+00
-5.6918028569787413e+00
-5.6918028569787413e+00
0.0000000000000000e+00
-6.3905950682550294e+00
-6.3905950682550294e+00
0.0000000000000000e+00
-6.0756389919812479e+00
-6.0756389919812479e+00
0.0000000000000000e+00
-6.0311969700360342e+00
-6.0311969700360342e+00
0.0000000000000000e+00
-6.3461374266172283e+00
-6.3461374266172283e+00
0.0000000000000000e+00
-6.1237520491570301e+00
-6.1237520491570301e+00
0.0000000000000000e+00
-5.3934612884852120e+00
-5.3934612884852120e+00
0.0000000000000000e+00
-6.2163459403752244e+00
-6.2163459403752244e+00
0.0000000000000000e+00
-6.1006596935602087e+00
-6.1006596935602087e+00
0.0000000000000000e+00
-6.3069684330525266e+00
-6.3069684330525266e+00
0.0000000000000000e+00
-5.6541535272968808e+00
-5.6541535272968808e+00
0.0000000000000000e+00
-6.1227892276162592e+00
-6.1227892276162592e+00
0.0000000000000000e+00
-7.1558207315255835e+00
-7.1558207315255835e+00
0.0000000000000000e+00
-7.1400343867449685e+00
-7.1400343867449685e+00
0.0000000000000000e+00
-6.7003016945326923e+00
-6.7003016945326923e+00
0.0000000000000000e+00
-6.2353381415812876e+00
-6.2353381415812876e+00
0.0000000000000000e+00
-5.7206988748856862e+00
-5.7206988748856862e+00
0.0000000000000000e+00
-5.8432024741932480e+00
-5.8432024741932480e+00
0.0000000000000000e+00
-5.4976568579414895e+00
-5.4976568579414895e+00
0.0000000000000000e+00
-6.2451422200242819e+00
-6.2451422200242819e+00
0.0000000000000000e+00
-6.2088318653732770e+00
-6.2088318653732770e+00
0.0000000000000000e+00
-5.8719697589121038e+00
-5.8719697589121038e+00
0.0000000000000000e+00
-6.0578734312786473e+00
-6.0578734312786473e+00
0.0000000000000000e+00
-6.7690442323828641e+00
-6.7690442323828641e+00
0.0000000000000000e+00
-7.6962691746551677e+00
-7.6962691746551677e+00
0.0000000000000000e+00
-6.8919100275523988e+00
-6.8919100275523988e+00
0.0000000000000000e+00
-6.3043469721152494e+00
-6.3043469721152494e+00
0.0000000000000000e+00
-6.3028968712822930e+00
-6.3028968712822930e+00
0.0000000000000000e+00
-6.3846785613643622e+00
-6.3846785613643622e+00
0.0000000000000000e+00
-5.6024649442852317e+00
-5.6024649442852317e+00
0.0000000000000000e+00
-6.7636728758066536e+00
-6.7636728758066536e+00
0.0000000000000000e+00
-6.2726392064669110e+00
-6.2726392064669110e+00
0.0000000000000000e+00
-5.0991962166209381e+00
-5.0991962166209381e+00
0.0000000000000000e+00
-5.1195927190042578e+00
-5.1195927190042578e+00
0.0000000000000000e+00
-5.7240296372198678e+00
-5.7240296372198678e+00
0.0000000000000000e+00
-5.7763943201338419e+00
-5.7763943201338419e+00
0.0000000000000000e+00
-5.7872099711297791e+00
-5.7872099711297791e+00
0.0000000000000000e+00
-6.3675484278677930e+00
-6.3675484278677930e+00
0.0000000000000000e+00
-6.7030954534458358e+00
-6.7030954534458358e+00
0.0000000000000000e+00
-8.2430316767087000e+00
-8.2430316767087000e+00
0.0000000000000000e+00
-6.5325277459619482e+00
-6.5325277459619482e+00
0.0000000000000000e+00
-6.1731451706959932e+00
-6.1731451706959932e+00
0.0000000000000000e+00
-6.4225178350644878e+00
-6.4225178350644878e+00
0.0000000000000000e+00
-6.5703730781971466e+00
-6.5703730781971466e+00
0.0000000000000000e+00
-6.3810672705895932e+00
-6.3810672705895932e+00
0.0000000000000000e+00
-6.5024250486838868e+00
-6.5024250486838868e+00
0.0000000000000000e+00
-5.8314681524223184e+00
-5.8314681524223184e+00
0.0000000000000000e+00
-5.9974827243200819e+00
-5.9974827243200819e+00
0.0000000000000000e+00
-5.5072207388673036e+00
-5.5072207388673036e+00
0.0000000000000000e+00
-5.3186603583147507e+00
-5.3186603583147507e+00
0.0000000000000000e+00
-6.1696730329267737e+00
-6.1696730329267737e+00
0.0000000000000000e+00
-5.4357149888648131e+00
-5.4357149888648131e+00
0.0000000000000000e+00
-6.3589404639697431e+00
-6.3589404639697431e+00
0.0000000000000000e+00
-6.9387767605761246e+00
-6.9387767605761246e+00
0.0000000000000000e+00
-6.4162492789705867e+00
-6.4162492789705867e+00
0.0000000000000000e+00
-5.4549722853935831e+00
-5.4549722853935831e+00
0.0000000000000000e+00
-5.9010740875794649e+00
-5.9010740875794649e+00
0.0000000000000000e+00
-5.5883404873351541e+00
-5.5883404873351541e+00
0.0000000000000000e+00
-6.1569434266828633e+00
-6.1569434266828633e+00
0.0000000000000000e+00
-6.0827894852244402e+00
-6.0827894852244402e+00
0.0000000000000000e+00
-5.8119781284733616e+00
-5.8119781284733616e+00
0.0000000000000000e+00
-8.6285930253797751e+00
-8.6285930253797751e+00
0.0000000000000000e+00
-8.3169963869624777e+00
-8.3169963869624777e+00
0.0000000000000000e+00
-6.1177468797052512e+00
-6.1177468797052512e+00
0.0000000000000000e+00
-5.8933318764829794e+00
-5.8933318764829794e+00
0.0000000000000000e+00
-6.0760236600544140e+00
-6.0760236600544140e+00
0.0000000000000000e+00
-5.6412041837488491e+00
-5.6412041837488491e+00
0.0000000000000000e+00
-6.0470119449558268e+00
-6.0470119449558268e+00
0.0000000000000000e+00
-7.3953010977296714e+00
-7.3953010977296714e+00
0.0000000000000000e+00
-7.9887588324654546e+00
-7.9887588324654546e+00
0.0000000000000000e+00
-7.1561858347944192e+00
-7.1561858347944192e+00
0.0000000000000000e+00
-5.0195031701191528e+00
-5.0195031701191528e+00
0.0000000000000000e+00
-5.3279540796443055e+00
-5.3279540796443055e+00
0.0000000000000000e+00
-5.7082562298325268e+00
-5.7082562298325268e+00
0.0000000000000000e+00
-4.9424412336520911e+00
-4.9424412336520911e+00
0.0000000000000000e+00
-5.7927641370338510e+00
-5.7927641370338510e+00
0.0000000000000000e+00
-7.3737211199977519e+00
-7.3737211199977519e+00
0.0000000000000000e+00
-5.6540467471572491e+00
-5.6540467471572491e+00
0.0000000000000000e+00
-6.1720166893770187e+00
-6.1720166893770187e+00
0.0000000000000000e+00
-5.5141539082421298e+00
-5.5141539082421298e+00
0.0000000000000000e+00
-5.3795502117129423e+00
-5.3795502117129423e+00
0.0000000000000000e+00
-5.1534930102303402e+00
-5.1534930102303402e+00
0.0000000000000000e+00
-4.9447424688732582e+00
-4.9447424688732582e+00
0.0000000000000000e+00
-5.5063382567271351e+00
-5.5063382567271351e+00
0.0000000000000000e+00
-6.8181745866570171e+00
-6.8181745866570171e+00
0.0000000000000000e+00
-5.7539265145413179e+00
-5.7539265145413179e+00
0.0000000000000000e+00
-5.0563790453021404e+00
-5.0563790453021404e+00
0.0000000000000000e+00
-5.0635691559604110e+00
-5.0635691559604110e+00
0.0000000000000000e+00
-5.2795813766318753e+00
-5.2795813766318753e+00
0.0000000000000000e+00
-5.1860688356380766e+00
-5.1860688356380766e+00
0.0000000000000000e+00
-5.0130985477462700e+00
-5.0130985477462700e+00
0.0000000000000000e+00
-5.2249898988549370e+00
-5.2249898988549370e+00
0.0000000000000000e+00
-5.0562808361942917e+00
-5.0562808361942917e+00
0.0000000000000000e+00
-5.1058005586421897e+00
-5.1058005586421897e+00
0.0000000000000000e+00
-5.4710686864412006e+00
-5.4710686864412006e+00
0.0000000000000000e+00
-5.5621148042701316e+00
-5.5621148042701316e+00
0.0000000000000000e+00
-5.5207450970230889e+00
-5.5207450970230889e+00
0.0000000000000000e+00
-5.2088062723264050e+00
-5.2088062723264050e+00
0.0000000000000000e+00
-4.9632972363780317e+00
-4.9632972363780317e+00
0.0000000000000000e+00
-5.2701107283780875e+00
-5.2701107283780875e+00
0.0000000000000000e+00
-6.2248954989857213e+00
-6.2248954989857213e+00
0.0000000000000000e+00
-5.9066079532047251e+00
-5.9066079532047251e+00
0.0000000000000000e+00
-6.0734133332899951e+00
-6.0734133332899951e+00
0.0000000000000000e+00
-7.5122699662611012e+00
-7.5122699662611012e+00
0.0000000000000000e+00
-6.4390050901547458e+00
-6.4390050901547458e+00
0.0000000000000000e+00
-5.9693240517454411e+00
-5.9693240517454411e+00
0.0000000000000000e+00
-6.2021142431468119e+00
-6.2021142431468119e+00
0.0000000000000000e+00
-6.3153672836281611e+00
-6.3153672836281611e+00
0.0000000000000000e+00
-6.6555303904177450e+00
-6.6555303904177450e+00
0.0000000000000000e+00
-7.1125977604307788e+00
-7.1125977604307788e+00
0.0000000000000000e+00
-6.4616037914385975e+00
-6.4616037914385975e+00
0.0000000000000000e+00
-5.9771793983199020e+00
-5.9771793983199020e+00
0.0000000000000000e+00
-6.8918481037899042e+00
-6.8918481037899042e+00
0.0000000000000000e+00
-6.7397782234453931e+00
-6.7397782234453931e+00
0.0000000000000000e+00
-6.2730844685219251e+00
-6.2730844685219251e+00
0.0000000000000000e+00
-6.5815625897048946e+00
-6.5815625897048946e+00
0.0000000000000000e+00
-5.7168898562593053e+00
-5.7168898562593053e+00
0.0000000000000000e+00
-5.7922081860604635e+00
-5.7922081860604635e+00
0.0000000000000000e+00
-5.1860067378154397e+00
-5.1860067378154397e+00
0.0000000000000000e+00
-5.4181099252741198e+00
-5.4181099252741198e+00
0.0000000000000000e+00
-6.5028841875422643e+00
-6.5028841875422643e+00
0.0000000000000000e+00
-5.0162084228486865e+00
-5.0162084228486865e+00
0.0000000000000000e+00
-5.0287263285376707e+00
-5.0287263285376707e+00
0.0000000000000000e+00
-5.4502784233815600e+00
-5.4502784233815600e+00
0.0000000000000000e+00
-6.8151575982613348e+00
-6.8151575982613348e+00
0.0000000000000000e+00
-5.3136787711135547e+00
-5.3136787711135547e+00
0.0000000000000000e+00
-5.6648978413538140e+00
-5.6648978413538140e+00
0.0000000000000000e+00
-6.2622120457626806e+00
-6.2622120457626806e+00
0.0000000000000000e+00
-5.8496636622524436e+00
-5.8496636622524436e+00
0.0000000000000000e+00
-5.1637885446415455e+00
-5.1637885446415455e+00
0.0000000000000000e+00
-5.4516349678897900e+00
-5.4516349678897900e+00
0.0000000000000000e+00
-5.1177541969870122e+00
-5.1177541969870122e+00
0.0000000000000000e+00
-5.4491666941831038e+00
-5.4491666941831038e+00
0.0000000000000000e+00
-5.3999765585792732e+00
-5.3999765585792732e+00
0.0000000000000000e+00
-5.1667479810919579e+00
-5.1667479810919579e+00
0.0000000000000000e+00
-5.1604046904790204e+00
-5.1604046904790204e+00
0.0000000000000000e+00
-5.2980223492848104e+00
-5.2980223492848104e+00
0.0000000000000000e+00
-5.9101079690249234e+00
-5.9101079690249234e+00
0.0000000000000000e+00
-6.4705748486070602e+00
-6.4705748486070602e+00
0.0000000000000000e+00
-5.9544850427838298e+00
-5.9544850427838298e+00
0.0000000000000000e+00
-8.5471595286509725e+00
-8.5471595286509725e+00
0.0000000000000000e+00
-7.9192092436681545e+00
-7.9192092436681545e+00
0.0000000000000000e+00
-8.1987909783052384e+00
-8.1987909783052384e+00
0.0000000000000000e+00
-8.2230300241080201e+00
-8.2230300241080201e+00
0.0000000000000000e+00
-6.4406394623064749e+00
-6.4406394623064749e+00
0.0000000000000000e+00
-5.7089297282607587e+00
-5.7089297282607587e+00
0.0000000000000000e+00
-6.1087197775349207e+00
-6.1087197775349207e+00
0.0000000000000000e+00
-5.3977550013265816e+00
-5.3977550013265816e+00
0.0000000000000000e+00
-5.6622333665362117e+00
-5.6622333665362117e+00
0.0000000000000000e+00
-5.8302144675652841e+00
-5.8302144675652841e+00
0.0000000000000000e+00
-5.8750050235857056e+00
-5.8750050235857056e+00
0.0000000000000000e+00
-5.4329602008225342e+00
-5.4329602008225342e+00
0.0000000000000000e+00
-6.9438941868906188e+00
-6.9438941868906188e+00
0.0000000000000000e+00
-7.1224219320710436e+00
-7.1224219320710436e+00
0.0000000000000000e+00
-7.5496427992587076e+00
-7.5496427992587076e+00
0.0000000000000000e+00
-7.3395470094500395e+00
-7.3395470094500395e+00
0.0000000000000000e+00
-7.2336340271524984e+00
-7.2336340271524984e+00
0.0000000000000000e+00
-6.9158844731163516e+00
-6.9158844731163516e+00
0.0000000000000000e+00
-6.7550702294037119e+00
-6.7550702294037119e+00
0.0000000000000000e+00
-6.3705339259233806e+00
-6.3705339259233806e+00
0.0000000000000000e+00
-7.8734510692329405e+00
-7.8734510692329405e+00
0.0000000000000000e+00
-7.0868301989216818e+00
-7.0868301989216818e+00
0.0000000000000000e+00
-6.6151055125455542e+00
-6.6151055125455542e+00
0.0000000000000000e+00
-5.6689211521816265e+00
-5.6689211521816265e+00
0.0000000000000000e+00
-6.8347325664660161e+00
-6.8347325664660161e+00
0.0000000000000000e+00
-7.0769695984847480e+00
-7.0769695984847480e+00
0.0000000000000000e+00
-7.0251877406863414e+00
-7.0251877406863414e+00
0.0000000000000000e+00
-6.7967612500564734e+00
-6.7967612500564734e+00
0.0000000000000000e+00
-6.1338886867156104e+00
-6.1338886867156104e+00
0.0000000000000000e+00
-5.5709995429643646e+00
-5.5709995429643646e+00
0.0000000000000000e+00
-5.1080676626644612e+00
-5.1080676626644612e+00
0.0000000000000000e+00
-5.5029950708384874e+00
-5.5029950708384874e+00
0.0000000000000000e+00
-5.8410298836247883e+00
-5.8410298836247883e+00
0.0000000000000000e+00
-5.8147513411678533e+00
-5.8147513411678533e+00
0.0000000000000000e+00
-6.5762850706777858e+00
-6.5762850706777858e+00
0.0000000000000000e+00
-7.3342567781060222e+00
-7.3342567781060222e+00
0.0000000000000000e+00
-8.5648693121898027e+00
-8.5648693121898027e+00
0.0000000000000000e+00
-8.2752572473123482e+00
-8.2752572473123482e+00
0.0000000000000000e+00
-9.0421807630945779e+00
-9.0421807630945779e+00
0.0000000000000000e+00
-9.3334162410726833e+00
-9.3334162410726833e+00
0.0000000000000000e+00
-8.1925032839877598e+00
-8.1925032839877598e+00
0.0000000000000000e+00
-9.1112501972153055e+00
-9.1112501972153055e+00
0.0000000000000000e+00
-9.6154397985801126e+00
-9.6154397985801126e+00
0.0000000000000000e+00
-8.6298891523546502e+00
-8.6298891523546502e+00
0.0000000000000000e+00
-8.7562937552511642e+00
-8.7562937552511642e+00
0.0000000000000000e+00
-8.5091121920698765e+00
-8.5091121920698765e+00
0.0000000000000000e+00
-8.5733482497093014e+00
-8.5733482497093014e+00
0.0000000000000000e+00
-8.1930073574118154e+00
-8.1930073574118154e+00
0.0000000000000000e+00
-7.8287033995614994e+00
-7.8287033995614994e+00
0.0000000000000000e+00
-7.9766004672460777e+00
-7.9766004672460777e+00
0.0000000000000000e+00
-6.2750613622391214e+00
-6.2750613622391214e+00
0.0000000000000000e+00
-6.0361546712497258e+00
-6.0361546712497258e+00
0.0000000000000000e+00
-6.1500230965355493e+00
-6.1500230965355493e+00
0.0000000000000000e+00
-6.2733419132877071e+00
-6.2733419132877071e+00
0.0000000000000000e+00
-6.1177229923480620e+00
-6.1177229923480620e+00
0.0000000000000000e+00
-6.2199564462565018e+00
-6.2199564462565018e+00
0.0000000000000000e+00
-6.3363449001993040e+00
-6.3363449001993040e+00
0.0000000000000000e+00
-6.7000463899167499e+00
-6.7000463899167499e+00
0.0000000000000000e+00
-6.5664517784710936e+00
-6.5664517784710936e+00
0.0000000000000000e+00
-6.7101287164418260e+00
-6.7101287164418260e+00
0.0000000000000000e+00
-7.0661584500658030e+00
-7.0661584500658030e+00
0.0000000000000000e+00
-6.8600762962982120e+00
-6.8600762962982120e+00
0.0000000000000000e+00
-6.6328243923616022e+00
-6.6328243923616022e+00
0.0000000000000000e+00
-7.4272740432266140e+00
-7.4272740432266140e+00
0.0000000000000000e+00
-7.5656440190197873e+00
-7.5656440190197873e+00
0.0000000000000000e+00
-6.8217656241875755e+00
-6.8217656241875755e+00
0.0000000000000000e+00
-6.4553541622940536e+00
-6.4553541622940536e+00
0.0000000000000000e+00
-6.4583996884265735e+00
-6.4583996884265735e+00
0.0000000000000000e+00
-6.4318902064637751e+00
-6.4318902064637751e+00
0.0000000000000000e+00
-6.4983515009901698e+00
-6.4983515009901698e+00
0.0000000000000000e+00
-6.5021960791312639e+00
-6.5021960791312639e+00
0.0000000000000000e+00
-5.5644824858958826e+00
-5.5644824858958826e+00
0.0000000000000000e+00
-6.0840440792945341e+00
-6.0840440792945341e+00
0.0000000000000000e+00
-6.0015818497649152e+00
-6.0015818497649152e+00
0.0000000000000000e+00
-5.4234064476469923e+00
-5.4234064476469923e+00
0.0000000000000000e+00
-5.4515612373279536e+00
-5.4515612373279536e+00
0.0000000000000000e+00
-5.6632137535530518e+00
-5.6632137535530518e+00
0.0000000000000000e+00
-5.6763100091526155e+00
-5.6763100091526155e+00
0.0000000000000000e+00
-5.6739930969670782e+00
-5.6739930969670782e+00
0.0000000000000000e+00
-5.8936394705414141e+00
-5.8936394705414141e+00
0.0000000000000000e+00
-7.8036610852266417e+00
-7.8036610852266417e+00
0.0000000000000000e+00
-8.4130921451745060e+00
-8.4130921451745060e+00
0.0000000000000000e+00
-6.5977703076452237e+00
-6.5977703076452237e+00
0.0000000000000000e+00
-6.0521990260022367e+00
-6.0521990260022367e+00
0.0000000000000000e+00
-7.3630400310689081e+00
-7.3630400310689081e+00
0.0000000000000000e+00
-7.7605432723936598e+00
-7.7605432723936598e+00
0.0000000000000000e+00
-7.2001565397914060e+00
-7.2001565397914060e+00
0.0000000000000000e+00
-6.5206370525742852e+00
-6.5206370525742852e+00
0.0000000000000000e+00
-6.5699772745461598e+00
-6.5699772745461598e+00
0.0000000000000000e+00
-7.0116586355330366e+00
-7.0116586355330366e+00
0.0000000000000000e+00
-7.3204976685926866e+00
-7.3204976685926866e+00
0.0000000000000000e+00
-7.4561493039876074e+00
-7.4561493039876074e+00
0.0000000000000000e+00
-6.6409194220078431e+00
-6.6409194220078431e+00
0.0000000000000000e+00
-7.4052707038211061e+00
-7.4052707038211061e+00
0.0000000000000000e+00
-8.7492149509500461e+00
-8.7492149509500461e+00
0.0000000000000000e+00
-6.7717360765664836e+00
-6.7717360765664836e+00
0.0000000000000000e+00
-6.5000379752297217e+00
-6.5000379752297217e+00
0.0000000000000000e+00
-6.5536349590337410e+00
-6.5536349590337410e+00
0.0000000000000000e+00
-6.1330376485700606e+00
-6.1330376485700606e+00
0.0000000000000000e+00
-5.8138427151756753e+00
-5.8138427151756753e+00
0.0000000000000000e+00
-5.8416791340951360e+00
-5.8416791340951360e+00
0.0000000000000000e+00
-6.4129594357806328e+00
-6.4129594357806328e+00
0.0000000000000000e+00
-6.5925424272024546e+00
-6.5925424272024546e+00
0.0000000000000000e+00
-5.4107500031795954e+00
-5.4107500031795954e+00
0.0000000000000000e+00
-6.7785781358254837e+00
-6.7785781358254837e+00
0.0000000000000000e+00
-5.8427697048384681e+00
-5.8427697048384681e+00
0.0000000000000000e+00
-5.7204280564264067e+00
-5.7204280564264067e+00
0.0000000000000000e+00
-5.7091998884715887e+00
-5.7091998884715887e+00
0.0000000000000000e+00
-5.4512484048099097e+00
-5.4512484048099097e+00
0.0000000000000000e+00
-5.5170832560105767e+00
-5.5170832560105767e+00
0.0000000000000000e+00
-5.5166412384627357e+00
-5.5166412384627357e+00
0.0000000000000000e+00
-5.4370274078897154e+00
-5.4370274078897154e+00
0.0000000000000000e+00
-6.1247746180140812e+00
-6.1247746180140812e+00
0.0000000000000000e+00
-6.1912409869541563e+00
-6.1912409869541563e+00
0.0000000000000000e+00
-6.1753549721699663e+00
-6.1753549721699663e+00
0.0000000000000000e+00
-5.1985874757468489e+00
-5.1985874757468489e+00
0.0000000000000000e+00
-5.7780833023002893e+00
-5.7780833023002893e+00
0.0000000000000000e+00
-5.5456373585200414e+00
-5.5456373585200414e+00
0.0000000000000000e+00
-5.6954581645737257e+00
-5.6954581645737257e+00
0.0000000000000000e+00
-5.7159013896892290e+00
-5.7159013896892290e+00
0.0000000000000000e+00
-5.4928804170133905e+00
-5.4928804170133905e+00
0.0000000000000000e+00
-5.4793588613570936e+00
-5.4793588613570936e+00
0.0000000000000000e+00
-5.2052019557692759e+00
-5.2052019557692759e+00
0.0000000000000000e+00
-5.7548186792299276e+00
-5.7548186792299276e+00
0.0000000000000000e+00
-5.2197077799512623e+00
-5.2197077799512623e+00
0.0000000000000000e+00
-5.1823390404828125e+00
-5.1823390404828125e+00
0.0000000000000000e+00
-5.1667683920730338e+00
-5.1667683920730338e+00
0.0000000000000000e+00
-5.1995181177867451e+00
-5.1995181177867451e+00
0.0000000000000000e+00
-5.2321208514373723e+00
-5.2321208514373723e+00
0.0000000000000000e+00
-5.7000931347780437e+00
-5.7000931347780437e+00
0.0000000000000000e+00
-6.4694409010624581e+00
-6.4694409010624581e+00
0.0000000000000000e+00
-5.9717425795691064e+00
-5.9717425795691064e+00
0.0000000000000000e+00
-6.3041022093501855e+00
-6.3041022093501855e+00
0.0000000000000000e+00
-6.4384648932437614e+00
-6.4384648932437614e+00
0.0000000000000000e+00
-5.1178290398717161e+00
-5.1178290398717161e+00
0.0000000000000000e+00
-5.2911376229668470e+00
-5.2911376229668470e+00
0.0000000000000000e+00
-5.0079825769495470e+00
-5.0079825769495470e+00
0.0000000000000000e+00
-5.2377997019517979e+00
-5.2377997019517979e+00
0.0000000000000000e+00
-4.9678825364234536e+00
-4.9678825364234536e+00
0.0000000000000000e+00
-5.0632062917462397e+00
-5.0632062917462397e+00
0.0000000000000000e+00
-5.0235333213001239e+00
-5.0235333213001239e+00
0.0000000000000000e+00
-5.1076093356751446e+00
-5.1076093356751446e+00
0.0000000000000000e+00
-6.7084927823077596e+00
-6.7084927823077596e+00
0.0000000000000000e+00
-6.9969025953822346e+00
-6.9969025953822346e+00
0.0000000000000000e+00
-7.9508345988795899e+00
-7.9508345988795899e+00
0.0000000000000000e+00
-1.0310651799162425e+01
-1.0310651799162425e+01
0.0000000000000000e+00
-9.2420713361272675e+00
-9.2420713361272675e+00
0.0000000000000000e+00
-6.9741513237776251e+00
-6.9741513237776251e+00
0.0000000000000000e+00
-4.9512045455834155e+00
-4.9512045455834155e+00
0.0000000000000000e+00
-4.8901831071594462e+00
-4.8901831071594462e+00
0.0000000000000000e+00
-5.3574848783767415e+00
-5.3574848783767415e+00
0.0000000000000000e+00
-5.3679138479146014e+00
-5.3679138479146014e+00
0.0000000000000000e+00
-5.9934269351518425e+00
-5.9934269351518425e+00
0.0000000000000000e+00
-5.8788055405084219e+00
-5.8788055405084219e+00
0.0000000000000000e+00
-6.2739187774786469e+00
-6.2739187774786469e+00
0.0000000000000000e+00
-5.4962980059865751e+00
-5.4962980059865751e+00
0.0000000000000000e+00
-5.7493519781220499e+00
-5.7493519781220499e+00
0.0000000000000000e+00
-5.5385238330641107e+00
-5.5385238330641107e+00
0.0000000000000000e+00
-5.5380604189378202e+00
-5.5380604189378202e+00
0.0000000000000000e+00
-6.1654658780410543e+00
-6.1654658780410543e+00
0.0000000000000000e+00
-5.6343548805544046e+00
-5.6343548805544046e+00
0.0000000000000000e+00
-5.2184161745826536e+00
-5.2184161745826536e+00
0.0000000000000000e+00
-5.2217776689848350e+00
-5.2217776689848350e+00
0.0000000000000000e+00
-5.2188910237163153e+00
-5.2188910237163153e+00
0.0000000000000000e+00
-6.1239982789841818e+00
-6.1239982789841818e+00
0.0000000000000000e+00
-6.3704253964157802e+00
-6.3704253964157802e+00
0.0000000000000000e+00
-5.3935944822938726e+00
-5.3935944822938726e+00
0.0000000000000000e+00
-5.4105994627831162e+00
-5.4105994627831162e+00
0.0000000000000000e+00
-8.0424529409396719e+00
-8.0424529409396719e+00
0.0000000000000000e+00
-8.3551202363577808e+00
-8.3551202363577808e+00
0.0000000000000000e+00
-6.0124293090284171e+00
-6.0124293090284171e+00
0.0000000000000000e+00
-5.8407298468528541e+00
-5.8407298468528541e+00
0.0000000000000000e+00
-5.4620284275873709e+00
-5.4620284275873709e+00
0.0000000000000000e+00
-5.9561940423965680e+00
-5.9561940423965680e+00
0.0000000000000000e+00
-6.8975928777184459e+00
-6.8975928777184459e+00
0.0000000000000000e+00
-7.2281404299343537e+00
-7.2281404299343537e+00
0.0000000000000000e+00
-6.7433408971637272e+00
-6.7433408971637272e+00
0.0000000000000000e+00
-6.4367221752170680e+00
-6.4367221752170680e+00
0.0000000000000000e+00
-6.7891483542984936e+00
-6.7891483542984936e+00
0.0000000000000000e+00
-6.8253419107255358e+00
-6.8253419107255358e+00
0.0000000000000000e+00
-6.5361285183790594e+00
-6.5361285183790594e+00
0.0000000000000000e+00
-6.7600379568884348e+00
-6.7600379568884348e+00
0.0000000000000000e+00
-5.3606680710570869e+00
-5.3606680710570869e+00
0.0000000000000000e+00
-6.3085569697066353e+00
-6.3085569697066353e+00
0.0000000000000000e+00
-5.2459086062100608e+00
-5.2459086062100608e+00
0.0000000000000000e+00
-5.4967210604657533e+00
-5.4967210604657533e+00
0.0000000000000000e+00
-5.6073846150403641e+00
-5.6073846150403641e+00
0.0000000000000000e+00
-5.3589560063244122e+00
-5.3589560063244122e+00
0.0000000000000000e+00
-5.7213797894434641e+00
-5.7213797894434641e+00
0.0000000000000000e+00
-5.8297646344222880e+00
-5.8297646344222880e+00
0.0000000000000000e+00
-5.9077964250305888e+00
-5.9077964250305888e+00
0.0000000000000000e+00
-5.6865493067613855e+00
-5.6865493067613855e+00
0.0000000000000000e+00
-5.5727076024317359e+00
-5.5727076024317359e+00
0.0000000000000000e+00
-5.5071232284755913e+00
-5.5071232284755913e+00
0.0000000000000000e+00
-5.2669091378288018e+00
-5.2669091378288018e+00
0.0000000000000000e+00
-5.2773364530812259e+00
-5.2773364530812259e+00
0.0000000000000000e+00
-5.7924297691149178e+00
-5.7924297691149178e+00
0.0000000000000000e+00
-6.0183726320334276e+00
-6.0183726320334276e+00
0.0000000000000000e+00
-5.9325517156442817e+00
-5.9325517156442817e+00
0.0000000000000000e+00
-6.2789324562301347e+00
-6.2789324562301347e+00
0.0000000000000000e+00
