3
1000
-8.3179600957781723e+00
-8.3179600957781723e+00
0.0000000000000000e+00
-6.3486290517510584e+00
-6.3486290517510584e+00
0.0000000000000000e+00
-6.3482197861399410e+00
-6.3482197861399410e+00
0.0000000000000000e+00
-6.3488095171015591e+00
-6.3488095171015591e+00
0.0000000000000000e+00
-5.1484431207989099e+00
-5.1484431207989099e+00
0.0000000000000000e+00
-5.1286416050583403e+00
-5.1286416050583403e+00
0.0000000000000000e+00
-5.3622588868284042e+00
-5.3622588868284042e+00
0.0000000000000000e+00
-5.3783950426710092e+00
-5.3783950426710092e+00
0.0000000000000000e+00
-5.2905819942804158e+00
-5.2905819942804158e+00
0.0000000000000000e+00
-5.5958472225059621e+00
-5.5958472225059621e+00
0.0000000000000000e+00
-6.4386753129989023e+00
-6.4386753129989023e+00
0.0000000000000000e+00
-6.2467977714544469e+00
-6.2467977714544469e+00
0.0000000000000000e+00
-6.6567196701004478e+00
-6.6567196701004478e+00
0.0000000000000000e+00
-8.5042218729315078e+00
-8.5042218729315078e+00
0.0000000000000000e+00
-6.7221316028658826e+00
-6.7221316028658826e+00
0.0000000000000000e+00
-6.3612403124873920e+00
-6.3612403124873920e+00
0.0000000000000000e+00
-8.2403738761199019e+00
-8.2403738761199019e+00
0.0000000000000000e+00
-6.2376675405709889e+00
-6.2376675405709889e+00
0.0000000000000000e+00
-6.2460135380292998e+00
-6.2460135380292998e+00
0.0000000000000000e+00
-6.5880035872170781e+00
-6.5880035872170781e+00
0.0000000000000000e+00
-6.9973835834250853e+00
-6.9973835834250853e+00
0.0000000000000000e+00
-6.4246359206380603e+00
-6.4246359206380603e+00
0.0000000000000000e+00
-6.1457461844381864e+00
-6.1457461844381864e+00
0.0000000000000000e+00
-6.1264570826456612e+00
-6.1264570826456612e+00
0.0000000000000000e+00
-5.8484670934205312e+00
-5.8484670934205312e+00
0.0000000000000000e+00
-6.6278742280946048e+00
-6.6278742280946048e+00
0.0000000000000000e+00
-8.0760663824184249e+00
-8.0760663824184249e+00
0.0000000000000000e+00
-6.8702990425900339e+00
-6.8702990425900339e+00
0.0000000000000000e+00
-6.8987556776734404e+00
-6.8987556776734404e+00
0.0000000000000000e+00
-8.7158677806681570e+00
-8.7158677806681570e+00
0.0000000000000000e+00
-8.6278621362417276e+00
-8.6278621362417276e+00
0.0000000000000000e+00
-9.6941453649891649e+00
-9.6941453649891649e+00
0.0000000000000000e+00
-9.6941453649891649e+00
-9.6941453649891649e+00
0.0000000000000000e+00
-8.0843029602697403e+00
-8.0843029602697403e+00
0.0000000000000000e+00
-8.0485457754871774e+00
-8.0485457754871774e+00
0.0000000000000000e+00
-9.7254081340771990e+00
-9.7254081340771990e+00
0.0000000000000000e+00
-8.6724618350920295e+00
-8.6724618350920295e+00
0.0000000000000000e+00
-7.8542327270460168e+00
-7.8542327270460168e+00
0.0000000000000000e+00
-8.3187879995763740e+00
-8.3187879995763740e+00
0.0000000000000000e+00
-7.8715341374841854e+00
-7.8715341374841854e+00
0.0000000000000000e+00
-8.1855658095886668e+00
-8.1855658095886668e+00
0.0000000000000000e+00
-6.9813026378120560e+00
-6.9813026378120560e+00
0.0000000000000000e+00
-6.6775313168521748e+00
-6.6775313168521748e+00
0.0000000000000000e+00
-6.7244317710716501e+00
-6.7244317710716501e+00
0.0000000000000000e+00
-8.2166355655063903e+00
-8.2166355655063903e+00
0.0000000000000000e+00
-6.6648790157867595e+00
-6.6648790157867595e+00
0.0000000000000000e+00
-7.0082101675032398e+00
-7.0082101675032398e+00
0.0000000000000000e+00
-6.5197132401804048e+00
-6.5197132401804048e+00
0.0000000000000000e+00
-5.7893428316245119e+00
-5.7893428316245119e+00
0.0000000000000000e+00
-5.4890887493363518e+00
-5.4890887493363518e+00
0.0000000000000000e+00
-6.3650625778930365e+00
-6.3650625778930365e+00
0.0000000000000000e+00
-5.9298260456635292e+00
-5.9298260456635292e+00
0.0000000000000000e+00
-6.9304737670679026e+00
-6.9304737670679026e+00
0.0000000000000000e+00
-6.5528393865597945e+00
-6.5528393865597945e+00
0.0000000000000000e+00
-7.3524489639683619e+00
-7.3524489639683619e+00
0.0000000000000000e+00
-6.5029196235507296e+00
-6.5029196235507296e+00
0.0000000000000000e+00
-6.8712819945608974e+00
-6.8712819945608974e+00
0.0000000000000000e+00
-6.6974347796027214e+00
-6.6974347796027214e+00
0.0000000000000000e+00
-6.8281486557515745e+00
-6.8281486557515745e+00
0.0000000000000000e+00
-6.4193576688347651e+00
-6.4193576688347651e+00
0.0000000000000000e+00
-6.7804303817501825e+00
-6.7804303817501825e+00
0.0000000000000000e+00
-5.8190114909101771e+00
-5.8190114909101771e+00
0.0000000000000000e+00
-5.7487874098896494e+00
-5.7487874098896494e+00
0.0000000000000000e+00
-6.0366771877376486e+00
-6.0366771877376486e+00
0.0000000000000000e+00
-6.2317958391632038e+00
-6.2317958391632038e+00
0.0000000000000000e+00
-5.8876012561195550e+00
-5.8876012561195550e+00
0.0000000000000000e+00
-5.4334491278044048e+00
-5.4334491278044048e+00
0.0000000000000000e+00
-5.7322372662015013e+00
-5.7322372662015013e+00
0.0000000000000000e+00
-5.1776780520076668e+00
-5.1776780520076668e+00
0.0000000000000000e+00
-6.0713741744085779e+00
-6.0713741744085779e+00
0.0000000000000000e+00
-6.2592671866880449e+00
-6.2592671866880449e+00
0.0000000000000000e+00
-6.4986539437477520e+00
-6.4986539437477520e+00
0.0000000000000000e+00
-6.4833675398042221e+00
-6.4833675398042221e+00
0.0000000000000000e+00
-5.5105738400018813e+00
-5.5105738400018813e+00
0.0000000000000000e+00
-5.5210505643141747e+00
-5.5210505643141747e+00
0.0000000000000000e+00
-5.6451586336392072e+00
-5.6451586336392072e+00
0.0000000000000000e+00
-5.6655353104212818e+00
-5.6655353104212818e+00
0.0000000000000000e+00
-5.9641789727072299e+00
-5.9641789727072299e+00
0.0000000000000000e+00
-5.9098512846269431e+00
-5.9098512846269431e+00
0.0000000000000000e+00
-5.1849724086337359e+00
-5.1849724086337359e+00
0.0000000000000000e+00
-5.3865048295581683e+00
-5.3865048295581683e+00
0.0000000000000000e+00
-5.4981254294742916e+00
-5.4981254294742916e+00
0.0000000000000000e+00
-5.9872146527259682e+00
-5.9872146527259682e+00
0.0000000000000000e+00
-5.9116388489315366e+00
-5.9116388489315366e+00
0.0000000000000000e+00
-6.4365249493447241e+00
-6.4365249493447241e+00
0.0000000000000000e+00
-6.6670221753324626e+00
-6.6670221753324626e+00
0.0000000000000000e+00
-7.9134322230545031e+00
-7.9134322230545031e+00
0.0000000000000000e+00
-7.4003275831101138e+00
-7.4003275831101138e+00
0.0000000000000000e+00
-6.9605888898062638e+00
-6.9605888898062638e+00
0.0000000000000000e+00
-7.1533216573271625e+00
-7.1533216573271625e+00
0.0000000000000000e+00
-7.8936585601671991e+00
-7.8936585601671991e+00
0.0000000000000000e+00
-8.2282149880931286e+00
-8.2282149880931286e+00
0.0000000000000000e+00
-7.2878058419648504e+00
-7.2878058419648504e+00
0.0000000000000000e+00
-9.2887566305494644e+00
-9.2887566305494644e+00
0.0000000000000000e+00
-7.7812282953740546e+00
-7.7812282953740546e+00
0.0000000000000000e+00
-7.3404440832009890e+00
-7.3404440832009890e+00
0.0000000000000000e+00
-7.0372284224984645e+00
-7.0372284224984645e+00
0.0000000000000000e+00
-7.2607100389265744e+00
-7.2607100389265744e+00
0.0000000000000000e+00
-9.9223358593202953e+00
-9.9223358593202953e+00
0.0000000000000000e+00
-7.4958972228077334e+00
-7.4958972228077334e+00
0.0000000000000000e+00
-7.1335952152650250e+00
-7.1335952152650250e+00
0.0000000000000000e+00
-6.9430288308103272e+00
-6.9430288308103272e+00
0.0000000000000000e+00
-7.9410449257973088e+00
-7.9410449257973088e+00
0.0000000000000000e+00
-7.7800269784756519e+00
-7.7800269784756519e+00
0.0000000000000000e+00
-7.5015324918597948e+00
-7.5015324918597948e+00
0.0000000000000000e+00
-6.1743766362453698e+00
-6.1743766362453698e+00
0.0000000000000000e+00
-6.8024413189652186e+00
-6.8024413189652186e+00
0.0000000000000000e+00
-5.8639850330026411e+00
-5.8639850330026411e+00
0.0000000000000000e+00
-6.8751780775295082e+00
-6.8751780775295082e+00
0.0000000000000000e+00
-5.7306463724145260e+00
-5.7306463724145260e+00
0.0000000000000000e+00
-5.7146773636156185e+00
-5.7146773636156185e+00
0.0000000000000000e+00
-5.7157140030502429e+00
-5.7157140030502429e+00
0.0000000000000000e+00
-5.4259784081467917e+00
-5.4259784081467917e+00
0.0000000000000000e+00
-5.1918360695063566e+00
-5.1918360695063566e+00
0.0000000000000000e+00
-5.0166420059508496e+00
-5.0166420059508496e+00
0.0000000000000000e+00
-5.0081072511374431e+00
-5.0081072511374431e+00
0.0000000000000000e+00
-6.0335055441818888e+00
-6.0335055441818888e+00
0.0000000000000000e+00
-5.8033903080230971e+00
-5.8033903080230971e+00
0.0000000000000000e+00
-5.2784257147296563e+00
-5.2784257147296563e+00
0.0000000000000000e+00
-5.0717858018657385e+00
-5.0717858018657385e+00
0.0000000000000000e+00
-6.2858782416933581e+00
-6.2858782416933581e+00
0.0000000000000000e+00
-6.4545290737847036e+00
-6.4545290737847036e+00
0.0000000000000000e+00
-5.5028837279240790e+00
-5.5028837279240790e+00
0.0000000000000000e+00
-5.8355304984426715e+00
-5.8355304984426715e+00
0.0000000000000000e+00
-5.1919248564546061e+00
-5.1919248564546061e+00
0.0000000000000000e+00
-5.1059549277292078e+00
-5.1059549277292078e+00
0.0000000000000000e+00
-5.1907300993020797e+00
-5.1907300993020797e+00
0.0000000000000000e+00
-5.8549498035786760e+00
-5.8549498035786760e+00
0.0000000000000000e+00
-5.5564405469450797e+00
-5.5564405469450797e+00
0.0000000000000000e+00
-5.6192866467727098e+00
-5.6192866467727098e+00
0.0000000000000000e+00
-5.8200671475011161e+00
-5.8200671475011161e+00
0.0000000000000000e+00
-5.8098322757824610e+00
-5.8098322757824610e+00
0.0000000000000000e+00
-5.2503973233646546e+00
-5.2503973233646546e+00
0.0000000000000000e+00
-6.1029934656082307e+00
-6.1029934656082307e+00
0.0000000000000000e+00
-6.0624162140117619e+00
-6.0624162140117619e+00
0.0000000000000000e+00
-5.9243103692021348e+00
-5.9243103692021348e+00
0.0000000000000000e+00
-5.9700704192198657e+00
-5.9700704192198657e+00
0.0000000000000000e+00
-5.7739456730764953e+00
-5.7739456730764953e+00
0.0000000000000000e+00
-5.4231640791160052e+00
-5.4231640791160052e+00
0.0000000000000000e+00
-6.1138127618920626e+00
-6.1138127618920626e+00
0.0000000000000000e+00
-5.9756581908649569e+00
-5.9756581908649569e+00
0.0000000000000000e+00
-6.1664847227093240e+00
-6.1664847227093240e+00
0.0000000000000000e+00
-8.0681287607727992e+00
-8.0681287607727992e+00
0.0000000000000000e+00
-6.6898953609209606e+00
-6.6898953609209606e+00
0.0000000000000000e+00
-6.2588112418007675e+00
-6.2588112418007675e+00
0.0000000000000000e+00
-6.8053981714149847e+00
-6.8053981714149847e+00
0.0000000000000000e+00
-5.8488044992609991e+00
-5.8488044992609991e+00
0.0000000000000000e+00
-5.8384226440041056e+00
-5.8384226440041056e+00
0.0000000000000000e+00
-7.1598246190022401e+00
-7.1598246190022401e+00
0.0000000000000000e+00
-8.2969901498916450e+00
-8.2969901498916450e+00
0.0000000000000000e+00
-5.1392943273216352e+00
-5.1392943273216352e+00
0.0000000000000000e+00
-5.1261101941788558e+00
-5.1261101941788558e+00
0.0000000000000000e+00
-7.0829199217572976e+00
-7.0829199217572976e+00
0.0000000000000000e+00
-7.8309611221639805e+00
-7.8309611221639805e+00
0.0000000000000000e+00
-8.1270092006363726e+00
-8.1270092006363726e+00
0.0000000000000000e+00
-6.1623754939052189e+00
-6.1623754939052189e+00
0.0000000000000000e+00
-7.0402792303573705e+00
-7.0402792303573705e+00
0.0000000000000000e+00
-5.8611687428499541e+00
-5.8611687428499541e+00
0.0000000000000000e+00
-7.1031768559059616e+00
-7.1031768559059616e+00
0.0000000000000000e+00
-6.9618779394904120e+00
-6.9618779394904120e+00
0.0000000000000000e+00
-5.8095622939887308e+00
-5.8095622939887308e+00
0.0000000000000000e+00
-7.7939176050660999e+00
-7.7939176050660999e+00
0.0000000000000000e+00
-6.5387602216726721e+00
-6.5387602216726721e+00
0.0000000000000000e+00
-6.5492027063166747e+00
-6.5492027063166747e+00
0.0000000000000000e+00
-6.4796908215744278e+00
-6.4796908215744278e+00
0.0000000000000000e+00
-7.7025412166032909e+00
-7.7025412166032909e+00
0.0000000000000000e+00
-6.5130484823092747e+00
-6.5130484823092747e+00
0.0000000000000000e+00
-5.9145320351903266e+00
-5.9145320351903266e+00
0.0000000000000000e+00
-5.9678269026686106e+00
-5.9678269026686106e+00
0.0000000000000000e+00
-5.4001071725589354e+00
-5.4001071725589354e+00
0.0000000000000000e+00
-6.1804579840798413e+00
-6.1804579840798413e+00
0.0000000000000000e+00
-6.5501237875140701e+00
-6.5501237875140701e+00
0.0000000000000000e+00
-6.4612902004209261e+00
-6.4612902004209261e+00
0.0000000000000000e+00
-5.2460014599073519e+00
-5.2460014599073519e+00
0.0000000000000000e+00
-5.0772944479548201e+00
-5.0772944479548201e+00
0.0000000000000000e+00
-5.0300435763832780e+00
-5.0300435763832780e+00
0.0000000000000000e+00
-5.4688919121287274e+00
-5.4688919121287274e+00
0.0000000000000000e+00
-5.3821637800882351e+00
-5.3821637800882351e+00
0.0000000000000000e+00
-7.8205655841834671e+00
-7.8205655841834671e+00
0.0000000000000000e+00
-7.4257262966100317e+00
-7.4257262966100317e+00
0.0000000000000000e+00
-7.2533356519552168e+00
-7.2533356519552168e+00
0.0000000000000000e+00
-6.2479356359550611e+00
-6.2479356359550611e+00
0.0000000000000000e+00
-5.4735369268565490e+00
-5.4735369268565490e+00
0.0000000000000000e+00
-9.2190641654347587e+00
-9.2190641654347587e+00
0.0000000000000000e+00
-5.4998089823629002e+00
-5.4998089823629002e+00
0.0000000000000000e+00
-6.2976142374113300e+00
-6.2976142374113300e+00
0.0000000000000000e+00
-6.6650353828649669e+00
-6.6650353828649669e+00
0.0000000000000000e+00
-6.2240755197692224e+00
-6.2240755197692224e+00
0.0000000000000000e+00
-5.5343271572612966e+00
-5.5343271572612966e+00
0.0000000000000000e+00
-5.7842565396681822e+00
-5.7842565396681822e+00
0.0000000000000000e+00
-5.8893197228519920e+00
-5.8893197228519920e+00
0.0000000000000000e+00
-5.2683832653840463e+00
-5.2683832653840463e+00
0.0000000000000000e+00
-5.1330734002476879e+00
-5.1330734002476879e+00
0.0000000000000000e+00
-4.9989145619182400e+00
-4.9989145619182400e+00
0.0000000000000000e+00
-4.9748817139978927e+00
-4.9748817139978927e+00
0.0000000000000000e+00
-5.4420070123325255e+00
-5.4420070123325255e+00
0.0000000000000000e+00
-5.5295387796806077e+00
-5.5295387796806077e+00
0.0000000000000000e+00
-6.9007218963862123e+00
-6.9007218963862123e+00
0.0000000000000000e+00
-6.3472564194432071e+00
-6.3472564194432071e+00
0.0000000000000000e+00
-6.7845399976031580e+00
-6.7845399976031580e+00
0.0000000000000000e+00
-6.8280080783035331e+00
-6.8280080783035331e+00
0.0000000000000000e+00
-7.1667023287562310e+00
-7.1667023287562310e+00
0.0000000000000000e+00
-5.9378363456268266e+00
-5.9378363456268266e+00
0.0000000000000000e+00
-5.3330320485583567e+00
-5.3330320485583567e+00
0.0000000000000000e+00
-5.6554478949326086e+00
-5.6554478949326086e+00
0.0000000000000000e+00
-7.2358726801783444e+00
-7.2358726801783444e+00
0.0000000000000000e+00
-5.6612444214525759e+00
-5.6612444214525759e+00
0.0000000000000000e+00
-5.6960135728008572e+00
-5.6960135728008572e+00
0.0000000000000000e+00
-5.3740486100431717e+00
-5.3740486100431717e+00
0.0000000000000000e+00
-6.3203167272787670e+00
-6.3203167272787670e+00
0.0000000000000000e+00
-7.2567126399875139e+00
-7.2567126399875139e+00
0.0000000000000000e+00
-7.3800831140734662e+00
-7.3800831140734662e+00
0.0000000000000000e+00
-7.1140837015999434e+00
-7.1140837015999434e+00
0.0000000000000000e+00
-6.6527146390768852e+00
-6.6527146390768852e+00
0.0000000000000000e+00
-5.0556937964186792e+00
-5.0556937964186792e+00
0.0000000000000000e+00
-6.3197726203374662e+00
-6.3197726203374662e+00
0.0000000000000000e+00
-5.5573919956349807e+00
-5.5573919956349807e+00
0.0000000000000000e+00
-6.8912884330190707e+00
-6.8912884330190707e+00
0.0000000000000000e+00
-6.5286499696787175e+00
-6.5286499696787175e+00
0.0000000000000000e+00
-6.7213417015262582e+00
-6.7213417015262582e+00
0.0000000000000000e+00
-6.7033051660010781e+00
-6.7033051660010781e+00
0.0000000000000000e+00
-6.5561910869430928e+00
-6.5561910869430928e+00
0.0000000000000000e+00
-6.2846068115406410e+00
-6.2846068115406410e+00
0.0000000000000000e+00
-5.0816650639363736e+00
-5.0816650639363736e+00
0.0000000000000000e+00
-5.9665331283754695e+00
-5.9665331283754695e+00
0.0000000000000000e+00
-6.0805857471032834e+00
-6.0805857471032834e+00
0.0000000000000000e+00
-6.0100374774849170e+00
-6.0100374774849170e+00
0.0000000000000000e+00
-5.2112571902349769e+00
-5.2112571902349769e+00
0.0000000000000000e+00
-6.0826551495427985e+00
-6.0826551495427985e+00
0.0000000000000000e+00
-7.3473839256571329e+00
-7.3473839256571329e+00
0.0000000000000000e+00
-5.2398754041047448e+00
-5.2398754041047448e+00
0.0000000000000000e+00
-5.2375013499924927e+00
-5.2375013499924927e+00
0.0000000000000000e+00
-5.0948804812864630e+00
-5.0948804812864630e+00
0.0000000000000000e+00
-5.0872089837307675e+00
-5.0872089837307675e+00
0.0000000000000000e+00
-5.0887156174620749e+00
-5.0887156174620749e+00
0.0000000000000000e+00
-5.1338794760218489e+00
-5.1338794760218489e+00
0.0000000000000000e+00
-5.5575479529754404e+00
-5.5575479529754404e+00
0.0000000000000000e+00
-6.7935532188636216e+00
-6.7935532188636216e+00
0.0000000000000000e+00
-6.9181352554901459e+00
-6.9181352554901459e+00
0.0000000000000000e+00
-6.6486966383762294e+00
-6.6486966383762294e+00
0.0000000000000000e+00
-7.9261498891547593e+00
-7.9261498891547593e+00
0.0000000000000000e+00
-7.7892627650462458e+00
-7.7892627650462458e+00
0.0000000000000000e+00
-5.4617206467397814e+00
-5.4617206467397814e+00
0.0000000000000000e+00
-5.4582673621813225e+00
-5.4582673621813225e+00
0.0000000000000000e+00
-5.7610118485995638e+00
-5.7610118485995638e+00
0.0000000000000000e+00
-8.0926684054741269e+00
-8.0926684054741269e+00
0.0000000000000000e+00
-5.9133662554855020e+00
-5.9133662554855020e+00
0.0000000000000000e+00
-6.0380297512048831e+00
-6.0380297512048831e+00
0.0000000000000000e+00
-5.3057180831166857e+00
-5.3057180831166857e+00
0.0000000000000000e+00
-5.3132689481436479e+00
-5.3132689481436479e+00
0.0000000000000000e+00
-5.1532852892203946e+00
-5.1532852892203946e+00
0.0000000000000000e+00
-5.1483384714799083e+00
-5.1483384714799083e+00
0.0000000000000000e+00
-4.9482014785484587e+00
-4.9482014785484587e+00
0.0000000000000000e+00
-5.7025893749002963e+00
-5.7025893749002963e+00
0.0000000000000000e+00
-6.0321207069587937e+00
-6.0321207069587937e+00
0.0000000000000000e+00
-6.5048358079382282e+00
-6.5048358079382282e+00
0.0000000000000000e+00
-5.8457784518248834e+00
-5.8457784518248834e+00
0.0000000000000000e+00
-5.8313203424708870e+00
-5.8313203424708870e+00
0.0000000000000000e+00
-6.0602272017820544e+00
-6.0602272017820544e+00
0.0000000000000000e+00
-5.9315756203333239e+00
-5.9315756203333239e+00
0.0000000000000000e+00
-5.9404168176817294e+00
-5.9404168176817294e+00
0.0000000000000000e+00
-6.1940672301753281e+00
-6.1940672301753281e+00
0.0000000000000000e+00
-6.7391737090609123e+00
-6.7391737090609123e+00
0.0000000000000000e+00
-7.2920162491693183e+00
-7.2920162491693183e+00
0.0000000000000000e+00
-8.1569853327272206e+00
-8.1569853327272206e+00
0.0000000000000000e+00
-7.9337509227578771e+00
-7.9337509227578771e+00
0.0000000000000000e+00
-8.1680411819252274e+00
-8.1680411819252274e+00
0.0000000000000000e+00
-9.1471131221999400e+00
-9.1471131221999400e+00
0.0000000000000000e+00
-8.2201539318877508e+00
-8.2201539318877508e+00
0.0000000000000000e+00
-5.9174513827806026e+00
-5.9174513827806026e+00
0.0000000000000000e+00
-5.5921475239126508e+00
-5.5921475239126508e+00
0.0000000000000000e+00
-5.6351732791828972e+00
-5.6351732791828972e+00
0.0000000000000000e+00
-6.3895075763099420e+00
-6.3895075763099420e+00
0.0000000000000000e+00
-7.6731601148949151e+00
-7.6731601148949151e+00
0.0000000000000000e+00
-5.7367797945048435e+00
-5.7367797945048435e+00
0.0000000000000000e+00
-5.7238437518670233e+00
-5.7238437518670233e+00
0.0000000000000000e+00
-5.6055648955788238e+00
-5.6055648955788238e+00
0.0000000000000000e+00
-6.5974262333005571e+00
-6.5974262333005571e+00
0.0000000000000000e+00
-6.5392419253095895e+00
-6.5392419253095895e+00
0.0000000000000000e+00
-6.6519958195780795e+00
-6.6519958195780795e+00
0.0000000000000000e+00
-5.4511532913288772e+00
-5.4511532913288772e+00
0.0000000000000000e+00
-5.1800390881038494e+00
-5.1800390881038494e+00
0.0000000000000000e+00
-5.5146650855303108e+00
-5.5146650855303108e+00
0.0000000000000000e+00
-6.4592249929682941e+00
-6.4592249929682941e+00
0.0000000000000000e+00
-6.1345241853463826e+00
-6.1345241853463826e+00
0.0000000000000000e+00
-5.2055854115849156e+00
-5.2055854115849156e+00
0.0000000000000000e+00
-6.1152346165135487e+00
-6.1152346165135487e+00
0.0000000000000000e+00
-6.1655841446488084e+00
-6.1655841446488084e+00
0.0000000000000000e+00
-5.9049817099848285e+00
-5.9049817099848285e+00
0.0000000000000000e+00
-5.8416432656076891e+00
-5.8416432656076891e+00
0.0000000000000000e+00
-7.1023894557422338e+00
-7.1023894557422338e+00
0.0000000000000000e+00
-7.9110533931849805e+00
-7.9110533931849805e+00
0.0000000000000000e+00
-6.6895776556455200e+00
-6.6895776556455200e+00
0.0000000000000000e+00
-5.9916367412192404e+00
-5.9916367412192404e+00
0.0000000000000000e+00
-6.0126221068291592e+00
-6.0126221068291592e+00
0.0000000000000000e+00
-6.9299295715986524e+00
-6.9299295715986524e+00
0.0000000000000000e+00
-6.5353725994070500e+00
-6.5353725994070500e+00
0.0000000000000000e+00
-6.7046936761257907e+00
-6.7046936761257907e+00
0.0000000000000000e+00
-6.1754088525416417e+00
-6.1754088525416417e+00
0.0000000000000000e+00
-6.7964545121855089e+00
-6.7964545121855089e+00
0.0000000000000000e+00
-6.6267340054598032e+00
-6.6267340054598032e+00
0.0000000000000000e+00
-6.8979110074223016e+00
-6.8979110074223016e+00
0.0000000000000000e+00
-7.1807522155732819e+00
-7.1807522155732819e+00
0.0000000000000000e+00
-7.6864425188406926e+00
-7.6864425188406926e+00
0.0000000000000000e+00
-7.9048437105982527e+00
-7.9048437105982527e+00
0.0000000000000000e+00
-7.9302355725819060e+00
-7.9302355725819060e+00
0.0000000000000000e+00
-7.6075465553016741e+00
-7.6075465553016741e+00
0.0000000000000000e+00
-7.0737933558533435e+00
-7.0737933558533435e+00
0.0000000000000000e+00
-7.7058347421418816e+00
-7.7058347421418816e+00
0.0000000000000000e+00
-7.0726254503706034e+00
-7.0726254503706034e+00
0.0000000000000000e+00
-5.6222617900089782e+00
-5.6222617900089782e+00
0.0000000000000000e+00
-5.8480978696507462e+00
-5.8480978696507462e+00
0.0000000000000000e+00
-5.3818610227048387e+00
-5.3818610227048387e+00
0.0000000000000000e+00
-5.1620806829045414e+00
-5.1620806829045414e+00
0.0000000000000000e+00
-5.3514432378234211e+00
-5.3514432378234211e+00
0.0000000000000000e+00
-4.9337505804518917e+00
-4.9337505804518917e+00
0.0000000000000000e+00
-5.1229094192571250e+00
-5.1229094192571250e+00
0.0000000000000000e+00
-6.2174663529754826e+00
-6.2174663529754826e+00
0.0000000000000000e+00
-6.5729589706197524e+00
-6.5729589706197524e+00
0.0000000000000000e+00
-6.5958055822915371e+00
-6.5958055822915371e+00
0.0000000000000000e+00
-6.4541150856184286e+00
-6.4541150856184286e+00
0.0000000000000000e+00
-7.0196057998040118e+00
-7.0196057998040118e+00
0.0000000000000000e+00
-5.6345948684161069e+00
-5.6345948684161069e+00
0.0000000000000000e+00
-5.8024001441236983e+00
-5.8024001441236983e+00
0.0000000000000000e+00
-7.3199321260057371e+00
-7.3199321260057371e+00
0.0000000000000000e+00
-8.5641976847204209e+00
-8.5641976847204209e+00
0.0000000000000000e+00
-5.8625076045480249e+00
-5.8625076045480249e+00
0.0000000000000000e+00
-5.1153320698548876e+00
-5.1153320698548876e+00
0.0000000000000000e+00
-5.3631792479779685e+00
-5.3631792479779685e+00
0.0000000000000000e+00
-5.5877878794648277e+00
-5.5877878794648277e+00
0.0000000000000000e+00
-5.6706148370209775e+00
-5.6706148370209775e+00
0.0000000000000000e+00
-5.6528865570842122e+00
-5.6528865570842122e+00
0.0000000000000000e+00
-5.1165667686291414e+00
-5.1165667686291414e+00
0.0000000000000000e+00
-5.0651698487691617e+00
-5.0651698487691617e+00
0.0000000000000000e+00
-5.0276647743085059e+00
-5.0276647743085059e+00
0.0000000000000000e+00
-5.0215867696795069e+00
-5.0215867696795069e+00
0.0000000000000000e+00
-5.1722513271949895e+00
-5.1722513271949895e+00
0.0000000000000000e+00
-5.7759409490642000e+00
-5.7759409490642000e+00
0.0000000000000000e+00
-6.3051027584320885e+00
-6.3051027584320885e+00
0.0000000000000000e+00
-6.3871856305543835e+00
-6.3871856305543835e+00
0.0000000000000000e+00
-6.6176108627038985e+00
-6.6176108627038985e+00
0.0000000000000000e+00
-7.3365090711768577e+00
-7.3365090711768577e+00
0.0000000000000000e+00
-9.6916208774620358e+00
-9.6916208774620358e+00
0.0000000000000000e+00
-9.2693840625459281e+00
-9.2693840625459281e+00
0.0000000000000000e+00
-9.7140237046334672e+00
-9.7140237046334672e+00
0.0000000000000000e+00
-9.6079508472683592e+00
-9.6079508472683592e+00
0.0000000000000000e+00
-7.9304490775970802e+00
-7.9304490775970802e+00
0.0000000000000000e+00
-7.7998268597257070e+00
-7.7998268597257070e+00
0.0000000000000000e+00
-7.9171868385702844e+00
-7.9171868385702844e+00
0.0000000000000000e+00
-8.0430975389935071e+00
-8.0430975389935071e+00
0.0000000000000000e+00
-7.5332193944984045e+00
-7.5332193944984045e+00
0.0000000000000000e+00
-7.6724824674830412e+00
-7.6724824674830412e+00
0.0000000000000000e+00
-7.7853363915623763e+00
-7.7853363915623763e+00
0.0000000000000000e+00
-8.7381073712343884e+00
-8.7381073712343884e+00
0.0000000000000000e+00
-8.6802546982273032e+00
-8.6802546982273032e+00
0.0000000000000000e+00
-8.2093226984782994e+00
-8.2093226984782994e+00
0.0000000000000000e+00
-1.1101309119871186e+01
-1.1101309119871186e+01
0.0000000000000000e+00
-7.7192323152826141e+00
-7.7192323152826141e+00
0.0000000000000000e+00
-6.8967622115968474e+00
-6.8967622115968474e+00
0.0000000000000000e+00
-7.0530519574208537e+00
-7.0530519574208537e+00
0.0000000000000000e+00
-6.3393380617065551e+00
-6.3393380617065551e+00
0.0000000000000000e+00
-7.0189556689088857e+00
-7.0189556689088857e+00
0.0000000000000000e+00
-7.0705128505832580e+00
-7.0705128505832580e+00
0.0000000000000000e+00
-7.1430940277752537e+00
-7.1430940277752537e+00
0.0000000000000000e+00
-6.8344007260438939e+00
-6.8344007260438939e+00
0.0000000000000000e+00
-6.9088735561321473e+00
-6.9088735561321473e+00
0.0000000000000000e+00
-6.0777394044432773e+00
-6.0777394044432773e+00
0.0000000000000000e+00
-6.6764951958438497e+00
-6.6764951958438497e+00
0.0000000000000000e+00
-6.4426839101052922e+00
-6.4426839101052922e+00
0.0000000000000000e+00
-6.8296774522541739e+00
-6.8296774522541739e+00
0.0000000000000000e+00
-6.6021390826489075e+00
-6.6021390826489075e+00
0.0000000000000000e+00
-6.6167696593824559e+00
-6.6167696593824559e+00
0.0000000000000000e+00
-6.7802189178413705e+00
-6.7802189178413705e+00
0.0000000000000000e+00
-8.0220930239610873e+00
-8.0220930239610873e+00
0.0000000000000000e+00
-6.5879068602454609e+00
-6.5879068602454609e+00
0.0000000000000000e+00
-7.2796171451136829e+00
-7.2796171451136829e+00
0.0000000000000000e+00
-6.5076230821522021e+00
-6.5076230821522021e+00
0.0000000000000000e+00
-7.1835106434241185e+00
-7.1835106434241185e+00
0.0000000000000000e+00
-6.8037323834135526e+00
-6.8037323834135526e+00
0.0000000000000000e+00
-6.7870979141767513e+00
-6.7870979141767513e+00
0.0000000000000000e+00
-6.8863958918735699e+00
-6.8863958918735699e+00
0.0000000000000000e+00
-6.4663394190259131e+00
-6.4663394190259131e+00
0.0000000000000000e+00
-7.0174586683422486e+00
-7.0174586683422486e+00
0.0000000000000000e+00
-7.2152271632409288e+00
-7.2152271632409288e+00
0.0000000000000000e+00
-8.0612816844467527e+00
-8.0612816844467527e+00
0.0000000000000000e+00
-7.7390705077422162e+00
-7.7390705077422162e+00
0.0000000000000000e+00
-7.7107668450713742e+00
-7.7107668450713742e+00
0.0000000000000000e+00
-7.9501084368275876e+00
-7.9501084368275876e+00
0.0000000000000000e+00
-7.9108008190503654e+00
-7.9108008190503654e+00
0.0000000000000000e+00
-7.5006664753811663e+00
-7.5006664753811663e+00
0.0000000000000000e+00
-6.8158899947667182e+00
-6.8158899947667182e+00
0.0000000000000000e+00
-7.5702481563285318e+00
-7.5702481563285318e+00
0.0000000000000000e+00
-7.3051091052376105e+00
-7.3051091052376105e+00
0.0000000000000000e+00
-7.4186807177273248e+00
-7.4186807177273248e+00
0.0000000000000000e+00
-7.4860784255393451e+00
-7.4860784255393451e+00
0.0000000000000000e+00
-6.9137023367525483e+00
-6.9137023367525483e+00
0.0000000000000000e+00
-6.7220417833746025e+00
-6.7220417833746025e+00
0.0000000000000000e+00
-6.7456852554799358e+00
-6.7456852554799358e+00
0.0000000000000000e+00
-6.8023465383423112e+00
-6.8023465383423112e+00
0.0000000000000000e+00
-7.4384708682393494e+00
-7.4384708682393494e+00
0.0000000000000000e+00
-6.6566297426537675e+00
-6.6566297426537675e+00
0.0000000000000000e+00
-6.6140480264619601e+00
-6.6140480264619601e+00
0.0000000000000000e+00
-6.6354219542325428e+00
-6.6354219542325428e+00
0.0000000000000000e+00
-6.6083020133973811e+00
-6.6083020133973811e+00
0.0000000000000000e+00
-6.5929019691072082e+00
-6.5929019691072082e+00
0.0000000000000000e+00
-6.6244199766217076e+00
-6.6244199766217076e+00
0.0000000000000000e+00
-6.4447840577289037e+00
-6.4447840577289037e+00
0.0000000000000000e+00
-6.8346671356246098e+00
-6.8346671356246098e+00
0.0000000000000000e+00
-6.9949002266324944e+00
-6.9949002266324944e+00
0.0000000000000000e+00
-6.7231618106276603e+00
-6.7231618106276603e+00
0.0000000000000000e+00
-6.9961018713587215e+00
-6.9961018713587215e+00
0.0000000000000000e+00
-7.0724940971387316e+00
-7.0724940971387316e+00
0.0000000000000000e+00
-6.9472898785798840e+00
-6.9472898785798840e+00
0.0000000000000000e+00
-6.7955157948775815e+00
-6.7955157948775815e+00
0.0000000000000000e+00
-6.6699541658613359e+00
-6.6699541658613359e+00
0.0000000000000000e+00
-6.4953680102041274e+00
-6.4953680102041274e+00
0.0000000000000000e+00
-6.4843623186970456e+00
-6.4843623186970456e+00
0.0000000000000000e+00
-6.6474529303551773e+00
-6.6474529303551773e+00
0.0000000000000000e+00
-6.6506549571788582e+00
-6.6506549571788582e+00
0.0000000000000000e+00
-6.4624603670936409e+00
-6.4624603670936409e+00
0.0000000000000000e+00
-6.3317611926492638e+00
-6.3317611926492638e+00
0.0000000000000000e+00
-6.5416609636429115e+00
-6.5416609636429115e+00
0.0000000000000000e+00
-6.3149125247644511e+00
-6.3149125247644511e+00
0.0000000000000000e+00
-6.3227417195366549e+00
-6.3227417195366549e+00
0.0000000000000000e+00
-6.4597731548135098e+00
-6.4597731548135098e+00
0.0000000000000000e+00
-6.5216552014235445e+00
-6.5216552014235445e+00
0.0000000000000000e+00
-6.5633108251241081e+00
-6.5633108251241081e+00
0.0000000000000000e+00
-6.3488534891573414e+00
-6.3488534891573414e+00
0.0000000000000000e+00
-6.5998749098848801e+00
-6.5998749098848801e+00
0.0000000000000000e+00
-6.4376821037627661e+00
-6.4376821037627661e+00
0.0000000000000000e+00
-6.4765969912115988e+00
-6.4765969912115988e+00
0.0000000000000000e+00
-6.6365732597846403e+00
-6.6365732597846403e+00
0.0000000000000000e+00
-6.6311671164987418e+00
-6.6311671164987418e+00
0.0000000000000000e+00
-6.7600474932766037e+00
-6.7600474932766037e+00
0.0000000000000000e+00
-6.5350860765508791e+00
-6.5350860765508791e+00
0.0000000000000000e+00
-6.5345219542986204e+00
-6.5345219542986204e+00
0.0000000000000000e+00
-6.4780469289098637e+00
-6.4780469289098637e+00
0.0000000000000000e+00
-6.4766407286949796e+00
-6.4766407286949796e+00
0.0000000000000000e+00
-7.0756945062958403e+00
-7.0756945062958403e+00
0.0000000000000000e+00
-6.8039961742459241e+00
-6.8039961742459241e+00
0.0000000000000000e+00
-6.6850256054676063e+00
-6.6850256054676063e+00
0.0000000000000000e+00
-6.9403728466165227e+00
-6.9403728466165227e+00
0.0000000000000000e+00
-6.4560714094385636e+00
-6.4560714094385636e+00
0.0000000000000000e+00
-6.7504772984114201e+00
-6.7504772984114201e+00
0.0000000000000000e+00
-6.7583239259170877e+00
-6.7583239259170877e+00
0.0000000000000000e+00
-6.6964808787239143e+00
-6.6964808787239143e+00
0.0000000000000000e+00
-6.6032751695281391e+00
-6.6032751695281391e+00
0.0000000000000000e+00
-6.6060092056526347e+00
-6.6060092056526347e+00
0.0000000000000000e+00
-6.3609234987078240e+00
-6.3609234987078240e+00
0.0000000000000000e+00
-6.4179899282537836e+00
-6.4179899282537836e+00
0.0000000000000000e+00
-6.7210030889173646e+00
-6.7210030889173646e+00
0.0000000000000000e+00
-7.1847151325248344e+00
-7.1847151325248344e+00
0.0000000000000000e+00
-7.1026143186515531e+00
-7.1026143186515531e+00
0.0000000000000000e+00
-7.0573395217241348e+00
-7.0573395217241348e+00
0.0000000000000000e+00
-6.7082385324213156e+00
-6.7082385324213156e+00
0.0000000000000000e+00
-6.7439737088244636e+00
-6.7439737088244636e+00
0.0000000000000000e+00
-6.6326908608346082e+00
-6.6326908608346082e+00
0.0000000000000000e+00
-6.6163379102097739e+00
-6.6163379102097739e+00
0.0000000000000000e+00
-6.6611488100621354e+00
-6.6611488100621354e+00
0.0000000000000000e+00
-6.5676789007307121e+00
-6.5676789007307121e+00
0.0000000000000000e+00
-6.5793139669683107e+00
-6.5793139669683107e+00
0.0000000000000000e+00
-6.4360434443273196e+00
-6.4360434443273196e+00
0.0000000000000000e+00
-6.4648208872594815e+00
-6.4648208872594815e+00
0.0000000000000000e+00
-6.4666800310869510e+00
-6.4666800310869510e+00
0.0000000000000000e+00
-6.4245955102771806e+00
-6.4245955102771806e+00
0.0000000000000000e+00
-6.6596431993134502e+00
-6.6596431993134502e+00
0.0000000000000000e+00
-6.8578245828455664e+00
-6.8578245828455664e+00
0.0000000000000000e+00
-6.5414718663448506e+00
-6.5414718663448506e+00
0.0000000000000000e+00
-6.9981628580935666e+00
-6.9981628580935666e+00
0.0000000000000000e+00
-6.4936832293436888e+00
-6.4936832293436888e+00
0.0000000000000000e+00
-6.9151321225040530e+00
-6.9151321225040530e+00
0.0000000000000000e+00
-7.1861240387169980e+00
-7.1861240387169980e+00
0.0000000000000000e+00
-6.7390144873109383e+00
-6.7390144873109383e+00
0.0000000000000000e+00
-6.9099085021161981e+00
-6.9099085021161981e+00
0.0000000000000000e+00
-6.7507325052264981e+00
-6.7507325052264981e+00
0.0000000000000000e+00
-7.2126497261923941e+00
-7.2126497261923941e+00
0.0000000000000000e+00
-7.0811114644784681e+00
-7.0811114644784681e+00
0.0000000000000000e+00
-8.9678616616868023e+00
-8.9678616616868023e+00
0.0000000000000000e+00
-8.8531116391176354e+00
-8.8531116391176354e+00
0.0000000000000000e+00
-6.6950715082580521e+00
-6.6950715082580521e+00
0.0000000000000000e+00
-7.1341159949551400e+00
-7.1341159949551400e+00
0.0000000000000000e+00
-7.2244651589528548e+00
-7.2244651589528548e+00
0.0000000000000000e+00
-7.0943450647820550e+00
-7.0943450647820550e+00
0.0000000000000000e+00
-7.4759532874935761e+00
-7.4759532874935761e+00
0.0000000000000000e+00
-7.4443560017683117e+00
-7.4443560017683117e+00
0.0000000000000000e+00
-6.8906558902884214e+00
-6.8906558902884214e+00
0.0000000000000000e+00
-6.9794340953688128e+00
-6.9794340953688128e+00
0.0000000000000000e+00
-7.5407811038488912e+00
-7.5407811038488912e+00
0.0000000000000000e+00
-7.2367478688649722e+00
-7.2367478688649722e+00
0.0000000000000000e+00
-7.0828167966201994e+00
-7.0828167966201994e+00
0.0000000000000000e+00
-6.9295682980879967e+00
-6.9295682980879967e+00
0.0000000000000000e+00
-6.9102119487361016e+00
-6.9102119487361016e+00
0.0000000000000000e+00
-6.9123842810643286e+00
-6.9123842810643286e+00
0.0000000000000000e+00
-6.3728137403931910e+00
-6.3728137403931910e+00
0.0000000000000000e+00
-6.5274827876354227e+00
-6.5274827876354227e+00
0.0000000000000000e+00
-6.3807284087468590e+00
-6.3807284087468590e+00
0.0000000000000000e+00
-7.3731098893109035e+00
-7.3731098893109035e+00
0.0000000000000000e+00
-7.8871367223887203e+00
-7.8871367223887203e+00
0.0000000000000000e+00
-7.6876226443978162e+00
-7.6876226443978162e+00
0.0000000000000000e+00
-8.3910731596564965e+00
-8.3910731596564965e+00
0.0000000000000000e+00
-8.0760727745897860e+00
-8.0760727745897860e+00
0.0000000000000000e+00
-6.9314240142165078e+00
-6.9314240142165078e+00
0.0000000000000000e+00
-7.6796095681711662e+00
-7.6796095681711662e+00
0.0000000000000000e+00
-7.6071841633347788e+00
-7.6071841633347788e+00
0.0000000000000000e+00
-7.4367168929015612e+00
-7.4367168929015612e+00
0.0000000000000000e+00
-6.5147345449749849e+00
-6.5147345449749849e+00
0.0000000000000000e+00
-6.6372645712774840e+00
-6.6372645712774840e+00
0.0000000000000000e+00
-6.6413001713294300e+00
-6.6413001713294300e+00
0.0000000000000000e+00
-6.7610596562597269e+00
-6.7610596562597269e+00
0.0000000000000000e+00
-6.8924515377781255e+00
-6.8924515377781255e+00
0.0000000000000000e+00
-7.5622335075249358e+00
-7.5622335075249358e+00
0.0000000000000000e+00
-7.0945645806325039e+00
-7.0945645806325039e+00
0.0000000000000000e+00
-8.3944165214753816e+00
-8.3944165214753816e+00
0.0000000000000000e+00
-6.8691469707785044e+00
-6.8691469707785044e+00
0.0000000000000000e+00
-6.8810127049046930e+00
-6.8810127049046930e+00
0.0000000000000000e+00
-6.9681160614367723e+00
-6.9681160614367723e+00
0.0000000000000000e+00
-6.3784099164055945e+00
-6.3784099164055945e+00
0.0000000000000000e+00
-7.8118520889809950e+00
-7.8118520889809950e+00
0.0000000000000000e+00
-7.2514967357363176e+00
-7.2514967357363176e+00
0.0000000000000000e+00
-7.6561778456223042e+00
-7.6561778456223042e+00
0.0000000000000000e+00
-7.7853730910043772e+00
-7.7853730910043772e+00
0.0000000000000000e+00
-7.3466224128466493e+00
-7.3466224128466493e+00
0.0000000000000000e+00
-7.5172749099795713e+00
-7.5172749099795713e+00
0.0000000000000000e+00
-7.9924586778463853e+00
-7.9924586778463853e+00
0.0000000000000000e+00
-7.1567747116825178e+00
-7.1567747116825178e+00
0.0000000000000000e+00
-8.2714075434445142e+00
-8.2714075434445142e+00
0.0000000000000000e+00
-7.9453620670615219e+00
-7.9453620670615219e+00
0.0000000000000000e+00
-8.0212584933928675e+00
-8.0212584933928675e+00
0.0000000000000000e+00
-8.0962424020188912e+00
-8.0962424020188912e+00
0.0000000000000000e+00
-8.2634794691853237e+00
-8.2634794691853237e+00
0.0000000000000000e+00
-7.7846934432765060e+00
-7.7846934432765060e+00
0.0000000000000000e+00
-7.7685309722347409e+00
-7.7685309722347409e+00
0.0000000000000000e+00
-7.6933048352827971e+00
-7.6933048352827971e+00
0.0000000000000000e+00
-7.5349970540673468e+00
-7.5349970540673468e+00
0.0000000000000000e+00
-7.2374847680395646e+00
-7.2374847680395646e+00
0.0000000000000000e+00
-6.9730157166597690e+00
-6.9730157166597690e+00
0.0000000000000000e+00
-6.9206121265564402e+00
-6.9206121265564402e+00
0.0000000000000000e+00
-7.1914659645339656e+00
-7.1914659645339656e+00
0.0000000000000000e+00
-8.1996551005184273e+00
-8.1996551005184273e+00
0.0000000000000000e+00
-7.5669440294461454e+00
-7.5669440294461454e+00
0.0000000000000000e+00
-7.5883350945769550e+00
-7.5883350945769550e+00
0.0000000000000000e+00
-6.4852591320934838e+00
-6.4852591320934838e+00
0.0000000000000000e+00
-6.5159940073983877e+00
-6.5159940073983877e+00
0.0000000000000000e+00
-6.6779724766626405e+00
-6.6779724766626405e+00
0.0000000000000000e+00
-6.7508835915407426e+00
-6.7508835915407426e+00
0.0000000000000000e+00
-6.6098768263205478e+00
-6.6098768263205478e+00
0.0000000000000000e+00
-6.6556561024530900e+00
-6.6556561024530900e+00
0.0000000000000000e+00
-6.4606373760198164e+00
-6.4606373760198164e+00
0.0000000000000000e+00
-6.4442427631201795e+00
-6.4442427631201795e+00
0.0000000000000000e+00
-6.4608305838582698e+00
-6.4608305838582698e+00
0.0000000000000000e+00
-7.5668984731013111e+00
-7.5668984731013111e+00
0.0000000000000000e+00
-6.4957468114368115e+00
-6.4957468114368115e+00
0.0000000000000000e+00
-6.5426420087192509e+00
-6.5426420087192509e+00
0.0000000000000000e+00
-6.6389628924069530e+00
-6.6389628924069530e+00
0.0000000000000000e+00
-6.5594093104616293e+00
-6.5594093104616293e+00
0.0000000000000000e+00
-7.0319326396490389e+00
-7.0319326396490389e+00
0.0000000000000000e+00
-7.3996476995314886e+00
-7.3996476995314886e+00
0.0000000000000000e+00
-6.0764218432665400e+00
-6.0764218432665400e+00
0.0000000000000000e+00
-6.1493495269260556e+00
-6.1493495269260556e+00
0.0000000000000000e+00
-5.9637735785383406e+00
-5.9637735785383406e+00
0.0000000000000000e+00
-6.0521470398297099e+00
-6.0521470398297099e+00
0.0000000000000000e+00
-6.0129716108286173e+00
-6.0129716108286173e+00
0.0000000000000000e+00
-5.9900236308495698e+00
-5.9900236308495698e+00
0.0000000000000000e+00
-6.0975494653473401e+00
-6.0975494653473401e+00
0.0000000000000000e+00
-6.0815099434693352e+00
-6.0815099434693352e+00
0.0000000000000000e+00
-6.2133795730249739e+00
-6.2133795730249739e+00
0.0000000000000000e+00
-6.1026546253927805e+00
-6.1026546253927805e+00
0.0000000000000000e+00
-5.9652164645107773e+00
-5.9652164645107773e+00
0.0000000000000000e+00
-6.6340981311011902e+00
-6.6340981311011902e+00
0.0000000000000000e+00
-6.6334964184911769e+00
-6.6334964184911769e+00
0.0000000000000000e+00
-6.6071814297342328e+00
-6.6071814297342328e+00
0.0000000000000000e+00
-6.4426268035516561e+00
-6.4426268035516561e+00
0.0000000000000000e+00
-5.9984418489420914e+00
-5.9984418489420914e+00
0.0000000000000000e+00
-5.9879862941998470e+00
-5.9879862941998470e+00
0.0000000000000000e+00
-7.0617569481824987e+00
-7.0617569481824987e+00
0.0000000000000000e+00
-6.0518940072216019e+00
-6.0518940072216019e+00
0.0000000000000000e+00
-6.0705435967877284e+00
-6.0705435967877284e+00
0.0000000000000000e+00
-6.3223318856365287e+00
-6.3223318856365287e+00
0.0000000000000000e+00
-6.2814921638250869e+00
-6.2814921638250869e+00
0.0000000000000000e+00
-6.1981502344044950e+00
-6.1981502344044950e+00
0.0000000000000000e+00
-6.2732525808778714e+00
-6.2732525808778714e+00
0.0000000000000000e+00
-6.2751579883647697e+00
-6.2751579883647697e+00
0.0000000000000000e+00
-6.3850358164335486e+00
-6.3850358164335486e+00
0.0000000000000000e+00
-6.2733476426531309e+00
-6.2733476426531309e+00
0.0000000000000000e+00
-6.2821894279297670e+00
-6.2821894279297670e+00
0.0000000000000000e+00
-6.3373992479091239e+00
-6.3373992479091239e+00
0.0000000000000000e+00
-6.3938706490375630e+00
-6.3938706490375630e+00
0.0000000000000000e+00
-6.3056718235641567e+00
-6.3056718235641567e+00
0.0000000000000000e+00
-6.2939146846907486e+00
-6.2939146846907486e+00
0.0000000000000000e+00
-6.9386197802880494e+00
-6.9386197802880494e+00
0.0000000000000000e+00
-7.9427374718854358e+00
-7.9427374718854358e+00
0.0000000000000000e+00
-7.9352584372986206e+00
-7.9352584372986206e+00
0.0000000000000000e+00
-8.5935403882203634e+00
-8.5935403882203634e+00
0.0000000000000000e+00
-8.6079096581779631e+00
-8.6079096581779631e+00
0.0000000000000000e+00
-6.7062438977186840e+00
-6.7062438977186840e+00
0.0000000000000000e+00
-6.5684525432289886e+00
-6.5684525432289886e+00
0.0000000000000000e+00
-6.5208967956308070e+00
-6.5208967956308070e+00
0.0000000000000000e+00
-6.4001970977052309e+00
-6.4001970977052309e+00
0.0000000000000000e+00
-6.4524649220590167e+00
-6.4524649220590167e+00
0.0000000000000000e+00
-6.0952702799990961e+00
-6.0952702799990961e+00
0.0000000000000000e+00
-6.6248660273801816e+00
-6.6248660273801816e+00
0.0000000000000000e+00
-6.5844227181119610e+00
-6.5844227181119610e+00
0.0000000000000000e+00
-7.0573426126556704e+00
-7.0573426126556704e+00
0.0000000000000000e+00
-6.9394885844156988e+00
-6.9394885844156988e+00
0.0000000000000000e+00
-7.2983325293958350e+00
-7.2983325293958350e+00
0.0000000000000000e+00
-6.3391104558681555e+00
-6.3391104558681555e+00
0.0000000000000000e+00
-6.3538902946569404e+00
-6.3538902946569404e+00
0.0000000000000000e+00
-6.3593625351231831e+00
-6.3593625351231831e+00
0.0000000000000000e+00
-6.4989190936637824e+00
-6.4989190936637824e+00
0.0000000000000000e+00
-7.4266682412395237e+00
-7.4266682412395237e+00
0.0000000000000000e+00
-7.3586859394798090e+00
-7.3586859394798090e+00
0.0000000000000000e+00
-7.9631970179108809e+00
-7.9631970179108809e+00
0.0000000000000000e+00
-7.9569418520581223e+00
-7.9569418520581223e+00
0.0000000000000000e+00
-7.2068496350479743e+00
-7.2068496350479743e+00
0.0000000000000000e+00
-6.9959607533933363e+00
-6.9959607533933363e+00
0.0000000000000000e+00
-7.0664542800486032e+00
-7.0664542800486032e+00
0.0000000000000000e+00
-6.5447878975490728e+00
-6.5447878975490728e+00
0.0000000000000000e+00
-7.2384331418345731e+00
-7.2384331418345731e+00
0.0000000000000000e+00
-6.6306928095946063e+00
-6.6306928095946063e+00
0.0000000000000000e+00
-7.5540711366729010e+00
-7.5540711366729010e+00
0.0000000000000000e+00
-7.5570492912489788e+00
-7.5570492912489788e+00
0.0000000000000000e+00
-7.4938439141717188e+00
-7.4938439141717188e+00
0.0000000000000000e+00
-6.7338593868522985e+00
-6.7338593868522985e+00
0.0000000000000000e+00
-7.2869754972382372e+00
-7.2869754972382372e+00
0.0000000000000000e+00
-6.2290295241861049e+00
-6.2290295241861049e+00
0.0000000000000000e+00
-6.3192695745006082e+00
-6.3192695745006082e+00
0.0000000000000000e+00
-6.2254670606204883e+00
-6.2254670606204883e+00
0.0000000000000000e+00
-6.1046582495526982e+00
-6.1046582495526982e+00
0.0000000000000000e+00
-6.6573773009828647e+00
-6.6573773009828647e+00
0.0000000000000000e+00
-6.5236589540248815e+00
-6.5236589540248815e+00
0.0000000000000000e+00
-6.4625694073868640e+00
-6.4625694073868640e+00
0.0000000000000000e+00
-7.4753888598321820e+00
-7.4753888598321820e+00
0.0000000000000000e+00
-6.9582271019919446e+00
-6.9582271019919446e+00
0.0000000000000000e+00
-5.9462029943587114e+00
-5.9462029943587114e+00
0.0000000000000000e+00
-7.2285721340404114e+00
-7.2285721340404114e+00
0.0000000000000000e+00
-7.2470853710982706e+00
-7.2470853710982706e+00
0.0000000000000000e+00
-6.2494986446054348e+00
-6.2494986446054348e+00
0.0000000000000000e+00
-7.4379473999360730e+00
-7.4379473999360730e+00
0.0000000000000000e+00
-7.4211901032730978e+00
-7.4211901032730978e+00
0.0000000000000000e+00
-5.7855066686744152e+00
-5.7855066686744152e+00
0.0000000000000000e+00
-5.9739838255391753e+00
-5.9739838255391753e+00
0.0000000000000000e+00
-5.5555318099671798e+00
-5.5555318099671798e+00
0.0000000000000000e+00
-6.0753102419686060e+00
-6.0753102419686060e+00
0.0000000000000000e+00
-7.7747776621147029e+00
-7.7747776621147029e+00
0.0000000000000000e+00
-5.5899779922698150e+00
-5.5899779922698150e+00
0.0000000000000000e+00
-6.0511456853392280e+00
-6.0511456853392280e+00
0.0000000000000000e+00
-6.0399104691331171e+00
-6.0399104691331171e+00
0.0000000000000000e+00
-6.1714093654269844e+00
-6.1714093654269844e+00
0.0000000000000000e+00
-5.8595303754902979e+00
-5.8595303754902979e+00
0.0000000000000000e+00
-6.2764238346813128e+00
-6.2764238346813128e+00
0.0000000000000000e+00
-6.4280860796583204e+00
-6.4280860796583204e+00
0.0000000000000000e+00
-6.6751160190706393e+00
-6.6751160190706393e+00
0.0000000000000000e+00
-6.9260949058540389e+00
-6.9260949058540389e+00
0.0000000000000000e+00
-7.1468373742125930e+00
-7.1468373742125930e+00
0.0000000000000000e+00
-6.6836395175108905e+00
-6.6836395175108905e+00
0.0000000000000000e+00
-7.3268615743912857e+00
-7.3268615743912857e+00
0.0000000000000000e+00
-6.0333282832305928e+00
-6.0333282832305928e+00
0.0000000000000000e+00
-6.2207251865681794e+00
-6.2207251865681794e+00
0.0000000000000000e+00
-5.9754317638783565e+00
-5.9754317638783565e+00
0.0000000000000000e+00
-5.7902037270851272e+00
-5.7902037270851272e+00
0.0000000000000000e+00
-5.6885477988957192e+00
-5.6885477988957192e+00
0.0000000000000000e+00
-5.2431512927344377e+00
-5.2431512927344377e+00
0.0000000000000000e+00
-5.2810349975610702e+00
-5.2810349975610702e+00
0.0000000000000000e+00
-6.1073712114117447e+00
-6.1073712114117447e+00
0.0000000000000000e+00
-5.9259431667467783e+00
-5.9259431667467783e+00
0.0000000000000000e+00
-5.5040673456797018e+00
-5.5040673456797018e+00
0.0000000000000000e+00
-5.9317427130294842e+00
-5.9317427130294842e+00
0.0000000000000000e+00
-5.5738310672220805e+00
-5.5738310672220805e+00
0.0000000000000000e+00
-5.2680617601826008e+00
-5.2680617601826008e+00
0.0000000000000000e+00
-5.4734715380052350e+00
-5.4734715380052350e+00
0.0000000000000000e+00
-5.5246856387769077e+00
-5.5246856387769077e+00
0.0000000000000000e+00
-5.5472657331981043e+00
-5.5472657331981043e+00
0.0000000000000000e+00
-5.1731859481020752e+00
-5.1731859481020752e+00
0.0000000000000000e+00
-4.9929668756162426e+00
-4.9929668756162426e+00
0.0000000000000000e+00
-5.0779985005869426e+00
-5.0779985005869426e+00
0.0000000000000000e+00
-5.4465593411975863e+00
-5.4465593411975863e+00
0.0000000000000000e+00
-6.4724867064558822e+00
-6.4724867064558822e+00
0.0000000000000000e+00
-6.6207257280529568e+00
-6.6207257280529568e+00
0.0000000000000000e+00
-5.9301927103690293e+00
-5.9301927103690293e+00
0.0000000000000000e+00
-5.5075613785953212e+00
-5.5075613785953212e+00
0.0000000000000000e+00
-5.0361325091950668e+00
-5.0361325091950668e+00
0.0000000000000000e+00
-5.8047144348550326e+00
-5.8047144348550326e+00
0.0000000000000000e+00
-6.0626962577966070e+00
-6.0626962577966070e+00
0.0000000000000000e+00
-5.2432900634134532e+00
-5.2432900634134532e+00
0.0000000000000000e+00
-5.1781896196556909e+00
-5.1781896196556909e+00
0.0000000000000000e+00
-5.7286543159687957e+00
-5.7286543159687957e+00
0.0000000000000000e+00
-6.0794220807944672e+00
-6.0794220807944672e+00
0.0000000000000000e+00
-5.9100918740987645e+00
-5.9100918740987645e+00
0.0000000000000000e+00
-9.2711865010947392e+00
-9.2711865010947392e+00
0.0000000000000000e+00
-9.3406378885069472e+00
-9.3406378885069472e+00
0.0000000000000000e+00
-6.9983961580561509e+00
-6.9983961580561509e+00
0.0000000000000000e+00
-5.0092172719656611e+00
-5.0092172719656611e+00
0.0000000000000000e+00
-5.2285226408894001e+00
-5.2285226408894001e+00
0.0000000000000000e+00
-5.3825475860812100e+00
-5.3825475860812100e+00
0.0000000000000000e+00
-5.2598903910531805e+00
-5.2598903910531805e+00
0.0000000000000000e+00
-5.1189048976687976e+00
-5.1189048976687976e+00
0.0000000000000000e+00
-5.1322461025824868e+00
-5.1322461025824868e+00
0.0000000000000000e+00
-7.9451564704659940e+00
-7.9451564704659940e+00
0.0000000000000000e+00
-8.0565209654302929e+00
-8.0565209654302929e+00
0.0000000000000000e+00
-7.9384765106217472e+00
-7.9384765106217472e+00
0.0000000000000000e+00
-6.2376950556347950e+00
-6.2376950556347950e+00
0.0000000000000000e+00
-6.1005201246769660e+00
-6.1005201246769660e+00
0.0000000000000000e+00
-6.0167852105890951e+00
-6.0167852105890951e+00
0.0000000000000000e+00
-4.9729021234212416e+00
-4.9729021234212416e+00
0.0000000000000000e+00
-5.7102608275362732e+00
-5.7102608275362732e+00
0.0000000000000000e+00
-5.6359441962088965e+00
-5.6359441962088965e+00
0.0000000000000000e+00
-5.3720973145645159e+00
-5.3720973145645159e+00
0.0000000000000000e+00
-6.1070161955479891e+00
-6.1070161955479891e+00
0.0000000000000000e+00
-6.2409838267458868e+00
-6.2409838267458868e+00
0.0000000000000000e+00
-6.6863638029300345e+00
-6.6863638029300345e+00
0.0000000000000000e+00
-7.2021404703177589e+00
-7.2021404703177589e+00
0.0000000000000000e+00
-7.3055943270420016e+00
-7.3055943270420016e+00
0.0000000000000000e+00
-7.6595543312646956e+00
-7.6595543312646956e+00
0.0000000000000000e+00
-8.7823358947781216e+00
-8.7823358947781216e+00
0.0000000000000000e+00
-8.7195869391150076e+00
-8.7195869391150076e+00
0.0000000000000000e+00
-8.6385994170823430e+00
-8.6385994170823430e+00
0.0000000000000000e+00
-7.7291126019959338e+00
-7.7291126019959338e+00
0.0000000000000000e+00
-7.5485517199704466e+00
-7.5485517199704466e+00
0.0000000000000000e+00
-7.2761888564859412e+00
-7.2761888564859412e+00
0.0000000000000000e+00
-5.6459183808330380e+00
-5.6459183808330380e+00
0.0000000000000000e+00
-5.6155169922833714e+00
-5.6155169922833714e+00
0.0000000000000000e+00
-5.7063907786826551e+00
-5.7063907786826551e+00
0.0000000000000000e+00
-5.8137745963980416e+00
-5.8137745963980416e+00
0.0000000000000000e+00
-5.8136062386912002e+00
-5.8136062386912002e+00
0.0000000000000000e+00
-6.3247868966374510e+00
-6.3247868966374510e+00
0.0000000000000000e+00
-6.4683758205893049e+00
-6.4683758205893049e+00
0.0000000000000000e+00
-5.9701595110830272e+00
-5.9701595110830272e+00
0.0000000000000000e+00
-8.4562230977837771e+00
-8.4562230977837771e+00
0.0000000000000000e+00
-7.0990988847328893e+00
-7.0990988847328893e+00
0.0000000000000000e+00
-5.2490508934061735e+00
-5.2490508934061735e+00
0.0000000000000000e+00
-5.2481656228829277e+00
-5.2481656228829277e+00
0.0000000000000000e+00
-5.1295556097737283e+00
-5.1295556097737283e+00
0.0000000000000000e+00
-5.7298275201731830e+00
-5.7298275201731830e+00
0.0000000000000000e+00
-5.5629573226229914e+00
-5.5629573226229914e+00
0.0000000000000000e+00
-5.6115346189329447e+00
-5.6115346189329447e+00
0.0000000000000000e+00
-6.5916867018315912e+00
-6.5916867018315912e+00
0.0000000000000000e+00
-6.9047754472989080e+00
-6.9047754472989080e+00
0.0000000000000000e+00
-6.4087319687371451e+00
-6.4087319687371451e+00
0.0000000000000000e+00
-6.0848270678247678e+00
-6.0848270678247678e+00
0.0000000000000000e+00
-5.2106230431327720e+00
-5.2106230431327720e+00
0.0000000000000000e+00
-5.2096691046080901e+00
-5.2096691046080901e+00
0.0000000000000000e+00
-6.0350010064425090e+00
-6.0350010064425090e+00
0.0000000000000000e+00
-5.9326324519492637e+00
-5.9326324519492637e+00
0.0000000000000000e+00
-5.8721549007874749e+00
-5.8721549007874749e+00
0.0000000000000000e+00
-5.7701158550679335e+00
-5.7701158550679335e+00
0.0000000000000000e+00
-6.9588049407537245e+00
-6.9588049407537245e+00
0.0000000000000000e+00
-5.4570752303520544e+00
-5.4570752303520544e+00
0.0000000000000000e+00
-6.2976157085084399e+00
-6.2976157085084399e+00
0.0000000000000000e+00
-5.9466957295561658e+00
-5.9466957295561658e+00
0.0000000000000000e+00
-5.7831972890676582e+00
-5.7831972890676582e+00
0.0000000000000000e+00
-5.1825599963505073e+00
-5.1825599963505073e+00
0.0000000000000000e+00
-5.0081803204871411e+00
-5.0081803204871411e+00
0.0000000000000000e+00
-5.6018321902637469e+00
-5.6018321902637469e+00
0.0000000000000000e+00
-5.8615550026005616e+00
-5.8615550026005616e+00
0.0000000000000000e+00
-5.6321689956968237e+00
-5.6321689956968237e+00
0.0000000000000000e+00
-5.7433721403913029e+00
-5.7433721403913029e+00
0.0000000000000000e+00
-7.0897459462832551e+00
-7.0897459462832551e+00
0.0000000000000000e+00
-7.0784222678057862e+00
-7.0784222678057862e+00
0.0000000000000000e+00
-7.4381422534648927e+00
-7.4381422534648927e+00
0.0000000000000000e+00
-6.3027118815262542e+00
-6.3027118815262542e+00
0.0000000000000000e+00
-6.4371560526260820e+00
-6.4371560526260820e+00
0.0000000000000000e+00
-5.9361927065540510e+00
-5.9361927065540510e+00
0.0000000000000000e+00
-7.0109905233013983e+00
-7.0109905233013983e+00
0.0000000000000000e+00
-7.6511594656890525e+00
-7.6511594656890525e+00
0.0000000000000000e+00
-6.7057918602975599e+00
-6.7057918602975599e+00
0.0000000000000000e+00
-7.3849125815767405e+00
-7.3849125815767405e+00
0.0000000000000000e+00
-5.0967834002677845e+00
-5.0967834002677845e+00
0.0000000000000000e+00
-5.4039171469179372e+00
-5.4039171469179372e+00
0.0000000000000000e+00
-5.2007230855309308e+00
-5.2007230855309308e+00
0.0000000000000000e+00
-5.4154021039505311e+00
-5.4154021039505311e+00
0.0000000000000000e+00
-5.2119775408056332e+00
-5.2119775408056332e+00
0.0000000000000000e+00
-5.3075761504785213e+00
-5.3075761504785213e+00
0.0000000000000000e+00
-5.2224061852108177e+00
-5.2224061852108177e+00
0.0000000000000000e+00
-6.1439656982063333e+00
-6.1439656982063333e+00
0.0000000000000000e+00
-6.1166924470319453e+00
-6.1166924470319453e+00
0.0000000000000000e+00
-5.0221729329795028e+00
-5.0221729329795028e+00
0.0000000000000000e+00
-5.0209238370865519e+00
-5.0209238370865519e+00
0.0000000000000000e+00
-4.9937405802479278e+00
-4.9937405802479278e+00
0.0000000000000000e+00
-5.0290246410740718e+00
-5.0290246410740718e+00
0.0000000000000000e+00
-5.0184690676894927e+00
-5.0184690676894927e+00
0.0000000000000000e+00
-5.2793426692735093e+00
-5.2793426692735093e+00
0.0000000000000000e+00
-5.0142656125596536e+00
-5.0142656125596536e+00
0.0000000000000000e+00
-5.4984307644066845e+00
-5.4984307644066845e+00
0.0000000000000000e+00
-6.1358698077016118e+00
-6.1358698077016118e+00
0.0000000000000000e+00
-5.9608995481482960e+00
-5.9608995481482960e+00
0.0000000000000000e+00
-6.2246232334533937e+00
-6.2246232334533937e+00
0.0000000000000000e+00
-6.0696944252794438e+00
-6.0696944252794438e+00
0.0000000000000000e+00
-5.7482822641341382e+00
-5.7482822641341382e+00
0.0000000000000000e+00
-6.0232638403244403e+00
-6.0232638403244403e+00
0.0000000000000000e+00
-5.5990255594607197e+00
-5.5990255594607197e+00
0.0000000000000000e+00
-7.3474993525451433e+00
-7.3474993525451433e+00
0.0000000000000000e+00
-6.7106266611101066e+00
-6.7106266611101066e+00
0.0000000000000000e+00
-6.4567515028171663e+00
-6.4567515028171663e+00
0.0000000000000000e+00
-5.4355705615698593e+00
-5.4355705615698593e+00
0.0000000000000000e+00
-5.2880801661644155e+00
-5.2880801661644155e+00
0.0000000000000000e+00
-6.0351972504957425e+00
-6.0351972504957425e+00
0.0000000000000000e+00
-7.5469858629616038e+00
-7.5469858629616038e+00
0.0000000000000000e+00
-7.5091348048454059e+00
-7.5091348048454059e+00
0.0000000000000000e+00
-7.3211361185434560e+00
-7.3211361185434560e+00
0.0000000000000000e+00
-6.3954557001341357e+00
-6.3954557001341357e+00
0.0000000000000000e+00
-6.1491529465985311e+00
-6.1491529465985311e+00
0.0000000000000000e+00
-5.3859725245964478e+00
-5.3859725245964478e+00
0.0000000000000000e+00
-5.1785741839031649e+00
-5.1785741839031649e+00
0.0000000000000000e+00
-5.1430477284793392e+00
-5.1430477284793392e+00
0.0000000000000000e+00
-5.0501878453868478e+00
-5.0501878453868478e+00
0.0000000000000000e+00
-5.0734718885106043e+00
-5.0734718885106043e+00
0.0000000000000000e+00
-5.8228174172793405e+00
-5.8228174172793405e+00
0.0000000000000000e+00
-6.6692343973581929e+00
-6.6692343973581929e+00
0.0000000000000000e+00
-5.0501675006094802e+00
-5.0501675006094802e+00
0.0000000000000000e+00
-6.4722574768908903e+00
-6.4722574768908903e+00
0.0000000000000000e+00
-6.4533956819342730e+00
-6.4533956819342730e+00
0.0000000000000000e+00
-7.0147113753325137e+00
-7.0147113753325137e+00
0.0000000000000000e+00
-7.0996175051040744e+00
-7.0996175051040744e+00
0.0000000000000000e+00
-7.8331207823932898e+00
-7.8331207823932898e+00
0.0000000000000000e+00
-6.5001492663834197e+00
-6.5001492663834197e+00
0.0000000000000000e+00
-7.2919819581149312e+00
-7.2919819581149312e+00
0.0000000000000000e+00
-7.5572695538163686e+00
-7.5572695538163686e+00
0.0000000000000000e+00
-7.6330543759713105e+00
-7.6330543759713105e+00
0.0000000000000000e+00
-7.5168152837703328e+00
-7.5168152837703328e+00
0.0000000000000000e+00
-6.1182226242728595e+00
-6.1182226242728595e+00
0.0000000000000000e+00
-6.5287270094564986e+00
-6.5287270094564986e+00
0.0000000000000000e+00
-7.2672702386529329e+00
-7.2672702386529329e+00
0.0000000000000000e+00
-6.2344685251372152e+00
-6.2344685251372152e+00
0.0000000000000000e+00
-5.2207928206333740e+00
-5.2207928206333740e+00
0.0000000000000000e+00
-7.5971396621336194e+00
-7.5971396621336194e+00
0.0000000000000000e+00
-7.6836139953362235e+00
-7.6836139953362235e+00
0.0000000000000000e+00
-7.4591889217448379e+00
-7.4591889217448379e+00
0.0000000000000000e+00
-7.1158865921000647e+00
-7.1158865921000647e+00
0.0000000000000000e+00
-7.9715885034548055e+00
-7.9715885034548055e+00
0.0000000000000000e+00
-8.9667274241925998e+00
-8.9667274241925998e+00
0.0000000000000000e+00
-9.8736203482009675e+00
-9.8736203482009675e+00
0.0000000000000000e+00
-1.0013439823392325e+01
-1.0013439823392325e+01
0.0000000000000000e+00
-9.0837688276780320e+00
-9.0837688276780320e+00
0.0000000000000000e+00
-9.8502154846291550e+00
-9.8502154846291550e+00
0.0000000000000000e+00
-6.6017577167750225e+00
-6.6017577167750225e+00
0.0000000000000000e+00
-7.0907311504280592e+00
-7.0907311504280592e+00
0.0000000000000000e+00
-5.9067113840056829e+00
-5.9067113840056829e+00
0.0000000000000000e+00
-6.0164729616114681e+00
-6.0164729616114681e+00
0.0000000000000000e+00
-6.0157750951118985e+00
-6.0157750951118985e+00
0.0000000000000000e+00
-5.1775698669469801e+00
-5.1775698669469801e+00
0.0000000000000000e+00
-5.7455586999468711e+00
-5.7455586999468711e+00
0.0000000000000000e+00
-5.6332584424950571e+00
-5.6332584424950571e+00
0.0000000000000000e+00
-5.2860223645871809e+00
-5.2860223645871809e+00
0.0000000000000000e+00
-5.5117355049299395e+00
-5.5117355049299395e+00
0.0000000000000000e+00
-5.5026980076635699e+00
-5.5026980076635699e+00
0.0000000000000000e+00
-5.3567327541169680e+00
-5.3567327541169680e+00
0.0000000000000000e+00
-5.3289016580014792e+00
-5.3289016580014792e+00
0.0000000000000000e+00
-6.8268697647292491e+00
-6.8268697647292491e+00
0.0000000000000000e+00
-6.7633343639703671e+00
-6.7633343639703671e+00
0.0000000000000000e+00
-7.3347398895278122e+00
-7.3347398895278122e+00
0.0000000000000000e+00
-6.7108872024862620e+00
-6.7108872024862620e+00
0.0000000000000000e+00
-6.0444041675932265e+00
-6.0444041675932265e+00
0.0000000000000000e+00
-6.3322293136715944e+00
-6.3322293136715944e+00
0.0000000000000000e+00
-6.5107372095132510e+00
-6.5107372095132510e+00
0.0000000000000000e+00
-6.3372910600097292e+00
-6.3372910600097292e+00
0.0000000000000000e+00
-5.8015110870078344e+00
-5.8015110870078344e+00
0.0000000000000000e+00
-8.3950273356585932e+00
-8.3950273356585932e+00
0.0000000000000000e+00
-6.8639474760189714e+00
-6.8639474760189714e+00
0.0000000000000000e+00
-6.3203464903639359e+00
-6.3203464903639359e+00
0.0000000000000000e+00
-7.2519095744614415e+00
-7.2519095744614415e+00
0.0000000000000000e+00
-6.1867778052482958e+00
-6.1867778052482958e+00
0.0000000000000000e+00
-6.6551754972313031e+00
-6.6551754972313031e+00
0.0000000000000000e+00
-6.2531686349956388e+00
-6.2531686349956388e+00
0.0000000000000000e+00
-5.4800783489212295e+00
-5.4800783489212295e+00
0.0000000000000000e+00
-5.2588828473337710e+00
-5.2588828473337710e+00
0.0000000000000000e+00
-5.3702119767473944e+00
-5.3702119767473944e+00
0.0000000000000000e+00
-5.2811594985666197e+00
-5.2811594985666197e+00
0.0000000000000000e+00
-5.9344372905804459e+00
-5.9344372905804459e+00
0.0000000000000000e+00
-6.0253142760805147e+00
-6.0253142760805147e+00
0.0000000000000000e+00
-5.7687356944821353e+00
-5.7687356944821353e+00
0.0000000000000000e+00
-6.3881298557921031e+00
-6.3881298557921031e+00
0.0000000000000000e+00
-7.0208650124451184e+00
-7.0208650124451184e+00
0.0000000000000000e+00
-6.7924528356799261e+00
-6.7924528356799261e+00
0.0000000000000000e+00
-7.0266813451855787e+00
-7.0266813451855787e+00
0.0000000000000000e+00
-7.3641408411888705e+00
-7.3641408411888705e+00
0.0000000000000000e+00
-6.6192287084737718e+00
-6.6192287084737718e+00
0.0000000000000000e+00
-7.2788604621186090e+00
-7.2788604621186090e+00
0.0000000000000000e+00
-8.5541202852461176e+00
-8.5541202852461176e+00
0.0000000000000000e+00
-9.0953218279666039e+00
-9.0953218279666039e+00
0.0000000000000000e+00
-9.8172750005086478e+00
-9.8172750005086478e+00
0.0000000000000000e+00
-9.1293449569892040e+00
-9.1293449569892040e+00
0.0000000000000000e+00
-7.0816758269219093e+00
-7.0816758269219093e+00
0.0000000000000000e+00
-7.6841934238954206e+00
-7.6841934238954206e+00
0.0000000000000000e+00
-6.3643032093007248e+00
-6.3643032093007248e+00
0.0000000000000000e+00
-5.5800067659319765e+00
-5.5800067659319765e+00
0.0000000000000000e+00
-5.5570344158780340e+00
-5.5570344158780340e+00
0.0000000000000000e+00
-5.2553913075626753e+00
-5.2553913075626753e+00
0.0000000000000000e+00
-6.0457506322850891e+00
-6.0457506322850891e+00
0.0000000000000000e+00
-5.4452423315894887e+00
-5.4452423315894887e+00
0.0000000000000000e+00
-6.2708852660769550e+00
-6.2708852660769550e+00
0.0000000000000000e+00
-6.3238635630827993e+00
-6.3238635630827993e+00
0.0000000000000000e+00
-5.5390706405118335e+00
-5.5390706405118335e+00
0.0000000000000000e+00
-5.0991325797987201e+00
-5.0991325797987201e+00
0.0000000000000000e+00
-5.1975999723137054e+00
-5.1975999723137054e+00
0.0000000000000000e+00
-5.8099013609807102e+00
-5.8099013609807102e+00
0.0000000000000000e+00
-6.4965569775608927e+00
-6.4965569775608927e+00
0.0000000000000000e+00
-5.3937984914941195e+00
-5.3937984914941195e+00
0.0000000000000000e+00
-6.1823921219004285e+00
-6.1823921219004285e+00
0.0000000000000000e+00
-5.4790738951607283e+00
-5.4790738951607283e+00
0.0000000000000000e+00
-5.9953296258490907e+00
-5.9953296258490907e+00
0.0000000000000000e+00
-7.3966348677528222e+00
-7.3966348677528222e+00
0.0000000000000000e+00
-5.4428156200672007e+00
-5.4428156200672007e+00
0.0000000000000000e+00
-5.9310914413682854e+00
-5.9310914413682854e+00
0.0000000000000000e+00
-6.4101975603277612e+00
-6.4101975603277612e+00
0.0000000000000000e+00
-6.8763563431848702e+00
-6.8763563431848702e+00
0.0000000000000000e+00
-5.5604899755824642e+00
-5.5604899755824642e+00
0.0000000000000000e+00
-5.1285882462533277e+00
-5.1285882462533277e+00
0.0000000000000000e+00
-6.2560681273576888e+00
-6.2560681273576888e+00
0.0000000000000000e+00
-5.7631916697028851e+00
-5.7631916697028851e+00
0.0000000000000000e+00
-5.6066890600561772e+00
-5.6066890600561772e+00
0.0000000000000000e+00
-4.9966317763643513e+00
-4.9966317763643513e+00
0.0000000000000000e+00
-5.8055365365773337e+00
-5.8055365365773337e+00
0.0000000000000000e+00
-6.8979899724884621e+00
-6.8979899724884621e+00
0.0000000000000000e+00
-6.8447916965642595e+00
-6.8447916965642595e+00
0.0000000000000000e+00
-6.0587003687652903e+00
-6.0587003687652903e+00
0.0000000000000000e+00
-7.0063429564221966e+00
-7.0063429564221966e+00
0.0000000000000000e+00
-5.9630113520857808e+00
-5.9630113520857808e+00
0.0000000000000000e+00
-6.0426196591342389e+00
-6.0426196591342389e+00
0.0000000000000000e+00
-6.3294770275208565e+00
-6.3294770275208565e+00
0.0000000000000000e+00
-6.0508068789252558e+00
-6.0508068789252558e+00
0.0000000000000000e+00
-5.2988296919559401e+00
-5.2988296919559401e+00
0.0000000000000000e+00
-5.2407242822539004e+00
-5.2407242822539004e+00
0.0000000000000000e+00
-5.2669717492744255e+00
-5.2669717492744255e+00
0.0000000000000000e+00
-7.1679566742660281e+00
-7.1679566742660281e+00
0.0000000000000000e+00
-6.4651237120875891e+00
-6.4651237120875891e+00
0.0000000000000000e+00
-6.3299463580912114e+00
-6.3299463580912114e+00
0.0000000000000000e+00
-5.1551738959937969e+00
-5.1551738959937969e+00
0.0000000000000000e+00
-5.5382390578685277e+00
-5.5382390578685277e+00
0.0000000000000000e+00
-6.8361250122549384e+00
-6.8361250122549384e+00
0.0000000000000000e+00
-5.6946266625830777e+00
-5.6946266625830777e+00
0.0000000000000000e+00
-7.7939394997748339e+00
-7.7939394997748339e+00
0.0000000000000000e+00
-7.8057645458035498e+00
-7.8057645458035498e+00
0.0000000000000000e+00
-5.2641477663081604e+00
-5.2641477663081604e+00
0.0000000000000000e+00
-6.3857203829934033e+00
-6.3857203829934033e+00
0.0000000000000000e+00
-6.1619940236389885e+00
-6.1619940236389885e+00
0.0000000000000000e+00
-7.0057647729062138e+00
-7.0057647729062138e+00
0.0000000000000000e+00
-6.0813303212897711e+00
-6.0813303212897711e+00
0.0000000000000000e+00
-5.3279021495304484e+00
-5.3279021495304484e+00
0.0000000000000000e+00
-8.3698144345651571e+00
-8.3698144345651571e+00
0.0000000000000000e+00
-8.4859601101536803e+00
-8.4859601101536803e+00
0.0000000000000000e+00
-5.3681500929939769e+00
-5.3681500929939769e+00
0.0000000000000000e+00
-5.3214016373801636e+00
-5.3214016373801636e+00
0.0000000000000000e+00
-5.8388991983919691e+00
-5.8388991983919691e+00
0.0000000000000000e+00
-6.5575042797079783e+00
-6.5575042797079783e+00
0.0000000000000000e+00
-5.5414673809353268e+00
-5.5414673809353268e+00
0.0000000000000000e+00
-6.7395132876945443e+00
-6.7395132876945443e+00
0.0000000000000000e+00
-5.7056323063852155e+00
-5.7056323063852155e+00
0.0000000000000000e+00
-5.1731103210998519e+00
-5.1731103210998519e+00
0.0000000000000000e+00
-6.5416202750168555e+00
-6.5416202750168555e+00
0.0000000000000000e+00
-8.0463478834734303e+00
-8.0463478834734303e+00
0.0000000000000000e+00
-7.4082352133812499e+00
-7.4082352133812499e+00
0.0000000000000000e+00
-6.3771131668113146e+00
-6.3771131668113146e+00
0.0000000000000000e+00
-5.7834941779108231e+00
-5.7834941779108231e+00
0.0000000000000000e+00
-5.5390461752872326e+00
-5.5390461752872326e+00
0.0000000000000000e+00
-5.3643871702407653e+00
-5.3643871702407653e+00
0.0000000000000000e+00
-5.1718964271565397e+00
-5.1718964271565397e+00
0.0000000000000000e+00
-5.2088676997485130e+00
-5.2088676997485130e+00
0.0000000000000000e+00
-5.1614142785545978e+00
-5.1614142785545978e+00
0.0000000000000000e+00
-5.9938321416856741e+00
-5.9938321416856741e+00
0.0000000000000000e+00
-5.9062691877395519e+00
-5.9062691877395519e+00
0.0000000000000000e+00
-7.8361789514526130e+00
-7.8361789514526130e+00
0.0000000000000000e+00
-7.5632420631912565e+00
-7.5632420631912565e+00
0.0000000000000000e+00
-7.5928464673072043e+00
-7.5928464673072043e+00
0.0000000000000000e+00
-9.5293112311480108e+00
-9.5293112311480108e+00
0.0000000000000000e+00
-7.9231692534153844e+00
-7.9231692534153844e+00
0.0000000000000000e+00
-5.9832260019520529e+00
-5.9832260019520529e+00
0.0000000000000000e+00
-6.0446030401504274e+00
-6.0446030401504274e+00
0.0000000000000000e+00
-5.3352146132899385e+00
-5.3352146132899385e+00
0.0000000000000000e+00
-5.8852429420823338e+00
-5.8852429420823338e+00
0.0000000000000000e+00
-6.3319339566809312e+00
-6.3319339566809312e+00
0.0000000000000000e+00
-7.2263342817523402e+00
-7.2263342817523402e+00
0.0000000000000000e+00
-6.3155402605095778e+00
-6.3155402605095778e+00
0.0000000000000000e+00
-7.1805602927751959e+00
-7.1805602927751959e+00
0.0000000000000000e+00
-6.4419420017356570e+00
-6.4419420017356570e+00
0.0000000000000000e+00
-5.9566098687746676e+00
-5.9566098687746676e+00
0.0000000000000000e+00
-6.4018536357587159e+00
-6.4018536357587159e+00
0.0000000000000000e+00
-6.7284903369957121e+00
-6.7284903369957121e+00
0.0000000000000000e+00
-6.9931887476298336e+00
-6.9931887476298336e+00
0.0000000000000000e+00
-5.9620332829582070e+00
-5.9620332829582070e+00
0.0000000000000000e+00
-6.6078447839491101e+00
-6.6078447839491101e+00
0.0000000000000000e+00
-5.8737468110233495e+00
-5.8737468110233495e+00
0.0000000000000000e+00
-5.9306141661284881e+00
-5.9306141661284881e+00
0.0000000000000000e+00
-6.1959779134500090e+00
-6.1959779134500090e+00
0.0000000000000000e+00
-6.9083583859569355e+00
-6.9083583859569355e+00
0.0000000000000000e+00
-7.6052531209684950e+00
-7.6052531209684950e+00
0.0000000000000000e+00
-7.9485596897920132e+00
-7.9485596897920132e+00
0.0000000000000000e+00
-7.1274453391603583e+00
-7.1274453391603583e+00
0.0000000000000000e+00
-7.6623385783907443e+00
-7.6623385783907443e+00
0.0000000000000000e+00
-7.9859754248492258e+00
-7.9859754248492258e+00
0.0000000000000000e+00
-9.1383775289432574e+00
-9.1383775289432574e+00
0.0000000000000000e+00
-9.6478735523057075e+00
-9.6478735523057075e+00
0.0000000000000000e+00
-8.5921921313133538e+00
-8.5921921313133538e+00
0.0000000000000000e+00
-1.0585410026928056e+01
-1.0585410026928056e+01
0.0000000000000000e+00
-6.6042397284734102e+00
-6.6042397284734102e+00
0.0000000000000000e+00
-9.2306306728239846e+00
-9.2306306728239846e+00
0.0000000000000000e+00
-8.9551169591587723e+00
-8.9551169591587723e+00
0.0000000000000000e+00
-8.4627619112662948e+00
-8.4627619112662948e+00
0.0000000000000000e+00
-8.0718070934091024e+00
-8.0718070934091024e+00
0.0000000000000000e+00
-5.0444177381502877e+00
-5.0444177381502877e+00
0.0000000000000000e+00
-6.2582700200474868e+00
-6.2582700200474868e+00
0.0000000000000000e+00
