1
1000
2.6750136490699128e-01
2.5418696771282695e-01
1.6765679906112629e-01
1.7165703357144935e-01
1.5113986227609885e-01
1.5383625988220176e-01
1.5935806141299927e-01
1.5871214211795784e-01
1.8060814055546043e-01
1.8529517682391972e-01
1.6356572252169765e-01
1.2215585747229238e-01
1.3001440380018295e-01
1.2141193848752392e-01
1.2677984783134075e-01
1.2677984783134075e-01
1.2552414261966183e-01
1.4577668940805621e-01
1.3728293857046656e-01
1.4162898689588008e-01
2.1706808213501397e-01
1.4782385805979900e-01
1.3205188071037874e-01
1.1691007479672916e-01
1.5628185209244647e-01
1.5475153815358611e-01
2.0111273601680207e-01
1.3160784584376478e-01
1.3692182755653926e-01
1.4100352082720224e-01
1.2042086764196759e-01
1.3617795084899190e-01
1.3771871984892783e-01
1.2451127809413316e-01
1.5838645432858120e-01
1.5493079556539802e-01
1.3273912013816655e-01
1.4580593999486452e-01
1.6128801793317379e-01
1.6059440877809575e-01
1.4642937953693638e-01
1.4584421545456291e-01
1.8536941590278075e-01
1.5829476090637479e-01
1.6327449215862161e-01
1.4324623995996716e-01
1.6633468817009359e-01
1.4861138110164832e-01
1.6197675060653627e-01
2.2540500336196673e-01
2.2269601963298780e-01
2.1258563110153567e-01
1.7881787381470063e-01
1.6812329517454738e-01
1.6973590786328294e-01
1.5729050813800316e-01
1.5293970405379109e-01
2.1652493816267690e-01
1.9513989486233474e-01
1.8191295395449752e-01
1.7501809239689353e-01
1.6182415064751277e-01
1.5744175862192158e-01
1.5070173938658216e-01
1.5970683694669272e-01
1.7606437952028728e-01
2.2072587188069970e-01
2.2362636450001402e-01
2.0974772987477672e-01
1.7092860410462624e-01
2.4445281062059618e-01
1.4548232175841080e-01
1.8393553807158386e-01
1.3974882330750163e-01
1.8352058912593350e-01
1.8974155641877333e-01
1.7616391852142246e-01
1.6811373593343970e-01
1.5574807943738556e-01
1.4381370856871883e-01
1.5636192942996996e-01
1.8452051959141802e-01
1.7921000009512877e-01
1.8614231573088491e-01
2.0304584070592038e-01
1.9298261591592428e-01
1.9517862205412295e-01
1.8899723473503841e-01
1.9720997799780668e-01
1.7886513729691639e-01
2.2101514225717306e-01
2.0320143256144502e-01
1.6932056054375447e-01
1.8092655163324012e-01
1.7481046998312708e-01
2.2714732632042334e-01
2.2714732632042334e-01
2.0510651760167387e-01
2.0483019695182444e-01
1.8705839827604551e-01
2.0464876600191992e-01
1.7875814608172383e-01
1.7808192306677090e-01
1.6267533743866799e-01
1.7072236111455102e-01
1.8069762653846552e-01
1.4926406349192092e-01
1.5309179774109233e-01
1.7176122202846800e-01
1.6777735807434091e-01
1.7688774638570359e-01
1.6973504531173128e-01
1.6403141539508354e-01
1.4993822178486524e-01
1.8667051422094516e-01
1.5025304381833340e-01
1.4893028427361663e-01
1.4621363439818633e-01
1.3215043892300554e-01
1.5491416913450537e-01
1.4567591104539124e-01
1.9754900421010393e-01
1.8303517137591827e-01
1.6025028105977832e-01
1.5913159146694031e-01
3.2951805085818475e-01
3.2946425245163363e-01
3.2926375524676099e-01
1.4264022101188437e-01
1.4272397236294865e-01
1.7671716444380450e-01
1.3977881964965089e-01
1.3025168194134301e-01
1.3667199924897624e-01
1.2510152677527625e-01
1.0594659583846031e-01
1.2201096706051634e-01
1.2015438168587129e-01
1.2186770109956452e-01
1.2165831521877786e-01
1.1536161706076001e-01
1.2223555920612426e-01
1.3553026046392644e-01
1.2206615273400676e-01
1.4873674739933937e-01
1.4396674154663672e-01
1.3742145146765794e-01
1.5617529023815024e-01
1.6586462909566801e-01
1.5540687338906417e-01
1.5699014928650765e-01
1.5761123644368505e-01
1.9233246655980543e-01
1.7654743923735833e-01
1.9566399875881169e-01
2.0645133318583614e-01
1.8582993073258991e-01
2.0453629021537792e-01
2.1082052758377409e-01
2.0896615993450129e-01
1.8453653296237277e-01
1.8213044669667078e-01
1.7040952793260836e-01
1.7844545323788755e-01
1.9555943364584619e-01
2.3570889201630607e-01
1.9833312267447295e-01
2.0476437482619933e-01
1.9945541586800306e-01
2.0958344457265468e-01
1.9467925706407033e-01
1.7268052626553995e-01
1.7415547793194697e-01
1.7897091338349516e-01
1.6775791875930970e-01
1.6822619242892436e-01
2.3092823710937599e-01
2.4120584389307345e-01
2.3473289701123012e-01
2.2051459950943408e-01
2.3377129662155022e-01
2.2406472988194101e-01
2.1652740964333897e-01
2.2837872355379957e-01
1.5845352927252132e-01
1.6673710934538918e-01
1.4686168774403685e-01
1.3600674777628272e-01
1.3538755712281869e-01
1.4049243172396506e-01
1.5124306657826775e-01
2.0536048163270884e-01
1.7497154801432047e-01
1.6507879433619749e-01
1.6612090337871735e-01
1.9396239941475910e-01
1.7261765388612027e-01
1.7343789589439002e-01
1.8050631818112856e-01
1.5985038773920535e-01
1.4582482691757354e-01
1.4561537348405201e-01
1.4532592445607281e-01
1.4333431766318527e-01
1.5820999104537786e-01
1.7366134911728245e-01
1.4507902720789970e-01
1.4106279019186357e-01
1.2909447094779966e-01
1.2793713817641392e-01
1.2611650959096832e-01
1.2850650334844885e-01
1.2472711788419116e-01
1.2743635093688643e-01
1.2046957629206709e-01
1.1382435331255980e-01
1.1742224257720414e-01
1.2919608066215851e-01
1.2852504817197560e-01
1.2377304416627784e-01
1.2441490233181579e-01
1.3010095912821065e-01
1.2437579914226048e-01
1.4038422631784764e-01
1.3537540828849440e-01
1.3494153213683238e-01
1.2300942745668117e-01
1.2111496298312155e-01
1.3102049510012587e-01
1.3820710498230437e-01
1.3436478735239912e-01
1.4937009643809795e-01
1.3852286086076934e-01
1.5110862173538245e-01
1.5368546334917643e-01
1.5082583890723611e-01
1.5173587335784877e-01
1.5189909404026897e-01
1.6293207806899956e-01
1.5164714906129304e-01
1.6100860753615734e-01
1.8204785068058865e-01
2.7669383014219140e-01
1.9138057090487390e-01
1.7331929640935048e-01
1.6961815701641675e-01
1.8468066956884782e-01
2.3772836760404834e-01
2.0967964311360102e-01
2.1346854405804827e-01
2.2234642308748775e-01
2.0172109523381088e-01
1.9340267325903429e-01
1.7774948513054650e-01
1.7496594980280991e-01
1.6515633000088806e-01
2.3927528245658611e-01
1.9112694887299583e-01
1.4062757059469319e-01
1.3616416611823770e-01
1.5106265400780031e-01
1.8061722136482367e-01
1.8703099147661445e-01
1.8904298576755235e-01
2.0762764013019880e-01
1.3935418590370763e-01
1.4846657494407339e-01
1.3395779425504026e-01
1.3217687900411382e-01
1.4254891949736939e-01
1.4720089837712097e-01
1.6650712731006423e-01
1.4170061847527660e-01
1.5632782387851671e-01
1.2858333063203600e-01
1.3441230274910329e-01
1.2454944997310630e-01
1.2234901967340438e-01
1.3231124373778921e-01
1.3517463856182485e-01
1.3140289820151310e-01
1.3405598571005015e-01
1.3683759242253232e-01
1.4332529260009377e-01
1.3249367067277970e-01
2.1139297036982152e-01
1.7067606660328630e-01
1.3038592789242362e-01
1.2080388258834913e-01
1.2960004635795128e-01
1.1915364902380916e-01
1.1100694974506764e-01
1.0707892188618792e-01
1.0988991441548890e-01
1.1083113616814831e-01
1.2485406851036875e-01
1.3106987307922435e-01
1.2820536587951650e-01
1.2582343053836781e-01
1.7621056378988875e-01
1.4157511997010169e-01
1.3830006218639096e-01
1.1811854042762265e-01
1.1829275160603522e-01
1.2440816637727804e-01
1.3787168805076847e-01
1.2183227148051726e-01
1.1890018787868875e-01
1.2603581574683545e-01
1.2502501437218105e-01
1.2874824872415036e-01
1.3686990517936948e-01
1.3214822850128438e-01
1.1819433670233566e-01
1.3014114814681998e-01
1.1500046703696644e-01
1.1579010335964410e-01
1.2501551171293959e-01
1.1409042440431064e-01
1.1190059228213499e-01
1.0228418752181856e-01
1.0403518047103479e-01
1.0638587717050463e-01
1.0643142086193272e-01
1.0682776241622756e-01
1.0774299976931405e-01
1.0235487423931941e-01
1.0776785360147179e-01
1.3350387110249057e-01
1.4339846981601398e-01
1.4069971373579709e-01
1.3623920669091313e-01
1.4505939822956365e-01
1.4524350936812819e-01
1.3886691603851870e-01
1.2503043442543441e-01
1.3132198891596641e-01
1.3553335953546095e-01
1.4144135433404981e-01
1.2771676601331819e-01
1.3825433953700439e-01
1.3997283228208818e-01
1.5509152485041186e-01
1.6258994130321880e-01
1.7517707234514396e-01
1.3480256698260423e-01
1.3329250960786754e-01
1.3102400516334387e-01
1.3284100871557397e-01
1.4013197053855420e-01
1.2617628413615475e-01
1.3160251943366336e-01
1.4527689092550339e-01
2.2816853443466631e-01
1.6989596972213378e-01
2.1001768806604137e-01
2.0064875935066653e-01
2.1584008323815573e-01
1.6715018081150962e-01
1.6699644454280782e-01
1.7782502621989621e-01
1.8439431748443866e-01
1.9487252109148043e-01
2.2907970046975124e-01
2.3880927361260645e-01
1.6705322320744423e-01
1.6784942743911746e-01
1.6449741528069167e-01
1.7047226425893811e-01
1.6783966620388313e-01
1.6352259605453326e-01
1.6088853847826409e-01
1.5971591854555725e-01
1.6025676522097981e-01
1.6830264196514308e-01
1.5919904423059023e-01
2.0470395594184726e-01
1.9188549518965334e-01
1.6916846389567675e-01
1.7584770670810571e-01
1.7595461333766577e-01
1.7584354213305958e-01
1.7582852010207828e-01
1.7928803989151912e-01
1.7827027773083134e-01
2.0346661097509045e-01
1.8184994152014813e-01
1.5782410143792580e-01
1.5197632984748449e-01
1.4886693558908273e-01
1.3430979197673040e-01
1.8488958815582912e-01
1.2369595087190666e-01
1.2601200206990121e-01
1.1647768361490202e-01
1.2031568031932854e-01
1.1804698375111933e-01
1.1790365370575134e-01
1.1926461898297334e-01
1.1176494590116193e-01
1.2560042641360272e-01
1.2722757781792043e-01
1.3300813579397874e-01
1.2323871938316820e-01
1.2045350470824356e-01
1.1803166142012604e-01
1.1588119712815548e-01
1.3251177563415034e-01
1.1699058077683260e-01
1.1789145265881716e-01
1.1231341854198247e-01
1.1131566165706600e-01
1.1369742705104749e-01
1.2377193068837931e-01
1.2987500157924775e-01
1.3230134318390216e-01
1.3367815451823775e-01
1.2891389761562885e-01
1.2410034326320206e-01
1.3080229112618219e-01
1.2264270714919580e-01
1.1709456493763598e-01
1.2133113309998114e-01
1.1464774148222798e-01
1.2846746200768286e-01
1.2235341598216155e-01
1.1898090746600343e-01
1.1421559246767574e-01
1.1185384818749630e-01
1.2269604991118241e-01
1.2779069971659662e-01
1.2934957236695338e-01
1.3553829408973075e-01
1.2608968557976938e-01
1.3458180553853119e-01
1.3056044605821931e-01
1.2324747696469528e-01
1.2508609704554902e-01
1.3054987934636655e-01
1.2655511812169146e-01
1.2945119158066651e-01
1.4774178211591324e-01
1.4912308774200586e-01
1.4913980801886248e-01
1.6550391230485076e-01
1.5449561262257613e-01
1.5697265397162219e-01
1.5045402989152024e-01
1.3561668181425965e-01
1.5477101676650401e-01
1.5785617838331206e-01
4.7189812549079607e-01
1.7694364550910460e-01
1.7424820805809382e-01
1.4168973253040754e-01
1.3467103404581438e-01
1.3308139377966913e-01
1.1734869748660316e-01
1.2969367672182736e-01
1.3475539090047645e-01
1.2972104989649022e-01
1.4392948903592673e-01
1.3858267266833382e-01
1.3435812141716802e-01
1.2504689832306992e-01
1.2505840102457325e-01
1.4282041756827746e-01
1.4693759007306284e-01
1.7950947626645061e-01
1.7825517939042870e-01
1.8206703196963261e-01
1.6825863639860789e-01
1.4026008321692113e-01
1.6214609400366567e-01
1.6023920432064795e-01
1.3536101796673169e-01
1.4826806232384038e-01
1.2692396953028098e-01
1.4726441596833623e-01
1.3475385120477840e-01
1.4244554735928550e-01
1.4384055307123961e-01
1.3402833158831867e-01
1.1402350345533703e-01
1.1808674938790015e-01
1.2861255829671933e-01
1.0668155860581473e-01
1.1652612044931927e-01
1.3067868602314645e-01
1.2142674423563272e-01
1.2559058043997826e-01
1.1851278075408560e-01
1.2373835162162278e-01
1.5346185334793805e-01
1.4938960471611432e-01
1.5357875744560309e-01
1.4046648874252859e-01
1.4925064520585296e-01
1.6224160134411167e-01
1.6151093449424003e-01
1.2673067934550672e-01
1.2283172638164870e-01
1.2282951554307985e-01
1.1783796168974288e-01
1.1692949882994851e-01
1.2139279371611106e-01
1.3403823532153863e-01
1.1905314190500695e-01
1.2500245300213930e-01
1.3815607272204733e-01
1.2864879171387464e-01
1.2117302208124464e-01
1.2920086568449871e-01
1.2385970326317949e-01
1.2528829113082188e-01
1.4892309795944908e-01
1.6346201230916274e-01
1.5778775178454987e-01
1.5020752572479898e-01
1.5230293397345601e-01
1.4297269259592071e-01
1.4355427978067697e-01
1.3420212603107529e-01
1.2717767342369471e-01
1.2434624099811555e-01
1.1810877536886494e-01
1.1692522763930285e-01
1.0851103579494101e-01
1.2267767417111139e-01
1.2242102448439819e-01
1.3669767276045294e-01
1.3409446942468212e-01
1.4347219880206707e-01
1.8827204036671483e-01
2.2154834329735881e-01
1.5558780554317578e-01
1.6361898880868367e-01
1.5239835272907651e-01
1.5129219305356376e-01
1.5379821958725221e-01
2.0485153767977632e-01
1.7141668692064349e-01
1.5259397653281259e-01
1.4781010146585027e-01
1.3485855156720569e-01
1.2982198655447341e-01
1.3412246983772985e-01
1.3429594341923695e-01
1.3661267769965985e-01
1.5756442312083846e-01
1.6619404248231134e-01
1.7770731965229022e-01
1.7874332428131820e-01
1.5799457986438012e-01
1.8531049437772595e-01
1.7023313504214380e-01
1.6438176780701280e-01
1.6521816001893150e-01
1.6444431794330999e-01
1.5175971491971041e-01
1.3910676646860834e-01
1.3824756686931131e-01
1.2268279804726584e-01
1.2127700460828374e-01
1.2539634872757138e-01
1.2267595887730735e-01
1.2141774205390662e-01
1.3014722445047389e-01
1.0862910439647874e-01
1.1550047750139689e-01
1.2115974481173429e-01
1.2876047427388973e-01
1.3870209614479567e-01
1.4318833866527131e-01
1.2044347572863014e-01
1.5069411058025961e-01
1.2946679651608872e-01
1.2623975172896709e-01
1.3309192587579427e-01
1.3369801461886127e-01
1.3459442817963332e-01
1.3027570908878119e-01
1.2995489717494413e-01
1.3325266424571691e-01
1.2692624345470022e-01
1.2515880409418412e-01
1.2250560496356912e-01
1.1660939894550165e-01
1.3329707859861059e-01
1.3987967167941037e-01
1.2974385586450829e-01
1.2000318129538860e-01
1.1800730046618925e-01
1.2985749317470752e-01
1.2582644103263677e-01
1.3624299396266135e-01
1.2628386612982337e-01
1.4306995718665466e-01
1.4134543610351208e-01
1.4639706631322991e-01
1.2786703942003388e-01
1.2779674327994572e-01
1.2880818630998286e-01
1.2759901421465880e-01
1.3179481819178351e-01
1.1559676065005814e-01
1.2312749110882659e-01
1.1625621693518033e-01
1.2096832048169398e-01
1.2671276739545287e-01
1.2996898071726162e-01
1.2415433832899221e-01
1.3381515470527214e-01
1.2835675502506524e-01
1.3237705011154399e-01
1.4465567380746303e-01
1.8837756763779581e-01
1.2576413473721845e-01
1.3653396266151105e-01
1.3973164309900227e-01
1.4391015874521509e-01
1.3547120812084235e-01
1.2891463586139995e-01
1.2454235142865487e-01
1.2675093594950532e-01
1.2171143608558296e-01
1.1255054148692882e-01
1.1838125364694287e-01
1.1472461515117270e-01
1.2057501897073980e-01
1.4396040465447366e-01
1.6809824565682438e-01
1.6804542483595802e-01
1.5821915453623300e-01
1.4299478779786237e-01
1.4427198835896607e-01
1.2836810584654182e-01
1.3282713476283298e-01
1.2626081456192056e-01
1.2371450908422403e-01
1.1325400014821567e-01
1.1224599660171944e-01
1.0388624308439441e-01
1.0528713504667958e-01
1.0348476783707201e-01
1.0576509305119242e-01
1.0257513132904419e-01
1.0550749717428903e-01
1.0496210657918438e-01
1.0227062515278872e-01
1.0686106098557711e-01
1.0457870743089163e-01
1.0652166553283289e-01
1.0884113701302332e-01
1.1494640908845524e-01
1.1711029460636846e-01
1.3905734953202725e-01
1.4180112605756942e-01
1.5004365844882750e-01
1.4156893266538489e-01
1.6377166075306498e-01
1.8045979719230437e-01
1.7384934717732012e-01
1.7256275407457902e-01
1.7598042026128463e-01
1.7331344218012237e-01
1.7334574652871410e-01
1.7359470801170360e-01
1.6686392256846869e-01
1.6540963843770690e-01
1.6803470522840341e-01
1.6478297331093889e-01
1.5794711868815769e-01
1.4778188619410948e-01
1.4683858849767964e-01
1.3763272587742059e-01
1.3449064387154686e-01
1.2834186396039235e-01
1.2762215423175532e-01
1.1638953299659700e-01
1.1274422857055198e-01
1.2082361757881557e-01
1.0966222607802377e-01
1.0514379199310672e-01
9.8718319525933185e-02
9.6640068633471951e-02
9.8100522637291188e-02
9.9035840506885062e-02
1.0111624224830291e-01
1.0560679851897760e-01
1.1659989410642893e-01
1.2700822498588832e-01
1.1830071612442940e-01
1.2080252366148247e-01
1.2302777301924810e-01
1.2498278189611774e-01
1.2809896753422451e-01
1.2584006793840455e-01
1.2747975484032881e-01
1.3239703915695430e-01
1.3719036405021354e-01
1.5126999427912519e-01
1.7538713142643625e-01
1.7041486654720495e-01
1.2713117753551692e-01
1.1318519096233283e-01
1.5943652678067813e-01
1.5473558769597046e-01
1.5569535132427051e-01
1.6772168917834226e-01
1.4274073991683520e-01
1.5130052707179620e-01
1.4752941238361841e-01
1.4128312715513913e-01
1.4671486504408093e-01
1.1444440897877631e-01
1.2497124956401075e-01
1.3202265600954827e-01
1.7016395392470596e-01
1.6505921587340236e-01
1.4832230355773712e-01
1.3379560294072343e-01
1.2679268389080328e-01
1.2993380503671259e-01
1.4472398014199464e-01
1.3752695608129076e-01
1.7898672458034201e-01
1.5472662675451596e-01
1.9278988179513909e-01
1.3375093221989170e-01
1.9560903468981156e-01
1.3700752671565064e-01
1.3319164907371028e-01
2.1571279488695971e-01
2.1568658442621938e-01
1.3084298280718806e-01
1.2335027420956043e-01
1.1989179136522859e-01
1.1326173565043383e-01
1.2398233167952136e-01
1.2280703404269749e-01
1.3499483266170587e-01
1.4442424982717911e-01
1.6223199036912705e-01
1.6117705116002923e-01
1.6639101237834428e-01
1.8933716259313463e-01
1.6925596199592355e-01
2.5553188581111191e-01
2.1579612353994407e-01
1.9158424508304023e-01
1.6190844801794468e-01
1.5998162665096477e-01
1.6573026787064599e-01
1.7195031986173562e-01
1.7756034341421237e-01
1.7173043969703297e-01
1.6854882013097874e-01
1.5452127866857684e-01
1.5487351944675179e-01
1.4724908490974989e-01
1.2173878999695747e-01
1.4532734442252354e-01
1.5619521608766249e-01
1.4924514674050424e-01
1.6543165105017774e-01
2.0908116439397145e-01
1.9117694896513804e-01
1.6484634357857414e-01
1.3692688623326038e-01
1.3803211802334589e-01
1.2816125091728131e-01
1.1434609633587769e-01
1.2199542016363681e-01
1.2000443537324156e-01
1.2301145996978007e-01
1.2168160179930516e-01
1.2589509545629063e-01
1.4955265878536375e-01
1.5297584883809676e-01
1.4147912872712476e-01
1.3839012003442883e-01
1.5494118140950341e-01
1.5137011986237756e-01
1.4850822643187220e-01
1.4201403478656538e-01
1.4677395123985224e-01
1.3228858059504500e-01
1.2205706688756933e-01
1.1544802590594549e-01
1.1599984028932976e-01
1.1358668745496989e-01
1.1552449175520016e-01
1.1619803803979231e-01
1.2048975578752931e-01
1.1639989097976612e-01
1.1469634856893980e-01
1.1183463746313640e-01
1.1257191899071504e-01
1.1518694151416149e-01
1.1497647612798227e-01
1.1672273782276790e-01
1.1935078193516858e-01
1.1909679403716006e-01
1.3026938290938345e-01
1.3979949077862583e-01
1.4160056423601927e-01
1.4562169108699918e-01
1.6255316465923461e-01
1.4564109259115030e-01
1.3375645701278821e-01
1.2664749996594785e-01
1.3570608332248035e-01
1.3141056218363267e-01
1.3480542203291315e-01
1.4342664837423780e-01
1.2250521263856111e-01
1.1558782804089889e-01
1.2763554640065614e-01
1.3852400900305276e-01
1.4204376453135623e-01
1.3774469691801255e-01
1.5488891594787677e-01
1.3853879931486690e-01
1.5094954564173046e-01
1.6145181057088848e-01
1.6132930526780009e-01
1.5007423841383896e-01
1.4506622502422076e-01
1.5001097059033230e-01
1.4538562101898578e-01
1.2732742391247304e-01
1.5278163795173613e-01
1.5438116984678726e-01
1.6550050527509225e-01
1.8139263245935833e-01
1.5752119280500992e-01
1.6118134093239395e-01
1.6579455079039943e-01
1.9214942099709909e-01
1.9164972197514796e-01
1.4684181721170356e-01
1.5458559078478162e-01
1.3260290760808244e-01
1.2968760581934491e-01
1.4192691526375997e-01
1.6927896909226181e-01
1.7249377059824295e-01
1.6816372377835873e-01
2.1792236491998421e-01
2.1583448814482253e-01
2.9025037977258672e-01
1.9075487061891835e-01
2.4721041973607313e-01
2.9951553800838887e-01
1.6448320299535116e-01
1.5414629451214337e-01
1.7412913627657986e-01
1.6615328643902802e-01
1.8196250819846641e-01
1.9422097614022843e-01
2.5578901520438946e-01
2.6337779356329394e-01
2.8600012762326260e-01
2.1758079369699432e-01
2.2216104304444528e-01
1.7003583034096978e-01
1.7273548098848807e-01
1.6465464211927483e-01
1.5270859310269835e-01
1.5161378797292063e-01
1.4242235153441865e-01
1.4724627947789584e-01
1.3833296180608312e-01
1.3913579809365639e-01
1.3471208372724597e-01
1.5009109016050878e-01
1.5735461308066265e-01
1.2010536926631847e-01
1.2473045400791040e-01
1.2653873394962700e-01
1.2094581098677856e-01
1.2564644962976987e-01
1.1758695136371902e-01
1.1652958877454621e-01
1.3463195222965477e-01
1.3514557377910238e-01
1.3290593170090256e-01
1.3269471277693198e-01
1.4156663921784310e-01
1.6534423916397281e-01
1.7342263354366033e-01
1.4320729079747521e-01
1.4619389933169033e-01
1.8355378397287508e-01
1.5727151236083825e-01
1.6815705879645329e-01
1.7548734458696769e-01
1.6049477664928880e-01
1.5625551791380091e-01
1.4275056666376695e-01
1.2272308026213302e-01
1.1617469619915102e-01
1.2321415648367283e-01
1.7646526203129034e-01
2.0727891427683873e-01
2.2772311241568943e-01
1.7663661106443396e-01
2.2795906605971197e-01
1.3099731196953524e-01
1.2662172749591816e-01
1.2332451539707801e-01
1.2254803305096929e-01
1.2204700455098870e-01
1.2223614314601723e-01
1.0903214074326335e-01
1.0764572762188263e-01
1.0558842542524335e-01
1.1117973974324767e-01
1.0378290735051621e-01
1.6033281334392488e-01
1.3261693083709547e-01
1.1915442783542815e-01
1.1018063593919183e-01
1.1117470518491734e-01
1.1801897384070649e-01
1.1518718392900518e-01
1.2455838817245737e-01
1.2733925640993610e-01
1.2428332792356361e-01
1.2648307497513536e-01
1.2984011025606035e-01
1.2562816513035049e-01
1.1861596449687069e-01
1.2059519658015530e-01
1.2263228911730131e-01
1.3400279626169356e-01
1.2492926843710245e-01
1.1483178200428468e-01
1.0620377016262250e-01
1.0642955152339767e-01
1.1684117121333744e-01
1.2113223700063475e-01
1.2012814800864810e-01
1.2131168849252201e-01
1.2100474555565768e-01
1.2352610091953937e-01
1.2488075005301230e-01
1.2774578109805207e-01
1.2828254635298456e-01
1.2212158948045337e-01
1.2123548245645507e-01
1.2017951129618874e-01
1.2006438986593723e-01
1.1745583945509290e-01
1.2199155637415396e-01
1.2190178979551541e-01
1.2176196256085550e-01
1.2940376910782356e-01
1.3223685842618921e-01
1.3186012847981585e-01
1.2820861004048900e-01
1.2741744601624641e-01
1.2905070610307637e-01
1.3414819840025052e-01
1.3704129492080053e-01
1.2896208605966367e-01
1.2688032087848333e-01
1.2321477928554528e-01
1.1261251661003925e-01
1.1198166875302337e-01
1.1210534259693024e-01
1.1417380936813280e-01
1.1397207200632181e-01
1.1549773030420464e-01
1.1593583286296967e-01
1.3217370251682162e-01
1.1806047648433954e-01
1.2763963534260767e-01
1.2024657162099431e-01
1.1783554473315115e-01
1.2024656503255321e-01
1.1967523748904703e-01
1.1496239826076589e-01
1.1181286205665648e-01
1.1244228698668091e-01
1.1263689120441832e-01
1.1405061857407781e-01
1.0981303914699295e-01
1.1124458080350713e-01
1.1081866275487604e-01
1.1415315244676708e-01
1.1266424525417636e-01
1.1171493353200800e-01
1.1323981561214527e-01
1.1286182699440600e-01
1.1341011535579812e-01
1.1349649810178176e-01
1.1756348881523078e-01
1.1935968989831332e-01
