smooth_mean, smooth_sdev, filter_mean, filter_sdev, x, y
0.107102,1.08301e-15,-0.00913949,0.368834,0.107102,1.42079
0.0590303,5.13735e-16,0.0590303,5.13735e-16,0.0590303,-0.81585
0.116869,0.00454925,0.101774,0.0121075,-0.0188692,-1.17682
0.0982893,0.00639031,0.0953425,0.00848268,0.0369335,-1.31632
-0.309491,0.00626104,-0.0206964,0.164827,0.0205597,0.682442
-0.155321,0.044648,-0.0966818,0.20168,-0.103307,1.44077
0.298776,0.0632432,-0.0703565,0.190691,-0.235325,-0.900538
0.171557,0.00954174,0.00480823,0.223856,0.164316,-0.0116207
-0.138652,0.00550192,-0.19472,0.190278,-0.148407,0.0517531
-0.322836,0.0274673,-0.309518,0.135339,0.0343261,0.568826
-0.47348,0.00972639,-0.340495,0.158695,0.0167564,0.547387
-0.397386,0.0734662,-0.294275,0.184643,-0.0110631,-1.39302
-0.620755,0.172095,-0.292562,0.199057,-0.0732312,-0.636048
-0.478762,0.0755366,-0.275488,0.23972,-0.102081,-1.46902
-0.370424,0.0738204,-0.277483,0.24248,-0.144349,-0.368956
-0.363226,0.0984449,-0.269525,0.237382,-0.196125,-1.15273
-0.30947,0.0853262,-0.234013,0.269819,-0.0676117,-1.44901
-0.141443,0.121931,-0.231103,0.255465,-0.0133018,-0.588073
-0.136948,0.0269303,-0.221681,0.274717,-0.00989283,-0.764936
-0.130089,0.058601,-0.216751,0.271866,-0.0303302,-0.651956
-0.28434,0.12288,-0.198161,0.28626,-0.184753,1.17635
-0.404674,0.0100779,-0.178797,0.286971,-0.128572,0.490434
-0.630324,0.170247,-0.177807,0.289955,0.0859668,1.42583
-0.593974,0.0514673,-0.147255,0.29793,0.115774,0.80897
-0.669616,0.0997753,-0.137728,0.291141,0.137004,0.681583
-0.516693,0.0205648,-0.148302,0.303574,0.0451591,-0.0755687
-0.522473,0.0762861,-0.154652,0.292962,0.0955777,-0.859603
-0.298874,0.0940181,-0.173582,0.306193,-0.0148969,-0.280765
-0.277815,0.276493,-0.192767,0.302143,0.278718,0.697704
-0.155924,0.25614,-0.206073,0.290361,0.249017,-0.484702
0.0346057,0.224984,-0.209251,0.271684,0.209247,0.512901
-0.155594,0.13286,-0.201684,0.259846,0.213757,0.824152
-0.0810444,0.0842874,-0.16011,0.28013,0.168524,1.82043
-0.152763,0.167396,-0.140495,0.292575,0.197847,0.984204
-0.163038,0.0125305,-0.128811,0.276996,0.18767,0.0517895
0.0736556,0.0436225,-0.126936,0.286692,0.120158,0.874238
0.0593473,0.016566,-0.11567,0.304347,0.238062,-1.83404
0.310685,0.0525538,-0.114751,0.321608,0.190901,-0.532849
0.462781,0.00583042,-0.0944713,0.32038,-0.0896307,-1.59308
0.400043,0.0618662,-0.0728547,0.321878,0.0745986,-0.79002
0.117686,0.13874,-0.0651315,0.328652,0.146924,1.76809
0.395887,0.0148777,-0.026396,0.321564,0.0948112,1.48302
0.315273,0.108387,0.0193266,0.346234,0.238423,-1.03862
0.347178,0.0829501,0.0589982,0.345631,0.200188,1.30342
0.070278,0.00615926,0.0880536,0.341072,0.0900624,0.101626
0.139778,0.123535,0.0666069,0.340008,-0.075666,0.0576361
0.141818,0.189809,0.0529415,0.330015,-0.00271857,-1.97176
0.0756131,0.099646,0.033032,0.334202,0.0538169,0.362259
-0.311413,0.171255,0.0503503,0.325656,0.0189139,-1.03211
-0.441732,0.216547,0.0845881,0.309692,-0.079662,-1.56259
-0.574918,0.182643,0.078266,0.310475,-0.150488,-0.968705
-0.658296,0.216136,0.0415302,0.320485,-0.275631,-1.08213
-0.445702,0.125994,0.0247319,0.334321,-0.305204,-0.220671
-0.205699,0.0693099,0.00107714,0.324056,-0.255351,-1.86245
-0.158242,0.00467731,-0.0293312,0.312787,-0.486326,-1.22517
-0.214611,0.0297557,-0.0290731,0.324011,-0.482986,-1.37137
0.0527057,0.0817524,-0.0364806,0.327343,-0.405762,0.38478
-0.00112304,0.0226042,-0.0459563,0.329928,-0.22874,-0.814609
-0.101299,0.0317778,-0.0812308,0.339581,0.0162086,-0.942321
-0.126031,0.0337266,-0.0894994,0.327646,-0.154837,-0.936362
-0.332707,0.0521323,-0.0826657,0.327647,-0.27629,-0.428887
-0.278072,0.0483095,-0.126045,0.318311,-0.33381,0.380295
-0.00554992,0.176694,-0.130507,0.315386,-0.255403,-0.906501
-0.0143645,0.148072,-0.145948,0.320326,-0.166276,-0.80324
0.0556935,0.129424,-0.140839,0.331218,0.0046161,-0.123818
0.020294,0.0343213,-0.142096,0.340828,-0.0512152,-0.291137
-0.133646,0.099918,-0.162273,0.326791,0.0220292,0.392492
-0.108354,0.0892736,-0.147566,0.320291,0.021495,1.96505
-0.139192,0.0816853,-0.120447,0.330846,0.0557154,-0.377731
0.00203105,0.0106384,-0.118333,0.316604,0.201676,-0.292519
-0.0380641,0.0367268,-0.124582,0.319997,0.117765,0.0485155
-0.173834,0.0212729,-0.11912,0.30591,0.107586,0.109899
-0.509273,0.215034,-0.0991294,0.31966,0.0795198,-0.279979
-0.574354,0.101673,-0.121968,0.32208,0.031837,0.884775
-0.723083,0.233529,-0.109532,0.323141,0.0639617,1.25471
-0.554669,0.268682,-0.118664,0.318433,-0.0965398,0.307147
-0.406464,0.164472,-0.107914,0.323785,0.0510547,-0.659029
-0.437297,0.153207,-0.111694,0.332409,-0.178867,-0.959802
-0.166014,0.120739,-0.102641,0.330992,-0.168025,0.167939
-0.255651,0.0761764,-0.118249,0.335406,-0.124691,-1.35265
-0.195774,0.140787,-0.117708,0.319822,-0.0989377,1.09472
-0.183509,0.0535061,-0.127026,0.321031,0.134733,0.0979228
0.080105,0.158262,-0.113682,0.32669,0.0721995,1.00575
-0.0479871,0.0817553,-0.0846924,0.333615,0.00211792,-1.32936
-0.0859399,0.0269135,-0.0734687,0.334492,0.0251056,0.280074
-0.12997,0.0787475,-0.0255043,0.330397,-0.0516854,1.05304
-0.150491,0.167236,-0.0321771,0.331379,-0.0567149,1.30568
-0.126958,0.126285,-0.0133695,0.322094,-0.223428,0.303686
-0.078253,0.131539,-0.0189753,0.314252,-0.225154,0.933061
-0.114995,0.211836,-0.0303023,0.311508,-0.296331,-0.0450951
-0.0413799,0.299618,-0.0330934,0.325205,-0.0347843,-0.947809
0.207157,0.332214,-0.0559438,0.324858,0.00834573,-0.783505
-0.0598962,0.148728,-0.0462176,0.331468,-0.00910401,2.12482
-0.0481008,0.0441887,-0.0379415,0.334461,0.0198751,1.02318
-0.376148,0.135036,-0.0423836,0.328879,0.141575,-0.0332787
-0.418081,0.179955,-0.0671553,0.317722,-0.0433295,-1.07175
-0.465598,0.26773,-0.0386051,0.30677,0.0358025,-1.33443
-0.467209,0.122551,-0.0418747,0.328962,-0.0118581,1.66128
-0.314181,0.14242,-0.0436996,0.328151,-0.0582616,0.323392
-0.211343,0.178267,-0.0660006,0.326042,-0.0983207,0.108078
-0.198328,0.133755,-0.0649889,0.339901,-0.103963,0.656651
0.0529893,0.103389,-0.0797482,0.328702,-0.0407505,-0.948601
0.085033,0.130417,-0.0838992,0.314039,-0.216133,-0.157179
0.164883,0.122346,-0.0910689,0.32713,-0.227351,-0.169665
0.382484,0.013288,-0.0965541,0.314513,-0.133866,0.900801
0.250646,0.0229621,-0.119764,0.314883,-0.0500754,0.782704
0.473196,0.111407,-0.092518,0.346555,0.18,2.94816
0.715285,0.252143,0.00293096,0.368625,0.146226,2.91402
0.737753,0.126521,0.123305,0.377156,0.192742,3.33838
0.733821,0.0358481,0.206596,0.364896,0.138273,3.20052
0.947153,0.0114279,0.288177,0.366502,0.140516,-1.72628
0.951223,0.0337702,0.373043,0.358377,0.369856,-1.36787
0.78863,0.124704,0.429798,0.328643,0.415582,-2.67217
0.888597,0.132475,0.443919,0.290556,0.45292,-0.207009
0.555098,0.105721,0.412933,0.286018,0.00170791,0.29112
0.387125,0.162949,0.373596,0.282838,0.0631444,-0.450888
0.192708,0.252714,0.321834,0.290314,-0.0433842,-1.05693
0.0931885,0.282465,0.2762,0.303336,-0.0683032,-2.4809
0.0614746,0.268325,0.240178,0.295355,0.0695874,-1.96512
-0.206706,0.332041,0.186802,0.303293,0.091269,0.0207291
-0.033198,0.133833,0.153264,0.301769,0.0134781,-0.799496
0.110363,0.116007,0.132815,0.299817,0.000977884,1.51829
-0.0638568,0.215174,0.143398,0.299707,-0.0679666,-1.09051
-0.0807341,0.309951,0.118249,0.308162,-0.0487199,0.581776
-0.0913467,0.158652,0.124726,0.304568,-0.0266718,0.341322
-0.245449,0.16148,0.0835196,0.306844,-0.0974045,1.15004
-0.189577,0.216418,0.0519897,0.30731,0.0216417,-0.10136
-0.198539,0.231982,0.0400046,0.325484,0.133567,-0.561533
-0.157002,0.128136,0.0353192,0.336417,0.0745892,-1.01616
-0.0980517,0.135943,-0.0098637,0.322346,0.0236433,-0.853135
0.0492164,0.101923,-0.00610507,0.317408,0.0428475,-0.304476
-0.0242543,0.118183,-0.0303516,0.314876,0.0614014,0.423074
-0.172591,0.123852,-0.0539163,0.300929,0.0774576,-0.995355
-0.287735,0.188635,-0.0649479,0.31379,0.0383912,-0.931657
-0.228054,0.120451,-0.0730137,0.312685,0.0702326,0.602524
-0.00782242,0.0522232,-0.074662,0.318029,0.155849,-1.92956
-0.191647,0.17513,-0.0841359,0.31781,0.0775271,-0.469635
-0.19971,0.209091,-0.0828154,0.329807,-0.0821118,-0.179356
-0.178276,0.139817,-0.0774133,0.313604,-0.201215,1.04719
-0.207297,0.183627,-0.0704084,0.304818,-0.125595,1.18882
-0.124277,0.127461,-0.0717813,0.317864,-0.0327799,-0.243489
-0.0390422,0.204742,-0.06372,0.317591,0.0150861,0.469455
0.0682385,0.333483,-0.0689079,0.319806,0.075968,-1.31886
0.0501239,0.283491,-0.0464371,0.316226,-0.0123007,0.17428
0.0510916,0.249494,-0.0574198,0.317808,0.0623542,1.36895
0.211185,0.38401,-0.0451807,0.312847,0.115124,-0.979567
0.0900165,0.26333,-0.0503245,0.304992,0.247469,0.375085
0.0677357,0.202273,-0.0452663,0.312698,0.20076,0.0171621
0.0750572,0.226366,-0.0466512,0.321562,0.361733,-0.334249
0.081057,0.228695,-0.0715797,0.311605,0.32511,-0.565698
0.0515612,0.315836,-0.0519501,0.328603,0.150502,1.07905
-0.108561,0.180168,-0.0603553,0.32451,0.128228,-0.707724
-0.0839724,0.254364,-0.0486239,0.335448,0.175599,1.78324
0.223245,0.310767,-0.046197,0.345129,0.202815,1.55447
0.195941,0.345942,-0.0462925,0.326773,0.0435957,0.898708
0.147773,0.31275,-0.0598966,0.338684,-0.0507649,1.04483
0.32923,0.276313,-0.0481954,0.338223,-0.0485263,0.56987
0.295908,0.170592,-0.0482106,0.324549,0.227487,0.899392
0.471476,0.203913,-0.0518007,0.335693,0.228747,1.62419
0.442941,0.158555,-0.0449623,0.333008,0.222375,-0.418094
0.552473,0.0992829,-0.0211876,0.335509,0.388095,1.01681
0.506648,0.101591,-0.01008,0.360031,0.430201,-1.21591
0.240269,0.141948,0.0301539,0.343794,0.470283,-2.35927
0.223151,0.0990331,0.040011,0.360544,0.382635,0.890498
0.156333,0.119813,0.0664788,0.349612,0.203989,-1.15374
0.0937944,0.155394,0.0683718,0.355986,0.125727,-1.70076
-0.0975004,0.267707,0.0777597,0.349041,0.00827661,-0.851777
-0.166434,0.372635,0.0614568,0.340659,0.0659871,0.254887
-0.332281,0.423763,0.0560365,0.352587,0.13944,1.21379
-0.41295,0.493327,0.0476698,0.349847,0.134313,0.135174
-0.516971,0.615643,0.0189239,0.331674,0.137162,0.245267
-0.682546,0.594238,0.0234439,0.34463,0.107728,0.947088
-0.551236,0.422145,0.0158136,0.341522,0.316122,2.46056
-0.395948,0.336003,0.0115772,0.335858,0.367109,1.71341
-0.28934,0.121184,0.00423566,0.335176,0.417385,0.58775
-0.442737,0.0815074,-0.00915694,0.333477,0.27599,-0.0675497
-0.146998,0.124952,-0.0319699,0.329108,0.281277,-0.391638
-0.182628,0.123402,-0.022189,0.325403,0.217876,-1.77535
-0.0902766,0.221676,-0.0186875,0.343274,0.171069,-1.12385
-0.10518,0.259558,-0.0370468,0.33502,0.139621,-0.0191911
-0.126751,0.252054,-0.0531374,0.334543,0.204822,-0.505529
-0.224429,0.272216,-0.0759936,0.349229,0.138155,-0.492021
-0.166501,0.223942,-0.0720796,0.352864,0.160397,-0.665148
-0.104936,0.25727,-0.0960664,0.350001,0.0828694,0.00938139
-0.110389,0.286816,-0.095581,0.346834,0.0144385,0.652451
-0.165869,0.316991,-0.128081,0.338969,-0.0875248,0.22577
-0.119289,0.281573,-0.151689,0.329281,-0.0710278,-0.114981
-0.136042,0.293384,-0.163344,0.327986,-0.123619,-0.556009
-0.113707,0.355197,-0.139099,0.339673,-0.148894,-1.40498
-0.0562247,0.301025,-0.128126,0.343384,-0.11277,0.358682
-0.0309054,0.315408,-0.136401,0.33911,0.042946,-0.0989066
0.00117657,0.306215,-0.145862,0.333575,0.110095,0.420898
0.0375892,0.343734,-0.124082,0.331443,0.0411151,0.849321
0.0288498,0.331317,-0.122745,0.326322,-0.0127349,2.08431
-0.000337206,0.411186,-0.117496,0.329282,0.153496,0.987485
-0.105682,0.386655,-0.138656,0.33696,0.0626282,-0.322657
-0.125521,0.381988,-0.138255,0.33073,-0.0214725,-0.0619219
-0.203956,0.366479,-0.135675,0.308542,0.0801065,-0.347308
-0.130988,0.359495,-0.131323,0.310768,0.284345,1.70595
-0.12702,0.280322,-0.129476,0.317284,0.311894,-0.0111866
-0.118431,0.257501,-0.110207,0.316766,0.206148,-2.62967
-0.0792659,0.330802,-0.104478,0.339431,0.197481,-2.87456
-0.0142051,0.380308,-0.0878471,0.336783,0.117324,1.01322
-0.0390553,0.356899,-0.0804087,0.340673,0.273022,0.498332
-0.0305581,0.347028,-0.0441256,0.341414,0.212907,0.434348
0.0117536,0.283169,-0.0481032,0.324724,0.287701,-0.629278
0.0453391,0.243116,-0.0404348,0.321213,0.219143,1.51413
0.0630708,0.266025,-0.0248312,0.311232,0.155225,0.215307
0.0903024,0.349516,-0.017436,0.31671,0.0238662,-0.317474
0.0661837,0.331122,-0.0176281,0.315293,-0.0970601,-0.203074
0.0774484,0.275909,-0.0311372,0.312543,-0.0348798,-0.733825
-0.0265279,0.27299,-0.0419809,0.338049,-0.0121402,0.659555
-0.0315496,0.223403,-0.0458503,0.336045,-0.114228,-0.674977
-0.0371887,0.308724,-0.041947,0.349985,0.0431379,0.608555
-0.0298875,0.322074,-0.0229701,0.355134,0.00553099,-1.48727
-0.0321987,0.244489,-0.0217714,0.353119,0.029058,0.566798
-0.0958215,0.29589,-0.0289052,0.335881,0.111693,0.565459
-0.105748,0.278506,-0.0233931,0.35179,0.158282,-0.683923
-0.160825,0.274235,-0.0306454,0.354944,0.252652,0.331147
-0.134688,0.310617,-0.0145492,0.348149,0.175845,0.860841
-0.149934,0.303078,-0.0504453,0.356062,0.195169,-1.35976
-0.114942,0.313362,-0.0443165,0.366043,0.0627773,-0.880563
-0.136392,0.379672,-0.0813776,0.359025,0.0336472,-1.97958
-0.107063,0.342497,-0.0836298,0.350575,0.049167,-0.528745
-0.129614,0.371374,-0.107462,0.343143,-0.147222,0.852472
-0.0864897,0.315705,-0.0762867,0.339355,-0.224993,0.0533743
-0.0605601,0.278394,-0.0796204,0.345833,-0.0653969,0.771531
-0.0929817,0.323966,-0.0985333,0.332338,-0.164184,-0.124806
-0.0949287,0.305821,-0.0831158,0.338064,-0.218612,0.478938
-0.110641,0.344963,-0.0912252,0.341823,-0.10274,2.32485
-0.0763654,0.321428,-0.0726411,0.351352,-0.0160884,0.66681
-0.0740099,0.310596,-0.105592,0.353079,-0.153509,0.97136
-0.0862473,0.331729,-0.115215,0.354522,-0.0524115,0.240317
-0.0633089,0.317052,-0.101085,0.339023,-0.0894814,2.52253
-0.0437554,0.310748,-0.0688864,0.344263,0.00781348,0.251895
-0.0240882,0.329897,-0.0808038,0.337697,0.2002,1.64007
-0.0308253,0.317786,-0.0761434,0.332609,0.072458,1.32192
-0.0401465,0.326975,-0.0719545,0.339511,0.14584,-0.289976
-0.0588046,0.329937,-0.0598474,0.353076,0.143139,-1.07227
-0.0579441,0.339977,-0.0599248,0.354078,0.185455,-0.998904
-0.0738098,0.337653,-0.0654489,0.36451,0.120974,1.39306
-0.078702,0.32882,-0.0749678,0.365459,0.123003,0.00104242
-0.106705,0.365577,-0.093669,0.363183,0.0553923,-0.755953
-0.0765267,0.372728,-0.0710175,0.368206,0.0911817,1.30323
-0.0796559,0.355372,-0.0984411,0.377672,0.0155049,0.449018
-0.0863265,0.3464,-0.0922735,0.36469,0.119451,-0.40987
-0.0706777,0.332215,-0.0906687,0.354331,0.275495,2.42505
-0.0395652,0.34251,-0.0853531,0.354939,0.0886988,1.51076
-0.029218,0.336934,-0.0487335,0.342704,0.207636,0.627436
-0.03737,0.336032,-0.03737,0.336032,0.240723,-1.77801
