4
1000
4.3127577918784255e-01
8.7050161540973936e-01
1.6330904022161119e-01
1.0000000000000000e+00
4.3127577918784255e-01
9.0783043608535086e-01
1.6431671937298231e-01
1.0000000000000000e+00
4.3127577918784255e-01
9.0783043608535086e-01
1.7957358246039801e-01
1.0000000000000000e+00
4.1727908308820361e-01
9.0783043608535086e-01
1.8476589114707165e-01
1.0000000000000000e+00
4.1847645995875382e-01
8.0088908628094946e-01
1.8072185756009274e-01
1.0000000000000000e+00
3.9405945261677289e-01
8.4118862340692435e-01
1.8039411990739607e-01
1.0000000000000000e+00
3.9405945261677289e-01
8.4118862340692435e-01
1.8561213915072583e-01
1.0000000000000000e+00
3.5743580704291844e-01
8.8215972373727713e-01
1.8561213915072583e-01
1.0000000000000000e+00
3.6421621629705214e-01
8.9882551059126858e-01
1.7161370334051751e-01
1.0000000000000000e+00
3.7739313712080502e-01
8.6502985954284672e-01
1.7731208200402759e-01
1.0000000000000000e+00
3.5748154801984811e-01
8.6502985954284672e-01
1.7470246399589084e-01
1.0000000000000000e+00
3.5333552343507790e-01
8.6502985954284672e-01
1.4289250164129041e-01
1.0000000000000000e+00
3.5333552343507790e-01
8.6502985954284672e-01
1.4831306817777656e-01
1.0000000000000000e+00
3.6831880585958743e-01
8.6502985954284672e-01
1.3817877727396988e-01
1.0000000000000000e+00
3.0826326684763217e-01
8.6502985954284672e-01
1.6077722734607958e-01
1.0000000000000000e+00
3.3790983857323909e-01
7.5738003402948384e-01
1.6077722734607958e-01
1.0000000000000000e+00
3.4487830432334476e-01
7.5738003402948384e-01
1.5550466537079044e-01
1.0000000000000000e+00
3.5921458484807545e-01
7.5738003402948384e-01
1.5550466537079044e-01
1.0000000000000000e+00
3.6115002554578268e-01
6.9786708168685441e-01
1.5550466537079044e-01
1.0000000000000000e+00
3.7114989679974997e-01
6.6275131814181809e-01
1.5550466537079044e-01
1.0000000000000000e+00
3.7114989679974997e-01
8.2484397403895859e-01
1.5550466537079044e-01
1.0000000000000000e+00
4.1368064765555346e-01
6.9158336631953721e-01
1.5550466537079044e-01
1.0000000000000000e+00
4.6076470722181284e-01
7.7122026048600678e-01
1.5550466537079044e-01
1.0000000000000000e+00
4.6076470722181284e-01
7.7122026048600678e-01
1.4823299416875668e-01
1.0000000000000000e+00
4.6841999857423389e-01
7.7122026048600678e-01
1.6703936833491750e-01
1.0000000000000000e+00
4.6675293617153102e-01
7.7122026048600678e-01
1.5910389836481043e-01
1.0000000000000000e+00
4.3588554583692485e-01
6.8761637525749397e-01
1.5910389836481043e-01
1.0000000000000000e+00
4.5051050190085107e-01
6.0373758243513298e-01
1.5075921969091721e-01
1.0000000000000000e+00
4.2625791397148305e-01
6.0373758243513298e-01
1.5075921969091721e-01
1.0000000000000000e+00
4.2356867952474886e-01
6.0373758243513298e-01
1.5926765327876635e-01
1.0000000000000000e+00
4.2356867952474886e-01
5.9347350334865046e-01
1.7636722562438079e-01
1.0000000000000000e+00
3.9035692488977247e-01
7.2254706358653498e-01
1.4762654764181204e-01
1.0000000000000000e+00
3.7437198361584478e-01
6.1139006352168512e-01
1.4583302915398233e-01
1.0000000000000000e+00
3.2022675177285009e-01
6.1139006352168512e-01
1.5307609338615291e-01
1.0000000000000000e+00
2.2359773567148977e-01
6.1139006352168512e-01
1.5307609338615291e-01
1.0000000000000000e+00
2.2359773567148977e-01
6.1139006352168512e-01
1.5426015315879338e-01
1.0000000000000000e+00
2.2341043925115400e-01
7.6799715494853449e-01
1.5665768363815002e-01
1.0000000000000000e+00
1.8237512981721693e-01
6.8776842391234827e-01
1.4512191710364275e-01
1.0000000000000000e+00
1.1194410039314562e-01
7.7065753376227808e-01
1.4512191710364275e-01
1.0000000000000000e+00
1.4844597367772394e-01
7.7116024096612823e-01
1.4512191710364275e-01
1.0000000000000000e+00
1.6009435015001827e-01
7.7116024096612823e-01
1.5204253743704610e-01
1.0000000000000000e+00
2.0206033023276859e-01
7.2590028097038162e-01
1.4331195757094972e-01
1.0000000000000000e+00
1.8675105417349869e-01
7.2590028097038162e-01
1.5505426258150690e-01
1.0000000000000000e+00
1.6233835326710278e-01
7.5193281819229019e-01
1.5505426258150690e-01
1.0000000000000000e+00
1.4974613631346756e-01
7.5193281819229019e-01
1.5498816266026549e-01
1.0000000000000000e+00
2.1362337986209923e-01
6.6678967022453439e-01
1.5498816266026549e-01
1.0000000000000000e+00
2.5301874386349255e-01
7.3890997164999139e-01
1.5498816266026549e-01
1.0000000000000000e+00
2.6666095530816847e-01
7.6496517353807580e-01
1.5498816266026549e-01
1.0000000000000000e+00
2.9095531305500799e-01
6.9314790026401174e-01
1.5407267123064228e-01
1.0000000000000000e+00
1.9026634892651373e-01
7.1541844376479280e-01
1.6117913744947143e-01
1.0000000000000000e+00
2.0372409144619041e-01
7.6293560185586107e-01
1.6117913744947143e-01
1.0000000000000000e+00
1.6668508717992836e-01
7.6293560185586107e-01
1.6943744852742382e-01
1.0000000000000000e+00
2.0952160055020386e-01
7.3948949270998132e-01
1.6943744852742382e-01
1.0000000000000000e+00
2.6706135020793909e-01
7.1075718731735837e-01
1.5919939804425665e-01
1.0000000000000000e+00
2.1329561834426158e-01
7.1075718731735837e-01
1.6278594921877809e-01
1.0000000000000000e+00
2.1329561834426158e-01
8.4518398971413267e-01
1.6424933777725526e-01
1.0000000000000000e+00
2.2241367240638965e-01
8.0963157744263303e-01
1.6093874190537460e-01
1.0000000000000000e+00
2.4037095931561225e-01
8.0963157744263303e-01
1.6093874190537460e-01
1.0000000000000000e+00
2.3621915447728270e-01
7.7620531686698091e-01
1.6093874190537460e-01
1.0000000000000000e+00
2.3621915447728270e-01
7.7594643340562475e-01
1.5747131107909806e-01
1.0000000000000000e+00
2.2291645667718285e-01
8.0022991144214761e-01
1.5391938461525567e-01
1.0000000000000000e+00
2.0931684392706984e-01
7.5598654219065797e-01
1.5671889562927388e-01
1.0000000000000000e+00
1.4626640993373030e-01
8.4250743568991315e-01
1.5671889562927388e-01
1.0000000000000000e+00
2.1998851913230055e-01
7.9320019644801509e-01
1.7313128602527283e-01
1.0000000000000000e+00
2.0787777359799975e-01
7.9320019644801509e-01
1.5557020981632375e-01
1.0000000000000000e+00
2.0373519537241691e-01
8.9944000703399074e-01
1.5557020981632375e-01
1.0000000000000000e+00
1.5728830573351615e-01
8.4342589390580547e-01
1.6471524988137387e-01
1.0000000000000000e+00
1.5728830573351615e-01
8.4342589390580547e-01
1.3754137125633858e-01
1.0000000000000000e+00
1.8002793313206666e-01
8.4342589390580547e-01
1.5715558999054335e-01
1.0000000000000000e+00
1.8002793313206666e-01
8.5507846691762102e-01
1.2577712335460089e-01
1.0000000000000000e+00
1.8002793313206666e-01
7.3154814609442842e-01
1.2802884084940158e-01
1.0000000000000000e+00
2.4300445736588472e-01
7.3154814609442842e-01
1.3904257267549835e-01
1.0000000000000000e+00
2.7376643129827016e-01
7.3313942747772676e-01
1.4033155105844342e-01
1.0000000000000000e+00
2.6268808291496271e-01
7.3313942747772676e-01
1.1819726005032860e-01
1.0000000000000000e+00
2.3195082255841726e-01
9.5193720060051423e-01
1.1819726005032860e-01
1.0000000000000000e+00
2.4951540240289205e-01
8.0662700357497674e-01
1.1819726005032860e-01
1.0000000000000000e+00
2.5360636486874455e-01
9.0127392123104078e-01
1.0847275480464302e-01
1.0000000000000000e+00
2.7767936703020268e-01
8.7991311597288591e-01
1.0847275480464302e-01
1.0000000000000000e+00
1.5175942894273931e-01
8.4234318333328706e-01
1.1323679620236360e-01
1.0000000000000000e+00
1.6710602309757405e-01
8.4234318333328706e-01
1.1518384152859651e-01
1.0000000000000000e+00
1.5510245789045030e-01
8.4234318333328706e-01
1.2675862628802859e-01
1.0000000000000000e+00
1.5889866630749339e-01
7.4032110917032701e-01
1.2708862408599086e-01
1.0000000000000000e+00
1.9205690062807435e-01
9.0645461725653154e-01
1.2708862408599086e-01
1.0000000000000000e+00
1.9205690062807435e-01
7.2999075996340257e-01
1.1252983569702335e-01
1.0000000000000000e+00
1.9205690062807435e-01
6.3800619366229516e-01
1.2331665031215377e-01
1.0000000000000000e+00
1.9015097377558732e-01
6.3800619366229516e-01
1.1116907050436564e-01
1.0000000000000000e+00
2.0617118051012540e-01
6.3800619366229516e-01
1.1251046779634633e-01
1.0000000000000000e+00
2.0669416283925557e-01
7.0316489516408187e-01
1.1251046779634633e-01
1.0000000000000000e+00
1.7803295461197877e-01
7.0316489516408187e-01
1.1251046779634633e-01
1.0000000000000000e+00
1.7803295461197877e-01
7.1419032114208680e-01
1.3244539211573281e-01
1.0000000000000000e+00
2.1116409489621901e-01
7.1860314263612968e-01
1.0278439979138054e-01
1.0000000000000000e+00
2.0510116258373046e-01
7.1860314263612968e-01
1.0970823225634374e-01
1.0000000000000000e+00
2.3905794640739941e-01
6.0711438311846000e-01
1.0970823225634374e-01
1.0000000000000000e+00
1.9816751723845982e-01
6.8174520983011466e-01
1.0970823225634374e-01
1.0000000000000000e+00
1.9816751723845982e-01
6.8174520983011466e-01
7.3655035729279894e-02
1.0000000000000000e+00
2.2417637651523137e-01
6.9579272354603749e-01
1.0334325433777847e-01
1.0000000000000000e+00
3.3930404802521252e-01
6.9579272354603749e-01
1.1680897223832287e-01
1.0000000000000000e+00
3.3930404802521252e-01
7.5464919591904622e-01
1.0267123664798417e-01
1.0000000000000000e+00
3.2035144690161133e-01
7.5096434574224991e-01
1.0267123664798417e-01
1.0000000000000000e+00
2.5680480051522636e-01
6.1573913912870926e-01
1.0267123664798417e-01
1.0000000000000000e+00
2.9468659583216095e-01
8.0094767208793205e-01
9.7217202103456635e-02
1.0000000000000000e+00
3.1657346225546235e-01
8.3281174521544021e-01
9.8479707758633572e-02
1.0000000000000000e+00
2.9055396168695324e-01
7.0941297929384750e-01
7.4297859366743046e-02
1.0000000000000000e+00
3.5286828204260701e-01
7.8333609025576156e-01
9.7715893793611008e-02
1.0000000000000000e+00
3.5068211917968029e-01
7.8333609025576156e-01
1.0827478339033403e-01
1.0000000000000000e+00
3.5068211917968029e-01
9.7367654587724251e-01
9.5824642489424128e-02
1.0000000000000000e+00
3.5068211917968029e-01
9.7367654587724251e-01
1.0162024238215961e-01
1.0000000000000000e+00
3.9266276107372278e-01
9.7367654587724251e-01
1.0497191470185496e-01
1.0000000000000000e+00
3.5747590432146126e-01
6.8768040682771248e-01
1.0497191470185496e-01
1.0000000000000000e+00
3.4961227005550199e-01
7.3505169943091464e-01
7.6575881951248426e-02
1.0000000000000000e+00
3.4801832753436202e-01
7.4079340368625712e-01
6.1991378232596595e-02
1.0000000000000000e+00
3.9014605227129096e-01
7.4079340368625712e-01
4.8775234904132936e-02
1.0000000000000000e+00
3.7709254193322295e-01
7.4079340368625712e-01
4.8775234904132936e-02
1.0000000000000000e+00
3.3019426259414786e-01
7.9045027166721415e-01
4.1297962136559341e-02
1.0000000000000000e+00
3.3019426259414786e-01
7.7584055110928607e-01
8.1286271281533096e-02
1.0000000000000000e+00
2.7464853766576880e-01
7.9581360377487731e-01
8.7636498447500322e-02
1.0000000000000000e+00
3.0173264738840544e-01
7.5663968127337289e-01
6.9069977562867257e-02
1.0000000000000000e+00
3.0173264738840544e-01
6.3077314103138638e-01
8.9559617165468786e-02
1.0000000000000000e+00
3.0173264738840544e-01
3.5430486405384731e-01
8.9559617165468786e-02
1.0000000000000000e+00
3.5790983509940588e-01
5.3775670284521770e-01
1.0738905024900303e-01
1.0000000000000000e+00
3.1398467641992056e-01
5.3775670284521770e-01
8.9688273791216466e-02
1.0000000000000000e+00
3.0503369138313019e-01
5.6547983082127762e-01
8.9688273791216466e-02
1.0000000000000000e+00
2.5184505075884545e-01
6.9423706920933914e-01
1.0487020545824632e-01
1.0000000000000000e+00
2.6524722405446255e-01
6.9423706920933914e-01
9.1778851758681390e-02
1.0000000000000000e+00
2.2239314594042980e-01
7.1033857854199600e-01
9.9838090773664567e-02
1.0000000000000000e+00
1.9281060764768654e-01
7.1033857854199600e-01
1.0198361188358829e-01
1.0000000000000000e+00
1.9281060764768654e-01
8.9585926475119781e-01
1.0124081012745589e-01
1.0000000000000000e+00
1.9281060764768654e-01
3.1879425885272217e-01
1.1654178961598516e-01
1.0000000000000000e+00
2.3057383815029198e-01
4.8430631028604698e-01
1.0465266067021728e-01
1.0000000000000000e+00
2.9301876718380981e-01
4.7474315295112324e-01
1.0194997024209440e-01
1.0000000000000000e+00
2.4248315537550980e-01
2.7666833343100738e-01
1.1099113990039766e-01
1.0000000000000000e+00
3.2635558097825879e-01
4.3610284568858337e-01
1.1099113990039766e-01
1.0000000000000000e+00
3.3801753520236844e-01
3.6987675817799759e-01
1.0461045895190180e-01
1.0000000000000000e+00
3.3037224811704391e-01
2.9604845585417938e-01
1.0066693279495664e-01
1.0000000000000000e+00
3.0538649511726135e-01
5.1283600924653006e-01
1.0734138547977634e-01
1.0000000000000000e+00
2.9586656511963838e-01
3.7341511247796011e-01
1.0553549349842795e-01
1.0000000000000000e+00
2.8039664336682790e-01
3.7073868883890104e-01
1.0553549349842795e-01
1.0000000000000000e+00
2.6700783035920495e-01
4.6069041265291166e-01
1.0639591628987544e-01
1.0000000000000000e+00
2.9177153556810254e-01
4.9729957802337599e-01
1.0589494576979630e-01
1.0000000000000000e+00
3.2784352478773826e-01
4.9729957802337599e-01
1.0589494576979630e-01
1.0000000000000000e+00
3.8255766806395286e-01
3.9365137483109724e-01
1.0589494576979630e-01
1.0000000000000000e+00
3.3982280296476119e-01
3.9365137483109724e-01
1.1415660495240443e-01
1.0000000000000000e+00
2.5320401908101076e-01
3.9365137483109724e-01
1.0532364968512409e-01
1.0000000000000000e+00
2.4001186764070326e-01
3.9365137483109724e-01
1.1352271560881488e-01
1.0000000000000000e+00
2.4058570763298803e-01
5.1318612436880362e-01
1.1352271560881488e-01
1.0000000000000000e+00
2.1266503496298128e-01
4.4313498864066792e-01
9.6674032251576114e-02
1.0000000000000000e+00
2.4848328022488886e-01
4.4313498864066792e-01
9.6674032251576114e-02
1.0000000000000000e+00
3.4189348345825010e-01
5.0367693508160305e-01
9.6674032251576114e-02
1.0000000000000000e+00
3.2188543169030481e-01
5.4734311157953930e-01
9.9240102547446418e-02
1.0000000000000000e+00
2.9708680188485914e-01
3.7301313595962715e-01
9.2380353457519937e-02
1.0000000000000000e+00
2.9708680188485914e-01
2.7750609161448669e-01
1.0153113419491999e-01
1.0000000000000000e+00
3.2856999946960741e-01
1.2401125671458435e-01
1.1488780400086396e-01
1.0000000000000000e+00
2.9810471836680108e-01
1.2401125671458435e-01
1.2434192302007430e-01
1.0000000000000000e+00
3.1221603047305280e-01
2.3706024976563644e-01
1.0395746466074340e-01
1.0000000000000000e+00
3.1221603047305280e-01
1.3672372790169907e-01
9.2718277800122428e-02
1.0000000000000000e+00
2.6296646710687810e-01
1.3672372790169907e-01
9.2718277800122428e-02
1.0000000000000000e+00
2.4640753496640855e-01
4.3241649398696613e-01
9.7743116992751289e-02
1.0000000000000000e+00
2.2076572656368398e-01
4.1760095300269318e-01
1.1557148278061502e-01
1.0000000000000000e+00
1.6710592426096582e-01
5.2836392911267471e-01
1.1557148278061502e-01
1.0000000000000000e+00
1.6710592426096582e-01
5.2836392911267471e-01
1.0588075351970472e-01
1.0000000000000000e+00
1.7261522162442589e-01
2.0552175583434296e-01
1.1943903463961758e-01
1.0000000000000000e+00
1.0552522811775589e-01
3.2085618468117905e-01
1.1802775811938770e-01
1.0000000000000000e+00
1.0552522811775589e-01
6.3247924342867923e-01
1.1802775811938770e-01
1.0000000000000000e+00
1.7839489776378059e-01
7.8147831324604344e-01
1.1802775811938770e-01
1.0000000000000000e+00
2.4243818308895015e-01
7.8147831324604344e-01
1.2943785943625696e-01
1.0000000000000000e+00
2.4349479183291578e-01
7.7784284551744354e-01
1.2943785943625696e-01
1.0000000000000000e+00
2.7356712861654842e-01
7.4040570085053337e-01
1.2924972028540649e-01
1.0000000000000000e+00
2.7084938778278911e-01
7.7126888533239257e-01
1.2340424434351005e-01
1.0000000000000000e+00
2.7189741159526193e-01
7.7126888533239257e-01
1.2359301306842096e-01
1.0000000000000000e+00
3.0222598339167916e-01
5.9664280315046203e-01
1.2359301306842096e-01
1.0000000000000000e+00
3.6072717110363328e-01
5.9664280315046203e-01
1.3754667205339499e-01
1.0000000000000000e+00
3.5489600400177324e-01
6.3133990367059600e-01
1.4223391053801604e-01
1.0000000000000000e+00
3.7616904235181892e-01
6.3133990367059600e-01
1.2116217476850577e-01
1.0000000000000000e+00
3.9664739711878383e-01
5.9651204546098602e-01
1.3679200134774872e-01
1.0000000000000000e+00
3.9262124026862466e-01
5.9651204546098602e-01
1.3569011466879599e-01
1.0000000000000000e+00
4.0522826990780914e-01
5.9651204546098602e-01
1.2851581836421244e-01
1.0000000000000000e+00
3.6869422757735038e-01
4.8869387780432594e-01
1.3646683769602530e-01
1.0000000000000000e+00
3.4405098195855999e-01
5.4828174014692199e-01
1.4770541081506960e-01
1.0000000000000000e+00
3.7009730135758900e-01
5.4828174014692199e-01
1.4470104055781119e-01
1.0000000000000000e+00
3.6486403263842249e-01
4.4612348427181137e-01
1.4287860607564651e-01
1.0000000000000000e+00
3.2594494886433267e-01
4.1362363820080650e-01
1.4287860607564651e-01
1.0000000000000000e+00
3.2184436443930053e-01
5.2005181436543357e-01
1.4287860607564651e-01
1.0000000000000000e+00
4.2689447004084968e-01
5.2005181436543357e-01
1.3324452759534322e-01
1.0000000000000000e+00
4.2689447004084968e-01
5.1189743143622768e-01
1.2381855593830549e-01
1.0000000000000000e+00
4.2689447004084968e-01
5.4185325627331626e-01
1.1116065652877294e-01
1.0000000000000000e+00
4.0911622617130661e-01
4.5874676828389060e-01
1.4124578619212114e-01
1.0000000000000000e+00
4.6137792702501201e-01
4.5874676828389060e-01
1.4586839973762833e-01
1.0000000000000000e+00
3.5316920156327569e-01
3.5719249372486961e-01
1.4586839973762833e-01
1.0000000000000000e+00
3.5070277672929251e-01
5.0539412324433219e-01
1.3793207102989979e-01
1.0000000000000000e+00
3.7515784349960768e-01
5.2118962046806705e-01
1.3285460698953100e-01
1.0000000000000000e+00
4.0072537322265589e-01
3.8324980971519840e-01
1.2128497663488813e-01
1.0000000000000000e+00
4.1505301386786186e-01
2.2236785826389682e-01
1.1245314797688477e-01
1.0000000000000000e+00
3.9934751220715725e-01
3.5734960039262664e-01
1.0116629416424983e-01
1.0000000000000000e+00
3.9934751220715725e-01
4.5760426272754562e-01
1.2054023260552638e-01
1.0000000000000000e+00
3.9020665191782200e-01
4.1774797787074935e-01
1.1612044062767379e-01
1.0000000000000000e+00
3.9020665191782200e-01
2.9797799860243690e-01
1.0422600221190803e-01
1.0000000000000000e+00
3.5191065344696426e-01
5.4210879628662956e-01
1.0434739983302277e-01
1.0000000000000000e+00
3.3383806694035911e-01
3.7211535100941551e-01
1.0593024832323861e-01
1.0000000000000000e+00
3.3383806694035911e-01
2.9301398222451103e-01
1.2132793937471431e-01
1.0000000000000000e+00
3.2094341642658719e-01
3.6904098068480384e-01
1.2148760418185700e-01
1.0000000000000000e+00
3.4744312367837438e-01
2.3424574707751167e-01
1.2148760418185700e-01
1.0000000000000000e+00
3.4744312367837438e-01
1.5549965922837150e-01
1.0644778488913287e-01
1.0000000000000000e+00
3.4096716295897522e-01
1.7549750183825386e-01
1.1805141596832980e-01
1.0000000000000000e+00
3.4096716295897522e-01
3.0566019353573215e-01
9.8974573153645884e-02
1.0000000000000000e+00
3.5701986540078678e-01
3.8126283672754657e-01
9.8974573153645884e-02
1.0000000000000000e+00
3.5701986540078678e-01
4.7651881513302219e-01
1.1664046413043250e-01
1.0000000000000000e+00
3.5466557785838404e-01
2.3323606488411319e-01
1.1664046413043250e-01
1.0000000000000000e+00
3.2707339569896021e-01
3.9715100613539112e-01
1.1881627394595851e-01
1.0000000000000000e+00
3.2565436591829666e-01
3.7188061883789492e-01
9.9606041058541428e-02
1.0000000000000000e+00
3.1399425105627188e-01
1.9492812825483274e-01
1.1070721057021726e-01
1.0000000000000000e+00
2.9391540573413977e-01
1.9795982910436583e-01
1.1656594621726979e-01
1.0000000000000000e+00
3.1700757877405294e-01
2.3377426711958837e-01
1.1376960594916452e-01
1.0000000000000000e+00
3.0954174264769563e-01
7.6245011744322300e-02
1.1523852423542846e-01
1.0000000000000000e+00
3.0954174264769563e-01
4.6991178748430729e-02
1.1555194795491841e-01
1.0000000000000000e+00
3.1637188359599122e-01
4.6991178748430729e-02
9.0928999114657905e-02
1.0000000000000000e+00
3.1637188359599122e-01
2.6486637627822351e-01
1.1791889310243275e-01
1.0000000000000000e+00
2.6357934936385163e-01
2.1122351473313761e-01
9.5391748811925914e-02
1.0000000000000000e+00
2.6757283448677072e-01
1.7773181757074785e-01
1.1124858328967091e-01
1.0000000000000000e+00
2.7845001253734836e-01
2.5386418214184236e-01
1.1113903901114097e-01
1.0000000000000000e+00
2.6773155234258184e-01
3.2273860087734652e-01
9.9520176151236206e-02
1.0000000000000000e+00
3.0085822833206066e-01
3.6340915223699999e-01
9.9520176151236206e-02
1.0000000000000000e+00
3.0085822833206066e-01
5.4945523103815508e-01
1.1235180843195847e-01
1.0000000000000000e+00
3.5609144983317265e-01
3.4110056420904589e-01
1.0039079162797859e-01
1.0000000000000000e+00
2.7504551304008373e-01
3.0203290468198252e-01
1.0878431025466850e-01
1.0000000000000000e+00
2.6776519078265437e-01
5.6725524084758949e-01
9.5179623193507701e-02
1.0000000000000000e+00
2.8754990208398112e-01
5.0036358552169991e-01
1.0975300075060657e-01
1.0000000000000000e+00
3.0221015341084012e-01
7.3188918367377487e-01
1.0584293605334094e-01
1.0000000000000000e+00
3.5063530258338460e-01
7.3188918367377487e-01
1.2014757349661520e-01
1.0000000000000000e+00
3.5063530258338460e-01
5.7871743575087753e-01
1.2014757349661520e-01
1.0000000000000000e+00
3.0065160836528548e-01
5.7871743575087753e-01
1.0768684811464480e-01
1.0000000000000000e+00
3.0369481896485695e-01
5.7871743575087753e-01
8.5285014207875043e-02
1.0000000000000000e+00
2.6647012853499064e-01
5.7871743575087753e-01
9.5585734318410664e-02
1.0000000000000000e+00
2.2028635801251539e-01
3.2749155260971752e-01
9.5585734318410664e-02
1.0000000000000000e+00
2.4193848655994543e-01
3.5652811922482219e-01
9.8329730648947566e-02
1.0000000000000000e+00
2.4678955865527996e-01
2.6047268979600635e-01
1.1150531083385429e-01
1.0000000000000000e+00
2.3892041189100155e-01
3.2832647584727970e-01
1.0084774734841628e-01
1.0000000000000000e+00
2.5978277516986736e-01
4.1235484000644651e-01
9.9693851251322463e-02
1.0000000000000000e+00
2.4544772678490290e-01
4.1235484000644651e-01
9.5224994522686734e-02
1.0000000000000000e+00
2.2285789610322126e-01
3.8874021735391584e-01
1.0176722606101973e-01
1.0000000000000000e+00
2.0775983375932583e-01
4.3220000159344640e-01
1.0176722606101973e-01
1.0000000000000000e+00
2.0775983375932583e-01
6.0640462957671848e-01
1.1707069904932721e-01
1.0000000000000000e+00
2.5688026552523979e-01
6.1660425462177959e-01
1.2293663149157508e-01
1.0000000000000000e+00
2.5688026552523979e-01
6.2854938306263652e-01
1.2144957953987612e-01
1.0000000000000000e+00
2.7637387891735443e-01
6.9774453439167705e-01
1.2144957953987612e-01
1.0000000000000000e+00
2.7416351726714083e-01
6.5394679181627002e-01
1.2144957953987612e-01
1.0000000000000000e+00
2.3656626427981564e-01
6.0639514126232830e-01
1.2358516669755770e-01
1.0000000000000000e+00
2.7917136634204098e-01
6.3827475630096164e-01
1.2358516669755770e-01
1.0000000000000000e+00
2.7102294201466748e-01
5.2269979291013446e-01
1.2469380849197476e-01
1.0000000000000000e+00
2.8569096557765761e-01
4.8577167190960613e-01
1.2469380849197476e-01
1.0000000000000000e+00
2.9985718901042446e-01
5.4482887037447658e-01
1.2961669626802175e-01
1.0000000000000000e+00
1.9558172772411808e-01
5.4482887037447658e-01
1.2855864909633963e-01
1.0000000000000000e+00
1.9558172772411808e-01
5.9061751239351001e-01
1.3107760913826494e-01
1.0000000000000000e+00
1.9558172772411808e-01
7.6771198682836261e-01
1.3032920111127166e-01
1.0000000000000000e+00
1.9558172772411808e-01
6.6519240573397842e-01
1.3144686096038638e-01
1.0000000000000000e+00
2.2326365212683186e-01
9.1206711069098678e-01
1.3144686096038638e-01
1.0000000000000000e+00
2.2326365212683186e-01
7.1443251803866592e-01
1.2780710914794324e-01
1.0000000000000000e+00
2.5819259236340031e-01
7.1443251803866592e-01
1.3496460951555489e-01
1.0000000000000000e+00
2.4145045230869755e-01
5.7183746531954971e-01
1.2644807967863014e-01
1.0000000000000000e+00
2.3882805795182094e-01
5.7183746531954971e-01
1.2644807967863014e-01
1.0000000000000000e+00
2.5087800302316055e-01
8.7606118157855239e-01
1.3286210430360368e-01
1.0000000000000000e+00
3.2809779845882758e-01
7.2184881106368270e-01
1.3053843026555112e-01
1.0000000000000000e+00
2.8598669224192008e-01
7.2402271539322105e-01
1.3053843026555112e-01
1.0000000000000000e+00
2.8259049595106944e-01
6.9311100900522438e-01
1.3053843026555112e-01
1.0000000000000000e+00
3.2816384785581931e-01
6.9311100900522438e-01
1.3099959512746862e-01
1.0000000000000000e+00
3.4400814545114144e-01
6.9428346962085929e-01
1.3855676373041204e-01
1.0000000000000000e+00
3.4592266235739544e-01
6.6788610913208690e-01
1.2810481918550065e-01
1.0000000000000000e+00
3.2725541521102741e-01
6.6788610913208690e-01
1.2810481918550065e-01
1.0000000000000000e+00
3.4626657556981399e-01
6.6232838299474683e-01
1.4131841269827417e-01
1.0000000000000000e+00
2.7227694582433060e-01
6.6232838299474683e-01
1.4334944259881011e-01
1.0000000000000000e+00
2.9299249541253403e-01
6.6232838299474683e-01
1.2313556947319737e-01
1.0000000000000000e+00
3.4996824007720306e-01
5.7970656272373167e-01
1.4720855044706693e-01
1.0000000000000000e+00
3.4996824007720306e-01
6.7896684822044340e-01
1.5375044403172067e-01
1.0000000000000000e+00
2.6386635791749313e-01
6.7896684822044340e-01
1.2907020395196012e-01
1.0000000000000000e+00
2.5235521182656839e-01
6.1802860539755788e-01
1.2907020395196012e-01
1.0000000000000000e+00
2.2751238890231207e-01
6.1207789559266534e-01
1.1214781200087598e-01
1.0000000000000000e+00
2.1286085196078375e-01
5.8859113980433908e-01
1.1381096692330173e-01
1.0000000000000000e+00
2.1100194700301245e-01
6.7491320291883317e-01
1.1381096692330173e-01
1.0000000000000000e+00
2.5300438370794609e-01
7.3030390361673203e-01
1.2985711844212344e-01
1.0000000000000000e+00
2.5300438370794609e-01
6.5356659660465088e-01
1.3360479051752916e-01
1.0000000000000000e+00
2.5230391265830576e-01
5.9790071616298524e-01
1.3294730535981214e-01
1.0000000000000000e+00
2.7531648974871814e-01
7.3810262004262772e-01
1.3294730535981214e-01
1.0000000000000000e+00
2.8963612101978242e-01
7.3810262004262772e-01
1.3211004578315622e-01
1.0000000000000000e+00
3.5467308352707505e-01
7.3810262004262772e-01
1.2372210275188988e-01
1.0000000000000000e+00
3.9289078640757680e-01
8.1029475996620026e-01
1.4015740740851468e-01
1.0000000000000000e+00
3.5556450661277950e-01
8.3011602940387097e-01
1.4015740740851468e-01
1.0000000000000000e+00
4.0228436317300975e-01
8.3011602940387097e-01
1.3854444984153813e-01
1.0000000000000000e+00
3.4574786376214206e-01
7.8342097023851243e-01
1.3854444984153813e-01
1.0000000000000000e+00
2.7718297194695651e-01
7.8342097023851243e-01
1.5141369661123460e-01
1.0000000000000000e+00
2.3127435136592567e-01
8.9261009315378037e-01
1.5141369661123460e-01
1.0000000000000000e+00
2.2361913125968158e-01
8.3521352107054558e-01
1.4382252495543069e-01
1.0000000000000000e+00
2.6152540592482865e-01
7.9141077543026772e-01
1.4382252495543069e-01
1.0000000000000000e+00
2.4328401999554217e-01
8.2283554928726521e-01
1.4382252495543069e-01
1.0000000000000000e+00
2.5783425884327471e-01
7.7919073360390034e-01
1.4382252495543069e-01
1.0000000000000000e+00
2.9588755162438929e-01
7.7919073360390034e-01
1.4142695677273875e-01
1.0000000000000000e+00
3.2613211812457621e-01
7.7919073360390034e-01
1.3689447604392624e-01
1.0000000000000000e+00
2.5813517382374584e-01
8.6510127740330067e-01
1.3689447604392624e-01
1.0000000000000000e+00
3.1597066100692928e-01
7.2758735673851338e-01
1.3529547853668189e-01
1.0000000000000000e+00
3.3171368379152000e-01
7.2758735673851338e-01
1.2737517794867015e-01
1.0000000000000000e+00
3.1599918928003490e-01
7.1533601967967120e-01
1.4450834496219611e-01
1.0000000000000000e+00
3.1599918928003490e-01
7.1533601967967120e-01
1.3906942578305459e-01
1.0000000000000000e+00
3.1599918928003490e-01
6.6975795714533892e-01
1.3520501894217885e-01
1.0000000000000000e+00
3.0567022401845634e-01
9.0980952097452250e-01
1.3520501894217885e-01
1.0000000000000000e+00
2.3568664666271388e-01
9.0980952097452250e-01
1.3520501894217885e-01
1.0000000000000000e+00
2.3568664666271388e-01
7.0923236435628501e-01
1.4047307535347497e-01
1.0000000000000000e+00
2.2224750172352969e-01
8.1362815251923171e-01
1.4047307535347497e-01
1.0000000000000000e+00
1.8156043242669284e-01
8.7901735705672768e-01
1.4047307535347497e-01
1.0000000000000000e+00
2.4665012385702312e-01
8.7901735705672768e-01
1.3089538170297599e-01
1.0000000000000000e+00
2.7700357407337606e-01
8.3748293695389298e-01
1.3089538170297599e-01
1.0000000000000000e+00
2.7700357407337606e-01
9.2189508703886536e-01
1.3089538170297599e-01
1.0000000000000000e+00
2.9780308611697137e-01
7.6066326842992571e-01
1.3089538170297599e-01
1.0000000000000000e+00
2.8348456311977088e-01
7.6553648178814915e-01
1.2233777148921943e-01
1.0000000000000000e+00
3.2158618781721771e-01
6.4612788175581959e-01
1.2586485608753717e-01
1.0000000000000000e+00
3.2843269955372989e-01
6.5937635329901245e-01
1.2586485608753717e-01
1.0000000000000000e+00
2.6295493345713794e-01
6.5937635329901245e-01
1.2586485608753717e-01
1.0000000000000000e+00
2.7175601840025365e-01
6.9670928669511345e-01
1.3466437972656420e-01
1.0000000000000000e+00
2.7175601840025365e-01
7.0344162247492936e-01
1.3373578413720677e-01
1.0000000000000000e+00
2.5207490427891344e-01
7.0344162247492936e-01
1.3968062870535503e-01
1.0000000000000000e+00
1.9887160277465910e-01
5.8345830700709489e-01
1.4666426651510844e-01
1.0000000000000000e+00
2.0837123273412317e-01
5.8345830700709489e-01
1.4666426651510844e-01
1.0000000000000000e+00
2.0848559728364080e-01
5.9984388648881581e-01
1.4051543413061152e-01
1.0000000000000000e+00
2.0848559728364080e-01
6.3013653158559468e-01
1.2872078972268353e-01
1.0000000000000000e+00
2.0848559728364080e-01
6.3013653158559468e-01
1.4371858059585063e-01
1.0000000000000000e+00
2.0767561067367524e-01
7.1425472646369603e-01
1.4371858059585063e-01
1.0000000000000000e+00
2.3415090376983017e-01
6.1541875898255971e-01
1.4823472813859551e-01
1.0000000000000000e+00
2.1737305308232635e-01
7.3077553212060598e-01
1.6000206523731320e-01
1.0000000000000000e+00
1.8093274301389783e-01
6.7659478708519605e-01
1.6048776436637124e-01
1.0000000000000000e+00
1.6844528308610052e-01
6.8647953848703769e-01
1.4496170528273067e-01
1.0000000000000000e+00
2.0118420338729948e-01
5.7019570450647739e-01
1.4496170528273067e-01
1.0000000000000000e+00
1.7469605384866327e-01
6.0369307528599170e-01
1.4496170528273067e-01
1.0000000000000000e+00
1.4876921242574781e-01
6.0484010766667784e-01
1.4496170528273067e-01
1.0000000000000000e+00
1.7843899736652702e-01
5.7240818108839453e-01
1.3809721250127038e-01
1.0000000000000000e+00
1.7843899736652702e-01
5.8709600701404274e-01
1.2726363198871693e-01
1.0000000000000000e+00
1.7843899736652702e-01
6.0259764495713175e-01
1.4536629648919186e-01
1.0000000000000000e+00
2.3193077603826850e-01
6.3136366608960093e-01
1.5369496246839842e-01
1.0000000000000000e+00
1.8412047485361427e-01
6.3136366608960093e-01
1.3635034611488661e-01
1.0000000000000000e+00
1.8412047485361427e-01
6.7595996934396685e-01
1.3729943989583260e-01
1.0000000000000000e+00
2.4108808907220691e-01
7.4354399222356737e-01
1.3729943989583260e-01
1.0000000000000000e+00
2.9666511295835107e-01
7.7246068644744814e-01
1.3729943989583260e-01
1.0000000000000000e+00
3.5137169319676786e-01
7.2424021217448176e-01
1.3729943989583260e-01
1.0000000000000000e+00
3.4727150365250736e-01
8.1273020984081090e-01
1.1075006753944761e-01
1.0000000000000000e+00
2.6479408680933147e-01
7.3685310588625730e-01
1.1075006753944761e-01
1.0000000000000000e+00
2.1790814935701519e-01
8.0531413288263143e-01
1.1069965202896126e-01
1.0000000000000000e+00
2.4406943633692890e-01
7.8950379596499265e-01
1.0412251743091472e-01
1.0000000000000000e+00
2.4238384236122101e-01
7.4509171949175657e-01
1.0412251743091472e-01
1.0000000000000000e+00
2.9318815249024510e-01
7.3596732126025022e-01
1.1005054405959525e-01
1.0000000000000000e+00
2.7895219030796170e-01
7.9674301849154294e-01
1.1005054405959525e-01
1.0000000000000000e+00
2.7895219030796170e-01
7.5244848237780393e-01
1.1124097768752106e-01
1.0000000000000000e+00
2.7895219030796170e-01
7.5416589987871707e-01
1.0153722973027468e-01
1.0000000000000000e+00
2.7895219030796170e-01
7.0095133868453563e-01
1.2099273200565219e-01
1.0000000000000000e+00
2.7053644659935117e-01
7.1799831179378093e-01
1.1227206117891908e-01
1.0000000000000000e+00
2.2992459533742249e-01
6.8148577509855390e-01
1.2351490906858087e-01
1.0000000000000000e+00
2.9026687180629551e-01
7.1131400874292017e-01
9.8653699974056486e-02
1.0000000000000000e+00
3.0316203681758225e-01
7.1131400874292017e-01
8.5643855626221899e-02
1.0000000000000000e+00
3.4929594945168674e-01
7.1131400874292017e-01
9.8041432681020502e-02
1.0000000000000000e+00
3.9335664909339130e-01
7.1131400874292017e-01
9.7838193822644803e-02
1.0000000000000000e+00
4.1046682734048545e-01
7.1526776783575774e-01
7.9078196261070821e-02
1.0000000000000000e+00
4.1930517543113410e-01
7.1324078010802627e-01
7.9078196261070821e-02
1.0000000000000000e+00
4.1930517543113410e-01
6.9010771083121658e-01
8.5549493033431623e-02
1.0000000000000000e+00
4.2303158611065328e-01
6.9881752895598770e-01
8.7176868055939827e-02
1.0000000000000000e+00
3.7148547440773427e-01
5.8774168061499954e-01
8.7176868055939827e-02
1.0000000000000000e+00
3.4419794555759609e-01
5.8774168061499954e-01
8.7176868055939827e-02
1.0000000000000000e+00
3.4419794555759609e-01
4.1976036148553253e-01
8.2284109030842933e-02
1.0000000000000000e+00
3.6503408477182120e-01
4.3420638068055273e-01
8.4149326027363691e-02
1.0000000000000000e+00
3.7114546820993155e-01
8.8364605529641271e-01
8.4149326027363691e-02
1.0000000000000000e+00
3.6779785273137122e-01
9.0537402027694047e-01
8.4149326027363691e-02
1.0000000000000000e+00
3.1568784011068374e-01
9.0537402027694047e-01
7.0243924263741042e-02
1.0000000000000000e+00
2.4808156514080792e-01
9.4104997807589830e-01
7.1170557629193332e-02
1.0000000000000000e+00
2.8650667914661199e-01
9.7067820460943044e-01
7.5365413319195773e-02
1.0000000000000000e+00
3.0489428737672597e-01
9.3182242096809209e-01
4.5267194615553286e-02
1.0000000000000000e+00
2.8469432099262804e-01
9.3182242096809209e-01
5.3738700331996347e-02
1.0000000000000000e+00
3.0851247674326032e-01
8.7833121878502429e-01
5.3738700331996347e-02
1.0000000000000000e+00
3.4544837987522214e-01
8.8194608309713662e-01
6.9569937059532072e-02
1.0000000000000000e+00
3.6897062277893156e-01
9.6124611230043233e-01
8.0067299412439730e-02
1.0000000000000000e+00
3.4185104957322210e-01
8.7897561670688451e-01
8.0067299412439730e-02
1.0000000000000000e+00
3.5397011181811422e-01
8.7897561670688451e-01
6.4468892397235300e-02
1.0000000000000000e+00
3.8978655869613021e-01
8.7897561670688451e-01
6.4468892397235300e-02
1.0000000000000000e+00
3.8978655869613021e-01
9.8372305364755452e-01
3.9623776091138985e-02
1.0000000000000000e+00
4.4697137224028438e-01
9.8372305364755452e-01
3.5749164050321247e-02
1.0000000000000000e+00
4.3831363739917606e-01
9.6646629454044164e-01
6.2060297572861578e-02
1.0000000000000000e+00
4.1415469954262107e-01
9.6646629454044164e-01
8.7536573516081240e-02
1.0000000000000000e+00
4.4237571629236072e-01
8.7958747328666509e-01
7.2232611117760803e-02
1.0000000000000000e+00
4.4237571629236072e-01
8.9372998376784385e-01
6.8623052783186700e-02
1.0000000000000000e+00
4.1807269538293212e-01
9.5535492355411411e-01
6.8001258060212399e-02
1.0000000000000000e+00
4.4338351721415847e-01
9.5535492355411411e-01
6.8001258060212399e-02
1.0000000000000000e+00
4.4338351721415847e-01
9.1685684787516952e-01
8.5863300472374227e-02
1.0000000000000000e+00
3.8134709978947967e-01
9.1685684787516952e-01
8.5863300472374227e-02
1.0000000000000000e+00
3.8134709978947967e-01
9.7801018895988823e-01
8.2922391466672685e-02
1.0000000000000000e+00
3.6014197068760723e-01
8.9696463587170006e-01
8.8862746361519362e-02
1.0000000000000000e+00
3.6014197068760723e-01
7.8552203270082832e-01
7.8284165229524638e-02
1.0000000000000000e+00
3.0514211999724239e-01
7.8552203270082832e-01
1.4120948374147679e-02
1.0000000000000000e+00
2.7047634963417977e-01
6.8630793335323692e-01
5.7059227152421732e-03
1.0000000000000000e+00
2.7047634963417977e-01
5.7734719960426450e-01
5.0501961855843325e-03
1.0000000000000000e+00
2.7047634963417977e-01
5.7266511878406168e-01
2.7477706655736234e-02
1.0000000000000000e+00
3.8130378816748589e-01
3.2507102488016248e-01
7.6306488959744234e-03
1.0000000000000000e+00
2.6026408095384568e-01
2.2319999494066001e-01
7.6306488959744234e-03
1.0000000000000000e+00
2.9782212200115055e-01
4.8180028953065634e-01
7.6306488959744234e-03
1.0000000000000000e+00
2.8595368797431320e-01
4.9428121902456046e-01
2.7227976232643392e-02
1.0000000000000000e+00
3.4314600239048332e-01
4.8157958656956912e-01
1.5532224312300946e-02
1.0000000000000000e+00
3.2744763931731313e-01
5.2164293796231509e-01
2.8327718250329759e-02
1.0000000000000000e+00
3.4590139566461175e-01
4.6116456080635548e-01
3.3454378474380042e-02
1.0000000000000000e+00
3.4124398744205564e-01
4.1187074471672536e-01
3.1922612212474610e-02
1.0000000000000000e+00
2.8455188411061272e-01
4.1187074471672536e-01
4.9073615915949609e-02
1.0000000000000000e+00
2.8455188411061272e-01
8.2054717529972554e-01
6.7040452606852319e-02
1.0000000000000000e+00
2.8090285003889903e-01
8.2054717529972554e-01
9.0033766686792638e-02
1.0000000000000000e+00
2.8090285003889903e-01
3.1501708615978719e-01
8.8763449214275147e-02
1.0000000000000000e+00
3.1984678371117070e-01
3.1501708615978719e-01
7.7017220774541761e-02
1.0000000000000000e+00
3.5683044133946851e-01
3.1501708615978719e-01
6.1715764099608328e-02
1.0000000000000000e+00
2.8478844831005290e-01
1.9011678424139977e-01
7.0669094206641581e-02
1.0000000000000000e+00
2.8589718783513263e-01
2.8540453579626091e-02
7.9570275837431814e-02
1.0000000000000000e+00
2.9320263484731868e-01
-5.8243007693090432e-02
8.1185292675036158e-02
1.0000000000000000e+00
3.3496612491325095e-01
-3.6025812212028496e-02
8.1185292675036158e-02
1.0000000000000000e+00
3.3235981426440731e-01
-6.9160678569459844e-03
8.8451836247804727e-02
1.0000000000000000e+00
3.0307618639670864e-01
-6.9160678569459844e-03
6.1635437411132421e-02
1.0000000000000000e+00
2.7444119216414720e-01
4.5305558186373718e-02
6.1635437411132421e-02
1.0000000000000000e+00
3.3822088211780965e-01
2.4492699157854081e-01
6.1635437411132421e-02
1.0000000000000000e+00
3.3822088211780965e-01
8.9930358048877723e-02
6.4984599583658542e-02
1.0000000000000000e+00
3.0377642706042707e-01
1.6275694471260072e-01
6.9736184541943635e-02
1.0000000000000000e+00
3.1043062627321660e-01
2.9832349548523784e-01
7.2016817507210340e-02
1.0000000000000000e+00
3.3913998015231073e-01
5.2739207277481914e-01
8.6844952766659822e-02
1.0000000000000000e+00
2.9187432851648509e-01
2.3809699545090557e-01
8.6844952766659822e-02
1.0000000000000000e+00
3.0237680196768224e-01
2.7758308796619535e-01
9.9322426122489538e-02
1.0000000000000000e+00
3.0984722997999370e-01
3.3079221768712164e-01
1.1920065571448502e-01
1.0000000000000000e+00
3.0984722997999370e-01
1.1313605232571722e-01
8.1087096118244495e-02
1.0000000000000000e+00
2.9295101005590141e-01
3.2733341230486990e-01
8.7905112410771813e-02
1.0000000000000000e+00
3.9378846053040206e-01
2.0299208088254095e-01
6.9265423099386658e-02
1.0000000000000000e+00
4.3761570554232776e-01
3.2664132042264105e-01
8.2887790853965249e-02
1.0000000000000000e+00
3.8224567648029506e-01
1.5420597715710760e-01
7.3961822072851624e-02
1.0000000000000000e+00
3.8224567648029506e-01
1.1893660871719480e-01
7.2067779245662655e-02
1.0000000000000000e+00
3.7991419330245435e-01
1.1893660871719480e-01
6.6736015480819311e-02
1.0000000000000000e+00
3.4203336283570707e-01
4.4640472013270927e-03
6.6736015480819311e-02
1.0000000000000000e+00
3.8748234778648794e-01
1.0178214794432283e-01
1.0701057034439143e-01
1.0000000000000000e+00
3.8004296960315287e-01
1.6685629373823763e-01
9.3373440195682611e-02
1.0000000000000000e+00
3.7711962068459570e-01
1.1152269429003359e-01
1.0315780270739194e-01
1.0000000000000000e+00
3.1893915066501677e-01
1.1152269429003359e-01
1.2075977096228596e-01
1.0000000000000000e+00
3.6177004257223189e-01
1.2098929210042120e-01
1.1327542386843559e-01
1.0000000000000000e+00
3.0239304935565769e-01
3.2607923372124792e-01
1.1562022309644815e-01
1.0000000000000000e+00
3.0239304935565769e-01
3.0148906184767843e-01
1.1562022309644815e-01
1.0000000000000000e+00
3.0239304935565769e-01
3.3233940991049171e-01
1.0213987691222426e-01
1.0000000000000000e+00
3.0239304935565769e-01
1.9425249489431740e-01
7.9182641337501969e-02
1.0000000000000000e+00
3.2516480831435501e-01
4.3436099978571296e-01
7.9182641337501969e-02
1.0000000000000000e+00
2.8946935886523306e-01
3.9392932149057747e-01
8.4330486821818318e-02
1.0000000000000000e+00
3.2430436439352661e-01
4.8301510343735576e-01
9.2531075457918610e-02
1.0000000000000000e+00
3.6158271297352940e-01
4.8301510343735576e-01
8.4216067324268784e-02
1.0000000000000000e+00
3.5532698012428909e-01
3.8256175274436832e-01
9.2177595700013604e-02
1.0000000000000000e+00
3.6482825386809736e-01
6.2687605077808262e-01
9.2177595700013604e-02
1.0000000000000000e+00
3.3963247086393267e-01
5.0708422268216968e-01
9.3062792719683762e-02
1.0000000000000000e+00
3.1755391951190859e-01
5.3034758957510353e-01
9.9644281716427918e-02
1.0000000000000000e+00
3.3450029301928907e-01
3.2983763160591484e-01
9.9644281716427918e-02
1.0000000000000000e+00
3.2178894314455420e-01
2.0836982800101400e-01
9.9644281716427918e-02
1.0000000000000000e+00
3.1589033292146951e-01
1.2863968236779333e-01
8.3222999052486535e-02
1.0000000000000000e+00
3.3522211225243836e-01
2.4034818185900808e-01
7.0847911342389103e-02
1.0000000000000000e+00
3.2300069020601541e-01
3.1849946005677343e-01
3.3785791649825092e-02
1.0000000000000000e+00
2.8317907476338178e-01
3.1849946005677343e-01
1.3527582913047786e-02
1.0000000000000000e+00
3.1461938308092385e-01
3.1849946005677343e-01
3.7595633930868622e-02
1.0000000000000000e+00
3.3025232819380790e-01
2.4180773197149397e-01
6.1849561102098938e-02
1.0000000000000000e+00
2.6852371381136209e-01
9.3246477827779062e-02
6.1849561102098938e-02
1.0000000000000000e+00
2.6852371381136209e-01
-7.8440320506342642e-02
3.6403773866004463e-02
1.0000000000000000e+00
2.6151565392973453e-01
-1.0478033387626051e-01
2.2392401985234733e-02
1.0000000000000000e+00
3.0662867159588814e-01
-1.0478033387626051e-01
6.7201199523515220e-02
1.0000000000000000e+00
2.9681618989451408e-01
-1.0601325083116531e-01
6.1466327217749472e-02
1.0000000000000000e+00
2.8622295253916263e-01
-3.5551932934322350e-02
4.8236858263953741e-02
1.0000000000000000e+00
2.9888020374818325e-01
-3.8823006797174453e-01
4.8236858263953741e-02
1.0000000000000000e+00
2.7630207979126453e-01
-4.8054705030808686e-01
4.7676882696214284e-02
1.0000000000000000e+00
2.5315677293582439e-01
-3.5480361647496461e-01
6.1434157182338800e-02
1.0000000000000000e+00
2.5315677293582439e-01
-3.5480361647496461e-01
4.5242732846054401e-02
1.0000000000000000e+00
3.2383464940829754e-01
-1.5569572366366624e-01
6.4995909565004673e-02
1.0000000000000000e+00
3.3888914261950731e-01
-1.2070647097716569e-01
7.3207604222807254e-02
1.0000000000000000e+00
3.5417043988599062e-01
-6.9286989342072003e-02
7.3207604222807254e-02
1.0000000000000000e+00
3.9714465861214876e-01
-8.0025726376333761e-03
7.3207604222807254e-02
1.0000000000000000e+00
3.7924995564861774e-01
1.1603478397592015e-02
6.7261978973510828e-02
1.0000000000000000e+00
3.6948256486101627e-01
5.8250967468484349e-02
5.6490142819347944e-02
1.0000000000000000e+00
3.9266670414252758e-01
6.4619075562222905e-02
4.0581797239246931e-02
1.0000000000000000e+00
3.9266670414252758e-01
6.7000248524709649e-02
5.9622880061033334e-02
1.0000000000000000e+00
4.2287407361908436e-01
2.0506074378208727e-01
5.7665537857792493e-02
1.0000000000000000e+00
4.2186992685782343e-01
-6.3743795212940269e-02
5.7664918054717851e-02
1.0000000000000000e+00
4.2186992685782343e-01
8.7572383316001368e-03
4.1964020503576172e-02
1.0000000000000000e+00
4.6162104350986510e-01
1.8503621691779704e-01
1.8103382473702800e-02
1.0000000000000000e+00
4.2696989817085296e-01
-2.2177989309711843e-01
1.8007464099275672e-02
1.0000000000000000e+00
3.8490200159611732e-01
-1.6839433735294729e-01
4.7205779093849265e-02
1.0000000000000000e+00
3.7536451430531770e-01
1.2152025574760050e-01
6.9852897289740645e-02
1.0000000000000000e+00
3.7536451430531770e-01
4.2679223889426798e-01
4.9369023039537274e-02
1.0000000000000000e+00
3.5867407010408670e-01
2.1168475874292203e-01
5.5222284838157498e-02
1.0000000000000000e+00
3.5498082079465121e-01
1.6196843140351125e-01
2.1537309865300336e-02
1.0000000000000000e+00
3.5498082079465121e-01
-1.1486055984569243e-01
3.3332662078385034e-02
1.0000000000000000e+00
3.1523145922000140e-01
-5.9353868509060659e-02
2.5669166239742913e-02
1.0000000000000000e+00
3.1523145922000140e-01
-1.2312423347902945e-01
1.7862987591718116e-02
1.0000000000000000e+00
2.4176147021825045e-01
-3.7180474991328039e-02
1.6889694033955016e-02
1.0000000000000000e+00
2.3725768924231261e-01
-1.1674968808365516e-01
3.5393406524156013e-02
1.0000000000000000e+00
2.6518122479791373e-01
3.1102859383099757e-02
3.9988307635132947e-02
1.0000000000000000e+00
2.2640480567241639e-01
-3.1559481317526616e-02
3.9988307635132947e-02
1.0000000000000000e+00
1.7723564897204369e-01
-3.1559481317526616e-02
3.9988307635132947e-02
1.0000000000000000e+00
1.7920080014044970e-01
-1.1486551113193411e-03
3.8281868681144693e-02
1.0000000000000000e+00
1.7920080014044970e-01
-1.2376869193685702e-01
7.3722545526754835e-02
1.0000000000000000e+00
2.1769834124023646e-01
-2.7757185793889216e-01
7.3722545526754835e-02
1.0000000000000000e+00
2.4170114682527810e-01
-4.5672328243381299e-02
7.9424200117421129e-02
1.0000000000000000e+00
2.8749673651071816e-01
-1.4438424355757884e-01
6.9189894482326486e-02
1.0000000000000000e+00
3.3020276041241914e-01
-2.8939654774439982e-01
5.5214937314224222e-02
1.0000000000000000e+00
2.7312158584135204e-01
-4.8631829119694880e-01
6.0098891615700700e-02
1.0000000000000000e+00
2.2788440972107082e-01
-3.9170305527222804e-01
6.0098891615700700e-02
1.0000000000000000e+00
3.1152621633845001e-01
-5.8418326455575875e-01
6.0098891615700700e-02
1.0000000000000000e+00
2.7871529362636238e-01
-4.6406216736359052e-01
4.0902776181530931e-02
1.0000000000000000e+00
2.7871529362636238e-01
-4.6406216736359052e-01
3.5245837647300937e-02
1.0000000000000000e+00
2.7871529362636238e-01
-2.9831452484650067e-01
2.5469252959658184e-02
1.0000000000000000e+00
3.3681965223985344e-01
-4.2160473795956888e-02
2.5469252959658184e-02
1.0000000000000000e+00
3.3681965223985344e-01
-4.7644906494242600e-01
2.5469252959658184e-02
1.0000000000000000e+00
3.7427947088616520e-01
2.4167060820036612e-02
3.1455657099206724e-02
1.0000000000000000e+00
3.1384984287905127e-01
-3.6347357588238038e-02
3.2874042986725249e-02
1.0000000000000000e+00
3.1384984287905127e-01
1.7260125462489673e-01
4.2773379831407943e-02
1.0000000000000000e+00
3.0849066912668377e-01
4.0075941566901752e-01
5.9284963532184043e-02
1.0000000000000000e+00
3.1009374897001862e-01
3.8125235630723187e-01
5.4826720504854598e-02
1.0000000000000000e+00
3.4379621420993089e-01
3.8125235630723187e-01
7.4053133259360471e-02
1.0000000000000000e+00
3.4379621420993089e-01
3.0658887090685316e-01
6.6086464972534009e-02
1.0000000000000000e+00
2.8894552833406806e-01
5.3635296734573790e-01
6.6086464972534009e-02
1.0000000000000000e+00
2.6814220531849742e-01
5.9849677743914076e-01
5.5452810545750686e-02
1.0000000000000000e+00
2.1329944639472842e-01
6.3388909163477369e-01
6.5519017112740108e-02
1.0000000000000000e+00
2.0678544429136991e-01
5.3998657824995466e-01
9.4255520907529422e-02
1.0000000000000000e+00
2.0678544429136991e-01
5.7544491762819239e-01
9.3998793516141155e-02
1.0000000000000000e+00
2.0678544429136991e-01
6.5140634352865168e-01
9.0986432278361895e-02
1.0000000000000000e+00
2.0678544429136991e-01
5.0237439895572611e-01
8.0158960310575345e-02
1.0000000000000000e+00
2.0678544429136991e-01
4.0635512346925684e-01
8.0158960310575345e-02
1.0000000000000000e+00
1.5641562280251264e-01
4.0115676118584820e-01
8.0158960310575345e-02
1.0000000000000000e+00
2.3010929872287988e-01
5.7054333432170101e-01
9.1563950529155114e-02
1.0000000000000000e+00
2.4441039108677387e-01
6.9671935817750641e-01
7.8952831918206789e-02
1.0000000000000000e+00
2.7335295931442261e-01
7.6552224388869949e-01
9.4121671052482703e-02
1.0000000000000000e+00
3.4670530364854812e-01
5.6893584361823746e-01
9.4121671052482703e-02
1.0000000000000000e+00
3.6929775134666443e-01
5.6893584361823746e-01
9.2556455408987381e-02
1.0000000000000000e+00
3.8655043847865045e-01
5.6893584361823746e-01
9.2556455408987381e-02
1.0000000000000000e+00
3.8550537790177941e-01
5.6893584361823746e-01
8.5458631863650658e-02
1.0000000000000000e+00
4.0978681028826713e-01
5.6893584361823746e-01
8.4586674351078250e-02
1.0000000000000000e+00
3.6488987145020246e-01
5.6893584361823746e-01
7.0267770210114100e-02
1.0000000000000000e+00
3.0366916221572637e-01
7.0911308607610413e-01
7.0267770210114100e-02
1.0000000000000000e+00
3.2259824884130239e-01
6.8340586448612162e-01
7.0267770210114100e-02
1.0000000000000000e+00
3.2259824884130239e-01
5.4611027563514658e-01
7.1578224891629794e-02
1.0000000000000000e+00
2.9927501653327226e-01
4.1238700548710772e-01
5.9581533776429274e-02
1.0000000000000000e+00
3.6826774303807497e-01
5.8178082803788134e-01
8.4210075208750346e-02
1.0000000000000000e+00
3.6442895129329145e-01
6.7078704150917479e-01
8.4210075208750346e-02
1.0000000000000000e+00
3.7491325464105785e-01
8.5713020476105162e-01
9.5118148954418280e-02
1.0000000000000000e+00
3.5560882639146030e-01
7.3543584483268210e-01
1.0523878108134566e-01
1.0000000000000000e+00
2.8585175227379978e-01
8.0042259531619497e-01
1.0523878108134566e-01
1.0000000000000000e+00
2.9213521897798955e-01
8.7453707444074102e-01
9.7395702035930731e-02
1.0000000000000000e+00
3.4373762354260862e-01
8.7453707444074102e-01
9.7137891050726899e-02
1.0000000000000000e+00
2.5404189050203740e-01
9.2148514600994536e-01
7.6009294312746056e-02
1.0000000000000000e+00
2.5008447829640090e-01
9.2148514600994536e-01
8.7101891931445130e-02
1.0000000000000000e+00
2.2506696905946910e-01
8.9753028514387556e-01
4.0817682460249194e-02
1.0000000000000000e+00
2.5214197102940261e-01
8.9753028514387556e-01
5.4102169178725013e-02
1.0000000000000000e+00
3.1296765048062980e-01
9.8854990067484327e-01
5.3470858550929257e-02
1.0000000000000000e+00
3.4172081004834354e-01
9.8854990067484327e-01
4.3012407786511608e-02
1.0000000000000000e+00
3.6826362542814195e-01
9.0983411433699080e-01
4.3012407786511608e-02
1.0000000000000000e+00
3.2705524459487378e-01
9.7721338036062666e-01
3.2147919006013104e-02
1.0000000000000000e+00
2.9550490144646346e-01
9.7721338036062666e-01
3.2744408763312527e-02
1.0000000000000000e+00
2.8284339968121230e-01
8.1154362435045191e-01
4.1791801519059368e-02
1.0000000000000000e+00
2.5166485796688676e-01
9.6890244955720850e-01
4.1791801519059368e-02
1.0000000000000000e+00
3.6351575295446992e-01
9.6890244955720850e-01
4.1791801519059368e-02
1.0000000000000000e+00
3.7628960109321952e-01
9.6890244955720850e-01
4.4734547558539339e-02
1.0000000000000000e+00
3.7628960109321952e-01
9.6890244955720850e-01
9.2648600147299254e-03
1.0000000000000000e+00
4.2378233618109107e-01
9.6890244955720850e-01
3.5651667687409350e-02
1.0000000000000000e+00
4.1920873395173430e-01
9.6890244955720850e-01
1.9921754199378916e-02
1.0000000000000000e+00
4.4212201203225732e-01
9.6890244955720850e-01
9.5635016367964232e-03
1.0000000000000000e+00
4.8063042725442529e-01
9.8570813933911272e-01
5.5656262592606032e-03
1.0000000000000000e+00
4.8063042725442529e-01
9.8570813933911272e-01
2.0459826748185583e-02
1.0000000000000000e+00
4.6352215449331879e-01
9.8144509686680981e-01
1.6169696464123695e-02
1.0000000000000000e+00
4.6352215449331879e-01
9.1134394003602215e-01
2.8179654617929151e-03
1.0000000000000000e+00
4.6352215449331879e-01
9.4680057509394833e-01
2.6614388101654618e-02
1.0000000000000000e+00
4.2248953099368691e-01
9.9544834016414829e-01
1.2870916747408478e-02
1.0000000000000000e+00
3.6116986687301278e-01
8.6839253126236149e-01
3.7794079282241433e-02
1.0000000000000000e+00
3.5539783875464082e-01
8.7917361079307743e-01
3.7794079282241433e-02
1.0000000000000000e+00
3.3653008158324837e-01
7.4167815371474721e-01
3.7794079282241433e-02
1.0000000000000000e+00
3.2588710298767865e-01
4.2725968881568410e-01
2.3592634824239900e-03
1.0000000000000000e+00
3.3449930453679144e-01
4.0642316787561872e-01
1.0115624056118100e-02
1.0000000000000000e+00
3.3449930453679144e-01
4.4234457015118100e-01
5.8060731970840385e-03
1.0000000000000000e+00
3.3895171562215864e-01
5.4525792746862867e-01
2.5883775786417096e-02
1.0000000000000000e+00
2.6346945891162932e-01
5.9564017280063131e-01
2.5883775786417096e-02
1.0000000000000000e+00
3.1191290484747469e-01
5.0384090616425969e-01
2.2255667601632445e-02
1.0000000000000000e+00
3.0604041822260797e-01
4.3034966810664632e-01
1.4714016229765980e-02
1.0000000000000000e+00
2.9419344279921233e-01
4.5532576887926557e-01
4.4796395697551339e-02
1.0000000000000000e+00
2.8749490518129051e-01
4.4341434686502912e-01
4.1862130048605173e-02
1.0000000000000000e+00
2.6153591077780902e-01
4.0806903093180158e-01
4.1862130048605173e-02
1.0000000000000000e+00
2.4620337400591552e-01
4.0806903093180158e-01
5.7384590268986790e-02
1.0000000000000000e+00
2.3824708059436261e-01
4.1281504751241305e-01
5.1430784747856229e-02
1.0000000000000000e+00
2.2355523042386949e-01
3.9897550837195017e-01
5.1430784747856229e-02
1.0000000000000000e+00
1.9114855805418074e-01
5.3974886433279612e-01
7.1926350588830679e-02
1.0000000000000000e+00
1.9114855805418074e-01
4.6206620355660566e-01
8.7006729911001890e-02
1.0000000000000000e+00
1.9906479993841231e-01
8.9200579534808644e-01
9.2779986909511059e-02
1.0000000000000000e+00
1.9906479993841231e-01
8.9200579534808644e-01
7.8220887458803623e-02
1.0000000000000000e+00
2.2995096294215500e-01
8.9200579534808644e-01
6.7612531012775867e-02
1.0000000000000000e+00
2.6573624311021149e-01
7.7265665839950093e-01
7.1547177503737180e-02
1.0000000000000000e+00
2.5391011441132605e-01
6.4355235334078320e-01
7.2819136781538396e-02
1.0000000000000000e+00
2.4401651823899329e-01
5.6577047492901333e-01
7.2819136781538396e-02
1.0000000000000000e+00
2.4401651823899329e-01
9.2179213344643363e-01
7.5088125420654683e-02
1.0000000000000000e+00
2.2627760412177622e-01
9.2179213344643363e-01
6.5902933245445161e-02
1.0000000000000000e+00
2.2049277544027746e-01
8.5149033248017081e-01
7.8239967347974448e-02
1.0000000000000000e+00
2.4735198345041454e-01
8.2849363118002661e-01
7.8404971165502935e-02
1.0000000000000000e+00
2.4735198345041454e-01
5.5945157885144003e-01
8.1018908647740751e-02
1.0000000000000000e+00
2.1311473916756540e-01
3.8776893794129141e-01
8.0397960438779115e-02
1.0000000000000000e+00
2.0959680155391425e-01
5.6728587179968604e-01
8.0397960438779115e-02
1.0000000000000000e+00
2.2800362157175869e-01
5.1123837634513625e-01
7.8489924024245261e-02
1.0000000000000000e+00
2.6581955748150676e-01
5.8568522587011107e-01
8.6658431391617774e-02
1.0000000000000000e+00
3.3127142535994381e-01
6.3987496748159178e-01
5.2018361544389768e-02
1.0000000000000000e+00
3.3022431890020698e-01
6.2053961373458155e-01
4.5579287718203410e-02
1.0000000000000000e+00
3.4790128143976062e-01
4.0211745418200739e-01
4.5579287718203410e-02
1.0000000000000000e+00
3.3562590228865474e-01
4.0211745418200739e-01
5.7074283278700455e-02
1.0000000000000000e+00
2.9712820286403030e-01
4.0211745418200739e-01
3.7626151024517163e-02
1.0000000000000000e+00
2.8598399786750406e-01
6.1827840722689875e-01
4.1866866900738819e-02
1.0000000000000000e+00
2.6997599890927404e-01
6.1827840722689875e-01
4.9586648616161688e-02
1.0000000000000000e+00
2.9772817902738780e-01
6.2005354868306317e-01
4.9586648616161688e-02
1.0000000000000000e+00
2.7472443972254723e-01
4.4751860605611005e-01
5.6219786900248869e-02
1.0000000000000000e+00
2.5969061162794560e-01
4.4751860605611005e-01
9.0230602334406718e-02
1.0000000000000000e+00
2.5969061162794560e-01
5.5767099940276244e-01
9.0590956358857944e-02
1.0000000000000000e+00
2.8219636064494580e-01
6.0146908843016722e-01
9.0590956358857944e-02
1.0000000000000000e+00
2.8393156175042122e-01
6.8222622209286787e-01
9.0093747916318967e-02
1.0000000000000000e+00
3.3232954703743189e-01
8.4588512227928736e-01
1.1550756284842689e-01
1.0000000000000000e+00
3.8352302462334364e-01
8.1364298434054949e-01
1.1550756284842689e-01
1.0000000000000000e+00
3.9269861393148631e-01
8.1364298434054949e-01
1.1623329317072828e-01
1.0000000000000000e+00
3.9269861393148631e-01
8.1364298434054949e-01
1.1047080179552038e-01
1.0000000000000000e+00
3.6326219555229500e-01
7.7379661620652773e-01
1.1047080179552038e-01
1.0000000000000000e+00
2.9668369930476501e-01
9.0291276396310427e-01
9.7555531392492845e-02
1.0000000000000000e+00
3.1215698592603758e-01
9.0291276396310427e-01
1.0040338078389366e-01
1.0000000000000000e+00
3.7121445261180952e-01
9.9355066389834978e-01
1.1504433045039375e-01
1.0000000000000000e+00
3.6988300952833697e-01
8.6239947759604552e-01
1.1504433045039375e-01
1.0000000000000000e+00
3.6988300952833697e-01
9.5511967324709990e-01
1.1160352346624902e-01
1.0000000000000000e+00
3.5668745200854346e-01
9.7970161036646464e-01
1.1446981630425623e-01
1.0000000000000000e+00
3.6502990994375750e-01
9.0048919067776301e-01
1.1102377073976866e-01
1.0000000000000000e+00
3.4689007822197482e-01
9.7949584209418394e-01
1.1102377073976866e-01
1.0000000000000000e+00
3.2145495276671454e-01
9.7949584209418394e-01
1.1102377073976866e-01
1.0000000000000000e+00
3.2145495276671454e-01
8.9739221715426543e-01
1.1102377073976866e-01
1.0000000000000000e+00
3.1139858841669366e-01
8.9739221715426543e-01
1.0053905481610170e-01
1.0000000000000000e+00
2.8155179520143747e-01
9.3084911637997725e-01
1.2188522713396421e-01
1.0000000000000000e+00
3.2319024869246959e-01
9.9735741698241331e-01
1.1042201423689446e-01
1.0000000000000000e+00
2.5119340711279392e-01
9.9735741698241331e-01
1.0426558039754352e-01
1.0000000000000000e+00
2.2579970874829769e-01
9.5133257293200590e-01
1.0881861995577535e-01
1.0000000000000000e+00
2.2815539630136072e-01
9.1455266167467930e-01
1.1965816326111278e-01
1.0000000000000000e+00
2.1747342811903536e-01
8.6683957939094403e-01
1.1965816326111278e-01
1.0000000000000000e+00
2.1747342811903536e-01
8.6683957939094403e-01
1.1817307942684463e-01
1.0000000000000000e+00
2.2584659175953448e-01
8.6683957939094403e-01
1.1327895182322434e-01
1.0000000000000000e+00
1.9283199252566874e-01
9.4579217498248913e-01
1.2191061615150145e-01
1.0000000000000000e+00
1.8244676886132538e-01
9.1589163345342972e-01
1.0753783430110386e-01
1.0000000000000000e+00
1.8244676886132538e-01
9.3024499350285628e-01
1.0254546892966798e-01
1.0000000000000000e+00
1.9339029153815090e-01
8.7424075984454253e-01
1.0454009412925414e-01
1.0000000000000000e+00
1.0906346550217449e-01
8.2962764808034994e-01
1.0454009412925414e-01
1.0000000000000000e+00
1.2460911681881726e-01
8.2962764808034994e-01
1.1364101278733185e-01
1.0000000000000000e+00
1.4798749133950651e-01
8.2962764808034994e-01
1.0267755189116767e-01
1.0000000000000000e+00
1.5423234773805916e-01
8.2962764808034994e-01
9.4379292662699732e-02
1.0000000000000000e+00
2.0971482468775093e-01
7.9303653174138167e-01
9.4379292662699732e-02
1.0000000000000000e+00
1.9328513590625107e-01
6.8449229382968046e-01
7.7420960973461184e-02
1.0000000000000000e+00
1.7128761706879914e-01
6.7769321435189345e-01
7.4069552450885090e-02
1.0000000000000000e+00
1.7565617047256410e-01
7.2981242471432783e-01
8.4950745433081898e-02
1.0000000000000000e+00
2.2007376782602250e-01
9.3662407630181410e-01
8.4950745433081898e-02
1.0000000000000000e+00
2.4821031478239775e-01
8.9587225028371908e-01
8.4950745433081898e-02
1.0000000000000000e+00
2.6412426692439794e-01
8.5830356934166052e-01
7.3813866219927582e-02
1.0000000000000000e+00
3.2911400788469791e-01
8.5830356934166052e-01
1.0753437816302946e-01
1.0000000000000000e+00
3.2911400788469791e-01
8.8975353919959166e-01
1.1888758870910576e-01
1.0000000000000000e+00
2.7309712314053058e-01
8.8975353919959166e-01
1.2213262855212859e-01
1.0000000000000000e+00
2.5461130694492340e-01
8.8975353919959166e-01
1.0917040575433246e-01
1.0000000000000000e+00
3.0993885279639244e-01
8.6049738534784415e-01
1.0917040575433246e-01
1.0000000000000000e+00
3.0993885279639244e-01
7.5618933149671652e-01
8.2241952048127565e-02
1.0000000000000000e+00
2.9290568235336423e-01
7.5618933149671652e-01
7.9489697331075582e-02
1.0000000000000000e+00
3.1071947853087067e-01
7.8513005198037722e-01
7.9489697331075582e-02
1.0000000000000000e+00
3.1071947853087067e-01
9.3204121113813021e-01
9.7502736702074322e-02
1.0000000000000000e+00
2.6095417759387374e-01
8.0291677833592989e-01
9.7502736702074322e-02
1.0000000000000000e+00
2.6095417759387374e-01
8.0291677833592989e-01
9.5882527217247548e-02
1.0000000000000000e+00
2.3335579096345782e-01
7.9188626361137726e-01
7.2695823073365751e-02
1.0000000000000000e+00
2.7093492879538417e-01
7.0341936600452759e-01
8.4101804219164911e-02
1.0000000000000000e+00
2.7093492879538417e-01
7.0341936600452759e-01
4.8594111263730588e-02
1.0000000000000000e+00
2.8567459865479350e-01
7.0341936600452759e-01
4.2749728694536748e-02
1.0000000000000000e+00
3.1130687206058383e-01
7.6572387347987392e-01
4.2749728694536748e-02
1.0000000000000000e+00
3.0238389003096700e-01
7.6572387347987392e-01
1.8608543708899083e-02
1.0000000000000000e+00
4.0339245985268235e-01
7.6572387347987392e-01
1.8608543708899083e-02
1.0000000000000000e+00
4.5034585765569091e-01
9.2873323391249873e-01
3.0424329139270845e-02
1.0000000000000000e+00
4.5034585765569091e-01
9.8857705350092151e-01
3.4326184693702522e-02
1.0000000000000000e+00
4.4423104415653825e-01
8.8495041485002734e-01
3.5030293431111637e-02
1.0000000000000000e+00
4.5773605129687667e-01
9.3839085157087543e-01
1.5741768445798221e-02
1.0000000000000000e+00
4.6009179403080225e-01
9.3839085157087543e-01
2.5845398580634060e-02
1.0000000000000000e+00
4.0581805271102667e-01
9.3839085157087543e-01
2.2869153333806458e-02
1.0000000000000000e+00
4.2133772490086585e-01
9.3839085157087543e-01
2.0640180831753674e-02
1.0000000000000000e+00
4.4019367662730247e-01
9.3839085157087543e-01
1.6418090213767278e-02
1.0000000000000000e+00
4.4019367662730247e-01
9.0394175189139792e-01
2.1586016409776199e-02
1.0000000000000000e+00
4.9263798934879333e-01
9.0394175189139792e-01
4.2989703484556663e-02
1.0000000000000000e+00
5.0557529135147661e-01
9.0394175189139792e-01
6.9840663236311662e-02
1.0000000000000000e+00
5.0557529135147661e-01
8.5963832164707132e-01
7.0479368274311560e-02
1.0000000000000000e+00
5.0557529135147661e-01
8.4792894075217196e-01
6.8467491255353230e-02
1.0000000000000000e+00
5.0205123401718765e-01
6.9756317088904329e-01
5.9241226823280591e-02
1.0000000000000000e+00
4.9101239326881796e-01
8.5700212369265505e-01
6.5288912221069473e-02
1.0000000000000000e+00
4.9101239326881796e-01
7.8720574776234575e-01
4.4194520807570803e-02
1.0000000000000000e+00
4.3379084882798224e-01
7.8902681110484996e-01
5.1158386056988525e-02
1.0000000000000000e+00
3.7465477292897731e-01
8.3841061903222003e-01
5.1158386056988525e-02
1.0000000000000000e+00
3.7465477292897731e-01
9.1828287331445613e-01
4.3678242487578678e-02
1.0000000000000000e+00
3.8351456285926133e-01
9.1828287331445613e-01
4.3678242487578678e-02
1.0000000000000000e+00
3.8351456285926133e-01
8.6180495781882205e-01
4.9365948660044956e-02
1.0000000000000000e+00
3.9209219557704955e-01
8.6180495781882205e-01
7.8715898845905463e-02
1.0000000000000000e+00
3.9209219557704955e-01
8.6389530703017958e-01
7.9661319490617166e-02
1.0000000000000000e+00
3.7739425362559587e-01
8.6389530703017958e-01
5.6852578643804441e-02
1.0000000000000000e+00
3.7739425362559587e-01
9.5506533488223799e-01
2.2711257908588300e-02
1.0000000000000000e+00
3.6084543564828664e-01
9.5506533488223799e-01
2.3102693754401549e-02
1.0000000000000000e+00
4.1358254501136571e-01
9.4379710658977278e-01
8.9196008920339187e-03
1.0000000000000000e+00
4.3366301735403567e-01
9.0234978749940642e-01
8.9196008920339187e-03
1.0000000000000000e+00
4.4253472355666190e-01
7.7338710680196532e-01
5.4372637822893699e-03
1.0000000000000000e+00
4.3266784330370456e-01
6.8821466967056044e-01
5.4372637822893699e-03
1.0000000000000000e+00
3.8403697242500812e-01
7.7152652546355971e-01
5.4372637822893699e-03
1.0000000000000000e+00
3.8077731337870091e-01
8.3195696651528128e-01
8.0892127297488292e-03
1.0000000000000000e+00
3.7173429318244189e-01
8.1116874023864516e-01
1.1738566477936252e-02
1.0000000000000000e+00
3.1102112122351855e-01
8.1116874023864516e-01
4.4380205479603752e-02
1.0000000000000000e+00
3.2903304510290354e-01
9.5758950218150862e-01
4.1505639703166231e-02
1.0000000000000000e+00
3.0254057981545657e-01
7.9424157246539839e-01
5.4115674516572176e-02
1.0000000000000000e+00
3.0254057981545657e-01
8.4627985462138899e-01
6.0025570040954768e-02
1.0000000000000000e+00
3.0320036353549540e-01
8.2051388613472231e-01
6.9310888706161200e-02
1.0000000000000000e+00
3.0530963058589577e-01
8.9245567909965762e-01
5.3914145624651133e-02
1.0000000000000000e+00
2.6949899364734620e-01
8.4468101031670817e-01
5.3914145624651133e-02
1.0000000000000000e+00
2.6949899364734620e-01
7.2624516740033873e-01
4.7957032045735537e-02
1.0000000000000000e+00
2.6552824862773150e-01
7.9037806644628295e-01
5.3562068205712854e-02
1.0000000000000000e+00
2.6552824862773150e-01
8.0469455450365790e-01
3.4240490582226335e-02
1.0000000000000000e+00
3.4288492613012522e-01
5.6173104673216590e-01
3.4240490582226335e-02
1.0000000000000000e+00
3.6145311594481200e-01
6.6403300940582999e-01
5.0292666361121952e-02
1.0000000000000000e+00
3.3839534968609541e-01
8.9806793044845112e-01
5.0292666361121952e-02
1.0000000000000000e+00
3.3916105394490614e-01
8.4748214270512112e-01
3.5243280755742012e-02
1.0000000000000000e+00
3.4412042255752340e-01
8.8553821455279835e-01
2.7051239332570254e-02
1.0000000000000000e+00
3.4172174911253705e-01
7.4373494993487843e-01
9.1493075771643340e-02
1.0000000000000000e+00
2.4647439847939268e-01
7.4373494993487843e-01
7.3457778023941933e-02
1.0000000000000000e+00
1.9165984186582818e-01
7.4373494993487843e-01
7.3457778023941933e-02
1.0000000000000000e+00
2.9733020085149064e-01
6.5180673610011586e-01
2.9968228714926659e-02
1.0000000000000000e+00
3.5388530901872173e-01
5.1668618034163960e-01
4.9655085953338562e-02
1.0000000000000000e+00
3.9189069456659809e-01
5.1668618034163960e-01
6.6688321123285710e-02
1.0000000000000000e+00
3.4939431882702365e-01
4.9202764787769415e-01
4.6024117211265980e-02
1.0000000000000000e+00
3.2021424681187227e-01
5.9161020078754523e-01
5.1739994203592210e-02
1.0000000000000000e+00
3.3281448524684265e-01
7.1310760927444794e-01
4.0467375656510263e-02
1.0000000000000000e+00
3.7173783727229193e-01
8.9985706758743622e-01
3.1651654979134469e-02
1.0000000000000000e+00
3.7173783727229193e-01
7.3978620124107697e-01
4.3308682601411852e-02
1.0000000000000000e+00
3.4853638656676367e-01
7.3978620124107697e-01
6.5394546698291811e-02
1.0000000000000000e+00
2.9224156536400869e-01
5.4089530658966400e-01
5.2334839805473599e-02
1.0000000000000000e+00
2.6344897685811475e-01
5.4202590239292481e-01
5.2334839805473599e-02
1.0000000000000000e+00
2.7794331772491887e-01
3.3823492479568817e-01
5.3800385656279537e-02
1.0000000000000000e+00
2.8059860464890107e-01
2.7478975904232361e-01
4.1902345816117736e-02
1.0000000000000000e+00
2.2854020592529878e-01
1.0580797967559197e-01
4.2325005029772433e-02
1.0000000000000000e+00
2.3027229827602014e-01
-9.2396597293554761e-02
2.8488216783364328e-02
1.0000000000000000e+00
1.6467307968304112e-01
-2.3697790777077454e-03
7.2581524508791295e-03
1.0000000000000000e+00
1.6865868209168866e-01
-8.6351296780048825e-02
3.6113822694380793e-02
1.0000000000000000e+00
1.6865868209168866e-01
9.5487662675441287e-02
6.7713382268186684e-02
1.0000000000000000e+00
1.1516985198721841e-01
6.3787763091386340e-02
8.4127165922757263e-02
1.0000000000000000e+00
1.4470158791408494e-01
1.9209687682450793e-02
6.8960575001176472e-02
1.0000000000000000e+00
1.6688717430696443e-01
2.4532554027682640e-01
6.8346215026315327e-02
1.0000000000000000e+00
1.6688717430696443e-01
3.7517071616894104e-01
4.3160788329180355e-02
1.0000000000000000e+00
2.3206107592449143e-01
4.4134908271080353e-01
4.7623058511737759e-02
1.0000000000000000e+00
2.1447470499441579e-01
6.8505296398943760e-01
8.3367938837830002e-02
1.0000000000000000e+00
2.1811358741723552e-01
8.7894711186236241e-01
8.5222236775655325e-02
1.0000000000000000e+00
2.3515235371195331e-01
7.4660991420096257e-01
8.5222236775655325e-02
1.0000000000000000e+00
1.7709585762821689e-01
8.9618771066016056e-01
8.4221067801911409e-02
1.0000000000000000e+00
2.0842969528638378e-01
9.2405147393292286e-01
8.6071922058101769e-02
1.0000000000000000e+00
2.2486177570425525e-01
9.6322300945466854e-01
7.9866409847375031e-02
1.0000000000000000e+00
2.6195839437895074e-01
9.0908334692067005e-01
7.3903998439993734e-02
1.0000000000000000e+00
2.8288932348840490e-01
8.8815721784776547e-01
8.3912738678839083e-02
1.0000000000000000e+00
2.7149753942393318e-01
8.5406087254232266e-01
7.5934439977493162e-02
1.0000000000000000e+00
2.1626029088400855e-01
6.1777751063054898e-01
7.5934439977493162e-02
1.0000000000000000e+00
2.1502586867899254e-01
5.3686876137799122e-01
7.3737229300525065e-02
1.0000000000000000e+00
1.8387769390136555e-01
7.7628288705891468e-01
9.4794484866645212e-02
1.0000000000000000e+00
2.6098932553321674e-01
5.7930006747192242e-01
7.5954158870365496e-02
1.0000000000000000e+00
2.9562447377719536e-01
5.7930006747192242e-01
8.8366846633937235e-02
1.0000000000000000e+00
3.5475214542128697e-01
8.3880679969734051e-01
7.5625835590392376e-02
1.0000000000000000e+00
3.5475214542128697e-01
9.3003427897638180e-01
9.3877437196999813e-02
1.0000000000000000e+00
3.4036517300881997e-01
9.6752643500512936e-01
9.2160246007472302e-02
1.0000000000000000e+00
4.0223841526784554e-01
8.2813190584129193e-01
8.2155056901603962e-02
1.0000000000000000e+00
4.0223841526784554e-01
6.8561434288567402e-01
7.8349428156718637e-02
1.0000000000000000e+00
4.3707161181845322e-01
5.4655593176430561e-01
7.9015711169552083e-02
1.0000000000000000e+00
4.4330212678067937e-01
2.9128825207299092e-01
8.5951588895034070e-02
1.0000000000000000e+00
4.4766633509897247e-01
2.9128825207299092e-01
8.1415297543492193e-02
1.0000000000000000e+00
3.8676104060613170e-01
2.8271357257908680e-01
8.1415297543492193e-02
1.0000000000000000e+00
3.6736233270966068e-01
4.4522910107916691e-01
8.6447710251297827e-02
1.0000000000000000e+00
3.4929107799433723e-01
5.1943811317032673e-01
8.6129050607189561e-02
1.0000000000000000e+00
3.4929107799433723e-01
5.6826922585314610e-01
8.8095650913521673e-02
1.0000000000000000e+00
3.4992971743230328e-01
9.0485441972559788e-01
7.0259074585840131e-02
1.0000000000000000e+00
3.9178924618062183e-01
9.0485441972559788e-01
6.8816750448524977e-02
1.0000000000000000e+00
3.5575375688966915e-01
9.0485441972559788e-01
7.0188311299636985e-02
1.0000000000000000e+00
3.7409742532071277e-01
7.3044779439514973e-01
7.0188311299636985e-02
1.0000000000000000e+00
3.7610291393247053e-01
8.9742379923409321e-01
7.0188311299636985e-02
1.0000000000000000e+00
3.8767918275442526e-01
8.2144930405484051e-01
7.0188311299636985e-02
1.0000000000000000e+00
3.8767918275442526e-01
9.6441065711842389e-01
9.4672791099503661e-02
1.0000000000000000e+00
4.0974071651470467e-01
9.6441065711842389e-01
1.0257053645174208e-01
1.0000000000000000e+00
4.0974071651470467e-01
9.6641602395975501e-01
1.0221954367435726e-01
1.0000000000000000e+00
4.0974071651470467e-01
9.4127620785438926e-01
6.8557387006796922e-02
1.0000000000000000e+00
4.0974071651470467e-01
8.2718309043848426e-01
5.1674862181164349e-02
1.0000000000000000e+00
4.4258388114866420e-01
8.6253752588236243e-01
5.9021556538857545e-02
1.0000000000000000e+00
4.0830283362191722e-01
9.4241390778624923e-01
9.2623064083375062e-02
1.0000000000000000e+00
4.1769239056628749e-01
9.7704492538177878e-01
8.6647541516788329e-02
1.0000000000000000e+00
3.0451998539973602e-01
9.7704492538177878e-01
9.0955815532572593e-02
1.0000000000000000e+00
3.5239677929092750e-01
9.7704492538177878e-01
9.0955815532572593e-02
1.0000000000000000e+00
3.5746627167571887e-01
9.4709425820910842e-01
9.0955815532572593e-02
1.0000000000000000e+00
3.6788218055625066e-01
9.1697944729530723e-01
8.6893591818727578e-02
1.0000000000000000e+00
3.3267271478433713e-01
9.1697944729530723e-01
7.7649098144240702e-02
1.0000000000000000e+00
3.3109014743712351e-01
9.1697944729530723e-01
9.6914680929251040e-02
1.0000000000000000e+00
3.1034453661885664e-01
9.1697944729530723e-01
9.6914680929251040e-02
1.0000000000000000e+00
2.9799359367933675e-01
8.9367887406551749e-01
9.1410696295417870e-02
1.0000000000000000e+00
3.0938961526152298e-01
8.9367887406551749e-01
8.7862946813322629e-02
1.0000000000000000e+00
3.0938961526152298e-01
8.9367887406551749e-01
1.0597623840286585e-01
1.0000000000000000e+00
3.2170186896581754e-01
8.9367887406551749e-01
8.4050071811282101e-02
1.0000000000000000e+00
2.8354223404784307e-01
8.9367887406551749e-01
7.7405697585993471e-02
1.0000000000000000e+00
2.6452189923037395e-01
8.9367887406551749e-01
1.1602808294256872e-01
1.0000000000000000e+00
3.2672979456145868e-01
8.9367887406551749e-01
1.3098179960062450e-01
1.0000000000000000e+00
3.0922344100434884e-01
8.8910443364584357e-01
1.2138899547418303e-01
1.0000000000000000e+00
3.2062238414545163e-01
9.0978726587200076e-01
1.2138899547418303e-01
1.0000000000000000e+00
2.9646334756870374e-01
8.3878165139758498e-01
1.1446702565436906e-01
1.0000000000000000e+00
2.8684304800589189e-01
8.3878165139758498e-01
1.1446702565436906e-01
1.0000000000000000e+00
2.6936821785528764e-01
8.2910929090285213e-01
1.1829042938908285e-01
1.0000000000000000e+00
2.3306201940175697e-01
9.1262312448525340e-01
1.1829042938908285e-01
1.0000000000000000e+00
2.4469236267503902e-01
9.6921432978415401e-01
1.1340050763820952e-01
1.0000000000000000e+00
2.3324827460345432e-01
9.6921432978415401e-01
1.1128513739814705e-01
1.0000000000000000e+00
2.4575991911586925e-01
9.7841302427405030e-01
1.2174344427322692e-01
1.0000000000000000e+00
3.1594689452794000e-01
9.5473488914722116e-01
1.2174344427322692e-01
1.0000000000000000e+00
3.5115296656039163e-01
9.7290534461790235e-01
1.2174344427322692e-01
1.0000000000000000e+00
3.0976308492716953e-01
9.7290534461790235e-01
1.2174344427322692e-01
1.0000000000000000e+00
3.0203286308568522e-01
9.7290534461790235e-01
1.2646572283839530e-01
1.0000000000000000e+00
3.0203286308568522e-01
9.5803207560384185e-01
1.0839267253314799e-01
1.0000000000000000e+00
3.0203286308568522e-01
9.5803207560384185e-01
1.2124965005924648e-01
1.0000000000000000e+00
3.4086636553291783e-01
9.5803207560384185e-01
1.2758218535592503e-01
1.0000000000000000e+00
3.3733877778757915e-01
9.5803207560384185e-01
1.2515086882186777e-01
1.0000000000000000e+00
3.7103756011237010e-01
9.5803207560384185e-01
1.3505509697271234e-01
1.0000000000000000e+00
3.1059812248457774e-01
9.5803207560384185e-01
1.3009866575149542e-01
1.0000000000000000e+00
3.1059812248457774e-01
9.7701692796254069e-01
1.3009866575149542e-01
1.0000000000000000e+00
3.2825092651654586e-01
9.7701692796254069e-01
1.3335118597743756e-01
1.0000000000000000e+00
2.7750972664688334e-01
9.7701692796254069e-01
1.2076035273631758e-01
1.0000000000000000e+00
2.6984602452029094e-01
9.7701692796254069e-01
1.3301479389330095e-01
1.0000000000000000e+00
2.9522673637728758e-01
9.7701692796254069e-01
1.2604787052979416e-01
1.0000000000000000e+00
2.9522673637728758e-01
9.7701692796254069e-01
1.1685704804395980e-01
1.0000000000000000e+00
2.8159394712309904e-01
9.7701692796254069e-01
1.2057573107441610e-01
1.0000000000000000e+00
2.8159394712309904e-01
9.7701692796254069e-01
1.1413215599160365e-01
1.0000000000000000e+00
3.0287642629008360e-01
9.7701692796254069e-01
1.2402209020357302e-01
1.0000000000000000e+00
3.1907276707823939e-01
9.7701692796254069e-01
1.3008377966608575e-01
1.0000000000000000e+00
3.1195381554897494e-01
9.7701692796254069e-01
1.3008377966608575e-01
1.0000000000000000e+00
2.6402107594657309e-01
9.6936825971060903e-01
1.3008377966608575e-01
1.0000000000000000e+00
2.2558212248731024e-01
9.6936825971060903e-01
9.2599322415401253e-02
1.0000000000000000e+00
2.3162337361026175e-01
9.6936825971060903e-01
9.2608243554343495e-02
1.0000000000000000e+00
2.1864758027840026e-01
9.6936825971060903e-01
6.5048381082226547e-02
1.0000000000000000e+00
2.1864758027840026e-01
9.6936825971060903e-01
7.8591224133481297e-02
1.0000000000000000e+00
2.5411620704579718e-01
9.7233646484964997e-01
5.5087178807218584e-02
1.0000000000000000e+00
2.0195379076648123e-01
9.6898604585730941e-01
5.5087178807218584e-02
1.0000000000000000e+00
2.8969168631482489e-01
9.5226050569617660e-01
6.4211816388626608e-02
1.0000000000000000e+00
3.0429892489809163e-01
9.6824077173077971e-01
6.4211816388626608e-02
1.0000000000000000e+00
2.5621126374352343e-01
9.6824077173077971e-01
8.5175637366694423e-02
1.0000000000000000e+00
2.7098454037803776e-01
9.6824077173077971e-01
8.5175637366694423e-02
1.0000000000000000e+00
2.7098454037803776e-01
9.3449153593683154e-01
8.4829232779077279e-02
1.0000000000000000e+00
2.2543599704403050e-01
9.3449153593683154e-01
8.2839435788548577e-02
1.0000000000000000e+00
2.1027817824978001e-01
9.8869358590745837e-01
1.0053906485692321e-01
1.0000000000000000e+00
2.6505898187059529e-01
9.4960313505434901e-01
1.1113453366116344e-01
1.0000000000000000e+00
2.6505898187059529e-01
9.4960313505434901e-01
1.0910414381206690e-01
1.0000000000000000e+00
2.8634005287784703e-01
9.4960313505434901e-01
1.1509458686479090e-01
1.0000000000000000e+00
3.6982404688495762e-01
9.4960313505434901e-01
1.1509458686479090e-01
1.0000000000000000e+00
3.3525429168838627e-01
9.2978002532327086e-01
1.1509458686479090e-01
1.0000000000000000e+00
3.6804125705856450e-01
9.2978002532327086e-01
9.7870474339208591e-02
1.0000000000000000e+00
3.1159507358569272e-01
8.9081285177671821e-01
1.0109946027652084e-01
1.0000000000000000e+00
3.1159507358569272e-01
8.7007329269254119e-01
1.0165466240861176e-01
1.0000000000000000e+00
2.8572444493073590e-01
9.0171977906429679e-01
1.0281753692098616e-01
1.0000000000000000e+00
2.8819737877819307e-01
9.0171977906429679e-01
1.0281753692098616e-01
1.0000000000000000e+00
2.9295827696222432e-01
9.0171977906429679e-01
1.0120852571700423e-01
1.0000000000000000e+00
2.8448022032279141e-01
8.8705032440775544e-01
1.0120852571700423e-01
1.0000000000000000e+00
3.0970870578784115e-01
8.8705032440775544e-01
1.0120852571700423e-01
1.0000000000000000e+00
2.8526493875432379e-01
8.8705032440775544e-01
1.0988521506798177e-01
1.0000000000000000e+00
2.4579132596153386e-01
8.8705032440775544e-01
1.0988521506798177e-01
1.0000000000000000e+00
2.4579132596153386e-01
8.8705032440775544e-01
1.1681960873094110e-01
1.0000000000000000e+00
2.8631919497746594e-01
9.1297819773608357e-01
1.1321230070453792e-01
1.0000000000000000e+00
2.7038283893961079e-01
8.6479698802286298e-01
9.9983307772993135e-02
1.0000000000000000e+00
2.7038283893961079e-01
8.6479698802286298e-01
9.0537037241949725e-02
1.0000000000000000e+00
3.0116534667212136e-01
8.6479698802286298e-01
1.0497109546114414e-01
1.0000000000000000e+00
2.6441062675911553e-01
8.9773206814134032e-01
9.7827812663956570e-02
1.0000000000000000e+00
2.6205483885604508e-01
8.9773206814134032e-01
9.7073417629792380e-02
1.0000000000000000e+00
3.3890095414716370e-01
8.9773206814134032e-01
8.5149725906296658e-02
1.0000000000000000e+00
3.3890095414716370e-01
8.9773206814134032e-01
1.0205532075625567e-01
1.0000000000000000e+00
3.3988933466497429e-01
9.4138484057912142e-01
1.0205532075625567e-01
1.0000000000000000e+00
3.8542161431286104e-01
9.0139667299517900e-01
7.7402837814508962e-02
1.0000000000000000e+00
3.8542161431286104e-01
9.0139667299517900e-01
7.1514526622115659e-02
1.0000000000000000e+00
3.1476407606277235e-01
9.0139667299517900e-01
9.0567579732953596e-02
1.0000000000000000e+00
3.4669999700162180e-01
9.0139667299517900e-01
9.0567579732953596e-02
1.0000000000000000e+00
3.8613492637995250e-01
9.2075823788472921e-01
1.1137456098359733e-01
1.0000000000000000e+00
3.7438009601208933e-01
9.2075823788472921e-01
1.1972037913066058e-01
1.0000000000000000e+00
4.1002186030272014e-01
9.4915289972850592e-01
1.2324753078420370e-01
1.0000000000000000e+00
4.1084103912470482e-01
9.0026560966798574e-01
1.1099370243747442e-01
1.0000000000000000e+00
3.9989369616267822e-01
9.0026560966798574e-01
9.5808434772982287e-02
1.0000000000000000e+00
3.7479687817284457e-01
9.5176732336112768e-01
1.2050296134103744e-01
1.0000000000000000e+00
3.6830687671789519e-01
9.7140246239432604e-01
1.0339174373795001e-01
1.0000000000000000e+00
3.6830687671789519e-01
8.5309237596520693e-01
8.5982932250692534e-02
1.0000000000000000e+00
3.4628787599393718e-01
9.2601833847293169e-01
9.3795281842096734e-02
1.0000000000000000e+00
3.4628787599393718e-01
9.5610566792020113e-01
1.1200642446775644e-01
1.0000000000000000e+00
3.9080157838651530e-01
9.7820646111795218e-01
1.0441877041731684e-01
1.0000000000000000e+00
3.3873002193757884e-01
9.6480219700315506e-01
1.0441877041731684e-01
1.0000000000000000e+00
3.2497316189000003e-01
9.6815448329725773e-01
1.0441877041731684e-01
1.0000000000000000e+00
3.4013054109999530e-01
9.6815448329725773e-01
9.9525894976898122e-02
1.0000000000000000e+00
3.4013054109999530e-01
8.8621403538563759e-01
9.3348930131389785e-02
1.0000000000000000e+00
4.0125266425201289e-01
8.8621403538563759e-01
9.3348930131389785e-02
1.0000000000000000e+00
4.1127431448438756e-01
9.4788646587112457e-01
9.3348930131389785e-02
1.0000000000000000e+00
4.2328503318020694e-01
9.4788646587112457e-01
9.2212166062301981e-02
1.0000000000000000e+00
4.2328503318020694e-01
8.9662046619632751e-01
8.7118723786181795e-02
1.0000000000000000e+00
3.8637059144565455e-01
8.9662046619632751e-01
1.1778985418633281e-01
1.0000000000000000e+00
3.6528472192475192e-01
9.5231734803819568e-01
1.0878372460857688e-01
1.0000000000000000e+00
3.4618974439689509e-01
9.5231734803819568e-01
1.0424713220701276e-01
1.0000000000000000e+00
3.3790248595067851e-01
9.5231734803819568e-01
7.0018440142950999e-02
1.0000000000000000e+00
3.0613982686662666e-01
9.5231734803819568e-01
9.0654691339216220e-02
1.0000000000000000e+00
3.1074968315550677e-01
9.5231734803819568e-01
5.2022796713492858e-02
1.0000000000000000e+00
3.1074968315550677e-01
9.5231734803819568e-01
8.2239200019023406e-02
1.0000000000000000e+00
2.9535644277819983e-01
9.5231734803819568e-01
9.7133596551350343e-02
1.0000000000000000e+00
3.2934639751800887e-01
9.5231734803819568e-01
9.1327761889181125e-02
1.0000000000000000e+00
3.5724876597413413e-01
9.5231734803819568e-01
7.7076862107708144e-02
1.0000000000000000e+00
3.2372742248588793e-01
9.5231734803819568e-01
6.9167318295433211e-02
1.0000000000000000e+00
2.8697842927539341e-01
9.5231734803819568e-01
6.4719512600197482e-02
1.0000000000000000e+00
2.8697842927539341e-01
9.3734122375899465e-01
7.6354739729060817e-02
1.0000000000000000e+00
3.2985980445408813e-01
9.3734122375899465e-01
7.6354739729060817e-02
1.0000000000000000e+00
3.2985980445408813e-01
9.2953694361203820e-01
9.2914266053332972e-02
1.0000000000000000e+00
2.3052382990607612e-01
9.2953694361203820e-01
9.2914266053332972e-02
1.0000000000000000e+00
2.7631061754544817e-01
9.3538859329128177e-01
8.8776308031731310e-02
1.0000000000000000e+00
2.7517859123071275e-01
9.1257311805093200e-01
8.8776308031731310e-02
1.0000000000000000e+00
3.8864109523018442e-01
9.1257311805093200e-01
8.8776308031731310e-02
1.0000000000000000e+00
3.7436540003290020e-01
9.1257311805093200e-01
6.7265742378287974e-02
1.0000000000000000e+00
3.3022757198085628e-01
9.1257311805093200e-01
1.0446103933637685e-01
1.0000000000000000e+00
2.8224444992264353e-01
9.1257311805093200e-01
1.0686896779944843e-01
1.0000000000000000e+00
2.8206558083655864e-01
9.1257311805093200e-01
1.0611033291926331e-01
1.0000000000000000e+00
2.4910935736733109e-01
9.1273105720465542e-01
1.1030215529164022e-01
1.0000000000000000e+00
3.0959740793804258e-01
8.6338183859770656e-01
1.1030215529164022e-01
1.0000000000000000e+00
3.8556629186967939e-01
9.1429137176310182e-01
1.0469549513792342e-01
1.0000000000000000e+00
3.7737950834451794e-01
9.1429137176310182e-01
8.4287975368999901e-02
1.0000000000000000e+00
3.2690142107202291e-01
9.1429137176310182e-01
9.6457959538304272e-02
1.0000000000000000e+00
3.3291814674629450e-01
9.1429137176310182e-01
1.0483218465370781e-01
1.0000000000000000e+00
3.3291814674629450e-01
8.7150751164590479e-01
1.0180948957705593e-01
1.0000000000000000e+00
4.1431892477447718e-01
8.7150751164590479e-01
9.9130579306722644e-02
1.0000000000000000e+00
3.5392779671127528e-01
8.7362722976540685e-01
9.9130579306722644e-02
1.0000000000000000e+00
3.1615032873122573e-01
7.6978480739926458e-01
9.9130579306722644e-02
1.0000000000000000e+00
2.8927243280230641e-01
9.7178818209504247e-01
1.0346398133689261e-01
1.0000000000000000e+00
2.5637779164134145e-01
9.7178818209504247e-01
1.1117022162208057e-01
1.0000000000000000e+00
3.0229473638354420e-01
9.7178818209504247e-01
8.9365942905635598e-02
1.0000000000000000e+00
3.0229473638354420e-01
9.7178818209504247e-01
1.0949907688328719e-01
1.0000000000000000e+00
2.6958978351211726e-01
9.8578600788896442e-01
1.0949907688328719e-01
1.0000000000000000e+00
2.9645729985094249e-01
9.8578600788896442e-01
1.0088476588854289e-01
1.0000000000000000e+00
3.1162502465775788e-01
9.0937774831836582e-01
1.0110064649044259e-01
1.0000000000000000e+00
3.1162502465775788e-01
8.9539503230189443e-01
9.1962091922971445e-02
1.0000000000000000e+00
3.3760649187496483e-01
9.0298530383442999e-01
1.0351086530855580e-01
1.0000000000000000e+00
3.4802165383479178e-01
9.0298530383442999e-01
8.6062450725796658e-02
1.0000000000000000e+00
3.7356769422075331e-01
9.0298530383442999e-01
9.0492558963808256e-02
1.0000000000000000e+00
3.7320519131498031e-01
8.6516240163182379e-01
1.0631553951672001e-01
1.0000000000000000e+00
4.0796582945512228e-01
8.6516240163182379e-01
1.0631553951672001e-01
1.0000000000000000e+00
3.4935032678657763e-01
8.6516240163182379e-01
1.0185030109270199e-01
1.0000000000000000e+00
3.3042317358666651e-01
8.6516240163182379e-01
1.0185030109270199e-01
1.0000000000000000e+00
3.4326787115895740e-01
8.6516240163182379e-01
1.0185030109270199e-01
1.0000000000000000e+00
3.8999632941448681e-01
8.7598337995295883e-01
1.0260318720967232e-01
1.0000000000000000e+00
4.1768608624005310e-01
8.7598337995295883e-01
1.0260318720967232e-01
1.0000000000000000e+00
3.2481256183126561e-01
9.0496857481484771e-01
1.0260318720967232e-01
1.0000000000000000e+00
3.2481256183126561e-01
9.8646237718348861e-01
1.0082987847991942e-01
1.0000000000000000e+00
3.1311820316949479e-01
9.8888897493889094e-01
1.0082987847991942e-01
1.0000000000000000e+00
3.8041920829454057e-01
9.8888897493889094e-01
6.3653534634715903e-02
1.0000000000000000e+00
3.8041920829454057e-01
9.8888897493889094e-01
8.7282999775118220e-02
1.0000000000000000e+00
3.8406465211772911e-01
9.8888897493889094e-01
7.4767143822020876e-02
1.0000000000000000e+00
4.0226951343828432e-01
9.8888897493889094e-01
8.5788203759796011e-02
1.0000000000000000e+00
4.0576042127685241e-01
9.5636104390432597e-01
8.5788203759796011e-02
1.0000000000000000e+00
4.0576042127685241e-01
9.5332703337480784e-01
8.8600628667256820e-02
1.0000000000000000e+00
4.0576042127685241e-01
9.5332703337480784e-01
8.7000848383388507e-02
1.0000000000000000e+00
4.0576042127685241e-01
9.5992924523015977e-01
5.3166008212349403e-02
1.0000000000000000e+00
3.6777000767068557e-01
9.5992924523015977e-01
6.9272803447461007e-03
1.0000000000000000e+00
3.7304570604936771e-01
9.5992924523015977e-01
6.5902130226390687e-03
1.0000000000000000e+00
3.5146194402949504e-01
9.5992924523015977e-01
6.5902130226390687e-03
1.0000000000000000e+00
3.6255084569455676e-01
9.5992924523015977e-01
6.5902130226390687e-03
1.0000000000000000e+00
2.6632070667000107e-01
9.5992924523015977e-01
3.4006535402943405e-02
1.0000000000000000e+00
1.9777742153854661e-01
9.5992924523015977e-01
4.6188871237893614e-02
1.0000000000000000e+00
1.9896284465102099e-01
9.7790248196979523e-01
3.7842566707615766e-02
1.0000000000000000e+00
2.0617248557863377e-01
9.7790248196979523e-01
4.0265317169462356e-02
1.0000000000000000e+00
1.8706089325604580e-01
9.6549360983481169e-01
6.2048100960885200e-02
1.0000000000000000e+00
2.5973889625055335e-01
9.9022948526253463e-01
4.8570825812851104e-02
1.0000000000000000e+00
2.7668331584317229e-01
9.9022948526253463e-01
5.8289968503152045e-02
1.0000000000000000e+00
2.7756489787606142e-01
9.1064661898126364e-01
5.4468849535544428e-02
1.0000000000000000e+00
3.0351551968959711e-01
8.7851432867755652e-01
7.2053814168532404e-02
1.0000000000000000e+00
3.0084469842148565e-01
8.7851432867755652e-01
5.7861237648387465e-02
1.0000000000000000e+00
3.0084469842148565e-01
8.7851432867755652e-01
5.8884295962263855e-02
1.0000000000000000e+00
3.0462204266694926e-01
9.2679459385981322e-01
5.9406399763167861e-02
1.0000000000000000e+00
3.0306751069036864e-01
8.6797925986757041e-01
4.6369840427280429e-02
1.0000000000000000e+00
3.3734426435438536e-01
8.6797925986757041e-01
7.3634617998243335e-02
1.0000000000000000e+00
3.1847074229625605e-01
8.2449102931132079e-01
8.5994218978078130e-02
1.0000000000000000e+00
4.2963895548490427e-01
8.5952119313587905e-01
6.0102497729451421e-02
1.0000000000000000e+00
4.4389021370915316e-01
8.1135281704773665e-01
7.7336897644192937e-02
1.0000000000000000e+00
4.4389021370915316e-01
9.9546458729018927e-01
5.2912786522858801e-02
1.0000000000000000e+00
4.2209706988541029e-01
8.9731755264510871e-01
7.4537794025593462e-02
1.0000000000000000e+00
3.6528556768206499e-01
8.9731755264510871e-01
5.4195264041402402e-02
1.0000000000000000e+00
3.6528556768206499e-01
8.0925915547122718e-01
6.0117386899867120e-02
1.0000000000000000e+00
3.5020306494442366e-01
8.0925915547122718e-01
6.3752246707656446e-02
1.0000000000000000e+00
3.2938249010948084e-01
7.4368784733524085e-01
3.6025889603399697e-02
1.0000000000000000e+00
3.4053158548084639e-01
7.7562468655814887e-01
6.1147308362626496e-02
1.0000000000000000e+00
3.3613718275336169e-01
7.7562468655814887e-01
6.2686090277486506e-02
1.0000000000000000e+00
3.2495967750327281e-01
7.9556431964447261e-01
6.2686090277486506e-02
1.0000000000000000e+00
3.1507267230080060e-01
6.8792707071115733e-01
6.8469791825839343e-02
1.0000000000000000e+00
3.1507267230080060e-01
6.8792707071115733e-01
7.9451217003145280e-02
1.0000000000000000e+00
3.3424398358801000e-01
7.2732821822573901e-01
6.0570521898546281e-02
1.0000000000000000e+00
3.4416366796830289e-01
7.2621714725100905e-01
7.6221142582573953e-02
1.0000000000000000e+00
3.5306156296172730e-01
6.2536979122960479e-01
8.7579367427599641e-02
1.0000000000000000e+00
3.5306156296172730e-01
6.2536979122960479e-01
8.3423821000826570e-02
1.0000000000000000e+00
3.8108052741625897e-01
4.9099772079789550e-01
7.0457520989214095e-02
1.0000000000000000e+00
3.7663115057983987e-01
4.7120237385097430e-01
7.0457520989214095e-02
1.0000000000000000e+00
2.6989234771934889e-01
3.6358886619273112e-01
7.0457520989214095e-02
1.0000000000000000e+00
2.5536413092521570e-01
4.1821650822821543e-01
5.6705642586086902e-02
1.0000000000000000e+00
2.5536413092521570e-01
4.8871703108015940e-01
3.6737580645342383e-02
1.0000000000000000e+00
3.2740813095477961e-01
5.9365151670936034e-01
2.8450433026512179e-02
1.0000000000000000e+00
2.8000273157266520e-01
5.9365151670936034e-01
3.6242415058870825e-02
1.0000000000000000e+00
3.0319721971062563e-01
6.9551603344443724e-01
3.4354016977806601e-02
1.0000000000000000e+00
2.8630106870440386e-01
8.3090100285771773e-01
3.4354016977806601e-02
1.0000000000000000e+00
2.9371035592083672e-01
7.7098077756527350e-01
3.4354016977806601e-02
1.0000000000000000e+00
2.9036370226566532e-01
8.3598261547449515e-01
8.1765974733491453e-02
1.0000000000000000e+00
3.4367558480624893e-01
7.9887159808713482e-01
5.8578018892069372e-02
1.0000000000000000e+00
3.4367558480624893e-01
5.7932462438184307e-01
2.2871100205441031e-02
1.0000000000000000e+00
2.7836261251394490e-01
5.7232170353818224e-01
3.7567861938362035e-02
1.0000000000000000e+00
2.4900697664742211e-01
5.1876447896647737e-01
3.7567861938362035e-02
1.0000000000000000e+00
