4
94
3.9405945261677289e-01
8.4118862340692435e-01
1.8039411990739607e-01
1.0000000000000000e+00
3.4362204504867577e-01
7.5738003402948384e-01
1.5550466537079044e-01
1.0000000000000000e+00
4.3588554583692485e-01
6.8761637525749397e-01
1.5910389836481043e-01
1.0000000000000000e+00
1.8237512981721693e-01
7.6799715494853449e-01
1.5665768363815002e-01
1.0000000000000000e+00
2.5301874386349255e-01
7.6496517353807580e-01
1.5498816266026549e-01
1.0000000000000000e+00
2.4037095931561225e-01
8.0963157744263303e-01
1.6093874190537460e-01
1.0000000000000000e+00
1.5728830573351615e-01
8.4342589390580547e-01
1.4895274755381249e-01
1.0000000000000000e+00
2.7767936703020268e-01
8.4234318333328706e-01
1.1758238132879339e-01
1.0000000000000000e+00
1.7803295461197877e-01
7.0316489516408187e-01
1.1251046779634633e-01
1.0000000000000000e+00
3.1617994133119964e-01
7.5096434574224991e-01
1.0267123664798417e-01
1.0000000000000000e+00
3.4801832753436202e-01
7.3505169943091464e-01
7.6575881951248426e-02
1.0000000000000000e+00
3.5790983509940588e-01
5.3775670284521770e-01
8.9688273791216466e-02
1.0000000000000000e+00
2.6688900919833713e-01
2.7666833343100738e-01
1.1099113990039766e-01
1.0000000000000000e+00
3.8255766806395286e-01
3.9365137483109724e-01
1.0589494576979630e-01
1.0000000000000000e+00
2.9708680188485914e-01
2.7750609161448669e-01
1.0153113419491999e-01
1.0000000000000000e+00
1.5085170689707184e-01
3.2085618468117905e-01
1.1943903463961758e-01
1.0000000000000000e+00
3.5489600400177324e-01
4.8213231166009796e-01
1.3754667205339499e-01
1.0000000000000000e+00
3.2184436443930053e-01
4.0576658372883689e-01
1.4287860607564651e-01
1.0000000000000000e+00
4.1505301386786186e-01
2.2236785826389682e-01
1.1245314797688477e-01
1.0000000000000000e+00
3.4242672133694896e-01
1.5549965922837150e-01
1.0644778488913287e-01
1.0000000000000000e+00
3.0954174264769563e-01
2.3377426711958837e-01
1.0163416080886234e-01
1.0000000000000000e+00
3.0085822833206066e-01
3.4110056420904589e-01
1.0039079162797859e-01
1.0000000000000000e+00
2.4980239184077391e-01
3.2749155260971752e-01
9.5585734318410664e-02
1.0000000000000000e+00
2.5688026552523979e-01
6.2854938306263652e-01
1.2144957953987612e-01
1.0000000000000000e+00
1.9558172772411808e-01
7.5200218245736328e-01
1.3032920111127166e-01
1.0000000000000000e+00
3.2816384785581931e-01
6.9311100900522438e-01
1.3099959512746862e-01
1.0000000000000000e+00
2.5235521182656839e-01
6.1802860539755788e-01
1.2907020395196012e-01
1.0000000000000000e+00
3.9289078640757680e-01
8.3011602940387097e-01
1.4015740740851468e-01
1.0000000000000000e+00
3.4272348077973902e-01
7.7919073360390034e-01
1.3689447604392624e-01
1.0000000000000000e+00
1.8156043242669284e-01
8.1003558290540245e-01
1.4047307535347497e-01
1.0000000000000000e+00
2.5081529736524999e-01
7.0344162247492936e-01
1.3179892026219020e-01
1.0000000000000000e+00
1.7696081148932308e-01
6.8647953848703769e-01
1.4496170528273067e-01
1.0000000000000000e+00
2.4108808907220691e-01
7.4354399222356737e-01
1.3729943989583260e-01
1.0000000000000000e+00
2.7895219030796170e-01
7.5244848237780393e-01
1.0362467149807342e-01
1.0000000000000000e+00
4.1930517543113410e-01
7.1324078010802627e-01
7.0240143399678323e-02
1.0000000000000000e+00
2.8650667914661199e-01
9.3182242096809209e-01
7.5365413319195773e-02
1.0000000000000000e+00
4.3831363739917606e-01
9.6646629454044164e-01
6.2060297572861578e-02
1.0000000000000000e+00
3.6014197068760723e-01
7.8552203270082832e-01
2.9115903064484860e-02
1.0000000000000000e+00
3.4590139566461175e-01
4.6116456080635548e-01
3.3454378474380042e-02
1.0000000000000000e+00
2.9320263484731868e-01
-7.5050455812015526e-02
8.1185292675036158e-02
1.0000000000000000e+00
3.0237680196768224e-01
2.6242908666317821e-01
9.9322426122489538e-02
1.0000000000000000e+00
3.8748234778648794e-01
1.0178214794432283e-01
9.8855986249509420e-02
1.0000000000000000e+00
2.8946935886523306e-01
3.9392932149057747e-01
8.4330486821818318e-02
1.0000000000000000e+00
3.3522211225243836e-01
2.4034818185900808e-01
7.0847911342389103e-02
1.0000000000000000e+00
3.4170412191195965e-01
-3.5551932934322350e-02
4.8236858263953741e-02
1.0000000000000000e+00
3.8231754128827333e-01
1.5048335870669693e-01
4.0581797239246931e-02
1.0000000000000000e+00
3.5867407010408670e-01
2.1168475874292203e-01
5.5222284838157498e-02
1.0000000000000000e+00
1.7920080014044970e-01
-1.1486551113193411e-03
6.0815898239445665e-02
1.0000000000000000e+00
2.7871529362636238e-01
-1.8203835006279401e-01
4.1187373459172227e-02
1.0000000000000000e+00
3.4161670750944495e-01
5.3635296734573790e-01
6.6086464972534009e-02
1.0000000000000000e+00
2.3010929872287988e-01
6.9671935817750641e-01
7.8952831918206789e-02
1.0000000000000000e+00
3.2259824884130239e-01
5.4611027563514658e-01
7.1578224891629794e-02
1.0000000000000000e+00
2.5008447829640090e-01
9.2148514600994536e-01
5.6218019049913415e-02
1.0000000000000000e+00
3.7628960109321952e-01
9.6890244955720850e-01
9.2648600147299254e-03
1.0000000000000000e+00
3.3653008158324837e-01
7.4167815371474721e-01
3.7794079282241433e-02
1.0000000000000000e+00
2.6901518356061160e-01
4.0806903093180158e-01
5.5502447183164327e-02
1.0000000000000000e+00
2.4401651823899329e-01
5.5208364009449729e-01
7.2819136781538396e-02
1.0000000000000000e+00
3.1643521087715953e-01
6.3987496748159178e-01
4.5579287718203410e-02
1.0000000000000000e+00
2.8219636064494580e-01
6.0146908843016722e-01
9.0590956358857944e-02
1.0000000000000000e+00
3.6988300952833697e-01
9.5511967324709990e-01
1.1504433045039375e-01
1.0000000000000000e+00
2.2815539630136072e-01
9.1455266167467930e-01
1.1965816326111278e-01
1.0000000000000000e+00
1.5423234773805916e-01
7.9303653174138167e-01
9.4379292662699732e-02
1.0000000000000000e+00
2.5461130694492340e-01
8.6049738534784415e-01
1.0917040575433246e-01
1.0000000000000000e+00
2.6716710313229441e-01
7.0341936600452759e-01
4.8594111263730588e-02
1.0000000000000000e+00
4.4019367662730247e-01
9.3839085157087543e-01
1.6418090213767278e-02
1.0000000000000000e+00
3.7465477292897731e-01
9.1828287331445613e-01
4.3678242487578678e-02
1.0000000000000000e+00
3.8403697242500812e-01
7.7152652546355971e-01
5.4372637822893699e-03
1.0000000000000000e+00
2.6552824862773150e-01
7.3576279609987982e-01
5.3562068205712854e-02
1.0000000000000000e+00
3.4146103280835405e-01
5.1668618034163960e-01
4.9655085953338562e-02
1.0000000000000000e+00
2.7794331772491887e-01
3.3823492479568817e-01
5.3800385656279537e-02
1.0000000000000000e+00
1.6688717430696443e-01
4.4134908271080353e-01
4.3160788329180355e-02
1.0000000000000000e+00
2.1626029088400855e-01
6.6807040487474301e-01
7.5934439977493162e-02
1.0000000000000000e+00
4.3707161181845322e-01
5.4655593176430561e-01
7.9015711169552083e-02
1.0000000000000000e+00
3.7409742532071277e-01
7.3044779439514973e-01
7.0188311299636985e-02
1.0000000000000000e+00
3.0451998539973602e-01
9.7704492538177878e-01
9.0955815532572593e-02
1.0000000000000000e+00
2.8354223404784307e-01
8.9367887406551749e-01
1.1928152191823072e-01
1.0000000000000000e+00
2.2674357687827751e-01
9.7841302427405030e-01
1.2174344427322692e-01
1.0000000000000000e+00
3.1059812248457774e-01
9.7701692796254069e-01
1.1891490469125754e-01
1.0000000000000000e+00
2.2558212248731024e-01
9.6936825971060903e-01
9.2599322415401253e-02
1.0000000000000000e+00
2.2543599704403050e-01
9.3449153593683154e-01
1.0053906485692321e-01
1.0000000000000000e+00
2.8819737877819307e-01
9.0171977906429679e-01
1.0120852571700423e-01
1.0000000000000000e+00
3.3323986144858964e-01
8.9773206814134032e-01
9.7827812663956570e-02
1.0000000000000000e+00
3.9989369616267822e-01
9.0026560966798574e-01
1.0561771551866739e-01
1.0000000000000000e+00
4.0125266425201289e-01
9.4788646587112457e-01
9.3348930131389785e-02
1.0000000000000000e+00
2.9535644277819983e-01
9.5231734803819568e-01
9.1327761889181125e-02
1.0000000000000000e+00
3.5159780408611141e-01
9.1257311805093200e-01
1.0001553680186814e-01
1.0000000000000000e+00
3.7140276842291087e-01
8.7150751164590479e-01
9.9130579306722644e-02
1.0000000000000000e+00
3.3760649187496483e-01
9.0298530383442999e-01
9.6021693963768917e-02
1.0000000000000000e+00
3.1311820316949479e-01
9.8888897493889094e-01
9.1132889858192789e-02
1.0000000000000000e+00
3.6255084569455676e-01
9.5992924523015977e-01
6.5902130226390687e-03
1.0000000000000000e+00
3.0084469842148565e-01
8.7851432867755652e-01
5.9406399763167861e-02
1.0000000000000000e+00
3.5020306494442366e-01
8.0925915547122718e-01
6.3752246707656446e-02
1.0000000000000000e+00
3.5306156296172730e-01
6.2536979122960479e-01
7.1591692721915456e-02
1.0000000000000000e+00
2.9036370226566532e-01
7.7098077756527350e-01
5.1789929020662817e-02
1.0000000000000000e+00
