4
1000
2.8381936465672197e-01
9.7757553874980663e-01
9.0720780780975480e-02
1.0000000000000000e+00
2.6506553687437417e-01
9.7757553874980663e-01
9.0720780780975480e-02
1.0000000000000000e+00
2.7170056388064268e-01
9.4651651389431213e-01
8.1979672080342431e-02
1.0000000000000000e+00
2.7170056388064268e-01
9.4651651389431213e-01
1.3554347334866185e-02
1.0000000000000000e+00
3.3440797500594499e-01
9.6072683397214864e-01
2.0469552027498145e-02
1.0000000000000000e+00
3.3773116864546182e-01
9.6072683397214864e-01
1.0819751192320842e-02
1.0000000000000000e+00
3.1687913000865819e-01
9.6072683397214864e-01
3.2576350849558372e-02
1.0000000000000000e+00
3.1594916879481616e-01
9.6072683397214864e-01
2.8760877792228717e-02
1.0000000000000000e+00
2.8671551755911651e-01
9.6072683397214864e-01
4.5679432694305439e-02
1.0000000000000000e+00
2.9518656622900608e-01
9.6072683397214864e-01
6.4446940441121120e-02
1.0000000000000000e+00
2.2137733925416114e-01
9.6072683397214864e-01
3.9828927610506076e-02
1.0000000000000000e+00
2.0571647402181270e-01
7.9433841172140096e-01
4.0039245102525461e-02
1.0000000000000000e+00
1.8789004724754932e-01
9.0694733809214090e-01
2.9946360800386179e-02
1.0000000000000000e+00
1.8422455228215995e-01
9.9525762449484323e-01
1.4046557310939539e-02
1.0000000000000000e+00
1.7210518083817306e-01
9.5306668530683969e-01
2.2579690504790056e-02
1.0000000000000000e+00
1.7210518083817306e-01
9.5306668530683969e-01
2.2579690504790056e-02
1.0000000000000000e+00
1.8365123289919438e-01
9.4054463792126630e-01
5.2562510658026446e-02
1.0000000000000000e+00
1.6518762315905633e-01
9.1753500986378644e-01
5.9403697092056978e-02
1.0000000000000000e+00
1.9612437653637471e-01
9.1753500986378644e-01
5.9344084538315661e-02
1.0000000000000000e+00
2.1306377187653425e-01
9.1753500986378644e-01
5.4084669869189389e-02
1.0000000000000000e+00
2.1306377187653425e-01
9.6907967615406965e-01
3.9019219647889264e-02
1.0000000000000000e+00
1.8002474591418149e-01
9.6907967615406965e-01
1.8353067409043439e-02
1.0000000000000000e+00
1.9378952779157999e-01
8.4899379599373792e-01
2.4766458327212609e-02
1.0000000000000000e+00
1.5801823981388452e-01
9.9594563532155012e-01
4.0641144046821870e-02
1.0000000000000000e+00
1.5801823981388452e-01
9.9594563532155012e-01
2.1065478807577170e-02
1.0000000000000000e+00
1.6581717416926267e-01
9.9594563532155012e-01
2.4138111749925889e-02
1.0000000000000000e+00
1.6979134884246605e-01
9.5523928764741872e-01
4.8088357912638463e-02
1.0000000000000000e+00
1.6979256643475082e-01
8.6444446358364080e-01
2.8604682780132867e-02
1.0000000000000000e+00
1.6979256643475082e-01
9.0264007363002752e-01
8.4842669557110645e-02
1.0000000000000000e+00
1.7174169478033718e-01
8.5065275344531988e-01
8.2897194673569180e-02
1.0000000000000000e+00
1.8291772772585091e-01
9.2820338818710302e-01
8.2897194673569180e-02
1.0000000000000000e+00
1.7467448079054293e-01
8.7592446345370267e-01
8.9820208971650578e-02
1.0000000000000000e+00
1.6227098238681492e-01
8.9271358500700448e-01
9.3706051947810926e-02
1.0000000000000000e+00
1.6227098238681492e-01
8.9074736980255698e-01
8.2895198034384526e-02
1.0000000000000000e+00
2.8334350568269429e-01
8.9074736980255698e-01
7.6701937372126855e-02
1.0000000000000000e+00
2.8334350568269429e-01
8.4331384075339888e-01
7.1856318694335647e-02
1.0000000000000000e+00
3.1032766086076435e-01
7.4869169814046477e-01
7.9963152018171973e-02
1.0000000000000000e+00
3.4273534697507557e-01
8.3910552186425780e-01
7.2479841952008434e-02
1.0000000000000000e+00
3.2279319093589720e-01
8.5576323939021681e-01
7.2479841952008434e-02
1.0000000000000000e+00
3.4384736754958567e-01
8.5576323939021681e-01
8.8527639117819495e-02
1.0000000000000000e+00
2.9016889595453677e-01
7.2983713222201918e-01
8.8527639117819495e-02
1.0000000000000000e+00
3.0338087548528847e-01
8.1708226872142409e-01
1.0517868523093057e-01
1.0000000000000000e+00
3.1734441836391625e-01
9.2225802091415976e-01
1.0517868523093057e-01
1.0000000000000000e+00
3.0583019145791468e-01
8.8206310716923331e-01
1.0517868523093057e-01
1.0000000000000000e+00
2.9896535827805337e-01
8.1046072540339087e-01
9.9557917402853496e-02
1.0000000000000000e+00
3.2807142949690160e-01
8.4348154214676474e-01
9.9557917402853496e-02
1.0000000000000000e+00
3.4906654535819825e-01
8.4348154214676474e-01
9.3932488305290468e-02
1.0000000000000000e+00
3.3822387746562299e-01
7.9566596036311243e-01
1.0918549944253755e-01
1.0000000000000000e+00
3.5231354656656322e-01
9.5191380342002963e-01
1.0918549944253755e-01
1.0000000000000000e+00
3.2183593242456254e-01
9.5191380342002963e-01
1.0033687513860060e-01
1.0000000000000000e+00
3.3843110791434583e-01
9.5191380342002963e-01
9.2840231327136286e-02
1.0000000000000000e+00
3.3843110791434583e-01
9.5191380342002963e-01
7.8116057744045980e-02
1.0000000000000000e+00
2.3344519744654235e-01
9.4489632507320498e-01
7.8116057744045980e-02
1.0000000000000000e+00
2.2610142557908830e-01
9.4489632507320498e-01
7.8116057744045980e-02
1.0000000000000000e+00
2.2610142557908830e-01
9.2818217498715971e-01
9.4336051797290571e-02
1.0000000000000000e+00
2.4299449763287839e-01
9.2398913723882292e-01
7.0616448601504095e-02
1.0000000000000000e+00
2.7178057759095964e-01
9.2398913723882292e-01
7.0616448601504095e-02
1.0000000000000000e+00
3.3179732888032731e-01
9.7477796075399969e-01
7.0616448601504095e-02
1.0000000000000000e+00
3.3179732888032731e-01
9.8051700887735938e-01
7.1689113346656091e-02
1.0000000000000000e+00
3.0295411228229341e-01
9.3397983310278510e-01
7.3019818240572937e-02
1.0000000000000000e+00
2.6741530570228633e-01
9.3397983310278510e-01
7.5173379533771373e-02
1.0000000000000000e+00
2.6741530570228633e-01
9.3397983310278510e-01
6.2683315162394143e-02
1.0000000000000000e+00
2.4344735728021760e-01
9.0634705459233378e-01
5.6320029922608233e-02
1.0000000000000000e+00
2.6379075968083043e-01
9.0634705459233378e-01
7.7562379796836473e-02
1.0000000000000000e+00
2.9509684346061249e-01
8.6996151467319582e-01
7.7562379796836473e-02
1.0000000000000000e+00
2.8381193424951334e-01
9.3571791013237093e-01
8.5823738162252999e-02
1.0000000000000000e+00
2.6910633123856087e-01
9.6696443513501440e-01
9.6713232022557355e-02
1.0000000000000000e+00
2.4765446661416490e-01
9.6696443513501440e-01
9.3778921204466320e-02
1.0000000000000000e+00
2.2444459488991697e-01
9.6696443513501440e-01
9.0604245808754064e-02
1.0000000000000000e+00
2.0707644960288007e-01
9.8776560120750223e-01
5.7483181503448583e-02
1.0000000000000000e+00
2.4412758713964422e-01
8.8745582692790781e-01
5.8200551342997647e-02
1.0000000000000000e+00
2.4412758713964422e-01
9.7118700884748255e-01
7.5734315586123563e-02
1.0000000000000000e+00
2.4397994575059556e-01
9.7118700884748255e-01
6.0124207434091664e-02
1.0000000000000000e+00
2.4397994575059556e-01
9.1459272273350511e-01
7.9758300824869371e-02
1.0000000000000000e+00
2.3357040490458303e-01
9.6047929518390451e-01
7.5712901918996073e-02
1.0000000000000000e+00
2.3430045376966291e-01
9.6047929518390451e-01
7.4310745491493441e-02
1.0000000000000000e+00
1.9474762919793420e-01
9.6047929518390451e-01
8.2018932240862347e-02
1.0000000000000000e+00
1.9474762919793420e-01
9.6047929518390451e-01
4.7223709436912037e-02
1.0000000000000000e+00
2.9410427677879625e-01
6.9171173342037950e-01
3.5860213364321686e-02
1.0000000000000000e+00
3.0949218254039579e-01
9.2399129860568796e-01
4.1306720028478600e-02
1.0000000000000000e+00
3.0949218254039579e-01
8.5251476459670816e-01
8.2818372553992964e-02
1.0000000000000000e+00
2.9660124945888811e-01
9.0550201230216776e-01
8.2818372553992964e-02
1.0000000000000000e+00
3.5177165418366485e-01
8.9310812980402265e-01
7.9080901953238941e-02
1.0000000000000000e+00
3.7804736345509582e-01
9.3570904463995253e-01
1.0948606851216028e-01
1.0000000000000000e+00
3.4127247482041412e-01
9.1119249754119669e-01
1.1169459871653090e-01
1.0000000000000000e+00
3.5135154784160250e-01
9.0920296248514210e-01
1.1169459871653090e-01
1.0000000000000000e+00
3.5135154784160250e-01
8.6245120067615066e-01
1.1268520439680288e-01
1.0000000000000000e+00
3.5135154784160250e-01
8.9680553723592316e-01
1.1437996674849274e-01
1.0000000000000000e+00
3.6472616213808351e-01
8.9680553723592316e-01
1.1993906379266264e-01
1.0000000000000000e+00
3.7565357759098106e-01
9.2939062167424713e-01
1.1993906379266264e-01
1.0000000000000000e+00
3.9837332078690224e-01
9.2939062167424713e-01
1.1993906379266264e-01
1.0000000000000000e+00
3.6425643050546341e-01
8.3490970109123741e-01
1.2715353455914738e-01
1.0000000000000000e+00
4.0944193440458321e-01
8.3490970109123741e-01
1.2065372534616473e-01
1.0000000000000000e+00
3.8919576394340538e-01
8.3490970109123741e-01
1.0093026259037288e-01
1.0000000000000000e+00
3.4946961092731499e-01
9.8453258846420799e-01
1.0176386236034887e-01
1.0000000000000000e+00
3.4946961092731499e-01
9.5410251554567371e-01
9.4590654771855048e-02
1.0000000000000000e+00
3.4946961092731499e-01
9.5410251554567371e-01
9.4590654771855048e-02
1.0000000000000000e+00
3.4946961092731499e-01
9.4030935533810411e-01
1.0757155082010286e-01
1.0000000000000000e+00
2.9847748481637382e-01
9.4030935533810411e-01
8.2543826837172679e-02
1.0000000000000000e+00
3.2717477364434444e-01
9.4030935533810411e-01
8.9373951487323217e-02
1.0000000000000000e+00
2.8353848328782760e-01
9.4030935533810411e-01
8.9373951487323217e-02
1.0000000000000000e+00
2.6506269929899418e-01
9.5120142058003698e-01
6.7156932957550458e-02
1.0000000000000000e+00
2.4227445965601646e-01
9.5120142058003698e-01
6.7915187217840872e-02
1.0000000000000000e+00
2.4392489061659717e-01
9.5120142058003698e-01
7.1410559642208687e-02
1.0000000000000000e+00
2.4392489061659717e-01
9.5120142058003698e-01
8.1821433560071460e-02
1.0000000000000000e+00
2.4129882172650241e-01
9.5120142058003698e-01
8.1821433560071460e-02
1.0000000000000000e+00
2.3273385761507370e-01
8.7817759190220390e-01
8.1821433560071460e-02
1.0000000000000000e+00
2.7567502742834904e-01
8.7817759190220390e-01
9.8756422580299846e-02
1.0000000000000000e+00
3.2763410618730404e-01
9.1511143494863068e-01
1.0336304019492673e-01
1.0000000000000000e+00
3.0598877256937840e-01
9.1511143494863068e-01
8.3481904876498453e-02
1.0000000000000000e+00
3.1637341788240292e-01
8.4407770384568725e-01
7.4282505375413171e-02
1.0000000000000000e+00
3.4758848956056454e-01
8.8776407514233147e-01
6.2871224021910171e-02
1.0000000000000000e+00
3.3229653610118248e-01
8.1877048995811497e-01
6.2871224021910171e-02
1.0000000000000000e+00
3.3229653610118248e-01
9.4472525950986896e-01
6.2871224021910171e-02
1.0000000000000000e+00
3.1821575880252340e-01
8.3104784723836933e-01
7.3460179505309503e-02
1.0000000000000000e+00
3.4024516798757531e-01
8.3104784723836933e-01
3.9638457944056432e-02
1.0000000000000000e+00
3.4024516798757531e-01
8.2228876214940105e-01
7.3256543845309358e-02
1.0000000000000000e+00
2.8621049763836481e-01
8.2228876214940105e-01
6.6729390070213418e-02
1.0000000000000000e+00
2.8661612028457739e-01
7.2358896892983471e-01
6.5789650842452835e-02
1.0000000000000000e+00
3.0161345217578628e-01
8.6847352546174084e-01
6.5789650842452835e-02
1.0000000000000000e+00
3.4056388799302795e-01
7.9797280144412075e-01
6.4187277640121471e-02
1.0000000000000000e+00
3.7057711582832553e-01
9.4363855135161434e-01
6.8036524877788912e-02
1.0000000000000000e+00
3.4063362729006030e-01
9.4363855135161434e-01
5.0101856068613421e-02
1.0000000000000000e+00
3.4134308926962831e-01
8.7645723980385815e-01
8.2773364447893988e-02
1.0000000000000000e+00
3.4134308926962831e-01
8.0472265493590389e-01
8.5502172420638095e-02
1.0000000000000000e+00
3.5235020172052600e-01
9.9418190431315456e-01
7.4908697810860764e-02
1.0000000000000000e+00
3.3522322206493982e-01
9.9418190431315456e-01
7.3647111603895615e-02
1.0000000000000000e+00
2.9064691244360574e-01
8.8491291117388760e-01
7.3647111603895615e-02
1.0000000000000000e+00
3.0980619779523977e-01
7.8985190701205288e-01
7.1073495266864489e-02
1.0000000000000000e+00
3.1246004553480589e-01
9.1233343195635830e-01
7.1073495266864489e-02
1.0000000000000000e+00
3.6190926769717180e-01
9.1969048215541993e-01
7.8460289580652903e-02
1.0000000000000000e+00
3.5602734072102749e-01
6.8694053015206014e-01
8.6830988941619586e-02
1.0000000000000000e+00
3.6193874172835194e-01
4.6347268840763722e-01
8.3276185622344207e-02
1.0000000000000000e+00
3.9001970281327658e-01
4.0867790377233182e-01
8.3276185622344207e-02
1.0000000000000000e+00
2.7333291908229285e-01
4.1495616252068435e-01
1.0978216067505855e-01
1.0000000000000000e+00
2.5253957053149634e-01
4.1495616252068435e-01
8.5075774534834642e-02
1.0000000000000000e+00
2.8269041431570940e-01
5.8830935026053344e-01
8.1047564118398446e-02
1.0000000000000000e+00
2.8621610169733458e-01
6.1059948133770381e-01
8.1047564118398446e-02
1.0000000000000000e+00
2.8621610169733458e-01
5.7228345128241931e-01
6.8313980314178485e-02
1.0000000000000000e+00
2.5660671983581551e-01
4.9186376931611453e-01
6.2552516216874215e-02
1.0000000000000000e+00
2.9799301727410921e-01
5.4388595449272548e-01
6.5703052197113726e-02
1.0000000000000000e+00
2.9799301727410921e-01
5.1017092617694293e-01
8.4005088180765602e-02
1.0000000000000000e+00
2.9799301727410921e-01
8.1461964671034370e-01
7.3270137057170365e-02
1.0000000000000000e+00
4.0225077225562700e-01
5.3674404446501289e-01
5.0406981826290581e-02
1.0000000000000000e+00
4.0225077225562700e-01
5.1867674600798641e-01
5.8056873836085293e-02
1.0000000000000000e+00
3.9397538817223676e-01
4.9001737248618160e-01
8.7149219222828839e-02
1.0000000000000000e+00
3.9397538817223676e-01
3.6615579489152883e-01
8.0587457500860188e-02
1.0000000000000000e+00
4.7346408284005292e-01
5.9278332355897878e-01
7.9660413538567815e-02
1.0000000000000000e+00
4.7346408284005292e-01
4.4554888836573814e-01
9.8288671331010852e-02
1.0000000000000000e+00
4.6710867658924826e-01
4.3689850352238868e-01
9.2492602983020339e-02
1.0000000000000000e+00
4.6710867658924826e-01
3.8344509906601165e-01
9.3026128582187090e-02
1.0000000000000000e+00
4.6710867658924826e-01
8.0415809254627679e-01
7.7923887393899355e-02
1.0000000000000000e+00
4.7813990005028018e-01
7.2861112754326318e-01
7.4080172445155773e-02
1.0000000000000000e+00
4.6762412079345950e-01
8.0558826874475931e-01
7.4080172445155773e-02
1.0000000000000000e+00
4.7759253290217885e-01
8.5159215803723787e-01
9.9544627809427771e-02
1.0000000000000000e+00
4.3668265399259099e-01
8.5159215803723787e-01
8.8196952113412413e-02
1.0000000000000000e+00
4.5322376434427269e-01
7.2947308940347289e-01
9.3002609660379681e-02
1.0000000000000000e+00
4.4940606402900585e-01
8.6389329291414474e-01
9.3002609660379681e-02
1.0000000000000000e+00
4.8006438920941719e-01
8.6389329291414474e-01
8.1277571836017165e-02
1.0000000000000000e+00
4.8006438920941719e-01
7.6620988554786895e-01
7.2537316226862464e-02
1.0000000000000000e+00
4.7104918854978450e-01
7.6620988554786895e-01
3.2988667705558333e-02
1.0000000000000000e+00
4.8351112977337607e-01
7.6620988554786895e-01
1.8892703795336280e-02
1.0000000000000000e+00
4.3819462406185039e-01
7.6620988554786895e-01
1.8892703795336280e-02
1.0000000000000000e+00
4.6296140263524421e-01
8.9446516341995452e-01
4.3977596083186660e-02
1.0000000000000000e+00
4.5489671817716726e-01
8.9446516341995452e-01
6.2271649235390220e-02
1.0000000000000000e+00
4.9059901750382551e-01
9.5803047723602508e-01
6.2271649235390220e-02
1.0000000000000000e+00
4.7688899366852411e-01
8.1102538115810607e-01
7.3428682269059214e-02
1.0000000000000000e+00
5.1135011753734716e-01
8.1102538115810607e-01
5.1959760704539809e-02
1.0000000000000000e+00
5.1135011753734716e-01
8.1583218376617883e-01
8.0815885433457885e-02
1.0000000000000000e+00
5.1135011753734716e-01
8.1651933614630257e-01
6.8454812498293910e-02
1.0000000000000000e+00
5.1135011753734716e-01
4.9196858454961334e-01
5.2412892909251246e-02
1.0000000000000000e+00
5.2323898338448771e-01
4.9196858454961334e-01
9.2727934227787051e-02
1.0000000000000000e+00
5.2323898338448771e-01
6.8085548777598892e-01
9.0825522419527266e-02
1.0000000000000000e+00
4.9084585221220323e-01
5.3081867594737564e-01
9.0825522419527266e-02
1.0000000000000000e+00
5.0766506479789086e-01
3.9470927913207565e-01
7.8470775027290079e-02
1.0000000000000000e+00
4.6432256573547193e-01
5.9281521413940941e-01
5.8584905330553744e-02
1.0000000000000000e+00
4.6432256573547193e-01
9.3709069800097500e-01
6.2549387205854151e-02
1.0000000000000000e+00
4.9382886910547086e-01
9.3709069800097500e-01
6.3160100121513102e-02
1.0000000000000000e+00
4.6767317006100484e-01
9.3705809247767324e-01
6.3440805402115080e-02
1.0000000000000000e+00
4.6927014531769373e-01
9.4297509166499371e-01
7.6701125231102202e-02
1.0000000000000000e+00
5.1149802820958712e-01
9.4297509166499371e-01
3.7604625437870715e-02
1.0000000000000000e+00
5.0583635343440392e-01
9.4297509166499371e-01
2.8636169255241845e-02
1.0000000000000000e+00
5.1910851875521757e-01
9.5581519595434661e-01
2.8636169255241845e-02
1.0000000000000000e+00
4.1695829646863558e-01
9.5581519595434661e-01
2.8636169255241845e-02
1.0000000000000000e+00
4.0692908855356791e-01
8.8480398795654769e-01
2.1413503315761778e-02
1.0000000000000000e+00
2.9412467571177103e-01
9.7474308303644652e-01
6.0346600700631831e-02
1.0000000000000000e+00
3.2677288985081532e-01
8.0516187745233769e-01
6.0346600700631831e-02
1.0000000000000000e+00
3.3837235978074887e-01
6.1420762996276612e-01
6.6556456134185288e-02
1.0000000000000000e+00
3.6045601291783669e-01
6.1420762996276612e-01
5.1994253982320521e-02
1.0000000000000000e+00
3.7163409197904684e-01
7.6808218370279069e-01
7.2432170723095629e-02
1.0000000000000000e+00
3.7163409197904684e-01
8.7704196284612412e-01
7.2432170723095629e-02
1.0000000000000000e+00
4.5803728050753989e-01
7.1545608054002519e-01
7.2432170723095629e-02
1.0000000000000000e+00
4.7032681960348555e-01
6.9770109552046056e-01
8.9510607634201739e-02
1.0000000000000000e+00
4.8020028337572285e-01
5.9431918609043355e-01
7.1985228553876374e-02
1.0000000000000000e+00
4.7407807610665031e-01
6.7746829885145421e-01
4.9914153859481308e-02
1.0000000000000000e+00
4.4499431565139957e-01
8.5193264382978673e-01
4.9914153859481308e-02
1.0000000000000000e+00
4.4746793285679587e-01
7.3759083720942731e-01
4.9914153859481308e-02
1.0000000000000000e+00
4.5507874983098873e-01
8.4721051427623029e-01
1.5854198353827093e-02
1.0000000000000000e+00
4.5507874983098873e-01
7.6368633928796048e-01
1.9672127308786008e-02
1.0000000000000000e+00
3.4705759296861061e-01
7.6368633928796048e-01
1.0559897738039586e-02
1.0000000000000000e+00
3.5998345902856954e-01
7.1165550957521195e-01
2.0250772925555799e-02
1.0000000000000000e+00
3.6111571938175757e-01
6.6513991068204636e-01
2.5968532179012987e-02
1.0000000000000000e+00
3.6111571938175757e-01
6.7265137462964053e-01
4.7558290111828688e-02
1.0000000000000000e+00
3.7357348222661813e-01
6.8754134318878646e-01
4.7558290111828688e-02
1.0000000000000000e+00
4.2521588709581692e-01
8.5338538131763930e-01
5.2545760917473677e-02
1.0000000000000000e+00
3.5360048171509106e-01
8.5338538131763930e-01
1.7151792692948226e-02
1.0000000000000000e+00
3.7505374681580861e-01
6.9380780999636049e-01
1.7151792692948226e-02
1.0000000000000000e+00
3.3563675564158757e-01
6.9380780999636049e-01
3.5514549664185380e-03
1.0000000000000000e+00
2.6865558904040654e-01
5.2632328813051577e-01
3.5514549664185380e-03
1.0000000000000000e+00
2.6865558904040654e-01
6.9400367085909243e-01
2.5046531794123444e-02
1.0000000000000000e+00
2.6865558904040654e-01
8.1698963177477713e-01
2.5046531794123444e-02
1.0000000000000000e+00
2.4709855225313504e-01
8.3806901183997984e-01
3.7502461184976715e-02
1.0000000000000000e+00
2.6658189315725167e-01
4.9092446771537657e-01
2.4934861880956311e-02
1.0000000000000000e+00
2.7751360573250849e-01
6.8370081243192549e-01
2.4934861880956311e-02
1.0000000000000000e+00
2.2503584735471804e-01
6.7660629880701895e-01
2.7997809534190315e-02
1.0000000000000000e+00
1.9037997182834943e-01
6.9603197594260569e-01
1.6926071678517479e-02
1.0000000000000000e+00
2.8285341542590459e-01
5.6495391150092478e-01
1.7687048252901155e-02
1.0000000000000000e+00
3.0954868179190953e-01
5.6495391150092478e-01
2.9187135819574911e-02
1.0000000000000000e+00
2.8141803685952027e-01
5.6495391150092478e-01
4.0031060997625906e-02
1.0000000000000000e+00
2.6373830689493616e-01
5.6495391150092478e-01
2.2033784494033176e-02
1.0000000000000000e+00
2.9958093231920202e-01
5.6495391150092478e-01
4.2578505773326475e-02
1.0000000000000000e+00
2.6725209197405775e-01
7.1554885749792452e-01
3.0580386940619070e-02
1.0000000000000000e+00
2.6245046519119342e-01
5.9943314214324350e-01
2.8314000882437546e-02
1.0000000000000000e+00
3.3638838045675357e-01
5.0626144875859613e-01
2.7518459551265556e-02
1.0000000000000000e+00
3.1138867997009356e-01
6.1474874933337564e-01
1.2433858776694257e-02
1.0000000000000000e+00
2.3909278884906371e-01
6.1750317612750227e-01
1.2433858776694257e-02
1.0000000000000000e+00
2.1787344962734778e-01
7.9552955428225691e-01
1.2433858776694257e-02
1.0000000000000000e+00
2.1787344962734778e-01
7.6249818565411265e-01
3.4593432398742158e-02
1.0000000000000000e+00
2.7621677292421509e-01
7.6249818565411265e-01
3.7178413199490029e-02
1.0000000000000000e+00
3.1015715988263537e-01
6.3296882124705012e-01
4.7260868551438767e-02
1.0000000000000000e+00
3.7661830203518321e-01
4.8319843216886516e-01
5.8742112668460328e-02
1.0000000000000000e+00
3.7661830203518321e-01
6.4444700992753501e-01
5.4998123275345284e-02
1.0000000000000000e+00
3.5944300571367194e-01
6.3621186829259391e-01
5.4286797893928457e-02
1.0000000000000000e+00
3.5715261993840386e-01
7.8937826669862265e-01
2.4265410741554666e-02
1.0000000000000000e+00
3.7644701411858250e-01
7.8937826669862265e-01
1.7154565909640956e-02
1.0000000000000000e+00
3.7644701411858250e-01
5.9860233581712241e-01
8.4112006144096141e-03
1.0000000000000000e+00
3.7644701411858250e-01
6.7959870017220969e-01
1.5743859940903354e-02
1.0000000000000000e+00
3.7636025079058300e-01
8.9962345725944037e-01
7.4240042732526546e-03
1.0000000000000000e+00
3.5095057465599666e-01
8.9962345725944037e-01
3.0375255401941109e-02
1.0000000000000000e+00
4.0439923122988830e-01
8.9962345725944037e-01
1.6443943734975625e-02
1.0000000000000000e+00
4.1094133180098424e-01
8.4877412757923598e-01
3.0139802619578410e-02
1.0000000000000000e+00
4.1094133180098424e-01
9.4484510264446731e-01
3.9106981493296195e-02
1.0000000000000000e+00
4.1094133180098424e-01
9.8684723294427390e-01
3.5748550565676857e-02
1.0000000000000000e+00
4.1724242040885429e-01
9.9252942941238875e-01
3.9453972261162568e-02
1.0000000000000000e+00
4.1724242040885429e-01
7.5657852730801101e-01
3.2248136251928378e-02
1.0000000000000000e+00
4.3464593546462993e-01
8.9502809933474059e-01
4.1892364285649825e-02
1.0000000000000000e+00
4.3464593546462993e-01
9.8270241162827010e-01
6.3440901823105383e-02
1.0000000000000000e+00
4.3464593546462993e-01
9.7082896894862647e-01
5.2223588819379080e-02
1.0000000000000000e+00
4.1561785576863031e-01
9.7082896894862647e-01
3.4344945815155375e-02
1.0000000000000000e+00
3.8682328028602342e-01
9.7082896894862647e-01
5.7683441801691521e-02
1.0000000000000000e+00
3.8682328028602342e-01
9.9461406833579535e-01
5.7683441801691521e-02
1.0000000000000000e+00
3.6628214273599724e-01
9.2935882872989173e-01
8.0003723515892494e-02
1.0000000000000000e+00
3.1011331643907170e-01
9.2935882872989173e-01
8.0003723515892494e-02
1.0000000000000000e+00
3.0362705284727554e-01
9.2935882872989173e-01
7.7844555736282933e-02
1.0000000000000000e+00
3.0362705284727554e-01
9.2935882872989173e-01
6.5332069773921836e-02
1.0000000000000000e+00
2.8524203183127383e-01
9.8262187085201735e-01
7.0016855154881347e-02
1.0000000000000000e+00
2.5665728705001811e-01
9.8262187085201735e-01
4.6872915480980742e-02
1.0000000000000000e+00
2.1372664676977138e-01
9.8262187085201735e-01
5.7858909726837743e-02
1.0000000000000000e+00
2.1541100709231387e-01
9.0372698000719542e-01
4.9207403396485466e-02
1.0000000000000000e+00
2.4362273483069430e-01
9.0372698000719542e-01
7.4707930979548115e-02
1.0000000000000000e+00
2.4362273483069430e-01
9.6749345949938292e-01
7.4707930979548115e-02
1.0000000000000000e+00
2.3642469259442578e-01
9.6749345949938292e-01
7.0561152954815048e-02
1.0000000000000000e+00
2.3642469259442578e-01
9.6749345949938292e-01
7.4433327724455017e-02
1.0000000000000000e+00
2.2840666367204676e-01
8.7372250101616378e-01
5.0341474895594734e-02
1.0000000000000000e+00
2.2840666367204676e-01
9.8999297610571380e-01
3.5438506382979545e-02
1.0000000000000000e+00
2.2840666367204676e-01
9.1859800360252852e-01
3.7837120223321113e-02
1.0000000000000000e+00
2.4012627514542828e-01
9.1859800360252852e-01
1.2435656491197739e-02
1.0000000000000000e+00
2.5901364783288727e-01
8.5372345886280532e-01
2.3771645951546821e-02
1.0000000000000000e+00
3.1723454842807541e-01
8.5372345886280532e-01
2.8213369644709024e-02
1.0000000000000000e+00
3.3369469890834580e-01
8.5372345886280532e-01
2.0283015429504309e-02
1.0000000000000000e+00
3.3678356119429509e-01
8.5372345886280532e-01
2.5598004954281356e-02
1.0000000000000000e+00
3.0447772079145352e-01
9.7595537445595260e-01
1.4422559207650926e-02
1.0000000000000000e+00
2.8305472414007227e-01
9.8858775655826325e-01
1.8743290594193246e-02
1.0000000000000000e+00
2.8617760333230535e-01
9.8858775655826325e-01
7.2802698988198300e-03
1.0000000000000000e+00
2.2424448168834488e-01
9.7265810231765504e-01
3.8122589029717352e-02
1.0000000000000000e+00
2.1844479235818426e-01
8.5085787708958383e-01
4.5091460720050242e-02
1.0000000000000000e+00
2.2040429202837686e-01
8.4878511997958417e-01
1.2119794525551703e-02
1.0000000000000000e+00
2.1218131346626024e-01
8.4878511997958417e-01
1.5403645839887764e-02
1.0000000000000000e+00
2.7745601026339273e-01
8.4878511997958417e-01
4.2202462237673904e-02
1.0000000000000000e+00
2.7745601026339273e-01
7.7147265794774289e-01
2.3281803615736868e-02
1.0000000000000000e+00
2.9086861716581325e-01
7.6387088504707212e-01
4.7283864397286435e-03
1.0000000000000000e+00
3.0058834658933620e-01
7.6387088504707212e-01
5.2410823110221882e-03
1.0000000000000000e+00
3.0058834658933620e-01
8.6876187977468367e-01
2.1034691511067655e-02
1.0000000000000000e+00
2.6854935245586375e-01
8.6876187977468367e-01
3.0562981525781657e-02
1.0000000000000000e+00
2.8637977646661739e-01
9.9789015707647200e-01
4.6658825448594149e-02
1.0000000000000000e+00
2.5501681076360683e-01
9.9789015707647200e-01
4.1738841710957791e-02
1.0000000000000000e+00
2.5501681076360683e-01
9.9789015707647200e-01
3.4072999870750215e-02
1.0000000000000000e+00
2.2391833950763385e-01
8.0856269356881971e-01
3.4832795062447991e-02
1.0000000000000000e+00
1.6635271933859030e-01
8.1810058598493929e-01
3.4832795062447991e-02
1.0000000000000000e+00
1.3534969490950743e-01
9.3386243973945970e-01
2.6380447582687344e-02
1.0000000000000000e+00
1.3534969490950743e-01
9.9712286089634294e-01
2.6380447582687344e-02
1.0000000000000000e+00
1.3534969490950743e-01
6.7876170800154800e-01
1.9568384536887612e-02
1.0000000000000000e+00
1.4090460426172058e-01
5.6163248644297714e-01
4.3605824378664698e-02
1.0000000000000000e+00
1.8422747430389563e-01
6.7591538504784698e-01
6.4613803667361941e-02
1.0000000000000000e+00
1.9920650151556174e-01
8.2165783123200531e-01
5.3382601035173144e-02
1.0000000000000000e+00
1.9920650151556174e-01
8.6744886861270065e-01
4.5829368317845370e-02
1.0000000000000000e+00
2.2434515905564467e-01
8.6744886861270065e-01
3.7162022227767016e-02
1.0000000000000000e+00
2.4069772315209548e-01
7.8115044013684387e-01
4.1230679983618762e-02
1.0000000000000000e+00
2.2754667260682027e-01
9.8308015466755028e-01
4.1230679983618762e-02
1.0000000000000000e+00
2.1323633500372807e-01
8.8940594197338219e-01
4.1230679983618762e-02
1.0000000000000000e+00
2.0718664889221827e-01
9.5612779111688728e-01
4.7975968132141139e-02
1.0000000000000000e+00
1.8100049187427203e-01
8.0266140253370399e-01
4.9604655097118672e-02
1.0000000000000000e+00
1.8100049187427203e-01
7.8190612365579004e-01
3.8985570018758159e-02
1.0000000000000000e+00
1.8067839954977671e-01
7.8190612365579004e-01
7.2401520387848001e-02
1.0000000000000000e+00
2.2695084874516169e-01
9.1464244891976709e-01
3.6825145601233095e-02
1.0000000000000000e+00
2.3526486222630183e-01
8.7403583378618355e-01
4.0563652996843308e-02
1.0000000000000000e+00
2.3921045687978904e-01
6.3613771732052560e-01
4.5601243858163804e-02
1.0000000000000000e+00
2.2952317380344311e-01
7.8303015316923852e-01
4.0913015377645939e-02
1.0000000000000000e+00
2.4046047710811536e-01
7.2833258743485207e-01
3.6936260533457249e-02
1.0000000000000000e+00
2.4564919647758643e-01
7.4229539829393620e-01
2.9853532097240537e-02
1.0000000000000000e+00
2.6593807273542325e-01
7.4229539829393620e-01
4.5882618526866287e-02
1.0000000000000000e+00
2.5174880986099879e-01
8.6033444005151982e-01
3.9902189054464549e-02
1.0000000000000000e+00
2.1862772692924182e-01
7.6075520265003438e-01
4.6802290023242682e-02
1.0000000000000000e+00
2.1646569812668304e-01
6.2806858765980000e-01
4.8261044786249846e-02
1.0000000000000000e+00
2.1646569812668304e-01
8.2533217865129704e-01
6.5971078706843406e-02
1.0000000000000000e+00
2.9655834849921803e-01
5.9760536152025456e-01
6.5971078706843406e-02
1.0000000000000000e+00
2.6242350231854061e-01
3.1994420188566441e-01
5.9132875764680654e-02
1.0000000000000000e+00
2.6720563512293438e-01
3.1994420188566441e-01
5.6874341919956356e-02
1.0000000000000000e+00
2.2981095876542668e-01
3.1994420188566441e-01
5.6874341919956356e-02
1.0000000000000000e+00
1.9357619624582867e-01
3.6753526228567357e-01
6.1493969179628044e-02
1.0000000000000000e+00
1.5238812848923544e-01
5.2800312536855931e-01
6.1493969179628044e-02
1.0000000000000000e+00
1.9615765571592192e-01
5.2800312536855931e-01
6.0574164271292835e-02
1.0000000000000000e+00
1.4597117438910345e-01
3.1211410594260092e-01
6.0574164271292835e-02
1.0000000000000000e+00
1.8615636279804448e-01
4.3893282374920095e-01
6.0574164271292835e-02
1.0000000000000000e+00
1.7345290681345205e-01
4.3810149547498445e-01
8.3655910223660618e-02
1.0000000000000000e+00
1.8816229751331548e-01
3.2013526079099397e-01
8.3655910223660618e-02
1.0000000000000000e+00
2.0145265528930167e-01
4.8299855352233867e-01
9.5658859826562553e-02
1.0000000000000000e+00
2.0638655735177736e-01
6.8783388645242671e-01
7.6583544380901009e-02
1.0000000000000000e+00
2.5673910839481096e-01
7.0187826813053111e-01
5.8818698517916351e-02
1.0000000000000000e+00
2.5673910839481096e-01
9.0988910556625346e-01
3.9860019699608534e-02
1.0000000000000000e+00
2.8041228888554315e-01
7.8029596232663612e-01
3.9860019699608534e-02
1.0000000000000000e+00
2.9779856516046266e-01
7.8029596232663612e-01
2.6313581859631091e-02
1.0000000000000000e+00
3.0441899461669664e-01
7.8029596232663612e-01
6.1735383124960214e-02
1.0000000000000000e+00
2.8315135141832570e-01
9.0836630386620532e-01
4.3011001201284677e-02
1.0000000000000000e+00
2.4349622478706578e-01
8.3767307919770251e-01
2.7718658449066430e-02
1.0000000000000000e+00
2.4349622478706578e-01
7.7614792806416522e-01
1.3613226713550836e-02
1.0000000000000000e+00
2.4286162758011187e-01
9.5606024956650804e-01
1.6017394263235479e-02
1.0000000000000000e+00
2.4286162758011187e-01
9.7162207423098157e-01
1.6017394263235479e-02
1.0000000000000000e+00
2.2120421470839347e-01
9.4866711480863164e-01
4.0134909685639292e-02
1.0000000000000000e+00
2.2120421470839347e-01
7.9685055671579907e-01
4.0134909685639292e-02
1.0000000000000000e+00
2.2254947663981284e-01
9.4354707209713529e-01
4.0134909685639292e-02
1.0000000000000000e+00
2.1357895245540703e-01
9.6497458426601956e-01
4.0134909685639292e-02
1.0000000000000000e+00
1.6706670073557461e-01
9.7765829062409471e-01
4.6640599735019356e-02
1.0000000000000000e+00
1.6706670073557461e-01
9.7765829062409471e-01
5.6237646035788208e-02
1.0000000000000000e+00
2.0371951533246602e-01
8.6289599186129640e-01
5.7076225034597888e-02
1.0000000000000000e+00
2.4652281401444043e-01
7.6539937800116609e-01
5.7076225034597888e-02
1.0000000000000000e+00
3.0484693960983122e-01
7.6125771573133538e-01
5.7076225034597888e-02
1.0000000000000000e+00
3.0107017557833160e-01
7.0170216003753016e-01
5.0630701683166995e-02
1.0000000000000000e+00
3.0107017557833160e-01
8.2098268272675345e-01
7.2945040628019348e-02
1.0000000000000000e+00
2.7850673485312427e-01
6.3314517142571280e-01
6.9180194265845790e-02
1.0000000000000000e+00
3.1080956661838854e-01
6.6204560848273108e-01
3.9676186605993286e-02
1.0000000000000000e+00
3.1080956661838854e-01
6.6204560848273108e-01
3.2203287329230085e-02
1.0000000000000000e+00
3.7317684849489297e-01
6.1623778866924117e-01
5.5241475324783101e-02
1.0000000000000000e+00
4.1621160318840111e-01
8.5874000119365523e-01
5.8170308336320892e-02
1.0000000000000000e+00
4.2081623801726664e-01
8.5874000119365523e-01
6.0602813005152717e-02
1.0000000000000000e+00
4.2962582127887572e-01
9.3691639529861281e-01
6.0602813005152717e-02
1.0000000000000000e+00
4.6692563684422339e-01
9.2685887890256713e-01
6.0602813005152717e-02
1.0000000000000000e+00
4.6604813895186226e-01
8.4025807233847449e-01
6.0602813005152717e-02
1.0000000000000000e+00
4.2438617608507911e-01
7.1411822291411231e-01
3.5118882521692291e-02
1.0000000000000000e+00
4.2438617608507911e-01
8.3968201742827664e-01
5.0801300421062484e-02
1.0000000000000000e+00
4.3315773717125694e-01
8.3968201742827664e-01
6.3127459935549274e-02
1.0000000000000000e+00
4.3315773717125694e-01
8.3968201742827664e-01
4.1527204192880168e-02
1.0000000000000000e+00
4.6181631161829273e-01
9.3730464482068787e-01
6.8695874862078204e-02
1.0000000000000000e+00
4.2723267971535961e-01
9.3730464482068787e-01
6.3016618812162056e-02
1.0000000000000000e+00
4.2723267971535961e-01
9.6372324691474209e-01
3.7571264175403490e-02
1.0000000000000000e+00
4.2589209104420434e-01
7.7728578911483059e-01
5.9578310442793742e-02
1.0000000000000000e+00
4.1932689972685466e-01
6.9346496926009427e-01
4.9803994340527430e-02
1.0000000000000000e+00
4.5753900535868297e-01
6.9346496926009427e-01
3.8232622412670031e-02
1.0000000000000000e+00
4.5325288378165851e-01
9.7857496233045826e-01
3.8232622412670031e-02
1.0000000000000000e+00
4.5325288378165851e-01
6.1344986872136364e-01
6.4535129559862986e-02
1.0000000000000000e+00
4.5325288378165851e-01
4.6972906307637463e-01
5.1390915620777383e-02
1.0000000000000000e+00
4.6619634904430995e-01
4.6972906307637463e-01
7.8286114591810479e-02
1.0000000000000000e+00
4.8517335780428539e-01
5.0194646881282101e-01
9.1820426728281751e-02
1.0000000000000000e+00
4.7582254294769655e-01
4.3117513691395293e-01
6.4001387428197637e-02
1.0000000000000000e+00
4.7582254294769655e-01
5.5037006919592391e-01
7.6325851469937339e-02
1.0000000000000000e+00
4.6432860490398298e-01
5.5037006919592391e-01
7.6606354653540626e-02
1.0000000000000000e+00
4.7358812686519514e-01
8.6388676052301894e-01
9.3406611099544540e-02
1.0000000000000000e+00
4.4626985785083662e-01
5.3784991984575758e-01
9.1758101224604621e-02
1.0000000000000000e+00
4.4626985785083662e-01
8.1506313567369948e-01
8.3956591296646371e-02
1.0000000000000000e+00
4.6302411254958997e-01
7.3550238644093047e-01
9.5642519626471773e-02
1.0000000000000000e+00
4.6302411254958997e-01
7.3550238644093047e-01
7.7292737528387084e-02
1.0000000000000000e+00
4.6302411254958997e-01
7.3550238644093047e-01
9.0326396260115877e-02
1.0000000000000000e+00
4.6295593799817425e-01
7.5183198971062670e-01
8.4880121960941329e-02
1.0000000000000000e+00
4.6295593799817425e-01
7.5783832368761073e-01
6.0606383695903793e-02
1.0000000000000000e+00
4.7228990709203345e-01
7.5783832368761073e-01
8.9066739171448722e-02
1.0000000000000000e+00
4.7274303836542231e-01
7.5783832368761073e-01
8.8176598167683556e-02
1.0000000000000000e+00
4.4002874223309618e-01
7.0763186735421191e-01
6.4143185830380395e-02
1.0000000000000000e+00
4.1311688376384836e-01
7.0449270654789875e-01
5.3309665388133004e-02
1.0000000000000000e+00
3.7420313204432887e-01
7.0449270654789875e-01
6.1230469821657613e-02
1.0000000000000000e+00
3.3936774327679586e-01
7.2238295499555538e-01
6.1230469821657613e-02
1.0000000000000000e+00
2.8159089635386181e-01
7.2238295499555538e-01
3.6334979674484208e-02
1.0000000000000000e+00
2.4624140250756454e-01
9.6715114239923428e-01
5.8009281149770692e-02
1.0000000000000000e+00
2.4530107590629768e-01
6.9199685726634930e-01
6.3779973751570657e-02
1.0000000000000000e+00
2.4530107590629768e-01
6.0467946503631542e-01
4.3736053025986626e-02
1.0000000000000000e+00
2.1925249013378334e-01
5.9477851653791736e-01
4.3136024359318986e-02
1.0000000000000000e+00
2.2679321064873648e-01
5.1029555613495181e-01
3.7416420388672128e-02
1.0000000000000000e+00
2.3167642460697380e-01
5.4452472294069598e-01
3.0911462358835712e-02
1.0000000000000000e+00
2.3167642460697380e-01
4.8042805164441238e-01
3.0911462358835712e-02
1.0000000000000000e+00
2.4035528836333242e-01
6.3891702189430366e-01
6.0692759440917149e-02
1.0000000000000000e+00
3.2588553962790456e-01
3.5489433302864204e-01
7.7632444189566746e-02
1.0000000000000000e+00
3.2761076804393952e-01
2.2171853526815544e-01
7.5549550797495618e-02
1.0000000000000000e+00
3.2660289401331966e-01
2.2421448838285873e-01
6.2847568165216222e-02
1.0000000000000000e+00
2.9842613930026118e-01
4.4920448374323318e-01
3.5838823742869869e-02
1.0000000000000000e+00
2.9842613930026118e-01
4.4920448374323318e-01
7.3402348417494073e-02
1.0000000000000000e+00
2.9842613930026118e-01
5.5190633025340508e-01
6.9738911442163959e-02
1.0000000000000000e+00
2.4290141523027842e-01
3.6970594313315819e-01
4.9954444147351756e-02
1.0000000000000000e+00
2.6380544308716480e-01
5.4170241739921043e-01
6.1748531042303517e-02
1.0000000000000000e+00
2.3015327531987850e-01
7.0086260672978828e-01
6.1748531042303517e-02
1.0000000000000000e+00
2.3015327531987850e-01
5.4514875050954292e-01
4.8490041262175515e-02
1.0000000000000000e+00
2.5329206664258663e-01
5.0983055096439789e-01
3.5479195509742573e-02
1.0000000000000000e+00
2.0642360825235073e-01
5.0983055096439789e-01
5.5049409430557722e-02
1.0000000000000000e+00
2.4786848727757160e-01
5.1883184325270126e-01
5.2546257192352647e-02
1.0000000000000000e+00
2.2888685473384385e-01
5.1883184325270126e-01
3.3855910684997076e-02
1.0000000000000000e+00
2.6029536676736598e-01
7.7088187795452545e-01
3.4886831806124979e-02
1.0000000000000000e+00
2.7857986082466368e-01
7.8489943009190033e-01
4.4397095606746012e-02
1.0000000000000000e+00
2.7857986082466368e-01
7.8489943009190033e-01
5.5369366119521202e-03
1.0000000000000000e+00
2.8735555512042765e-01
7.8489943009190033e-01
2.4911350027741724e-02
1.0000000000000000e+00
2.8735555512042765e-01
5.6406657418556283e-01
3.0791086067529255e-02
1.0000000000000000e+00
2.5933450915994172e-01
4.1272137986816237e-01
3.0791086067529255e-02
1.0000000000000000e+00
2.9482303270282273e-01
3.3560781108535598e-01
5.3697577600451046e-02
1.0000000000000000e+00
2.5407710009397988e-01
2.5938217269576858e-01
5.7605290708215767e-02
1.0000000000000000e+00
2.7915350244524006e-01
2.5938217269576858e-01
5.7851457076230878e-02
1.0000000000000000e+00
2.3065468565704350e-01
4.7954206096328567e-01
6.0281921217301720e-02
1.0000000000000000e+00
2.3065468565704350e-01
6.9204802738822768e-01
4.6572782836938137e-02
1.0000000000000000e+00
2.6530697592619390e-01
6.9204802738822768e-01
4.6572782836938137e-02
1.0000000000000000e+00
2.9878731467846364e-01
6.3952542024053405e-01
6.6594483835706347e-02
1.0000000000000000e+00
2.6611335226419897e-01
4.5324301647342513e-01
8.0647809935817355e-02
1.0000000000000000e+00
2.8709532471924604e-01
4.0753753969765971e-01
7.8730795455248886e-02
1.0000000000000000e+00
2.7169836370825351e-01
4.0753753969765971e-01
8.7000416514547402e-02
1.0000000000000000e+00
2.7169836370825351e-01
6.6101815292931865e-01
5.0680244264276558e-02
1.0000000000000000e+00
2.9318111261903823e-01
7.1428994575835536e-01
4.1764854376287991e-02
1.0000000000000000e+00
3.2007751113354743e-01
6.8309720347024272e-01
4.1764854376287991e-02
1.0000000000000000e+00
2.9313364962666810e-01
6.8309720347024272e-01
3.6100666776383156e-02
1.0000000000000000e+00
2.6733848231464208e-01
6.7710311917908261e-01
3.6100666776383156e-02
1.0000000000000000e+00
2.8197597491174520e-01
6.7710311917908261e-01
4.9114719770932430e-02
1.0000000000000000e+00
3.0798612593292773e-01
6.7710311917908261e-01
5.8165671110236877e-02
1.0000000000000000e+00
3.0180080991789282e-01
4.6132373178697894e-01
7.1846075162375206e-02
1.0000000000000000e+00
3.0180080991789282e-01
6.0984924828953813e-01
5.7347488163122767e-02
1.0000000000000000e+00
3.0563512176826180e-01
5.2528795993275712e-01
3.9994182337159151e-02
1.0000000000000000e+00
3.0563512176826180e-01
4.6160840636439393e-01
6.0666234504515165e-02
1.0000000000000000e+00
3.0326152045830668e-01
6.2404275147564481e-01
4.4291860696012014e-02
1.0000000000000000e+00
3.4576743131123067e-01
5.8797277717239926e-01
4.4291860696012014e-02
1.0000000000000000e+00
4.1234634851656438e-01
6.2208257077581952e-01
7.5530092503959173e-02
1.0000000000000000e+00
4.8821079765997411e-01
3.8173183260805676e-01
7.5530092503959173e-02
1.0000000000000000e+00
4.6628637274346829e-01
3.4317461375467251e-01
7.5259992542760307e-02
1.0000000000000000e+00
4.6628637274346829e-01
2.3211763028375576e-01
8.9889010104434425e-02
1.0000000000000000e+00
4.3851006438575268e-01
1.8681815613381336e-01
8.4855215779589349e-02
1.0000000000000000e+00
4.3851006438575268e-01
3.2939560685626934e-01
9.2722703392701084e-02
1.0000000000000000e+00
3.8957150688014508e-01
4.1100360799900959e-01
8.3835501845078403e-02
1.0000000000000000e+00
3.9917946828148843e-01
7.4007030178181599e-01
1.1267354657602482e-01
1.0000000000000000e+00
3.9950315875552178e-01
9.9569448629772528e-01
1.1267354657602482e-01
1.0000000000000000e+00
3.9950315875552178e-01
9.9569448629772528e-01
1.3092014524145271e-01
1.0000000000000000e+00
3.9950315875552178e-01
8.1136925319588049e-01
1.2251151776863481e-01
1.0000000000000000e+00
3.9950315875552178e-01
5.8100795546924933e-01
1.1016619559368337e-01
1.0000000000000000e+00
3.7360242044172765e-01
5.8100795546924933e-01
7.7938496880142344e-02
1.0000000000000000e+00
3.7360242044172765e-01
4.5167852366721495e-01
8.3299056906162156e-02
1.0000000000000000e+00
3.9689304342113019e-01
4.4495298188558086e-01
8.3299056906162156e-02
1.0000000000000000e+00
2.9430411418519498e-01
2.3211837500712140e-01
8.3903974259646935e-02
1.0000000000000000e+00
3.9878851396582604e-01
1.3146185070654615e-01
8.1297749292480154e-02
1.0000000000000000e+00
3.7009204865984202e-01
2.9611989796540006e-01
6.7894416500257654e-02
1.0000000000000000e+00
3.6409233079842807e-01
2.9611989796540006e-01
1.0195200016014497e-01
1.0000000000000000e+00
4.1576366347811700e-01
4.0794300228735669e-01
1.0195200016014497e-01
1.0000000000000000e+00
3.9721256203569055e-01
4.0794300228735669e-01
1.0380479203295181e-01
1.0000000000000000e+00
4.0314300509720624e-01
3.2159009516617520e-01
1.1751396463942002e-01
1.0000000000000000e+00
3.7862695707093508e-01
1.3421203745092503e-01
1.1751396463942002e-01
1.0000000000000000e+00
3.7862695707093508e-01
6.3626854670728794e-01
1.1751396463942002e-01
1.0000000000000000e+00
3.5810700152154595e-01
6.8636452024366013e-01
9.0557290927881701e-02
1.0000000000000000e+00
3.5810700152154595e-01
8.7778873359347931e-01
1.0313408238571356e-01
1.0000000000000000e+00
3.3963222103278667e-01
8.7778873359347931e-01
9.8861447290892107e-02
1.0000000000000000e+00
3.4135619783859283e-01
8.7778873359347931e-01
1.0828038653116892e-01
1.0000000000000000e+00
3.4135619783859283e-01
8.8895500930520943e-01
1.0828038653116892e-01
1.0000000000000000e+00
2.7689115936021835e-01
8.1889197709533623e-01
1.0828038653116892e-01
1.0000000000000000e+00
2.4039430869828493e-01
9.4013376268121651e-01
8.6034405731970770e-02
1.0000000000000000e+00
2.4134842166762382e-01
9.4013376268121651e-01
6.6670095769131882e-02
1.0000000000000000e+00
2.3087036004375250e-01
9.4013376268121651e-01
9.4737090391481621e-02
1.0000000000000000e+00
2.1195606282066137e-01
8.9068642179045132e-01
9.4737090391481621e-02
1.0000000000000000e+00
2.1859913971360356e-01
8.9068642179045132e-01
1.0212411613892983e-01
1.0000000000000000e+00
2.7837793808515698e-01
8.0924985105666569e-01
1.0212411613892983e-01
1.0000000000000000e+00
3.0081985611553819e-01
9.5141241247329167e-01
8.7752403446847899e-02
1.0000000000000000e+00
2.4514488969083459e-01
7.7222753609094075e-01
8.7752403446847899e-02
1.0000000000000000e+00
3.0944407079454095e-01
8.4388997093337825e-01
8.7752403446847899e-02
1.0000000000000000e+00
2.6263993699188859e-01
8.4388997093337825e-01
6.7756156803716300e-02
1.0000000000000000e+00
2.1683521848257215e-01
8.4388997093337825e-01
5.2633628615785716e-02
1.0000000000000000e+00
1.7500729393299252e-01
7.6487554297345928e-01
7.6655768224645732e-02
1.0000000000000000e+00
1.7500729393299252e-01
8.5907874689000896e-01
8.9784590544786630e-02
1.0000000000000000e+00
1.4483277779157788e-01
7.0268235974508575e-01
8.9784590544786630e-02
1.0000000000000000e+00
1.3047535531308085e-01
9.3441192679601959e-01
7.0863372430812893e-02
1.0000000000000000e+00
1.6947431210513741e-01
8.1241198130446723e-01
7.0863372430812893e-02
1.0000000000000000e+00
1.4092465769584805e-01
8.7392391138273529e-01
9.3869331077348767e-02
1.0000000000000000e+00
2.0413475763137967e-01
8.2251721494394592e-01
6.6561835136872111e-02
1.0000000000000000e+00
1.8334607500668199e-01
8.1215925388532928e-01
7.2342372051116405e-02
1.0000000000000000e+00
1.5425405325453312e-01
7.7605620645481399e-01
5.1846551493417797e-02
1.0000000000000000e+00
1.7747630667957992e-01
9.4620212041336349e-01
5.5665736569699226e-02
1.0000000000000000e+00
2.2376432735558183e-01
9.4620212041336349e-01
4.5535760949042020e-02
1.0000000000000000e+00
2.1282488689843149e-01
9.4620212041336349e-01
7.3241813824188290e-02
1.0000000000000000e+00
2.5761117623272867e-01
7.5368777536350540e-01
5.9688948228631494e-02
1.0000000000000000e+00
2.2081266646358699e-01
9.0340124317008308e-01
5.9688948228631494e-02
1.0000000000000000e+00
2.4193894979629249e-01
9.0340124317008308e-01
7.9386998334575770e-02
1.0000000000000000e+00
2.8946602833542556e-01
8.7777708344656280e-01
7.9386998334575770e-02
1.0000000000000000e+00
2.7159445104274482e-01
8.2127666347223571e-01
7.9386998334575770e-02
1.0000000000000000e+00
2.1078776195730597e-01
8.2127666347223571e-01
6.9312986353088496e-02
1.0000000000000000e+00
2.2224634420211942e-01
7.8144473642605594e-01
6.3746079237807868e-02
1.0000000000000000e+00
2.0509692432909787e-01
7.8144473642605594e-01
7.9868927964616893e-02
1.0000000000000000e+00
1.6199178772598088e-01
9.2907308474677852e-01
7.9868927964616893e-02
1.0000000000000000e+00
1.7007823626130403e-01
9.8156045064824871e-01
5.7340039306927798e-02
1.0000000000000000e+00
1.8946204672187150e-01
8.5848142639297298e-01
8.0236960569072840e-02
1.0000000000000000e+00
1.8946204672187150e-01
8.8786089852947048e-01
5.9002455690551875e-02
1.0000000000000000e+00
2.0785213133871139e-01
7.8355252244073204e-01
3.7684224912572978e-02
1.0000000000000000e+00
2.2982069349467338e-01
8.3689483501511863e-01
3.5910735739071248e-02
1.0000000000000000e+00
2.7426531037866653e-01
9.0696950503188423e-01
4.9059462634522794e-02
1.0000000000000000e+00
2.2761713026642383e-01
7.2902364530164054e-01
4.9667581176527170e-02
1.0000000000000000e+00
2.1750484837770045e-01
7.1679388978081993e-01
7.1589940419562487e-02
1.0000000000000000e+00
2.6156219292982996e-01
7.7999903508025459e-01
7.1589940419562487e-02
1.0000000000000000e+00
2.2634950850709856e-01
7.9617504649359039e-01
1.6195629915364412e-02
1.0000000000000000e+00
2.4502135079904974e-01
7.7474504210549644e-01
3.0863943934582500e-02
1.0000000000000000e+00
2.7393713232680739e-01
9.6293954052525810e-01
2.2779300302408961e-02
1.0000000000000000e+00
3.0324699368878782e-01
9.6293954052525810e-01
4.4008136802494852e-02
1.0000000000000000e+00
3.5464755923106850e-01
8.3799265943962387e-01
4.4008136802494852e-02
1.0000000000000000e+00
3.8452977419450463e-01
6.9723559417325309e-01
3.4489358850896684e-02
1.0000000000000000e+00
3.6684461415364922e-01
6.9723559417325309e-01
1.5546567813635198e-02
1.0000000000000000e+00
3.4004802699286074e-01
6.9723559417325309e-01
1.4823961962156323e-02
1.0000000000000000e+00
3.1459173630076975e-01
6.9723559417325309e-01
3.7641537665877023e-03
1.0000000000000000e+00
3.0064035579647452e-01
5.1208817460137657e-01
9.3715440772030034e-03
1.0000000000000000e+00
2.7413433371197016e-01
4.4163095452386192e-01
1.3354297104433505e-02
1.0000000000000000e+00
2.5073064258407385e-01
5.0422582602623156e-01
4.6594596776321856e-02
1.0000000000000000e+00
2.3878953000615866e-01
4.5563554591062716e-01
4.5013128156915633e-02
1.0000000000000000e+00
2.3490075324747295e-01
4.8187193101766757e-01
6.3652599538818327e-02
1.0000000000000000e+00
2.5870019500229091e-01
5.9156097857776335e-01
9.0401989716247050e-02
1.0000000000000000e+00
2.8631098312411041e-01
5.6153362444165400e-01
8.0470181378677813e-02
1.0000000000000000e+00
2.8241583495486111e-01
5.8410130454722098e-01
7.8244896914020506e-02
1.0000000000000000e+00
3.4398046298969120e-01
5.6431894576671771e-01
4.5605144539058534e-02
1.0000000000000000e+00
3.6111672758210034e-01
6.3394579863670519e-01
2.8696556651175348e-02
1.0000000000000000e+00
3.6111672758210034e-01
7.4577985531213931e-01
3.5985648707628576e-02
1.0000000000000000e+00
3.9962019003081650e-01
9.6642252630117587e-01
5.9062857256412832e-02
1.0000000000000000e+00
3.7161604059014053e-01
9.6642252630117587e-01
6.1337244306832878e-02
1.0000000000000000e+00
4.1782421269539327e-01
7.8343269056204012e-01
5.4093986825228063e-02
1.0000000000000000e+00
3.7291107350114316e-01
5.1426404541853121e-01
1.5691310242891637e-02
1.0000000000000000e+00
3.9184547518465251e-01
5.1426404541853121e-01
7.5128890631276646e-03
1.0000000000000000e+00
3.9184547518465251e-01
5.8381293518032185e-01
4.8878874687034168e-03
1.0000000000000000e+00
3.6968962405893535e-01
7.8240409297432056e-01
2.7811102761097578e-02
1.0000000000000000e+00
3.6968962405893535e-01
9.8728845712757907e-01
4.5531744329400686e-02
1.0000000000000000e+00
3.5837102611634464e-01
9.2316133181593618e-01
4.4666768127262918e-02
1.0000000000000000e+00
3.5967294336381883e-01
8.7277015323779783e-01
2.6464459561884729e-02
1.0000000000000000e+00
3.5967294336381883e-01
8.6610176998219690e-01
8.0636896300348426e-04
1.0000000000000000e+00
2.9863816895607442e-01
3.8206326800427637e-01
8.0636896300348426e-04
1.0000000000000000e+00
2.6331275166097612e-01
3.8206326800427637e-01
3.1984495074630109e-02
1.0000000000000000e+00
3.1891555176201791e-01
5.8939616966090402e-01
4.1789757163405744e-02
1.0000000000000000e+00
3.0154914618555040e-01
4.7027573945961199e-01
3.4480016754150716e-02
1.0000000000000000e+00
3.6941755400124521e-01
6.9835745754680834e-01
3.0195931979596941e-02
1.0000000000000000e+00
4.0426722448404462e-01
8.2861704590759477e-01
3.8223450147688715e-02
1.0000000000000000e+00
4.0807402905278423e-01
8.2861704590759477e-01
4.9190135748267499e-02
1.0000000000000000e+00
4.6847995955698707e-01
8.2861704590759477e-01
3.9803246111750928e-02
1.0000000000000000e+00
4.2673784148149707e-01
8.2861704590759477e-01
2.6638232247114507e-02
1.0000000000000000e+00
3.8494612489097335e-01
9.0651905003032884e-01
4.2250203044295637e-02
1.0000000000000000e+00
4.0103167135470130e-01
8.3114544141135416e-01
4.1794873383969394e-02
1.0000000000000000e+00
3.7748863015525558e-01
8.7811756345472536e-01
4.1794873383969394e-02
1.0000000000000000e+00
4.0987875897639015e-01
8.7811756345472536e-01
5.5496947216943232e-02
1.0000000000000000e+00
4.0080126587503173e-01
8.5505345302663049e-01
5.5629553145172400e-02
1.0000000000000000e+00
3.7122761298172691e-01
8.5505345302663049e-01
2.7537385804953379e-02
1.0000000000000000e+00
3.7122761298172691e-01
8.0505110907397470e-01
2.5563270656766696e-02
1.0000000000000000e+00
3.1156821109556176e-01
8.5609625118813715e-01
1.8438937247174186e-02
1.0000000000000000e+00
2.1842791096509018e-01
8.7816462690971098e-01
1.8438937247174186e-02
1.0000000000000000e+00
2.1842791096509018e-01
7.0587208682700298e-01
6.0832017216853329e-03
1.0000000000000000e+00
2.0497917619735517e-01
6.6947754660650394e-01
6.0832017216853329e-03
1.0000000000000000e+00
2.5899355069935837e-01
6.6947754660650394e-01
2.5307426657582260e-02
1.0000000000000000e+00
2.2743717537463226e-01
6.3106947580381534e-01
3.1225592326427437e-02
1.0000000000000000e+00
2.2743717537463226e-01
7.1066510248492709e-01
3.7517645679236017e-02
1.0000000000000000e+00
2.3211388246357956e-01
5.6343575883220187e-01
3.9848297186017595e-02
1.0000000000000000e+00
2.2673572556317367e-01
5.6343575883220187e-01
6.0543577469707094e-02
1.0000000000000000e+00
2.4336984896302738e-01
5.7128114848892442e-01
4.5128727614701353e-02
1.0000000000000000e+00
2.4336984896302738e-01
5.0328330918709985e-01
2.0454252887338958e-02
1.0000000000000000e+00
2.1129961454511204e-01
8.0313790812651864e-01
4.4415386443779431e-02
1.0000000000000000e+00
2.3656956435382881e-01
9.6252175643603555e-01
2.3092470880419574e-02
1.0000000000000000e+00
2.5759609931350269e-01
6.8900399878184548e-01
2.5775627981693111e-02
1.0000000000000000e+00
2.6446053470220932e-01
5.9660490825335732e-01
2.5775627981693111e-02
1.0000000000000000e+00
2.6446053470220932e-01
9.2351287081401101e-01
4.9063390869469009e-02
1.0000000000000000e+00
2.6446053470220932e-01
7.7885275557200662e-01
2.0477279372335039e-02
1.0000000000000000e+00
2.2688869843926796e-01
7.7885275557200662e-01
1.3012266535133682e-02
1.0000000000000000e+00
2.8409512425508865e-01
7.7885275557200662e-01
3.2780816595823131e-02
1.0000000000000000e+00
3.5855105231252082e-01
7.7885275557200662e-01
3.4104951940298639e-02
1.0000000000000000e+00
3.1788868820962080e-01
7.7885275557200662e-01
2.4236400894642435e-02
1.0000000000000000e+00
2.5134226484891542e-01
7.7819774744129977e-01
2.4236400894642435e-02
1.0000000000000000e+00
2.8433578266498216e-01
8.1721016091323695e-01
2.4236400894642435e-02
1.0000000000000000e+00
2.7235960835326978e-01
9.1736992147780261e-01
2.4236400894642435e-02
1.0000000000000000e+00
2.4294176724009731e-01
9.1736992147780261e-01
1.2484858095467649e-02
1.0000000000000000e+00
2.4294176724009731e-01
7.1802313697553477e-01
3.2755295169409337e-04
1.0000000000000000e+00
2.4164988126807430e-01
5.4443335791147551e-01
1.7071991510511003e-02
1.0000000000000000e+00
1.9008025413580754e-01
5.4443335791147551e-01
2.8392051629543863e-02
1.0000000000000000e+00
3.2143391927905895e-01
5.4443335791147551e-01
2.9622829336494766e-02
1.0000000000000000e+00
2.9102046068959453e-01
7.0726024617470107e-01
2.9540820090096537e-02
1.0000000000000000e+00
3.2736685432695367e-01
5.1118774597562155e-01
2.6919304436069075e-02
1.0000000000000000e+00
2.3257277745955207e-01
4.3992587064421973e-01
5.1763308277350012e-02
1.0000000000000000e+00
2.5869607206635692e-01
5.3537686380586824e-01
5.1763308277350012e-02
1.0000000000000000e+00
3.1825096465848901e-01
5.2194545443198881e-01
7.1290181061249319e-02
1.0000000000000000e+00
3.1057492204212167e-01
4.5629493218875727e-01
6.5131439404558483e-02
1.0000000000000000e+00
2.6294124059580781e-01
8.3874934238410792e-01
6.5131439404558483e-02
1.0000000000000000e+00
2.2857575051688173e-01
8.3874934238410792e-01
5.8506334708999935e-02
1.0000000000000000e+00
3.2151681490444162e-01
7.9692823884106478e-01
5.8506334708999935e-02
1.0000000000000000e+00
2.4409036457740285e-01
7.9692823884106478e-01
6.0355778942812327e-02
1.0000000000000000e+00
2.4409036457740285e-01
8.5140112486697039e-01
4.3978471002537850e-02
1.0000000000000000e+00
2.6989171447434046e-01
8.4051113740570149e-01
7.1232793546278123e-02
1.0000000000000000e+00
2.6989171447434046e-01
7.7874237463838658e-01
7.0557378158900980e-02
1.0000000000000000e+00
2.5907160135187723e-01
6.8546207693434558e-01
7.0557378158900980e-02
1.0000000000000000e+00
2.3169882202722647e-01
7.0366668493516049e-01
7.0557378158900980e-02
1.0000000000000000e+00
2.6737708578087904e-01
7.6845513821608624e-01
1.0184171741921091e-01
1.0000000000000000e+00
3.0448276529290297e-01
5.8502085671789250e-01
9.7241760623637680e-02
1.0000000000000000e+00
2.7237464467265227e-01
4.7754987400985560e-01
5.2840956878844741e-02
1.0000000000000000e+00
2.7423253635146239e-01
5.9694723204738698e-01
5.2840956878844741e-02
1.0000000000000000e+00
2.5882231982626536e-01
4.0568121687538228e-01
5.2840956878844741e-02
1.0000000000000000e+00
3.4371320510484793e-01
2.7933848814136586e-01
5.2840956878844741e-02
1.0000000000000000e+00
3.2930176032908776e-01
5.2556130454904637e-01
5.2840956878844741e-02
1.0000000000000000e+00
3.0583990624376156e-01
6.5729043425089917e-01
5.2840956878844741e-02
1.0000000000000000e+00
3.0583990624376156e-01
5.8398591519362530e-01
3.4886382446620706e-02
1.0000000000000000e+00
3.0583990624376156e-01
5.1057292173645696e-01
3.9048971534703020e-02
1.0000000000000000e+00
2.9279694779046395e-01
5.1057292173645696e-01
6.9992506803009752e-02
1.0000000000000000e+00
3.1098834684320309e-01
8.9299869935057363e-01
4.7307589949105028e-02
1.0000000000000000e+00
2.7266637681253769e-01
9.7654121021769247e-01
5.8480891594626938e-03
1.0000000000000000e+00
2.9334440527685501e-01
9.7654121021769247e-01
3.8695305548571979e-03
1.0000000000000000e+00
2.9419107970983305e-01
7.9078201602242193e-01
1.4216677561398688e-02
1.0000000000000000e+00
3.0176078484595337e-01
8.1327133278391561e-01
1.4216677561398688e-02
1.0000000000000000e+00
2.7128382682070651e-01
9.6415536549902758e-01
1.4216677561398688e-02
1.0000000000000000e+00
2.7128382682070651e-01
9.4897380636102757e-01
2.4572348032143060e-02
1.0000000000000000e+00
2.5799784579515972e-01
7.8006747157342038e-01
4.2374349940564576e-02
1.0000000000000000e+00
2.5983112448096790e-01
7.8006747157342038e-01
7.6661685444378291e-03
1.0000000000000000e+00
2.3559518114865341e-01
4.7766341806418500e-01
1.3813463781025354e-02
1.0000000000000000e+00
2.3559518114865341e-01
3.8634935931331715e-01
4.2468806538727227e-02
1.0000000000000000e+00
2.3559518114865341e-01
4.5228221432334981e-01
5.6634121384468022e-02
1.0000000000000000e+00
2.6923654091746130e-01
5.3860029743082127e-01
5.3484187271442357e-02
1.0000000000000000e+00
2.3483302307516851e-01
6.0437707581586442e-01
5.3484187271442357e-02
1.0000000000000000e+00
2.3987308566660204e-01
9.1479852774209580e-01
3.5035718973722402e-02
1.0000000000000000e+00
3.0018279192239561e-01
9.1479852774209580e-01
3.3590692836787645e-02
1.0000000000000000e+00
3.4988013145715513e-01
9.4738240891165337e-01
3.7827370498325769e-02
1.0000000000000000e+00
3.2766584356517114e-01
8.9752111190027795e-01
3.7827370498325769e-02
1.0000000000000000e+00
3.6330420200914659e-01
7.8584862944699130e-01
2.6513378877189103e-02
1.0000000000000000e+00
3.5760560727879920e-01
6.1588439044571719e-01
3.2522809036072436e-02
1.0000000000000000e+00
2.9582421484604993e-01
6.9721036103583178e-01
3.2522809036072436e-02
1.0000000000000000e+00
2.9582421484604993e-01
7.3836707768059573e-01
2.8117443710561935e-02
1.0000000000000000e+00
2.9582421484604993e-01
6.9483231079793772e-01
4.7159389490025211e-02
1.0000000000000000e+00
2.6644417719302282e-01
6.9483231079793772e-01
6.0260477955216635e-02
1.0000000000000000e+00
2.6644417719302282e-01
6.6451748625404439e-01
8.3799439961785543e-02
1.0000000000000000e+00
2.2372178902236328e-01
4.7546048254735074e-01
7.2972689303333033e-02
1.0000000000000000e+00
1.6688131849599586e-01
3.5597345770365796e-01
7.2972689303333033e-02
1.0000000000000000e+00
1.8229733529818759e-01
3.3571628832287392e-01
7.6962085920149553e-02
1.0000000000000000e+00
2.1869916218651042e-01
3.3039472510135970e-01
8.7156034554118383e-02
1.0000000000000000e+00
1.9443751062584624e-01
1.3879130666173300e-01
8.7156034554118383e-02
1.0000000000000000e+00
1.8676357279849753e-01
1.9642713923967681e-01
7.6567736933702696e-02
1.0000000000000000e+00
2.3622733663154349e-01
1.6047639285243354e-01
6.5543911899203527e-02
1.0000000000000000e+00
1.8617541651559577e-01
3.4204102193034491e-01
5.4457842153260577e-02
1.0000000000000000e+00
1.8617541651559577e-01
1.0715731118834815e-01
6.8694209810109902e-02
1.0000000000000000e+00
1.8593212570789319e-01
-1.1334746445500055e-01
9.6331896390529442e-02
1.0000000000000000e+00
1.8176057962494951e-01
-1.0588656480394998e-01
8.9164564516158867e-02
1.0000000000000000e+00
2.2268875343519312e-01
2.6088400529988620e-02
1.1285988720110254e-01
1.0000000000000000e+00
2.2216608176034924e-01
-1.8514086706272748e-02
9.2044644653560687e-02
1.0000000000000000e+00
2.2216608176034924e-01
2.0564320283301685e-02
8.5046728737415839e-02
1.0000000000000000e+00
2.9167226502698895e-01
2.0564320283301685e-02
7.6070927679302264e-02
1.0000000000000000e+00
3.6295360872549054e-01
9.5429400699504230e-02
9.9431701833145786e-02
1.0000000000000000e+00
4.4277968430918691e-01
9.5429400699504230e-02
1.1645262026204364e-01
1.0000000000000000e+00
4.1940079616409776e-01
1.8279551413870654e-01
1.0801467196060913e-01
1.0000000000000000e+00
4.5457972200614449e-01
1.4991800931311450e-01
1.0801467196060913e-01
1.0000000000000000e+00
4.4159702105474707e-01
2.4634309830435130e-02
1.2247388985915678e-01
1.0000000000000000e+00
5.1314467085552451e-01
-1.5503957050823369e-01
1.2247388985915678e-01
1.0000000000000000e+00
5.1314467085552451e-01
1.6092367193778490e-03
9.7253944622116256e-02
1.0000000000000000e+00
5.1314467085552451e-01
1.4763226751529190e-02
8.9276563273506332e-02
1.0000000000000000e+00
4.9759499901932713e-01
1.6052239948912761e-01
8.9276563273506332e-02
1.0000000000000000e+00
5.2888299418640372e-01
2.7093335615500114e-01
1.1454176706238287e-01
1.0000000000000000e+00
5.2888299418640372e-01
1.5581225605710647e-01
1.0801492283562766e-01
1.0000000000000000e+00
5.2888299418640372e-01
2.5564523974462650e-01
9.4239110839316714e-02
1.0000000000000000e+00
5.5414415696662900e-01
1.5200083145900867e-01
1.0410743743623244e-01
1.0000000000000000e+00
5.1573412293595311e-01
1.9558947348996303e-01
1.1047053315187441e-01
1.0000000000000000e+00
5.2169805519309875e-01
2.1082631872995994e-01
1.1011426227842094e-01
1.0000000000000000e+00
5.1971136672449347e-01
2.8145949800527892e-01
1.1346568383951308e-01
1.0000000000000000e+00
5.2996927579891917e-01
3.5071523745573363e-01
1.1346568383951308e-01
1.0000000000000000e+00
4.8829587442827460e-01
3.5071523745573363e-01
1.1346568383951308e-01
1.0000000000000000e+00
4.6306334143531558e-01
2.0654747148073516e-01
1.0888230179180028e-01
1.0000000000000000e+00
4.3812153009724852e-01
2.2195594084478221e-01
1.0624682374973418e-01
1.0000000000000000e+00
3.8292221618843314e-01
2.2195594084478221e-01
1.0624682374973418e-01
1.0000000000000000e+00
3.7424094216925141e-01
2.0858139517076824e-02
1.0099798378278138e-01
1.0000000000000000e+00
3.7424094216925141e-01
2.8361237120843730e-01
1.0283375981007339e-01
1.0000000000000000e+00
3.6195289982509848e-01
1.6320745346165499e-01
1.0283375981007339e-01
1.0000000000000000e+00
2.8211064716828105e-01
1.2189400168426845e-02
1.0637962895189049e-01
1.0000000000000000e+00
3.2063720164381948e-01
2.1549696919537387e-01
1.2759227568958523e-01
1.0000000000000000e+00
2.9848368813776460e-01
2.1549696919537387e-01
9.1263725261433143e-02
1.0000000000000000e+00
2.4815006902002779e-01
3.0223547832138142e-01
1.1040918792341473e-01
1.0000000000000000e+00
2.4815006902002779e-01
2.6416484990186295e-01
1.1040918792341473e-01
1.0000000000000000e+00
1.9704078578882900e-01
1.8187609293527207e-01
1.2243279053573133e-01
1.0000000000000000e+00
1.8603518673711505e-01
1.8187609293527207e-01
1.1854738544125212e-01
1.0000000000000000e+00
2.1768187799983707e-01
2.0481714212364754e-01
1.1912436026532305e-01
1.0000000000000000e+00
1.8221940541201320e-01
1.5849136912293038e-01
1.0430284158710493e-01
1.0000000000000000e+00
1.9455482157439974e-01
6.8295787805982444e-02
1.1378450726542724e-01
1.0000000000000000e+00
2.4878218861789492e-01
-2.1400962238840249e-02
8.9352527050414216e-02
1.0000000000000000e+00
2.4944582516121727e-01
-1.2603184229665199e-01
1.0557286569301141e-01
1.0000000000000000e+00
3.2484424048828942e-01
1.7716487103170953e-01
1.0557286569301141e-01
1.0000000000000000e+00
3.3010369846391541e-01
4.0735723429388604e-01
1.0557286569301141e-01
1.0000000000000000e+00
3.3010369846391541e-01
5.4226401054329476e-01
1.2119245098356260e-01
1.0000000000000000e+00
3.9343429477679592e-01
4.5897516959375939e-01
1.2090249525417676e-01
1.0000000000000000e+00
3.8230739189106089e-01
2.2388974183268151e-01
1.1757108851370504e-01
1.0000000000000000e+00
3.8972787307369572e-01
3.2702795767254433e-01
1.1757108851370504e-01
1.0000000000000000e+00
3.8972787307369572e-01
4.1294595950312218e-01
1.2612399767303942e-01
1.0000000000000000e+00
3.5713471593129498e-01
4.1294595950312218e-01
1.1005360196495531e-01
1.0000000000000000e+00
3.5320821432190996e-01
5.8917767160601220e-01
1.1750616534764050e-01
1.0000000000000000e+00
3.9357744185048205e-01
7.1073156573838792e-01
1.1750616534764050e-01
1.0000000000000000e+00
3.9376433548835621e-01
6.9671052160701952e-01
9.5536681182329636e-02
1.0000000000000000e+00
3.7426952255276547e-01
8.6965201261482439e-01
9.5536681182329636e-02
1.0000000000000000e+00
3.6175497976449833e-01
7.0664837422809801e-01
1.0756899631733177e-01
1.0000000000000000e+00
2.9340345022586689e-01
6.2918387564859590e-01
1.1384691839257358e-01
1.0000000000000000e+00
2.8703127644342885e-01
6.2667371264687977e-01
1.1433572368614478e-01
1.0000000000000000e+00
2.9427762638164268e-01
8.5051211646787128e-01
1.0599665576510234e-01
1.0000000000000000e+00
2.9427762638164268e-01
8.5051211646787128e-01
1.0337238595739109e-01
1.0000000000000000e+00
2.9427762638164268e-01
9.6408010951272449e-01
1.0773708228871329e-01
1.0000000000000000e+00
2.5192693184447990e-01
8.5444204953528247e-01
9.4389436998517345e-02
1.0000000000000000e+00
2.5348916213346229e-01
9.0442686972237429e-01
9.4389436998517345e-02
1.0000000000000000e+00
2.1098909090591178e-01
9.1891352717793784e-01
6.9637529783994984e-02
1.0000000000000000e+00
2.1098909090591178e-01
8.9042637010134063e-01
6.9637529783994984e-02
1.0000000000000000e+00
2.2030260023979054e-01
8.9042637010134063e-01
8.3612811983675789e-02
1.0000000000000000e+00
2.0553249755261049e-01
9.5645454551122389e-01
8.3612811983675789e-02
1.0000000000000000e+00
2.3420260363576517e-01
8.0992596621654234e-01
8.3612811983675789e-02
1.0000000000000000e+00
3.1456959137079821e-01
7.0822966869018278e-01
8.3612811983675789e-02
1.0000000000000000e+00
3.4630919416753159e-01
7.0822966869018278e-01
7.0133346132115554e-02
1.0000000000000000e+00
3.4630919416753159e-01
8.4911334167263708e-01
7.2472245897279214e-02
1.0000000000000000e+00
2.6376243849603043e-01
8.4911334167263708e-01
9.3382769336221833e-02
1.0000000000000000e+00
2.8041213544287302e-01
8.4911334167263708e-01
1.0039573100139024e-01
1.0000000000000000e+00
2.3016153721340515e-01
7.3189093570254049e-01
1.0039573100139024e-01
1.0000000000000000e+00
2.5449870739333846e-01
7.6032737295172415e-01
1.1336410634894492e-01
1.0000000000000000e+00
2.5521733917497613e-01
7.6032737295172415e-01
9.7615972466064710e-02
1.0000000000000000e+00
3.2968363937192180e-01
7.1284636507771215e-01
1.0907871120352866e-01
1.0000000000000000e+00
3.2968363937192180e-01
9.0749139736435613e-01
7.9197966798437852e-02
1.0000000000000000e+00
3.3123225931279876e-01
9.0749139736435613e-01
1.0953251768578412e-01
1.0000000000000000e+00
3.3965344567053535e-01
8.7929658989451132e-01
7.8910065188301820e-02
1.0000000000000000e+00
3.2082920361511924e-01
8.3407349537155828e-01
7.8910065188301820e-02
1.0000000000000000e+00
2.8331503857128837e-01
9.4610499988339147e-01
7.8910065188301820e-02
1.0000000000000000e+00
2.8331503857128837e-01
9.4197231742582521e-01
1.0020807552709812e-01
1.0000000000000000e+00
2.8331503857128837e-01
7.4311892899713716e-01
1.0020807552709812e-01
1.0000000000000000e+00
2.8113871757608422e-01
8.8707228216371736e-01
1.1214718483015532e-01
1.0000000000000000e+00
2.6901895218264826e-01
9.6110864940128526e-01
9.7702435959126893e-02
1.0000000000000000e+00
2.9397161901664504e-01
7.4807536068401537e-01
9.5504024807360116e-02
1.0000000000000000e+00
2.6848489456546076e-01
7.4807536068401537e-01
1.1114064643252278e-01
1.0000000000000000e+00
2.2020092458200224e-01
7.4807536068401537e-01
1.1107752965390319e-01
1.0000000000000000e+00
2.2020092458200224e-01
7.2244457366905412e-01
9.1382199242707435e-02
1.0000000000000000e+00
2.4235672727894553e-01
6.9300944569549761e-01
9.1382199242707435e-02
1.0000000000000000e+00
2.5803894634094604e-01
6.9300944569549761e-01
8.4776783637698833e-02
1.0000000000000000e+00
2.5803894634094604e-01
8.4149135790794394e-01
8.8406290203329269e-02
1.0000000000000000e+00
2.5480413265262314e-01
7.9078385747998259e-01
6.4980636626478377e-02
1.0000000000000000e+00
2.7579804710779854e-01
8.8998064167826674e-01
7.3105056114491168e-02
1.0000000000000000e+00
2.7579804710779854e-01
9.1722927756636641e-01
5.0262376243244949e-02
1.0000000000000000e+00
2.9211219601069160e-01
9.1722927756636641e-01
7.6541890433054510e-02
1.0000000000000000e+00
4.0504740752015778e-01
9.1722927756636641e-01
7.6541890433054510e-02
1.0000000000000000e+00
4.3921204112206169e-01
7.6907653875678084e-01
7.7636053479272965e-02
1.0000000000000000e+00
4.2328550867472359e-01
9.9048340089648268e-01
7.7636053479272965e-02
1.0000000000000000e+00
4.4879567451511093e-01
9.7000629410176775e-01
7.2255192949432973e-02
1.0000000000000000e+00
4.7068142160509296e-01
8.9639698296814463e-01
7.2255192949432973e-02
1.0000000000000000e+00
4.3218790265467533e-01
8.2512335807114146e-01
6.5454835231412295e-02
1.0000000000000000e+00
4.4084441466924318e-01
6.2705532882391712e-01
6.5454835231412295e-02
1.0000000000000000e+00
4.4623486456197270e-01
6.2705532882391712e-01
7.1884281626898888e-02
1.0000000000000000e+00
4.6719995458346375e-01
6.2705532882391712e-01
3.1025786286681983e-02
1.0000000000000000e+00
4.6719995458346375e-01
5.0482403535424969e-01
2.8501815263643954e-02
1.0000000000000000e+00
4.6719995458346375e-01
7.1514463752537272e-01
8.9198701162786220e-03
1.0000000000000000e+00
4.5338603426438340e-01
7.7944171570270560e-01
3.6479197077915165e-02
1.0000000000000000e+00
3.9263098631721505e-01
7.7944171570270560e-01
5.0378378116056416e-02
1.0000000000000000e+00
4.0140839797180661e-01
7.6797833528398773e-01
5.0378378116056416e-02
1.0000000000000000e+00
3.8077200602941730e-01
8.4967020388721726e-01
5.0378378116056416e-02
1.0000000000000000e+00
3.3454444471948364e-01
6.6661563750385544e-01
5.0378378116056416e-02
1.0000000000000000e+00
2.6108720552377918e-01
6.2030494447826645e-01
5.2961452732324693e-02
1.0000000000000000e+00
2.8862727226891138e-01
8.6104935456096432e-01
7.7937875742554757e-02
1.0000000000000000e+00
2.8105664232947447e-01
8.6104935456096432e-01
7.7937875742554757e-02
1.0000000000000000e+00
2.8105664232947447e-01
9.5041709441720745e-01
6.4715085419356916e-02
1.0000000000000000e+00
2.2605195341833451e-01
9.7568986240803501e-01
6.4715085419356916e-02
1.0000000000000000e+00
1.8846832055800178e-01
9.7568986240803501e-01
6.5066372843921277e-02
1.0000000000000000e+00
1.5707188079335310e-01
9.7568986240803501e-01
6.4603705293029640e-02
1.0000000000000000e+00
1.5707188079335310e-01
8.9460717795445821e-01
6.3102417959362361e-02
1.0000000000000000e+00
1.7817821705915549e-01
8.9460717795445821e-01
7.7025750985831115e-02
1.0000000000000000e+00
1.7817821705915549e-01
8.7323688996984861e-01
7.8703648744613025e-02
1.0000000000000000e+00
2.0574530193783858e-01
8.7505597157432935e-01
8.1519757731348369e-02
1.0000000000000000e+00
2.0467706470020630e-01
7.7248260660126111e-01
6.7576513959556911e-02
1.0000000000000000e+00
2.1687417713195600e-01
7.7248260660126111e-01
6.6406842422202322e-02
1.0000000000000000e+00
2.5813978773743429e-01
6.2992015762283704e-01
6.5926149559436459e-02
1.0000000000000000e+00
2.7325508932784714e-01
4.9066320342972181e-01
7.9675956701157707e-02
1.0000000000000000e+00
2.7325508932784714e-01
4.9066320342972181e-01
6.4468456271333713e-02
1.0000000000000000e+00
3.1369138512030759e-01
5.8657179309084317e-01
7.7595706868214626e-02
1.0000000000000000e+00
3.4467184360340752e-01
6.5750534368708036e-01
6.7170069392068404e-02
1.0000000000000000e+00
3.4467184360340752e-01
8.1583043469145200e-01
5.0840095455987472e-02
1.0000000000000000e+00
3.4467184360340752e-01
7.2815642787172696e-01
4.8318864151133317e-02
1.0000000000000000e+00
3.6420275460199036e-01
7.7248552722885511e-01
5.1521743021203298e-02
1.0000000000000000e+00
3.6420275460199036e-01
8.1195355860545537e-01
5.1095743968380708e-02
1.0000000000000000e+00
3.4549930135921159e-01
9.6956172494246862e-01
5.8097244545115251e-02
1.0000000000000000e+00
3.2855554114297547e-01
8.0376455096557042e-01
2.2168161186618823e-02
1.0000000000000000e+00
3.2855554114297547e-01
8.0376455096557042e-01
4.8417925673766155e-02
1.0000000000000000e+00
3.0035609941199937e-01
8.6481309218361280e-01
1.5976747337026614e-02
1.0000000000000000e+00
2.3031803456336775e-01
8.6481309218361280e-01
2.1154161796403115e-03
1.0000000000000000e+00
2.2242058863133707e-01
8.1758819056703946e-01
1.1660614821357745e-02
1.0000000000000000e+00
1.7795937557906427e-01
8.2941600216581723e-01
1.1660614821357745e-02
1.0000000000000000e+00
1.5516235077024021e-01
8.3165793402149579e-01
5.7878660291862671e-03
1.0000000000000000e+00
1.6385508005708971e-01
8.5989323539688489e-01
1.2433948300076741e-02
1.0000000000000000e+00
1.6385508005708971e-01
8.4370409047260186e-01
2.6402858390702028e-02
1.0000000000000000e+00
1.8592655522019186e-01
8.4370409047260186e-01
9.2971635304820721e-03
1.0000000000000000e+00
1.7323174842834987e-01
8.4370409047260186e-01
2.7589381460620649e-02
1.0000000000000000e+00
1.1662700682148852e-01
8.4370409047260186e-01
1.5009893823935277e-02
1.0000000000000000e+00
1.5445927719787278e-01
6.8868920860841176e-01
1.5009893823935277e-02
1.0000000000000000e+00
1.6110628380641856e-01
6.8868920860841176e-01
1.0225524914039857e-02
1.0000000000000000e+00
1.6110628380641856e-01
5.2729437222733400e-01
1.0225524914039857e-02
1.0000000000000000e+00
1.8804134338364520e-01
3.7441900095000169e-01
9.0894418745847416e-03
1.0000000000000000e+00
1.8804134338364520e-01
3.9862270003213784e-01
4.9901887679061480e-02
1.0000000000000000e+00
2.4975270315275111e-01
3.9862270003213784e-01
6.7987814217394776e-02
1.0000000000000000e+00
2.9119063451156535e-01
3.9974252299434743e-01
6.7987814217394776e-02
1.0000000000000000e+00
2.8847425759971657e-01
6.0523749307758412e-01
7.7371593236512132e-02
1.0000000000000000e+00
3.2521744028866806e-01
7.0674820409185490e-01
3.7013603046125360e-02
1.0000000000000000e+00
3.3683024582654753e-01
8.6482540403521857e-01
3.7013603046125360e-02
1.0000000000000000e+00
3.5509880867988386e-01
6.2494093437708220e-01
6.8425681884946299e-03
1.0000000000000000e+00
3.5640731841061779e-01
4.8863733445323310e-01
6.8425681884946299e-03
1.0000000000000000e+00
3.9741302296255299e-01
4.8863733445323310e-01
4.1634687825626321e-02
1.0000000000000000e+00
3.9741302296255299e-01
3.1059201692260108e-01
5.2727218621930666e-02
1.0000000000000000e+00
3.6690712548528381e-01
3.9042997990763983e-01
6.9217748437131382e-02
1.0000000000000000e+00
3.5542926486317583e-01
3.9042997990763983e-01
7.3133069984669424e-02
1.0000000000000000e+00
3.7896123263720938e-01
2.9085662846482596e-01
8.1752379736917652e-02
1.0000000000000000e+00
3.5191599806506701e-01
3.5697740201867423e-01
5.3900096877532638e-02
1.0000000000000000e+00
3.7093484183509418e-01
4.2906530086911521e-01
5.2814910151118971e-02
1.0000000000000000e+00
3.1412391891439029e-01
3.3069464915461144e-01
5.2814910151118971e-02
1.0000000000000000e+00
2.6955968295891353e-01
4.4372231864399514e-01
5.2814910151118971e-02
1.0000000000000000e+00
2.2793766451735564e-01
6.1314236723846993e-01
6.7949456125552393e-02
1.0000000000000000e+00
2.5680765477676459e-01
8.4147293564892611e-01
6.7949456125552393e-02
1.0000000000000000e+00
3.1169951302666732e-01
7.5485536155320010e-01
5.4005739241893030e-02
1.0000000000000000e+00
3.1169951302666732e-01
9.4103794616676173e-01
4.7040303899029828e-02
1.0000000000000000e+00
3.2456782800812789e-01
7.5155267936206660e-01
3.9681958695928193e-02
1.0000000000000000e+00
3.1049894882102080e-01
7.9864258390880427e-01
5.2380108935813047e-02
1.0000000000000000e+00
3.5711933267970153e-01
6.4891666990733943e-01
5.2380108935813047e-02
1.0000000000000000e+00
3.9927023431022235e-01
7.7724957444734177e-01
5.4043837320114113e-02
1.0000000000000000e+00
3.7815214847881862e-01
7.8545077868766389e-01
6.7332933154011704e-02
1.0000000000000000e+00
3.7815214847881862e-01
8.2479113295703432e-01
7.3824251499081589e-02
1.0000000000000000e+00
3.6471310039718219e-01
7.0693813219695589e-01
3.5794070418978668e-02
1.0000000000000000e+00
3.6271915413175293e-01
6.5885985504864952e-01
4.5568232853020169e-02
1.0000000000000000e+00
3.8942878335450359e-01
6.5885985504864952e-01
4.7396800909245945e-02
1.0000000000000000e+00
3.1550566587333151e-01
6.3142463054537079e-01
5.4998932369107939e-02
1.0000000000000000e+00
3.3673090688620277e-01
5.7001012053369782e-01
3.3274555541629530e-02
1.0000000000000000e+00
3.8470877907906242e-01
7.2883885588526032e-01
2.6479026963988878e-02
1.0000000000000000e+00
4.2140351809297272e-01
7.7125759657501480e-01
2.3969106106142141e-02
1.0000000000000000e+00
4.2436091220673688e-01
7.7125759657501480e-01
1.7374605048735253e-02
1.0000000000000000e+00
3.9158347054120668e-01
9.2908961933135292e-01
1.7374605048735253e-02
1.0000000000000000e+00
3.6297272509631284e-01
9.7933242332219383e-01
1.1742162160862796e-02
1.0000000000000000e+00
3.7280629194077619e-01
9.7933242332219383e-01
1.0885363145553134e-02
1.0000000000000000e+00
3.5671453541812070e-01
9.8778442155598900e-01
1.0885363145553134e-02
1.0000000000000000e+00
3.5005376665588983e-01
9.8778442155598900e-01
3.9077875836574100e-02
1.0000000000000000e+00
3.3408227740522989e-01
9.6565192241250775e-01
3.6919891069464944e-02
1.0000000000000000e+00
2.9290755643245348e-01
9.4942748967587254e-01
3.6919891069464944e-02
1.0000000000000000e+00
2.2377750548270114e-01
9.4942748967587254e-01
6.3401359299950860e-02
1.0000000000000000e+00
2.2905750098374256e-01
6.4592637542664311e-01
6.3401359299950860e-02
1.0000000000000000e+00
2.6073443229046234e-01
7.9200604233919880e-01
5.9131218286984227e-02
1.0000000000000000e+00
2.5095610963848003e-01
8.4935508344351551e-01
6.7300251385950111e-02
1.0000000000000000e+00
2.8030758994367488e-01
9.5097495943336985e-01
6.7300251385950111e-02
1.0000000000000000e+00
2.6533656954501339e-01
9.5097495943336985e-01
6.1812142542385123e-02
1.0000000000000000e+00
2.6533656954501339e-01
9.8318198651104471e-01
6.1016261278473399e-02
1.0000000000000000e+00
3.1741383965794512e-01
9.8318198651104471e-01
4.4226945078753493e-02
1.0000000000000000e+00
3.5313281128850349e-01
9.8318198651104471e-01
5.0624342336141132e-02
1.0000000000000000e+00
3.9366512457576164e-01
8.9917844675510428e-01
7.2500546396531723e-02
1.0000000000000000e+00
3.9366512457576164e-01
9.8107944197981856e-01
8.4671902403988503e-02
1.0000000000000000e+00
3.5555363903489479e-01
9.8107944197981856e-01
8.8023626179256104e-02
1.0000000000000000e+00
3.3068755167272457e-01
9.8107944197981856e-01
9.0982103537589870e-02
1.0000000000000000e+00
3.4587218138125309e-01
9.0048511840432188e-01
7.8278671767384372e-02
1.0000000000000000e+00
3.5248606922772296e-01
9.0048511840432188e-01
8.0331703465253673e-02
1.0000000000000000e+00
3.4090992054638036e-01
9.0048511840432188e-01
7.6658945115104876e-02
1.0000000000000000e+00
4.0397964409288534e-01
9.0048511840432188e-01
6.0421905996099673e-02
1.0000000000000000e+00
4.3012702177014717e-01
9.0048511840432188e-01
5.6002224379972182e-02
1.0000000000000000e+00
4.5172251429261223e-01
9.0489396594493887e-01
6.1302892448202334e-02
1.0000000000000000e+00
4.1989021789134995e-01
9.7696683697431586e-01
6.5568939483546279e-02
1.0000000000000000e+00
4.1317619750128642e-01
9.7696683697431586e-01
7.8564104324959777e-02
1.0000000000000000e+00
3.5918825952188627e-01
9.7018688965617916e-01
8.1173260629930161e-02
1.0000000000000000e+00
3.5918825952188627e-01
9.6606111947476170e-01
6.2508081019677780e-02
1.0000000000000000e+00
3.4121572593079463e-01
9.6606111947476170e-01
7.2851026364423893e-02
1.0000000000000000e+00
3.1348531314955608e-01
8.9661353129922650e-01
7.2851026364423893e-02
1.0000000000000000e+00
3.1348531314955608e-01
9.5162880282878182e-01
6.9916305997230671e-02
1.0000000000000000e+00
3.3199524314926521e-01
9.0397356894827685e-01
6.9916305997230671e-02
1.0000000000000000e+00
2.9576815472768203e-01
8.9069247317529521e-01
5.7204764270045422e-02
1.0000000000000000e+00
2.9215980175735012e-01
8.8215469640708766e-01
2.9215896435835026e-02
1.0000000000000000e+00
2.9555375961439267e-01
8.8215469640708766e-01
3.6961379729291421e-03
1.0000000000000000e+00
2.2679678996877328e-01
9.5665025782800517e-01
3.7311462619163654e-02
1.0000000000000000e+00
1.8043792148904458e-01
9.5237677429831824e-01
3.7311462619163654e-02
1.0000000000000000e+00
1.4917017700003044e-01
9.5237677429831824e-01
3.9838185467579029e-02
1.0000000000000000e+00
2.0178347820268527e-01
9.7552607652760348e-01
3.9838185467579029e-02
1.0000000000000000e+00
2.0178347820268527e-01
9.6607439757353863e-01
4.1223644212641380e-02
1.0000000000000000e+00
2.0059501001463786e-01
9.0239926219946942e-01
4.6220322538920305e-02
1.0000000000000000e+00
2.0059501001463786e-01
8.8204329998261533e-01
4.6220322538920305e-02
1.0000000000000000e+00
1.5284814307318584e-01
8.8204329998261533e-01
4.6220322538920305e-02
1.0000000000000000e+00
1.7482426384316341e-01
8.8204329998261533e-01
9.0242693469008428e-03
1.0000000000000000e+00
2.0279155665861026e-01
8.5462135241396031e-01
2.1679247896008752e-02
1.0000000000000000e+00
2.0279155665861026e-01
8.4144270584947667e-01
3.6450042323031090e-02
1.0000000000000000e+00
2.0279155665861026e-01
7.1079943764270870e-01
2.3910038339727185e-02
1.0000000000000000e+00
2.9490445967616097e-01
6.2255794245065776e-01
5.8120061809950135e-02
1.0000000000000000e+00
2.9489172290863053e-01
5.9123039680780498e-01
3.8401995952062867e-02
1.0000000000000000e+00
2.9489172290863053e-01
7.2013701374889938e-01
5.7790109122925065e-02
1.0000000000000000e+00
2.9489172290863053e-01
7.2244357892559496e-01
7.1288149039082788e-02
1.0000000000000000e+00
3.4785211371575997e-01
7.5304334999309508e-01
7.0632434034541808e-02
1.0000000000000000e+00
3.4785211371575997e-01
7.0591367424713103e-01
7.0644301994525455e-02
1.0000000000000000e+00
4.2179823113923476e-01
6.1399672569023100e-01
7.0644301994525455e-02
1.0000000000000000e+00
3.5710634483342574e-01
8.1135039792643515e-01
4.0101265235625766e-02
1.0000000000000000e+00
3.5710634483342574e-01
7.6518971116529433e-01
7.7882684468113444e-02
1.0000000000000000e+00
3.4443716082108722e-01
7.3275361598716704e-01
8.4933921861284040e-02
1.0000000000000000e+00
3.8443198177350268e-01
8.6807284706519572e-01
8.4933921861284040e-02
1.0000000000000000e+00
4.0561220917237506e-01
7.7500976824449030e-01
6.8041073324911855e-02
1.0000000000000000e+00
3.8978213007879958e-01
8.1731451132582156e-01
6.8041073324911855e-02
1.0000000000000000e+00
3.4218559629601941e-01
8.7434567340897051e-01
7.4877635276698135e-02
1.0000000000000000e+00
3.1588194734734998e-01
7.5925828346298663e-01
5.9595581310622953e-02
1.0000000000000000e+00
3.1588194734734998e-01
8.6461354063139884e-01
6.7170477638774179e-02
1.0000000000000000e+00
2.5766486890000806e-01
8.8976030254052607e-01
6.7170477638774179e-02
1.0000000000000000e+00
2.5697761797431440e-01
4.3847909772084681e-01
6.7170477638774179e-02
1.0000000000000000e+00
2.7493744925681085e-01
4.9700799414204089e-01
6.7170477638774179e-02
1.0000000000000000e+00
2.6050665648739368e-01
6.5941823848770587e-01
6.4001266079776548e-02
1.0000000000000000e+00
2.4766271049242050e-01
9.8849873633371321e-01
6.4001266079776548e-02
1.0000000000000000e+00
2.3487393884073526e-01
9.8849873633371321e-01
6.3629913310342096e-02
1.0000000000000000e+00
2.1567698847587735e-01
9.3823665396557776e-01
7.0200964043669961e-02
1.0000000000000000e+00
2.7171912510033280e-01
9.5971716397689311e-01
7.2488203578450344e-02
1.0000000000000000e+00
2.7171912510033280e-01
7.3174764045761553e-01
7.2721204013851098e-02
1.0000000000000000e+00
2.4907286372121007e-01
7.6107209564434020e-01
4.7383856718715839e-02
1.0000000000000000e+00
2.4595267954367728e-01
6.2075344861732451e-01
3.7992470656809024e-02
1.0000000000000000e+00
2.4595267954367728e-01
6.9367726535783736e-01
1.6398616592687182e-02
1.0000000000000000e+00
2.4595267954367728e-01
4.3063499887721268e-01
1.6398616592687182e-02
1.0000000000000000e+00
2.6886446098882288e-01
5.9207023789422242e-01
1.3708261299234442e-02
1.0000000000000000e+00
2.0397929544645876e-01
6.2432158102528779e-01
1.0581283356350474e-02
1.0000000000000000e+00
1.5384715120393366e-01
5.6008222808377472e-01
3.6170333266545646e-02
1.0000000000000000e+00
1.5384715120393366e-01
3.0795335878865449e-01
1.3023746773887984e-02
1.0000000000000000e+00
1.8382677692073912e-01
3.0795335878865449e-01
4.4527191777069680e-02
1.0000000000000000e+00
2.0196568290788264e-01
4.5370379572050301e-01
3.9645948555607907e-02
1.0000000000000000e+00
2.2531885164875121e-01
4.5370379572050301e-01
8.6797827963073365e-02
1.0000000000000000e+00
2.2531885164875121e-01
9.2561541234390465e-01
7.5365234740365855e-02
1.0000000000000000e+00
1.9068294274705977e-01
8.3319448416368691e-01
9.0675197184373252e-02
1.0000000000000000e+00
1.9068294274705977e-01
6.3513029289679257e-01
9.0675197184373252e-02
1.0000000000000000e+00
1.9430428673598499e-01
5.4534820390181271e-01
7.8463668111999146e-02
1.0000000000000000e+00
2.1880146605047912e-01
3.2776081671254365e-01
7.8463668111999146e-02
1.0000000000000000e+00
2.5163641129705638e-01
4.7512111176984040e-01
6.2441930283148400e-02
1.0000000000000000e+00
2.5987308775160045e-01
5.0385839624577788e-01
5.6945018578608148e-02
1.0000000000000000e+00
2.8476485912773342e-01
5.0385839624577788e-01
5.6945018578608148e-02
1.0000000000000000e+00
2.6256881584498615e-01
4.8407441882663993e-01
4.0512764003415219e-02
1.0000000000000000e+00
2.5641151494431824e-01
6.8395347653204230e-01
4.0512764003415219e-02
1.0000000000000000e+00
2.8618039074439139e-01
5.1677695049220351e-01
1.8349415730972402e-02
1.0000000000000000e+00
2.8505301300987185e-01
5.9744507672512559e-01
5.7489584351969880e-03
1.0000000000000000e+00
2.6888367172881544e-01
5.9744507672512559e-01
6.8384276811320893e-02
1.0000000000000000e+00
2.6888367172881544e-01
6.9962283990025798e-02
8.0568221506018750e-02
1.0000000000000000e+00
2.7016746800012470e-01
2.1961237902069120e-01
4.9048109204795770e-02
1.0000000000000000e+00
2.8368463914461017e-01
4.3095530050122766e-01
3.9117060826447420e-02
1.0000000000000000e+00
3.0966156150765300e-01
4.3095530050122766e-01
6.2664812655475549e-02
1.0000000000000000e+00
2.1359930827833296e-01
4.5240704568350343e-01
6.2597135648593399e-02
1.0000000000000000e+00
2.1359930827833296e-01
4.6448357256376771e-01
3.2894492716059182e-02
1.0000000000000000e+00
1.4033009007192732e-01
7.2656189503395585e-01
3.2894492716059182e-02
1.0000000000000000e+00
1.4033009007192732e-01
6.4383379877908742e-01
4.3229879446789715e-02
1.0000000000000000e+00
2.3642207204915167e-01
6.7146155001028096e-01
4.3229879446789715e-02
1.0000000000000000e+00
2.3429925961039544e-01
5.0783362561269318e-01
3.4369300686284993e-02
1.0000000000000000e+00
2.3429925961039544e-01
3.2411723719342267e-01
2.1472951032683346e-02
1.0000000000000000e+00
2.3429925961039544e-01
1.1448628218277013e-01
1.3262125298842881e-02
1.0000000000000000e+00
2.2455794306091548e-01
-2.0056885718004192e-01
1.7817768834993336e-02
1.0000000000000000e+00
2.3842564260206700e-01
-2.1653977459864104e-01
4.8388643756970856e-02
1.0000000000000000e+00
2.3842564260206700e-01
-7.8301659649805511e-01
5.6671579935118649e-02
1.0000000000000000e+00
2.4463945848486901e-01
-9.5014837807611907e-01
3.3807225160762761e-02
1.0000000000000000e+00
2.4463945848486901e-01
-7.5731483525232757e-01
3.6704621029548440e-02
1.0000000000000000e+00
2.1980355342469693e-01
-7.5731483525232757e-01
3.6120598480101768e-02
1.0000000000000000e+00
1.9383933662987829e-01
-7.5731483525232757e-01
2.8490018375214282e-02
1.0000000000000000e+00
1.9383933662987829e-01
-8.8007798841790641e-01
1.3237743914123717e-02
1.0000000000000000e+00
2.0410013839222074e-01
-8.1967149353222335e-01
1.2157432544972840e-02
1.0000000000000000e+00
2.0238539285577417e-01
-7.9504588855998004e-01
2.6397154476489965e-02
1.0000000000000000e+00
2.1446950256444097e-01
-7.2149520231978381e-01
3.3035086277868692e-02
1.0000000000000000e+00
3.0485503573521555e-01
-8.1452018632189715e-01
3.0289719622578565e-02
1.0000000000000000e+00
2.1674787451132715e-01
-9.1316557307363833e-01
3.0289719622578565e-02
1.0000000000000000e+00
3.0221497558608235e-01
-9.1316557307363833e-01
2.1476118635382596e-02
1.0000000000000000e+00
2.8370079875543297e-01
-6.6450997166903103e-01
3.3071290664338504e-03
1.0000000000000000e+00
2.6272497617259205e-01
-4.2051692101740623e-01
3.3071290664338504e-03
1.0000000000000000e+00
2.6272497617259205e-01
-2.6399067770325924e-01
1.8716425444927159e-02
1.0000000000000000e+00
2.7404189307793558e-01
-3.8565465788924480e-01
2.1285109497603122e-02
1.0000000000000000e+00
2.9852023825600327e-01
-5.4763951878630901e-01
3.2499742969866935e-02
1.0000000000000000e+00
2.9852023825600327e-01
-7.9134713466846729e-01
2.4028675906356517e-02
1.0000000000000000e+00
2.7235560971979567e-01
-9.1769081707680011e-01
2.4028675906356517e-02
1.0000000000000000e+00
2.5371057182286449e-01
-9.3507873620474125e-01
2.4028675906356517e-02
1.0000000000000000e+00
2.5371057182286449e-01
-7.3289306815349842e-01
1.6705992594324981e-03
1.0000000000000000e+00
2.3024770818386742e-01
-7.3289306815349842e-01
1.3715883061286155e-02
1.0000000000000000e+00
1.5475423607944094e-01
-5.1790602858745838e-01
4.2349593340987313e-04
1.0000000000000000e+00
1.6362695742367350e-01
-4.6755635346853519e-01
9.5152789353961098e-04
1.0000000000000000e+00
1.7211582229441547e-01
-4.6755635346853519e-01
4.2739095724755871e-04
1.0000000000000000e+00
1.7211582229441547e-01
-5.8216678332173610e-01
4.1618590751659218e-02
1.0000000000000000e+00
1.9238767304426574e-01
-5.3603813778245235e-01
3.2108682716261688e-02
1.0000000000000000e+00
1.8097837732142352e-01
-5.3603813778245235e-01
2.2060107016932312e-02
1.0000000000000000e+00
1.7481796114674353e-01
-6.8227446805321956e-01
1.7330800691615883e-02
1.0000000000000000e+00
2.1819447769752287e-01
-7.0115790078052664e-01
1.7330800691615883e-02
1.0000000000000000e+00
2.3135414018264555e-01
-7.0115790078052664e-01
3.2976455563675705e-02
1.0000000000000000e+00
2.1393964401880794e-01
-7.1092079421141530e-01
3.2976455563675705e-02
1.0000000000000000e+00
2.1393964401880794e-01
-7.3553166566052819e-01
9.7296475861185228e-03
1.0000000000000000e+00
2.0775209329525524e-01
-7.3553166566052819e-01
2.4382548915218655e-02
1.0000000000000000e+00
2.1069736170551323e-01
-4.3933645663419152e-01
8.1932996828072702e-03
1.0000000000000000e+00
2.1069736170551323e-01
-3.1008370248237038e-01
4.8221564428877178e-02
1.0000000000000000e+00
2.1069736170551323e-01
-2.6657769856610680e-01
5.2061731504272762e-02
1.0000000000000000e+00
1.5911567348024391e-01
-4.5575302121796990e-01
4.6232481995593849e-02
1.0000000000000000e+00
1.5911567348024391e-01
-4.6641902653136635e-01
2.6867845604192558e-02
1.0000000000000000e+00
1.5911567348024391e-01
-4.8640587208428765e-01
2.9028861826282087e-02
1.0000000000000000e+00
1.5911567348024391e-01
-7.5849759233751679e-01
3.7719617640595976e-02
1.0000000000000000e+00
1.3226902808031582e-01
-5.7397566390791321e-01
3.5228018458929006e-02
1.0000000000000000e+00
1.3226902808031582e-01
-8.6717863781013871e-01
3.6882041297849361e-02
1.0000000000000000e+00
1.6120630639574074e-01
-7.0370848876991654e-01
1.5775364167984668e-02
1.0000000000000000e+00
1.6120630639574074e-01
-4.8643939410903836e-01
4.5910040192302409e-02
1.0000000000000000e+00
1.6120630639574074e-01
-4.7870545582482005e-01
6.7514436595138255e-02
1.0000000000000000e+00
1.8912072197502994e-01
-5.7669452326008463e-01
6.1896237820383254e-02
1.0000000000000000e+00
1.8878212475186729e-01
-5.7669452326008463e-01
5.3739216454323474e-02
1.0000000000000000e+00
1.6690011226540946e-01
-4.6901405350872660e-01
3.5061673536893073e-02
1.0000000000000000e+00
1.6517017080417418e-01
-3.9415299640604640e-01
5.3053836300932800e-03
1.0000000000000000e+00
1.9707683145037436e-01
-3.9415299640604640e-01
1.1270620320919994e-02
1.0000000000000000e+00
1.7307843544489288e-01
-3.3752067507812167e-01
1.2841542643491272e-02
1.0000000000000000e+00
2.3941120036846542e-01
2.1561494752677435e-02
8.7713230596818959e-03
1.0000000000000000e+00
