3
1000
-6.2467455781122325e+00
-6.2467455781122325e+00
0.0000000000000000e+00
-6.3216763282120958e+00
-6.3216763282120958e+00
0.0000000000000000e+00
-6.1896345425892738e+00
-6.1896345425892738e+00
0.0000000000000000e+00
-6.7730094672103540e+00
-6.7730094672103540e+00
0.0000000000000000e+00
-6.3869268131619181e+00
-6.3869268131619181e+00
0.0000000000000000e+00
-6.5349986660004182e+00
-6.5349986660004182e+00
0.0000000000000000e+00
-4.9995912666146740e+00
-4.9995912666146740e+00
0.0000000000000000e+00
-5.0207753840351970e+00
-5.0207753840351970e+00
0.0000000000000000e+00
-4.9472175076476752e+00
-4.9472175076476752e+00
0.0000000000000000e+00
-5.2580792858124941e+00
-5.2580792858124941e+00
0.0000000000000000e+00
-5.5159785924282945e+00
-5.5159785924282945e+00
0.0000000000000000e+00
-7.7452421597296937e+00
-7.7452421597296937e+00
0.0000000000000000e+00
-6.3929860665004785e+00
-6.3929860665004785e+00
0.0000000000000000e+00
-6.3211637896507309e+00
-6.3211637896507309e+00
0.0000000000000000e+00
-6.5058044185295696e+00
-6.5058044185295696e+00
0.0000000000000000e+00
-6.5058044185295696e+00
-6.5058044185295696e+00
0.0000000000000000e+00
-6.2533157601142655e+00
-6.2533157601142655e+00
0.0000000000000000e+00
-6.8472862920798416e+00
-6.8472862920798416e+00
0.0000000000000000e+00
-6.0560758302577469e+00
-6.0560758302577469e+00
0.0000000000000000e+00
-5.8135184655074967e+00
-5.8135184655074967e+00
0.0000000000000000e+00
-6.0766366568769872e+00
-6.0766366568769872e+00
0.0000000000000000e+00
-6.9506348439951040e+00
-6.9506348439951040e+00
0.0000000000000000e+00
-6.8181562554423980e+00
-6.8181562554423980e+00
0.0000000000000000e+00
-7.1543081143043885e+00
-7.1543081143043885e+00
0.0000000000000000e+00
-7.4763564647312215e+00
-7.4763564647312215e+00
0.0000000000000000e+00
-7.2728603878700948e+00
-7.2728603878700948e+00
0.0000000000000000e+00
-6.6442222094962311e+00
-6.6442222094962311e+00
0.0000000000000000e+00
-7.0858550049338209e+00
-7.0858550049338209e+00
0.0000000000000000e+00
-7.2706532181106720e+00
-7.2706532181106720e+00
0.0000000000000000e+00
-6.4761750359642392e+00
-6.4761750359642392e+00
0.0000000000000000e+00
-6.3374655320892073e+00
-6.3374655320892073e+00
0.0000000000000000e+00
-6.4545079039098052e+00
-6.4545079039098052e+00
0.0000000000000000e+00
-6.8280809780457163e+00
-6.8280809780457163e+00
0.0000000000000000e+00
-6.6512835693478669e+00
-6.6512835693478669e+00
0.0000000000000000e+00
-5.1365190443551993e+00
-5.1365190443551993e+00
0.0000000000000000e+00
-5.2953828467063930e+00
-5.2953828467063930e+00
0.0000000000000000e+00
-5.9108157323744255e+00
-5.9108157323744255e+00
0.0000000000000000e+00
-5.4588390280808836e+00
-5.4588390280808836e+00
0.0000000000000000e+00
-5.2936021296308944e+00
-5.2936021296308944e+00
0.0000000000000000e+00
-5.3495784178491625e+00
-5.3495784178491625e+00
0.0000000000000000e+00
-5.7521439632709717e+00
-5.7521439632709717e+00
0.0000000000000000e+00
-5.5922091680606147e+00
-5.5922091680606147e+00
0.0000000000000000e+00
-5.6608923288324116e+00
-5.6608923288324116e+00
0.0000000000000000e+00
-5.5141212455655699e+00
-5.5141212455655699e+00
0.0000000000000000e+00
-5.2681402796862518e+00
-5.2681402796862518e+00
0.0000000000000000e+00
-5.2434407439396811e+00
-5.2434407439396811e+00
0.0000000000000000e+00
-5.1881401408962127e+00
-5.1881401408962127e+00
0.0000000000000000e+00
-6.1927860110365316e+00
-6.1927860110365316e+00
0.0000000000000000e+00
-6.3993425306562965e+00
-6.3993425306562965e+00
0.0000000000000000e+00
-5.5471229192331597e+00
-5.5471229192331597e+00
0.0000000000000000e+00
-5.0604541428646552e+00
-5.0604541428646552e+00
0.0000000000000000e+00
-5.3201872050425321e+00
-5.3201872050425321e+00
0.0000000000000000e+00
-5.6132031035477272e+00
-5.6132031035477272e+00
0.0000000000000000e+00
-5.7150208727463614e+00
-5.7150208727463614e+00
0.0000000000000000e+00
-5.4674739169864228e+00
-5.4674739169864228e+00
0.0000000000000000e+00
-5.8744210593910893e+00
-5.8744210593910893e+00
0.0000000000000000e+00
-5.6408241852630434e+00
-5.6408241852630434e+00
0.0000000000000000e+00
-5.8986343954364457e+00
-5.8986343954364457e+00
0.0000000000000000e+00
-5.9595096805603642e+00
-5.9595096805603642e+00
0.0000000000000000e+00
-5.3888806809327496e+00
-5.3888806809327496e+00
0.0000000000000000e+00
-5.3962253864926728e+00
-5.3962253864926728e+00
0.0000000000000000e+00
-6.0539345384933974e+00
-6.0539345384933974e+00
0.0000000000000000e+00
-5.2922384290285969e+00
-5.2922384290285969e+00
0.0000000000000000e+00
-5.2865868821544195e+00
-5.2865868821544195e+00
0.0000000000000000e+00
-5.3837240886343514e+00
-5.3837240886343514e+00
0.0000000000000000e+00
-5.5375185366996797e+00
-5.5375185366996797e+00
0.0000000000000000e+00
-6.6144811937736501e+00
-6.6144811937736501e+00
0.0000000000000000e+00
-6.4589717896410779e+00
-6.4589717896410779e+00
0.0000000000000000e+00
-6.4498032323062375e+00
-6.4498032323062375e+00
0.0000000000000000e+00
-5.8992210692480800e+00
-5.8992210692480800e+00
0.0000000000000000e+00
-5.3631619877251282e+00
-5.3631619877251282e+00
0.0000000000000000e+00
-5.4072351724667786e+00
-5.4072351724667786e+00
0.0000000000000000e+00
-5.2652653714230322e+00
-5.2652653714230322e+00
0.0000000000000000e+00
-5.2292334873338042e+00
-5.2292334873338042e+00
0.0000000000000000e+00
-5.5933479503587078e+00
-5.5933479503587078e+00
0.0000000000000000e+00
-5.5990916652255081e+00
-5.5990916652255081e+00
0.0000000000000000e+00
-6.2028644773798360e+00
-6.2028644773798360e+00
0.0000000000000000e+00
-7.0510800902164386e+00
-7.0510800902164386e+00
0.0000000000000000e+00
-8.3061216530510471e+00
-8.3061216530510471e+00
0.0000000000000000e+00
-6.0738302585501689e+00
-6.0738302585501689e+00
0.0000000000000000e+00
-4.9840603767527609e+00
-4.9840603767527609e+00
0.0000000000000000e+00
-4.9372803860204906e+00
-4.9372803860204906e+00
0.0000000000000000e+00
-5.1484397680586387e+00
-5.1484397680586387e+00
0.0000000000000000e+00
-7.2784384477042003e+00
-7.2784384477042003e+00
0.0000000000000000e+00
-5.0453784746184729e+00
-5.0453784746184729e+00
0.0000000000000000e+00
-5.1333280399206327e+00
-5.1333280399206327e+00
0.0000000000000000e+00
-5.7354738224247130e+00
-5.7354738224247130e+00
0.0000000000000000e+00
-5.2011521614499632e+00
-5.2011521614499632e+00
0.0000000000000000e+00
-5.4550718066589221e+00
-5.4550718066589221e+00
0.0000000000000000e+00
-5.5655919128569273e+00
-5.5655919128569273e+00
0.0000000000000000e+00
-5.9214045904431725e+00
-5.9214045904431725e+00
0.0000000000000000e+00
-7.1454907858909857e+00
-7.1454907858909857e+00
0.0000000000000000e+00
-7.4801071254234461e+00
-7.4801071254234461e+00
0.0000000000000000e+00
-7.2791122854715820e+00
-7.2791122854715820e+00
0.0000000000000000e+00
-6.4625707873823321e+00
-6.4625707873823321e+00
0.0000000000000000e+00
-6.0923841783405290e+00
-6.0923841783405290e+00
0.0000000000000000e+00
-5.1567776366260674e+00
-5.1567776366260674e+00
0.0000000000000000e+00
-5.4486124450304514e+00
-5.4486124450304514e+00
0.0000000000000000e+00
-5.0958447257980479e+00
-5.0958447257980479e+00
0.0000000000000000e+00
-4.9730910543022242e+00
-4.9730910543022242e+00
0.0000000000000000e+00
-4.9291817401242772e+00
-4.9291817401242772e+00
0.0000000000000000e+00
-6.0688548329886522e+00
-6.0688548329886522e+00
0.0000000000000000e+00
-6.2230734006559532e+00
-6.2230734006559532e+00
0.0000000000000000e+00
-5.9949880581836581e+00
-5.9949880581836581e+00
0.0000000000000000e+00
-5.4839809489421931e+00
-5.4839809489421931e+00
0.0000000000000000e+00
-5.5149288324384376e+00
-5.5149288324384376e+00
0.0000000000000000e+00
-6.2601691950618550e+00
-6.2601691950618550e+00
0.0000000000000000e+00
-5.7329471046986917e+00
-5.7329471046986917e+00
0.0000000000000000e+00
-6.1829962965565457e+00
-6.1829962965565457e+00
0.0000000000000000e+00
-5.0530175592685005e+00
-5.0530175592685005e+00
0.0000000000000000e+00
-5.2159980383121827e+00
-5.2159980383121827e+00
0.0000000000000000e+00
-5.5002824107674835e+00
-5.5002824107674835e+00
0.0000000000000000e+00
-5.7648637046589606e+00
-5.7648637046589606e+00
0.0000000000000000e+00
-5.5151109885146070e+00
-5.5151109885146070e+00
0.0000000000000000e+00
-5.3198264675776388e+00
-5.3198264675776388e+00
0.0000000000000000e+00
-6.6573036597520412e+00
-6.6573036597520412e+00
0.0000000000000000e+00
-5.5121106932013992e+00
-5.5121106932013992e+00
0.0000000000000000e+00
-5.4904124361436750e+00
-5.4904124361436750e+00
0.0000000000000000e+00
-5.3261611078805871e+00
-5.3261611078805871e+00
0.0000000000000000e+00
-4.9978664776214803e+00
-4.9978664776214803e+00
0.0000000000000000e+00
-5.2342846283488642e+00
-5.2342846283488642e+00
0.0000000000000000e+00
-5.5685668864601165e+00
-5.5685668864601165e+00
0.0000000000000000e+00
-5.6056829517483999e+00
-5.6056829517483999e+00
0.0000000000000000e+00
-5.3950055982433200e+00
-5.3950055982433200e+00
0.0000000000000000e+00
-5.5467439697319492e+00
-5.5467439697319492e+00
0.0000000000000000e+00
-5.5953908974447595e+00
-5.5953908974447595e+00
0.0000000000000000e+00
-5.4598124133513499e+00
-5.4598124133513499e+00
0.0000000000000000e+00
-5.0153214005480953e+00
-5.0153214005480953e+00
0.0000000000000000e+00
-5.0460425338546786e+00
-5.0460425338546786e+00
0.0000000000000000e+00
-5.0891586125262531e+00
-5.0891586125262531e+00
0.0000000000000000e+00
-5.4338601989821829e+00
-5.4338601989821829e+00
0.0000000000000000e+00
-5.8564083230669564e+00
-5.8564083230669564e+00
0.0000000000000000e+00
-8.2673103381138819e+00
-8.2673103381138819e+00
0.0000000000000000e+00
-9.5564779635225605e+00
-9.5564779635225605e+00
0.0000000000000000e+00
-9.1407395973873378e+00
-9.1407395973873378e+00
0.0000000000000000e+00
-8.8699565092950614e+00
-8.8699565092950614e+00
0.0000000000000000e+00
-6.3113664738270518e+00
-6.3113664738270518e+00
0.0000000000000000e+00
-6.0780635481340246e+00
-6.0780635481340246e+00
0.0000000000000000e+00
-6.7434805134787794e+00
-6.7434805134787794e+00
0.0000000000000000e+00
-5.7737824055536384e+00
-5.7737824055536384e+00
0.0000000000000000e+00
-5.4805209984592089e+00
-5.4805209984592089e+00
0.0000000000000000e+00
-5.6432033934908015e+00
-5.6432033934908015e+00
0.0000000000000000e+00
-5.3768958615139946e+00
-5.3768958615139946e+00
0.0000000000000000e+00
-6.7545570246873394e+00
-6.7545570246873394e+00
0.0000000000000000e+00
-6.5929594793238024e+00
-6.5929594793238024e+00
0.0000000000000000e+00
-6.5536841848624467e+00
-6.5536841848624467e+00
0.0000000000000000e+00
-6.6967645402391165e+00
-6.6967645402391165e+00
0.0000000000000000e+00
-7.9629562106186809e+00
-7.9629562106186809e+00
0.0000000000000000e+00
-8.9708296739623012e+00
-8.9708296739623012e+00
0.0000000000000000e+00
-7.7570736487735168e+00
-7.7570736487735168e+00
0.0000000000000000e+00
-7.8546522164486454e+00
-7.8546522164486454e+00
0.0000000000000000e+00
-9.1787985014180702e+00
-9.1787985014180702e+00
0.0000000000000000e+00
-9.2577450203260447e+00
-9.2577450203260447e+00
0.0000000000000000e+00
-9.4475109962661339e+00
-9.4475109962661339e+00
0.0000000000000000e+00
-8.9075679346261580e+00
-8.9075679346261580e+00
0.0000000000000000e+00
-8.2090427573147178e+00
-8.2090427573147178e+00
0.0000000000000000e+00
-7.7404639837657463e+00
-7.7404639837657463e+00
0.0000000000000000e+00
-8.3893785535168952e+00
-8.3893785535168952e+00
0.0000000000000000e+00
-9.8133513280403442e+00
-9.8133513280403442e+00
0.0000000000000000e+00
-8.2164083334395386e+00
-8.2164083334395386e+00
0.0000000000000000e+00
-8.8922869992542104e+00
-8.8922869992542104e+00
0.0000000000000000e+00
-9.6094612015421141e+00
-9.6094612015421141e+00
0.0000000000000000e+00
-8.4216117647223214e+00
-8.4216117647223214e+00
0.0000000000000000e+00
-8.0344294814433326e+00
-8.0344294814433326e+00
0.0000000000000000e+00
-7.3534988608123371e+00
-7.3534988608123371e+00
0.0000000000000000e+00
-8.6354371649181267e+00
-8.6354371649181267e+00
0.0000000000000000e+00
-7.9496197775664932e+00
-7.9496197775664932e+00
0.0000000000000000e+00
-9.5142613203707782e+00
-9.5142613203707782e+00
0.0000000000000000e+00
-9.2492591299285678e+00
-9.2492591299285678e+00
0.0000000000000000e+00
-9.1951625650326072e+00
-9.1951625650326072e+00
0.0000000000000000e+00
-1.0894111905699411e+01
-1.0894111905699411e+01
0.0000000000000000e+00
-1.1057161596935760e+01
-1.1057161596935760e+01
0.0000000000000000e+00
-1.0359657055251542e+01
-1.0359657055251542e+01
0.0000000000000000e+00
-9.5964098370138373e+00
-9.5964098370138373e+00
0.0000000000000000e+00
-1.0948589063280327e+01
-1.0948589063280327e+01
0.0000000000000000e+00
-8.3656544657392189e+00
-8.3656544657392189e+00
0.0000000000000000e+00
-7.7827361390161069e+00
-7.7827361390161069e+00
0.0000000000000000e+00
-8.6960459618111337e+00
-8.6960459618111337e+00
0.0000000000000000e+00
-7.8647587426291521e+00
-7.8647587426291521e+00
0.0000000000000000e+00
-7.9262417182844187e+00
-7.9262417182844187e+00
0.0000000000000000e+00
-9.3778457789307268e+00
-9.3778457789307268e+00
0.0000000000000000e+00
-9.2888386716417095e+00
-9.2888386716417095e+00
0.0000000000000000e+00
-9.8315348776001983e+00
-9.8315348776001983e+00
0.0000000000000000e+00
-6.8858774610253821e+00
-6.8858774610253821e+00
0.0000000000000000e+00
-6.7173366585917247e+00
-6.7173366585917247e+00
0.0000000000000000e+00
-5.4556012289274403e+00
-5.4556012289274403e+00
0.0000000000000000e+00
-5.4457797017841045e+00
-5.4457797017841045e+00
0.0000000000000000e+00
-6.0783919963310380e+00
-6.0783919963310380e+00
0.0000000000000000e+00
-6.3766266106116518e+00
-6.3766266106116518e+00
0.0000000000000000e+00
-6.0517259639071863e+00
-6.0517259639071863e+00
0.0000000000000000e+00
-5.9886441328068596e+00
-5.9886441328068596e+00
0.0000000000000000e+00
-7.3818908447274909e+00
-7.3818908447274909e+00
0.0000000000000000e+00
-7.9685294401637989e+00
-7.9685294401637989e+00
0.0000000000000000e+00
-8.4531095813942336e+00
-8.4531095813942336e+00
0.0000000000000000e+00
-8.4912148672150209e+00
-8.4912148672150209e+00
0.0000000000000000e+00
-7.5908927484568318e+00
-7.5908927484568318e+00
0.0000000000000000e+00
-7.6114128628624496e+00
-7.6114128628624496e+00
0.0000000000000000e+00
-8.8244981547343571e+00
-8.8244981547343571e+00
0.0000000000000000e+00
-8.6829389589428487e+00
-8.6829389589428487e+00
0.0000000000000000e+00
-7.1659422186986017e+00
-7.1659422186986017e+00
0.0000000000000000e+00
-7.1892153930213896e+00
-7.1892153930213896e+00
0.0000000000000000e+00
-7.2214312198654200e+00
-7.2214312198654200e+00
0.0000000000000000e+00
-6.1149922059055637e+00
-6.1149922059055637e+00
0.0000000000000000e+00
-6.2355684246930316e+00
-6.2355684246930316e+00
0.0000000000000000e+00
-6.9641065172220706e+00
-6.9641065172220706e+00
0.0000000000000000e+00
-6.4809728584902864e+00
-6.4809728584902864e+00
0.0000000000000000e+00
-6.6694385020523548e+00
-6.6694385020523548e+00
0.0000000000000000e+00
-6.4234095936519360e+00
-6.4234095936519360e+00
0.0000000000000000e+00
-6.5884906298409147e+00
-6.5884906298409147e+00
0.0000000000000000e+00
-6.1219732050535463e+00
-6.1219732050535463e+00
0.0000000000000000e+00
-6.1212147782313791e+00
-6.1212147782313791e+00
0.0000000000000000e+00
-6.0674189028679537e+00
-6.0674189028679537e+00
0.0000000000000000e+00
-6.4647164363784952e+00
-6.4647164363784952e+00
0.0000000000000000e+00
-6.3765581158335998e+00
-6.3765581158335998e+00
0.0000000000000000e+00
-6.6673846548019586e+00
-6.6673846548019586e+00
0.0000000000000000e+00
-7.0984908472172785e+00
-7.0984908472172785e+00
0.0000000000000000e+00
-6.3825684754683234e+00
-6.3825684754683234e+00
0.0000000000000000e+00
-6.4217748768669605e+00
-6.4217748768669605e+00
0.0000000000000000e+00
-6.3690218770310736e+00
-6.3690218770310736e+00
0.0000000000000000e+00
-6.4082876687440393e+00
-6.4082876687440393e+00
0.0000000000000000e+00
-6.4118102447913028e+00
-6.4118102447913028e+00
0.0000000000000000e+00
-6.3857111936426536e+00
-6.3857111936426536e+00
0.0000000000000000e+00
-6.3998338652142905e+00
-6.3998338652142905e+00
0.0000000000000000e+00
-6.2722119143138686e+00
-6.2722119143138686e+00
0.0000000000000000e+00
-6.1922365253831391e+00
-6.1922365253831391e+00
0.0000000000000000e+00
-6.3208274163766962e+00
-6.3208274163766962e+00
0.0000000000000000e+00
-6.5591360431083876e+00
-6.5591360431083876e+00
0.0000000000000000e+00
-6.4790937867138902e+00
-6.4790937867138902e+00
0.0000000000000000e+00
-6.0811594816032786e+00
-6.0811594816032786e+00
0.0000000000000000e+00
-6.1789380202426853e+00
-6.1789380202426853e+00
0.0000000000000000e+00
-6.9224653271893573e+00
-6.9224653271893573e+00
0.0000000000000000e+00
-6.8260102215767056e+00
-6.8260102215767056e+00
0.0000000000000000e+00
-6.6235147762764122e+00
-6.6235147762764122e+00
0.0000000000000000e+00
-6.4739448240043620e+00
-6.4739448240043620e+00
0.0000000000000000e+00
-5.9920529187083886e+00
-5.9920529187083886e+00
0.0000000000000000e+00
-6.0744033538718165e+00
-6.0744033538718165e+00
0.0000000000000000e+00
-6.0158961152129828e+00
-6.0158961152129828e+00
0.0000000000000000e+00
-6.0315164908669034e+00
-6.0315164908669034e+00
0.0000000000000000e+00
-5.6794006245989799e+00
-5.6794006245989799e+00
0.0000000000000000e+00
-6.3980562534223377e+00
-6.3980562534223377e+00
0.0000000000000000e+00
-6.4510335095382541e+00
-6.4510335095382541e+00
0.0000000000000000e+00
-6.4572403774062934e+00
-6.4572403774062934e+00
0.0000000000000000e+00
-6.4668899388433170e+00
-6.4668899388433170e+00
0.0000000000000000e+00
-6.5817278573669107e+00
-6.5817278573669107e+00
0.0000000000000000e+00
-6.5605373855209486e+00
-6.5605373855209486e+00
0.0000000000000000e+00
-6.9317980702301369e+00
-6.9317980702301369e+00
0.0000000000000000e+00
-6.6042648582487349e+00
-6.6042648582487349e+00
0.0000000000000000e+00
-6.6292116202654334e+00
-6.6292116202654334e+00
0.0000000000000000e+00
-6.4569153919376143e+00
-6.4569153919376143e+00
0.0000000000000000e+00
-5.5572845804927660e+00
-5.5572845804927660e+00
0.0000000000000000e+00
-5.6755324572099921e+00
-5.6755324572099921e+00
0.0000000000000000e+00
-5.7738772328080170e+00
-5.7738772328080170e+00
0.0000000000000000e+00
-5.3740548792807381e+00
-5.3740548792807381e+00
0.0000000000000000e+00
-5.2744073608106321e+00
-5.2744073608106321e+00
0.0000000000000000e+00
-5.0157636612792711e+00
-5.0157636612792711e+00
0.0000000000000000e+00
-4.9732544468517181e+00
-4.9732544468517181e+00
0.0000000000000000e+00
-5.2160097991262466e+00
-5.2160097991262466e+00
0.0000000000000000e+00
-5.6407374963436565e+00
-5.6407374963436565e+00
0.0000000000000000e+00
-5.7936452873671964e+00
-5.7936452873671964e+00
0.0000000000000000e+00
-5.6825540676137045e+00
-5.6825540676137045e+00
0.0000000000000000e+00
-5.5143652786641209e+00
-5.5143652786641209e+00
0.0000000000000000e+00
-5.4514950999887581e+00
-5.4514950999887581e+00
0.0000000000000000e+00
-5.5901005854896662e+00
-5.5901005854896662e+00
0.0000000000000000e+00
-5.8676738158458761e+00
-5.8676738158458761e+00
0.0000000000000000e+00
-5.6543881009967398e+00
-5.6543881009967398e+00
0.0000000000000000e+00
-5.6619063966925705e+00
-5.6619063966925705e+00
0.0000000000000000e+00
-5.8829704941743772e+00
-5.8829704941743772e+00
0.0000000000000000e+00
-6.2709821252684215e+00
-6.2709821252684215e+00
0.0000000000000000e+00
-6.1069058244172361e+00
-6.1069058244172361e+00
0.0000000000000000e+00
-5.5141278267952458e+00
-5.5141278267952458e+00
0.0000000000000000e+00
-5.4951754857368487e+00
-5.4951754857368487e+00
0.0000000000000000e+00
-5.2180904225394444e+00
-5.2180904225394444e+00
0.0000000000000000e+00
-5.2212097335950824e+00
-5.2212097335950824e+00
0.0000000000000000e+00
-5.2638312559117537e+00
-5.2638312559117537e+00
0.0000000000000000e+00
-5.5870881023178880e+00
-5.5870881023178880e+00
0.0000000000000000e+00
-5.8536435325610228e+00
-5.8536435325610228e+00
0.0000000000000000e+00
-5.9963760208612520e+00
-5.9963760208612520e+00
0.0000000000000000e+00
-6.0926018431949718e+00
-6.0926018431949718e+00
0.0000000000000000e+00
-5.3335770168176007e+00
-5.3335770168176007e+00
0.0000000000000000e+00
-5.9538564647220165e+00
-5.9538564647220165e+00
0.0000000000000000e+00
-6.1184444371885602e+00
-6.1184444371885602e+00
0.0000000000000000e+00
-6.2173101295429296e+00
-6.2173101295429296e+00
0.0000000000000000e+00
-5.4730928004781205e+00
-5.4730928004781205e+00
0.0000000000000000e+00
-5.4732535284104369e+00
-5.4732535284104369e+00
0.0000000000000000e+00
-5.3075092012974823e+00
-5.3075092012974823e+00
0.0000000000000000e+00
-5.4399280554365070e+00
-5.4399280554365070e+00
0.0000000000000000e+00
-5.4506042062771023e+00
-5.4506042062771023e+00
0.0000000000000000e+00
-6.1151706329561266e+00
-6.1151706329561266e+00
0.0000000000000000e+00
-6.9714232353272525e+00
-6.9714232353272525e+00
0.0000000000000000e+00
-7.3788939455026341e+00
-7.3788939455026341e+00
0.0000000000000000e+00
-7.4159503078526798e+00
-7.4159503078526798e+00
0.0000000000000000e+00
-7.7832539317508420e+00
-7.7832539317508420e+00
0.0000000000000000e+00
-7.7523008857809668e+00
-7.7523008857809668e+00
0.0000000000000000e+00
-7.6173344131090452e+00
-7.6173344131090452e+00
0.0000000000000000e+00
-7.0173470562537617e+00
-7.0173470562537617e+00
0.0000000000000000e+00
-6.8668405661379186e+00
-6.8668405661379186e+00
0.0000000000000000e+00
-6.4920649659752900e+00
-6.4920649659752900e+00
0.0000000000000000e+00
-6.3687539777990159e+00
-6.3687539777990159e+00
0.0000000000000000e+00
-6.4914129673480998e+00
-6.4914129673480998e+00
0.0000000000000000e+00
-6.6445498596081931e+00
-6.6445498596081931e+00
0.0000000000000000e+00
-6.8015765848410528e+00
-6.8015765848410528e+00
0.0000000000000000e+00
-7.1845622564628107e+00
-7.1845622564628107e+00
0.0000000000000000e+00
-6.3989035679909412e+00
-6.3989035679909412e+00
0.0000000000000000e+00
-7.0902559301019350e+00
-7.0902559301019350e+00
0.0000000000000000e+00
-5.7276157227486140e+00
-5.7276157227486140e+00
0.0000000000000000e+00
-5.6224142623988476e+00
-5.6224142623988476e+00
0.0000000000000000e+00
-5.6663522977292500e+00
-5.6663522977292500e+00
0.0000000000000000e+00
-5.6929759209897091e+00
-5.6929759209897091e+00
0.0000000000000000e+00
-5.5978748239235108e+00
-5.5978748239235108e+00
0.0000000000000000e+00
-5.5686629032173007e+00
-5.5686629032173007e+00
0.0000000000000000e+00
-5.4189171884780336e+00
-5.4189171884780336e+00
0.0000000000000000e+00
-5.4705317223141448e+00
-5.4705317223141448e+00
0.0000000000000000e+00
-5.7478928034445236e+00
-5.7478928034445236e+00
0.0000000000000000e+00
-5.8708645992869490e+00
-5.8708645992869490e+00
0.0000000000000000e+00
-5.9483155348988959e+00
-5.9483155348988959e+00
0.0000000000000000e+00
-5.4879715214548410e+00
-5.4879715214548410e+00
0.0000000000000000e+00
-6.0482985718157360e+00
-6.0482985718157360e+00
0.0000000000000000e+00
-6.0470845781562712e+00
-6.0470845781562712e+00
0.0000000000000000e+00
-6.3470401212795693e+00
-6.3470401212795693e+00
0.0000000000000000e+00
-6.6638199857955254e+00
-6.6638199857955254e+00
0.0000000000000000e+00
-7.1417543806213128e+00
-7.1417543806213128e+00
0.0000000000000000e+00
-6.3116554042813569e+00
-6.3116554042813569e+00
0.0000000000000000e+00
-7.7244716267071691e+00
-7.7244716267071691e+00
0.0000000000000000e+00
-6.7500914108657808e+00
-6.7500914108657808e+00
0.0000000000000000e+00
-7.6288059162536408e+00
-7.6288059162536408e+00
0.0000000000000000e+00
-7.3990124659635530e+00
-7.3990124659635530e+00
0.0000000000000000e+00
-8.3002116593614410e+00
-8.3002116593614410e+00
0.0000000000000000e+00
-6.7907799605395969e+00
-6.7907799605395969e+00
0.0000000000000000e+00
-6.0516482751979286e+00
-6.0516482751979286e+00
0.0000000000000000e+00
-6.5853104553743727e+00
-6.5853104553743727e+00
0.0000000000000000e+00
-6.2974229146098661e+00
-6.2974229146098661e+00
0.0000000000000000e+00
-6.5785977368307682e+00
-6.5785977368307682e+00
0.0000000000000000e+00
-6.0486846400835379e+00
-6.0486846400835379e+00
0.0000000000000000e+00
-5.2434655510127213e+00
-5.2434655510127213e+00
0.0000000000000000e+00
-5.9299404022184721e+00
-5.9299404022184721e+00
0.0000000000000000e+00
-6.5714962205482985e+00
-6.5714962205482985e+00
0.0000000000000000e+00
-5.9836455316890378e+00
-5.9836455316890378e+00
0.0000000000000000e+00
-6.0357197536289107e+00
-6.0357197536289107e+00
0.0000000000000000e+00
-5.8406132636602619e+00
-5.8406132636602619e+00
0.0000000000000000e+00
-6.2047694073704580e+00
-6.2047694073704580e+00
0.0000000000000000e+00
-5.8125109893029849e+00
-5.8125109893029849e+00
0.0000000000000000e+00
-5.9888038636651526e+00
-5.9888038636651526e+00
0.0000000000000000e+00
-6.7448210783159883e+00
-6.7448210783159883e+00
0.0000000000000000e+00
-6.6480234481590230e+00
-6.6480234481590230e+00
0.0000000000000000e+00
-5.9287946068271431e+00
-5.9287946068271431e+00
0.0000000000000000e+00
-5.5051409378838736e+00
-5.5051409378838736e+00
0.0000000000000000e+00
-5.3380246091058954e+00
-5.3380246091058954e+00
0.0000000000000000e+00
-5.6332444032264979e+00
-5.6332444032264979e+00
0.0000000000000000e+00
-5.4211381168576311e+00
-5.4211381168576311e+00
0.0000000000000000e+00
-5.9714463349625060e+00
-5.9714463349625060e+00
0.0000000000000000e+00
-6.1016377613877459e+00
-6.1016377613877459e+00
0.0000000000000000e+00
-6.2585577099084500e+00
-6.2585577099084500e+00
0.0000000000000000e+00
-6.6408378731388247e+00
-6.6408378731388247e+00
0.0000000000000000e+00
-6.3194941380213319e+00
-6.3194941380213319e+00
0.0000000000000000e+00
-6.4231114437543093e+00
-6.4231114437543093e+00
0.0000000000000000e+00
-6.5195365846630864e+00
-6.5195365846630864e+00
0.0000000000000000e+00
-7.5001168766164632e+00
-7.5001168766164632e+00
0.0000000000000000e+00
-7.5679728357554898e+00
-7.5679728357554898e+00
0.0000000000000000e+00
-7.7673318798073261e+00
-7.7673318798073261e+00
0.0000000000000000e+00
-6.5695749522057749e+00
-6.5695749522057749e+00
0.0000000000000000e+00
-6.6876522155414326e+00
-6.6876522155414326e+00
0.0000000000000000e+00
-6.9220299847173283e+00
-6.9220299847173283e+00
0.0000000000000000e+00
-7.4023625036159864e+00
-7.4023625036159864e+00
0.0000000000000000e+00
-6.4671269533165789e+00
-6.4671269533165789e+00
0.0000000000000000e+00
-6.8170716444802020e+00
-6.8170716444802020e+00
0.0000000000000000e+00
-6.8104938345307282e+00
-6.8104938345307282e+00
0.0000000000000000e+00
-6.7009441176801889e+00
-6.7009441176801889e+00
0.0000000000000000e+00
-7.8651443669879981e+00
-7.8651443669879981e+00
0.0000000000000000e+00
-7.5748499844536212e+00
-7.5748499844536212e+00
0.0000000000000000e+00
-7.7018412304486228e+00
-7.7018412304486228e+00
0.0000000000000000e+00
-9.0794828532043290e+00
-9.0794828532043290e+00
0.0000000000000000e+00
-8.9398624344704167e+00
-8.9398624344704167e+00
0.0000000000000000e+00
-9.7416113720127662e+00
-9.7416113720127662e+00
0.0000000000000000e+00
-9.7317543804608704e+00
-9.7317543804608704e+00
0.0000000000000000e+00
-8.7223516521848445e+00
-8.7223516521848445e+00
0.0000000000000000e+00
-8.3782438296345525e+00
-8.3782438296345525e+00
0.0000000000000000e+00
-8.1622767077067344e+00
-8.1622767077067344e+00
0.0000000000000000e+00
-9.1772787556069737e+00
-9.1772787556069737e+00
0.0000000000000000e+00
-7.0203446814611965e+00
-7.0203446814611965e+00
0.0000000000000000e+00
-8.1859764973794960e+00
-8.1859764973794960e+00
0.0000000000000000e+00
-7.6730029660024242e+00
-7.6730029660024242e+00
0.0000000000000000e+00
-7.9130619372578570e+00
-7.9130619372578570e+00
0.0000000000000000e+00
-7.6740676444988392e+00
-7.6740676444988392e+00
0.0000000000000000e+00
-7.8336156444072076e+00
-7.8336156444072076e+00
0.0000000000000000e+00
-8.0583600295722704e+00
-8.0583600295722704e+00
0.0000000000000000e+00
-8.0409903248443140e+00
-8.0409903248443140e+00
0.0000000000000000e+00
-7.4483688810377640e+00
-7.4483688810377640e+00
0.0000000000000000e+00
-6.4749806764986806e+00
-6.4749806764986806e+00
0.0000000000000000e+00
-5.7602705691446943e+00
-5.7602705691446943e+00
0.0000000000000000e+00
-5.3734313946357082e+00
-5.3734313946357082e+00
0.0000000000000000e+00
-5.7605610104285550e+00
-5.7605610104285550e+00
0.0000000000000000e+00
-5.5802933804256165e+00
-5.5802933804256165e+00
0.0000000000000000e+00
-5.5047924609009931e+00
-5.5047924609009931e+00
0.0000000000000000e+00
-6.3192591139857353e+00
-6.3192591139857353e+00
0.0000000000000000e+00
-6.7032538071021062e+00
-6.7032538071021062e+00
0.0000000000000000e+00
-7.4749696814122242e+00
-7.4749696814122242e+00
0.0000000000000000e+00
-7.3070875865900833e+00
-7.3070875865900833e+00
0.0000000000000000e+00
-6.3879957314900278e+00
-6.3879957314900278e+00
0.0000000000000000e+00
-6.6518212916783375e+00
-6.6518212916783375e+00
0.0000000000000000e+00
-7.5278444474434396e+00
-7.5278444474434396e+00
0.0000000000000000e+00
-7.3064101940811295e+00
-7.3064101940811295e+00
0.0000000000000000e+00
-6.6364405718626456e+00
-6.6364405718626456e+00
0.0000000000000000e+00
-6.1437808680564974e+00
-6.1437808680564974e+00
0.0000000000000000e+00
-7.1246488788287987e+00
-7.1246488788287987e+00
0.0000000000000000e+00
-6.9077634516855833e+00
-6.9077634516855833e+00
0.0000000000000000e+00
-6.3731995061803728e+00
-6.3731995061803728e+00
0.0000000000000000e+00
-6.5548099832062841e+00
-6.5548099832062841e+00
0.0000000000000000e+00
-5.5147236629727967e+00
-5.5147236629727967e+00
0.0000000000000000e+00
-6.0230189043627300e+00
-6.0230189043627300e+00
0.0000000000000000e+00
-6.2323719736752921e+00
-6.2323719736752921e+00
0.0000000000000000e+00
-6.3968658690840119e+00
-6.3968658690840119e+00
0.0000000000000000e+00
-5.8697359705604608e+00
-5.8697359705604608e+00
0.0000000000000000e+00
-6.4742234265511005e+00
-6.4742234265511005e+00
0.0000000000000000e+00
-5.3859815736337655e+00
-5.3859815736337655e+00
0.0000000000000000e+00
-5.1375827112121470e+00
-5.1375827112121470e+00
0.0000000000000000e+00
-5.6318244507516368e+00
-5.6318244507516368e+00
0.0000000000000000e+00
-5.4091246052899118e+00
-5.4091246052899118e+00
0.0000000000000000e+00
-5.8075630703954015e+00
-5.8075630703954015e+00
0.0000000000000000e+00
-6.1124846659338798e+00
-6.1124846659338798e+00
0.0000000000000000e+00
-6.0124421368981285e+00
-6.0124421368981285e+00
0.0000000000000000e+00
-6.2322998353129861e+00
-6.2322998353129861e+00
0.0000000000000000e+00
-6.1357505811641602e+00
-6.1357505811641602e+00
0.0000000000000000e+00
-6.2463337433664341e+00
-6.2463337433664341e+00
0.0000000000000000e+00
-6.0045077161404894e+00
-6.0045077161404894e+00
0.0000000000000000e+00
-5.7459275957269025e+00
-5.7459275957269025e+00
0.0000000000000000e+00
-6.1116742939310100e+00
-6.1116742939310100e+00
0.0000000000000000e+00
-6.8757120292774694e+00
-6.8757120292774694e+00
0.0000000000000000e+00
-5.6257208211260643e+00
-5.6257208211260643e+00
0.0000000000000000e+00
-5.8869951186698106e+00
-5.8869951186698106e+00
0.0000000000000000e+00
-5.8423751636049390e+00
-5.8423751636049390e+00
0.0000000000000000e+00
-6.1146015513572136e+00
-6.1146015513572136e+00
0.0000000000000000e+00
-6.1484379131710787e+00
-6.1484379131710787e+00
0.0000000000000000e+00
-6.2474683967635336e+00
-6.2474683967635336e+00
0.0000000000000000e+00
-6.2995978188854682e+00
-6.2995978188854682e+00
0.0000000000000000e+00
-5.8666271061204425e+00
-5.8666271061204425e+00
0.0000000000000000e+00
-5.6601329148199966e+00
-5.6601329148199966e+00
0.0000000000000000e+00
-5.5436924063048805e+00
-5.5436924063048805e+00
0.0000000000000000e+00
-5.6360671181331607e+00
-5.6360671181331607e+00
0.0000000000000000e+00
-5.6807027262064258e+00
-5.6807027262064258e+00
0.0000000000000000e+00
-5.5615653339763833e+00
-5.5615653339763833e+00
0.0000000000000000e+00
-5.3510761498699244e+00
-5.3510761498699244e+00
0.0000000000000000e+00
-5.6240870025228364e+00
-5.6240870025228364e+00
0.0000000000000000e+00
-6.5671806852558854e+00
-6.5671806852558854e+00
0.0000000000000000e+00
-8.8825148482285030e+00
-8.8825148482285030e+00
0.0000000000000000e+00
-8.2825583432079863e+00
-8.2825583432079863e+00
0.0000000000000000e+00
-8.9251023900667370e+00
-8.9251023900667370e+00
0.0000000000000000e+00
-8.1960046863655105e+00
-8.1960046863655105e+00
0.0000000000000000e+00
-8.2543917371772189e+00
-8.2543917371772189e+00
0.0000000000000000e+00
-6.0900533934695131e+00
-6.0900533934695131e+00
0.0000000000000000e+00
-7.5268035752455020e+00
-7.5268035752455020e+00
0.0000000000000000e+00
-7.8826773402620915e+00
-7.8826773402620915e+00
0.0000000000000000e+00
-1.0011109201233403e+01
-1.0011109201233403e+01
0.0000000000000000e+00
-8.7842088578177062e+00
-8.7842088578177062e+00
0.0000000000000000e+00
-7.2248316075896923e+00
-7.2248316075896923e+00
0.0000000000000000e+00
-6.0070501902018627e+00
-6.0070501902018627e+00
0.0000000000000000e+00
-5.8598743905726263e+00
-5.8598743905726263e+00
0.0000000000000000e+00
-6.1805401535988231e+00
-6.1805401535988231e+00
0.0000000000000000e+00
-5.7231369129493244e+00
-5.7231369129493244e+00
0.0000000000000000e+00
-6.8027329069040476e+00
-6.8027329069040476e+00
0.0000000000000000e+00
-6.6627640984377940e+00
-6.6627640984377940e+00
0.0000000000000000e+00
-7.1202591107432234e+00
-7.1202591107432234e+00
0.0000000000000000e+00
-7.7916266196892892e+00
-7.7916266196892892e+00
0.0000000000000000e+00
-7.6664470413981274e+00
-7.6664470413981274e+00
0.0000000000000000e+00
-9.5312991008184458e+00
-9.5312991008184458e+00
0.0000000000000000e+00
-9.2465383532191439e+00
-9.2465383532191439e+00
0.0000000000000000e+00
-8.8901176527229975e+00
-8.8901176527229975e+00
0.0000000000000000e+00
-6.9027004457544159e+00
-6.9027004457544159e+00
0.0000000000000000e+00
-7.5480085297403345e+00
-7.5480085297403345e+00
0.0000000000000000e+00
-5.0410498257368790e+00
-5.0410498257368790e+00
0.0000000000000000e+00
-5.2895047763832430e+00
-5.2895047763832430e+00
0.0000000000000000e+00
-5.2940627132701890e+00
-5.2940627132701890e+00
0.0000000000000000e+00
-5.4606090898016522e+00
-5.4606090898016522e+00
0.0000000000000000e+00
-5.8516606730587606e+00
-5.8516606730587606e+00
0.0000000000000000e+00
-6.9464803668227848e+00
-6.9464803668227848e+00
0.0000000000000000e+00
-5.7481068566330258e+00
-5.7481068566330258e+00
0.0000000000000000e+00
-5.6704183070642893e+00
-5.6704183070642893e+00
0.0000000000000000e+00
-5.5927339868596322e+00
-5.5927339868596322e+00
0.0000000000000000e+00
-5.3736271448141109e+00
-5.3736271448141109e+00
0.0000000000000000e+00
-5.5654217303897635e+00
-5.5654217303897635e+00
0.0000000000000000e+00
-5.2000594954835835e+00
-5.2000594954835835e+00
0.0000000000000000e+00
-4.9708751154445414e+00
-4.9708751154445414e+00
0.0000000000000000e+00
-5.6337761154617585e+00
-5.6337761154617585e+00
0.0000000000000000e+00
-6.9685056744361820e+00
-6.9685056744361820e+00
0.0000000000000000e+00
-6.5958618745561770e+00
-6.5958618745561770e+00
0.0000000000000000e+00
-6.4125253566576497e+00
-6.4125253566576497e+00
0.0000000000000000e+00
-7.2865793659226750e+00
-7.2865793659226750e+00
0.0000000000000000e+00
-8.4038006934803668e+00
-8.4038006934803668e+00
0.0000000000000000e+00
-6.9021008430997153e+00
-6.9021008430997153e+00
0.0000000000000000e+00
-7.2956411303726796e+00
-7.2956411303726796e+00
0.0000000000000000e+00
-6.3999895209914142e+00
-6.3999895209914142e+00
0.0000000000000000e+00
-6.2505001264338294e+00
-6.2505001264338294e+00
0.0000000000000000e+00
-7.4199200470826341e+00
-7.4199200470826341e+00
0.0000000000000000e+00
-6.9249575225772393e+00
-6.9249575225772393e+00
0.0000000000000000e+00
-6.5533704450598673e+00
-6.5533704450598673e+00
0.0000000000000000e+00
-5.9348394871773911e+00
-5.9348394871773911e+00
0.0000000000000000e+00
-5.6941308677876314e+00
-5.6941308677876314e+00
0.0000000000000000e+00
-5.9316647903659288e+00
-5.9316647903659288e+00
0.0000000000000000e+00
-5.4122454609400243e+00
-5.4122454609400243e+00
0.0000000000000000e+00
-5.0902969590656220e+00
-5.0902969590656220e+00
0.0000000000000000e+00
-5.1373371977064570e+00
-5.1373371977064570e+00
0.0000000000000000e+00
-5.7564963987142637e+00
-5.7564963987142637e+00
0.0000000000000000e+00
-5.6564095827375018e+00
-5.6564095827375018e+00
0.0000000000000000e+00
-6.1988758199610556e+00
-6.1988758199610556e+00
0.0000000000000000e+00
-6.9454521748743590e+00
-6.9454521748743590e+00
0.0000000000000000e+00
-6.6226936345055343e+00
-6.6226936345055343e+00
0.0000000000000000e+00
-6.3758785992087148e+00
-6.3758785992087148e+00
0.0000000000000000e+00
-6.0452538844925030e+00
-6.0452538844925030e+00
0.0000000000000000e+00
-6.2624671104993084e+00
-6.2624671104993084e+00
0.0000000000000000e+00
-5.8272983446936237e+00
-5.8272983446936237e+00
0.0000000000000000e+00
-5.1481318061074246e+00
-5.1481318061074246e+00
0.0000000000000000e+00
-5.9966529169625051e+00
-5.9966529169625051e+00
0.0000000000000000e+00
-6.0155954698720926e+00
-6.0155954698720926e+00
0.0000000000000000e+00
-5.4806687311355207e+00
-5.4806687311355207e+00
0.0000000000000000e+00
-6.0391508254894912e+00
-6.0391508254894912e+00
0.0000000000000000e+00
-5.6695239049257600e+00
-5.6695239049257600e+00
0.0000000000000000e+00
-5.6217807822521770e+00
-5.6217807822521770e+00
0.0000000000000000e+00
-5.2703486468844361e+00
-5.2703486468844361e+00
0.0000000000000000e+00
-5.4644869840824990e+00
-5.4644869840824990e+00
0.0000000000000000e+00
-6.2570372769070151e+00
-6.2570372769070151e+00
0.0000000000000000e+00
-6.3261067327393512e+00
-6.3261067327393512e+00
0.0000000000000000e+00
-6.0808753048317339e+00
-6.0808753048317339e+00
0.0000000000000000e+00
-6.0266084267370648e+00
-6.0266084267370648e+00
0.0000000000000000e+00
-7.0012113620883838e+00
-7.0012113620883838e+00
0.0000000000000000e+00
-7.4202845217812730e+00
-7.4202845217812730e+00
0.0000000000000000e+00
-6.5328031062927128e+00
-6.5328031062927128e+00
0.0000000000000000e+00
-6.8907382901850376e+00
-6.8907382901850376e+00
0.0000000000000000e+00
-6.6285894012405793e+00
-6.6285894012405793e+00
0.0000000000000000e+00
-7.5621581334570056e+00
-7.5621581334570056e+00
0.0000000000000000e+00
-6.6836191122682962e+00
-6.6836191122682962e+00
0.0000000000000000e+00
-6.5415086002567620e+00
-6.5415086002567620e+00
0.0000000000000000e+00
-6.4156764155660326e+00
-6.4156764155660326e+00
0.0000000000000000e+00
-6.5611775726832926e+00
-6.5611775726832926e+00
0.0000000000000000e+00
-6.1130877558577721e+00
-6.1130877558577721e+00
0.0000000000000000e+00
-6.5084858084021953e+00
-6.5084858084021953e+00
0.0000000000000000e+00
-6.1783983654375820e+00
-6.1783983654375820e+00
0.0000000000000000e+00
-6.7398249497657083e+00
-6.7398249497657083e+00
0.0000000000000000e+00
-7.2980009964262376e+00
-7.2980009964262376e+00
0.0000000000000000e+00
-7.6076327342125190e+00
-7.6076327342125190e+00
0.0000000000000000e+00
-7.2631012248559070e+00
-7.2631012248559070e+00
0.0000000000000000e+00
-6.2551169620016172e+00
-6.2551169620016172e+00
0.0000000000000000e+00
-6.1416775159239307e+00
-6.1416775159239307e+00
0.0000000000000000e+00
-5.9585070105824851e+00
-5.9585070105824851e+00
0.0000000000000000e+00
-6.1304320719303806e+00
-6.1304320719303806e+00
0.0000000000000000e+00
-6.2836152543642738e+00
-6.2836152543642738e+00
0.0000000000000000e+00
-7.6556317617246137e+00
-7.6556317617246137e+00
0.0000000000000000e+00
-7.2440965991676833e+00
-7.2440965991676833e+00
0.0000000000000000e+00
-6.1511137255155868e+00
-6.1511137255155868e+00
0.0000000000000000e+00
-6.6705986122781145e+00
-6.6705986122781145e+00
0.0000000000000000e+00
-6.3833233243483614e+00
-6.3833233243483614e+00
0.0000000000000000e+00
-6.6030058230106947e+00
-6.6030058230106947e+00
0.0000000000000000e+00
-6.6352181213477985e+00
-6.6352181213477985e+00
0.0000000000000000e+00
-7.9488127187746187e+00
-7.9488127187746187e+00
0.0000000000000000e+00
-7.0893074075287235e+00
-7.0893074075287235e+00
0.0000000000000000e+00
-5.5692955945286942e+00
-5.5692955945286942e+00
0.0000000000000000e+00
-6.0123446991119556e+00
-6.0123446991119556e+00
0.0000000000000000e+00
-5.4946666955403574e+00
-5.4946666955403574e+00
0.0000000000000000e+00
-5.9899180574527895e+00
-5.9899180574527895e+00
0.0000000000000000e+00
-5.8551747558624418e+00
-5.8551747558624418e+00
0.0000000000000000e+00
-5.6507970033673365e+00
-5.6507970033673365e+00
0.0000000000000000e+00
-5.8927250159488489e+00
-5.8927250159488489e+00
0.0000000000000000e+00
-5.3194409068082393e+00
-5.3194409068082393e+00
0.0000000000000000e+00
-5.9029382327692268e+00
-5.9029382327692268e+00
0.0000000000000000e+00
-7.0529877379322858e+00
-7.0529877379322858e+00
0.0000000000000000e+00
-7.6676504463951076e+00
-7.6676504463951076e+00
0.0000000000000000e+00
-6.7866626537073502e+00
-6.7866626537073502e+00
0.0000000000000000e+00
-6.4719905643388271e+00
-6.4719905643388271e+00
0.0000000000000000e+00
-6.4623282802122652e+00
-6.4623282802122652e+00
0.0000000000000000e+00
-6.4316098522228788e+00
-6.4316098522228788e+00
0.0000000000000000e+00
-6.7683302118525335e+00
-6.7683302118525335e+00
0.0000000000000000e+00
-6.3544098589938276e+00
-6.3544098589938276e+00
0.0000000000000000e+00
-6.3965661207257778e+00
-6.3965661207257778e+00
0.0000000000000000e+00
-6.6596990395758073e+00
-6.6596990395758073e+00
0.0000000000000000e+00
-6.4371567452431124e+00
-6.4371567452431124e+00
0.0000000000000000e+00
-6.2568707395052998e+00
-6.2568707395052998e+00
0.0000000000000000e+00
-6.2408672376934931e+00
-6.2408672376934931e+00
0.0000000000000000e+00
-4.9574441707294223e+00
-4.9574441707294223e+00
0.0000000000000000e+00
-5.7920593556259137e+00
-5.7920593556259137e+00
0.0000000000000000e+00
-6.2487939063970384e+00
-6.2487939063970384e+00
0.0000000000000000e+00
-5.5465940152861268e+00
-5.5465940152861268e+00
0.0000000000000000e+00
-5.8441374480611969e+00
-5.8441374480611969e+00
0.0000000000000000e+00
-5.6778711135210198e+00
-5.6778711135210198e+00
0.0000000000000000e+00
-5.8560822421798093e+00
-5.8560822421798093e+00
0.0000000000000000e+00
-5.3889605700432890e+00
-5.3889605700432890e+00
0.0000000000000000e+00
-5.1001178943096255e+00
-5.1001178943096255e+00
0.0000000000000000e+00
-5.4422104827544144e+00
-5.4422104827544144e+00
0.0000000000000000e+00
-6.6839282184348008e+00
-6.6839282184348008e+00
0.0000000000000000e+00
-6.3533493968371078e+00
-6.3533493968371078e+00
0.0000000000000000e+00
-6.8755822251487944e+00
-6.8755822251487944e+00
0.0000000000000000e+00
-6.1664537478981636e+00
-6.1664537478981636e+00
0.0000000000000000e+00
-5.7602209166140401e+00
-5.7602209166140401e+00
0.0000000000000000e+00
-6.3118584791901640e+00
-6.3118584791901640e+00
0.0000000000000000e+00
-6.4680241135613219e+00
-6.4680241135613219e+00
0.0000000000000000e+00
-6.0869994389509863e+00
-6.0869994389509863e+00
0.0000000000000000e+00
-6.5445166514064654e+00
-6.5445166514064654e+00
0.0000000000000000e+00
-6.3628579056929180e+00
-6.3628579056929180e+00
0.0000000000000000e+00
-6.1739484376975717e+00
-6.1739484376975717e+00
0.0000000000000000e+00
-5.5249798523946900e+00
-5.5249798523946900e+00
0.0000000000000000e+00
-5.2314811670158203e+00
-5.2314811670158203e+00
0.0000000000000000e+00
-5.3865021095031356e+00
-5.3865021095031356e+00
0.0000000000000000e+00
-5.6131270395517792e+00
-5.6131270395517792e+00
0.0000000000000000e+00
-5.1243357776895984e+00
-5.1243357776895984e+00
0.0000000000000000e+00
-5.2173905401381750e+00
-5.2173905401381750e+00
0.0000000000000000e+00
-5.6520618883093299e+00
-5.6520618883093299e+00
0.0000000000000000e+00
-5.8094245940643479e+00
-5.8094245940643479e+00
0.0000000000000000e+00
-7.0414709584027211e+00
-7.0414709584027211e+00
0.0000000000000000e+00
-7.0473304558273515e+00
-7.0473304558273515e+00
0.0000000000000000e+00
-5.7408812657335497e+00
-5.7408812657335497e+00
0.0000000000000000e+00
-5.5954730260595031e+00
-5.5954730260595031e+00
0.0000000000000000e+00
-5.9305505965374596e+00
-5.9305505965374596e+00
0.0000000000000000e+00
-6.4117079821063383e+00
-6.4117079821063383e+00
0.0000000000000000e+00
-5.7762067009536624e+00
-5.7762067009536624e+00
0.0000000000000000e+00
-5.5622926575773368e+00
-5.5622926575773368e+00
0.0000000000000000e+00
-5.7926042783056442e+00
-5.7926042783056442e+00
0.0000000000000000e+00
-5.8455712414262386e+00
-5.8455712414262386e+00
0.0000000000000000e+00
-5.7985767249157902e+00
-5.7985767249157902e+00
0.0000000000000000e+00
-5.6340768204345251e+00
-5.6340768204345251e+00
0.0000000000000000e+00
-6.1999000185793465e+00
-6.1999000185793465e+00
0.0000000000000000e+00
-5.2364896457323074e+00
-5.2364896457323074e+00
0.0000000000000000e+00
-5.2966860229441917e+00
-5.2966860229441917e+00
0.0000000000000000e+00
-5.2893749729573534e+00
-5.2893749729573534e+00
0.0000000000000000e+00
-5.2734860892788857e+00
-5.2734860892788857e+00
0.0000000000000000e+00
-5.2636003245000760e+00
-5.2636003245000760e+00
0.0000000000000000e+00
-5.4550090779647569e+00
-5.4550090779647569e+00
0.0000000000000000e+00
-5.4226235788518666e+00
-5.4226235788518666e+00
0.0000000000000000e+00
-6.2485174736094864e+00
-6.2485174736094864e+00
0.0000000000000000e+00
-6.3199885874815438e+00
-6.3199885874815438e+00
0.0000000000000000e+00
-6.1591820124469487e+00
-6.1591820124469487e+00
0.0000000000000000e+00
-5.7472282153824263e+00
-5.7472282153824263e+00
0.0000000000000000e+00
-5.9380202147957188e+00
-5.9380202147957188e+00
0.0000000000000000e+00
-6.3455735584043440e+00
-6.3455735584043440e+00
0.0000000000000000e+00
-6.1746420068302239e+00
-6.1746420068302239e+00
0.0000000000000000e+00
-6.4145655493062428e+00
-6.4145655493062428e+00
0.0000000000000000e+00
-6.1706859785191019e+00
-6.1706859785191019e+00
0.0000000000000000e+00
-6.5075352662542807e+00
-6.5075352662542807e+00
0.0000000000000000e+00
-6.2973192382608367e+00
-6.2973192382608367e+00
0.0000000000000000e+00
-5.9524150862840948e+00
-5.9524150862840948e+00
0.0000000000000000e+00
-6.0427891073560902e+00
-6.0427891073560902e+00
0.0000000000000000e+00
-5.7303625551407729e+00
-5.7303625551407729e+00
0.0000000000000000e+00
-5.3564449134563628e+00
-5.3564449134563628e+00
0.0000000000000000e+00
-6.1140836972346975e+00
-6.1140836972346975e+00
0.0000000000000000e+00
-6.0731996843247558e+00
-6.0731996843247558e+00
0.0000000000000000e+00
-7.1284278661633849e+00
-7.1284278661633849e+00
0.0000000000000000e+00
-6.9513969980846309e+00
-6.9513969980846309e+00
0.0000000000000000e+00
-6.8023597001464804e+00
-6.8023597001464804e+00
0.0000000000000000e+00
-7.3700239199350275e+00
-7.3700239199350275e+00
0.0000000000000000e+00
-7.1786344202921093e+00
-7.1786344202921093e+00
0.0000000000000000e+00
-6.7637779172689356e+00
-6.7637779172689356e+00
0.0000000000000000e+00
-6.8986441426592471e+00
-6.8986441426592471e+00
0.0000000000000000e+00
-6.8227882229208809e+00
-6.8227882229208809e+00
0.0000000000000000e+00
-7.4344706912960277e+00
-7.4344706912960277e+00
0.0000000000000000e+00
-7.2380740605513587e+00
-7.2380740605513587e+00
0.0000000000000000e+00
-8.7501854731139996e+00
-8.7501854731139996e+00
0.0000000000000000e+00
-6.7177310557401029e+00
-6.7177310557401029e+00
0.0000000000000000e+00
-6.4681757835242273e+00
-6.4681757835242273e+00
0.0000000000000000e+00
-6.0098030483730049e+00
-6.0098030483730049e+00
0.0000000000000000e+00
-7.2038029074438192e+00
-7.2038029074438192e+00
0.0000000000000000e+00
-1.0639387302399136e+01
-1.0639387302399136e+01
0.0000000000000000e+00
-8.9512196971243227e+00
-8.9512196971243227e+00
0.0000000000000000e+00
-9.6062816730527203e+00
-9.6062816730527203e+00
0.0000000000000000e+00
-7.9545363584426081e+00
-7.9545363584426081e+00
0.0000000000000000e+00
-1.0512088336968969e+01
-1.0512088336968969e+01
0.0000000000000000e+00
-1.0484600506158412e+01
-1.0484600506158412e+01
0.0000000000000000e+00
-1.0980789463102170e+01
-1.0980789463102170e+01
0.0000000000000000e+00
-1.0131745888336656e+01
-1.0131745888336656e+01
0.0000000000000000e+00
-1.0351874308394418e+01
-1.0351874308394418e+01
0.0000000000000000e+00
-1.0346863222461455e+01
-1.0346863222461455e+01
0.0000000000000000e+00
-1.1006299254607825e+01
-1.1006299254607825e+01
0.0000000000000000e+00
-1.1509627710169019e+01
-1.1509627710169019e+01
0.0000000000000000e+00
-9.7998226393542360e+00
-9.7998226393542360e+00
0.0000000000000000e+00
-9.9387137414033155e+00
-9.9387137414033155e+00
0.0000000000000000e+00
-9.8542978852323664e+00
-9.8542978852323664e+00
0.0000000000000000e+00
-1.0309086555343104e+01
-1.0309086555343104e+01
0.0000000000000000e+00
-8.7853149311933709e+00
-8.7853149311933709e+00
0.0000000000000000e+00
-8.0379988107421205e+00
-8.0379988107421205e+00
0.0000000000000000e+00
-7.4903911167584702e+00
-7.4903911167584702e+00
0.0000000000000000e+00
-6.5790406491877897e+00
-6.5790406491877897e+00
0.0000000000000000e+00
-7.3140868297944497e+00
-7.3140868297944497e+00
0.0000000000000000e+00
-6.5503166068218137e+00
-6.5503166068218137e+00
0.0000000000000000e+00
-6.5325219388913993e+00
-6.5325219388913993e+00
0.0000000000000000e+00
-5.7464594742435455e+00
-5.7464594742435455e+00
0.0000000000000000e+00
-6.9877615682814387e+00
-6.9877615682814387e+00
0.0000000000000000e+00
-6.2338160430175611e+00
-6.2338160430175611e+00
0.0000000000000000e+00
-6.0675932001758026e+00
-6.0675932001758026e+00
0.0000000000000000e+00
-5.9871721418583288e+00
-5.9871721418583288e+00
0.0000000000000000e+00
-7.1016400801126993e+00
-7.1016400801126993e+00
0.0000000000000000e+00
-6.9806640612096693e+00
-6.9806640612096693e+00
0.0000000000000000e+00
-6.5846300895840599e+00
-6.5846300895840599e+00
0.0000000000000000e+00
-6.6616432850244784e+00
-6.6616432850244784e+00
0.0000000000000000e+00
-6.5986196201808855e+00
-6.5986196201808855e+00
0.0000000000000000e+00
-6.4138189887697674e+00
-6.4138189887697674e+00
0.0000000000000000e+00
-6.1988738373394536e+00
-6.1988738373394536e+00
0.0000000000000000e+00
-6.2988089029080578e+00
-6.2988089029080578e+00
0.0000000000000000e+00
-7.1552629896670723e+00
-7.1552629896670723e+00
0.0000000000000000e+00
-7.9107303566755842e+00
-7.9107303566755842e+00
0.0000000000000000e+00
-8.1867350728533363e+00
-8.1867350728533363e+00
0.0000000000000000e+00
-7.3271378215131531e+00
-7.3271378215131531e+00
0.0000000000000000e+00
-7.6027790080307760e+00
-7.6027790080307760e+00
0.0000000000000000e+00
-8.3886166980876045e+00
-8.3886166980876045e+00
0.0000000000000000e+00
-7.3434947119295391e+00
-7.3434947119295391e+00
0.0000000000000000e+00
-6.1200609555696888e+00
-6.1200609555696888e+00
0.0000000000000000e+00
-6.5679551652712469e+00
-6.5679551652712469e+00
0.0000000000000000e+00
-5.9693323353006944e+00
-5.9693323353006944e+00
0.0000000000000000e+00
-6.4751354818785165e+00
-6.4751354818785165e+00
0.0000000000000000e+00
-5.5856124481053930e+00
-5.5856124481053930e+00
0.0000000000000000e+00
-5.4843994625522932e+00
-5.4843994625522932e+00
0.0000000000000000e+00
-5.5170353106737977e+00
-5.5170353106737977e+00
0.0000000000000000e+00
-5.6668205787461190e+00
-5.6668205787461190e+00
0.0000000000000000e+00
-5.6562547389697064e+00
-5.6562547389697064e+00
0.0000000000000000e+00
-6.5914868538927065e+00
-6.5914868538927065e+00
0.0000000000000000e+00
-6.0129628571602316e+00
-6.0129628571602316e+00
0.0000000000000000e+00
-5.2816501803590921e+00
-5.2816501803590921e+00
0.0000000000000000e+00
-6.8227619219757756e+00
-6.8227619219757756e+00
0.0000000000000000e+00
-6.6540911748909322e+00
-6.6540911748909322e+00
0.0000000000000000e+00
-5.8210048330012345e+00
-5.8210048330012345e+00
0.0000000000000000e+00
-6.5554436250966948e+00
-6.5554436250966948e+00
0.0000000000000000e+00
-5.7438977326134104e+00
-5.7438977326134104e+00
0.0000000000000000e+00
-6.7360325149569569e+00
-6.7360325149569569e+00
0.0000000000000000e+00
-7.7282296230924166e+00
-7.7282296230924166e+00
0.0000000000000000e+00
-5.9659446739839161e+00
-5.9659446739839161e+00
0.0000000000000000e+00
-5.0965339772593303e+00
-5.0965339772593303e+00
0.0000000000000000e+00
-5.0703678830217456e+00
-5.0703678830217456e+00
0.0000000000000000e+00
-6.2549185018280928e+00
-6.2549185018280928e+00
0.0000000000000000e+00
-5.8524730572214834e+00
-5.8524730572214834e+00
0.0000000000000000e+00
-5.7050817054320078e+00
-5.7050817054320078e+00
0.0000000000000000e+00
-6.2699975020022878e+00
-6.2699975020022878e+00
0.0000000000000000e+00
-6.4488953465555738e+00
-6.4488953465555738e+00
0.0000000000000000e+00
-5.5144660850285883e+00
-5.5144660850285883e+00
0.0000000000000000e+00
-6.3081521676021950e+00
-6.3081521676021950e+00
0.0000000000000000e+00
-6.1191516309474503e+00
-6.1191516309474503e+00
0.0000000000000000e+00
-6.8845839018524462e+00
-6.8845839018524462e+00
0.0000000000000000e+00
-5.7360467208488526e+00
-5.7360467208488526e+00
0.0000000000000000e+00
-5.0207408365809716e+00
-5.0207408365809716e+00
0.0000000000000000e+00
-5.5356259975305653e+00
-5.5356259975305653e+00
0.0000000000000000e+00
-6.1312881448950227e+00
-6.1312881448950227e+00
0.0000000000000000e+00
-5.0443963409546049e+00
-5.0443963409546049e+00
0.0000000000000000e+00
-5.3050058531413899e+00
-5.3050058531413899e+00
0.0000000000000000e+00
-5.7993515161409555e+00
-5.7993515161409555e+00
0.0000000000000000e+00
-5.8126414605588579e+00
-5.8126414605588579e+00
0.0000000000000000e+00
-5.7178112200116482e+00
-5.7178112200116482e+00
0.0000000000000000e+00
-5.8843067402348375e+00
-5.8843067402348375e+00
0.0000000000000000e+00
-5.4645425314437208e+00
-5.4645425314437208e+00
0.0000000000000000e+00
-5.6349989752292124e+00
-5.6349989752292124e+00
0.0000000000000000e+00
-5.3162106597824996e+00
-5.3162106597824996e+00
0.0000000000000000e+00
-6.3395657835316470e+00
-6.3395657835316470e+00
0.0000000000000000e+00
-5.3055863112368638e+00
-5.3055863112368638e+00
0.0000000000000000e+00
-6.2533506524027720e+00
-6.2533506524027720e+00
0.0000000000000000e+00
-6.8958018675963224e+00
-6.8958018675963224e+00
0.0000000000000000e+00
-7.0445702649819353e+00
-7.0445702649819353e+00
0.0000000000000000e+00
-7.6297861418745914e+00
-7.6297861418745914e+00
0.0000000000000000e+00
-7.8697507407091472e+00
-7.8697507407091472e+00
0.0000000000000000e+00
-6.9357381655525980e+00
-6.9357381655525980e+00
0.0000000000000000e+00
-8.4200450192672882e+00
-8.4200450192672882e+00
0.0000000000000000e+00
-7.4837738989497566e+00
-7.4837738989497566e+00
0.0000000000000000e+00
-9.4294462430362955e+00
-9.4294462430362955e+00
0.0000000000000000e+00
-1.0349173263100559e+01
-1.0349173263100559e+01
0.0000000000000000e+00
-9.6633460973871301e+00
-9.6633460973871301e+00
0.0000000000000000e+00
-8.5910247928356753e+00
-8.5910247928356753e+00
0.0000000000000000e+00
-6.9045728410563028e+00
-6.9045728410563028e+00
0.0000000000000000e+00
-7.0263823898041418e+00
-7.0263823898041418e+00
0.0000000000000000e+00
-6.8687978166705363e+00
-6.8687978166705363e+00
0.0000000000000000e+00
-6.4334398997781683e+00
-6.4334398997781683e+00
0.0000000000000000e+00
-6.4076162363833662e+00
-6.4076162363833662e+00
0.0000000000000000e+00
-4.9460646888143289e+00
-4.9460646888143289e+00
0.0000000000000000e+00
-4.9692280844125287e+00
-4.9692280844125287e+00
0.0000000000000000e+00
-5.4521130412466920e+00
-5.4521130412466920e+00
0.0000000000000000e+00
-6.0610796257021331e+00
-6.0610796257021331e+00
0.0000000000000000e+00
-6.6293428622446626e+00
-6.6293428622446626e+00
0.0000000000000000e+00
-7.2809451173505408e+00
-7.2809451173505408e+00
0.0000000000000000e+00
-6.9936201597214467e+00
-6.9936201597214467e+00
0.0000000000000000e+00
-6.2838784099360918e+00
-6.2838784099360918e+00
0.0000000000000000e+00
-6.2717524644944262e+00
-6.2717524644944262e+00
0.0000000000000000e+00
-5.7595204120205610e+00
-5.7595204120205610e+00
0.0000000000000000e+00
-6.3276044771762860e+00
-6.3276044771762860e+00
0.0000000000000000e+00
-6.1703571442100049e+00
-6.1703571442100049e+00
0.0000000000000000e+00
-5.7353387882060609e+00
-5.7353387882060609e+00
0.0000000000000000e+00
-6.5737433589427230e+00
-6.5737433589427230e+00
0.0000000000000000e+00
-6.8823415862319166e+00
-6.8823415862319166e+00
0.0000000000000000e+00
-5.8391155152417982e+00
-5.8391155152417982e+00
0.0000000000000000e+00
-5.6387465893018121e+00
-5.6387465893018121e+00
0.0000000000000000e+00
-5.4729079534957457e+00
-5.4729079534957457e+00
0.0000000000000000e+00
-5.7254950591307123e+00
-5.7254950591307123e+00
0.0000000000000000e+00
-5.7029733909625602e+00
-5.7029733909625602e+00
0.0000000000000000e+00
-5.6580102769744585e+00
-5.6580102769744585e+00
0.0000000000000000e+00
-5.6134769656181920e+00
-5.6134769656181920e+00
0.0000000000000000e+00
-5.8923316200671572e+00
-5.8923316200671572e+00
0.0000000000000000e+00
-5.3589148385900520e+00
-5.3589148385900520e+00
0.0000000000000000e+00
-5.6475711137607458e+00
-5.6475711137607458e+00
0.0000000000000000e+00
-6.1667408066388667e+00
-6.1667408066388667e+00
0.0000000000000000e+00
-6.3757876736109687e+00
-6.3757876736109687e+00
0.0000000000000000e+00
-7.0711253984168341e+00
-7.0711253984168341e+00
0.0000000000000000e+00
-7.5942607648170402e+00
-7.5942607648170402e+00
0.0000000000000000e+00
-7.2757920316120828e+00
-7.2757920316120828e+00
0.0000000000000000e+00
-7.1244957902711459e+00
-7.1244957902711459e+00
0.0000000000000000e+00
-6.8866167812805514e+00
-6.8866167812805514e+00
0.0000000000000000e+00
-6.9013340492921937e+00
-6.9013340492921937e+00
0.0000000000000000e+00
-7.8605994857595398e+00
-7.8605994857595398e+00
0.0000000000000000e+00
-7.0684331092626156e+00
-7.0684331092626156e+00
0.0000000000000000e+00
-6.9520714844872202e+00
-6.9520714844872202e+00
0.0000000000000000e+00
-7.1885330463479571e+00
-7.1885330463479571e+00
0.0000000000000000e+00
-7.1285468073805172e+00
-7.1285468073805172e+00
0.0000000000000000e+00
-6.7059132424401637e+00
-6.7059132424401637e+00
0.0000000000000000e+00
-6.1644589019088238e+00
-6.1644589019088238e+00
0.0000000000000000e+00
-6.0152081065261394e+00
-6.0152081065261394e+00
0.0000000000000000e+00
-6.5105606006847960e+00
-6.5105606006847960e+00
0.0000000000000000e+00
-5.5109389353883440e+00
-5.5109389353883440e+00
0.0000000000000000e+00
-5.3724929856621859e+00
-5.3724929856621859e+00
0.0000000000000000e+00
-5.9493319083849752e+00
-5.9493319083849752e+00
0.0000000000000000e+00
-6.3998063185879079e+00
-6.3998063185879079e+00
0.0000000000000000e+00
-6.5706970601518595e+00
-6.5706970601518595e+00
0.0000000000000000e+00
-7.1016031411149907e+00
-7.1016031411149907e+00
0.0000000000000000e+00
-6.4890344306088590e+00
-6.4890344306088590e+00
0.0000000000000000e+00
-6.4744292811728252e+00
-6.4744292811728252e+00
0.0000000000000000e+00
-7.1955957940975228e+00
-7.1955957940975228e+00
0.0000000000000000e+00
-6.3512337144434641e+00
-6.3512337144434641e+00
0.0000000000000000e+00
-6.3167262268807098e+00
-6.3167262268807098e+00
0.0000000000000000e+00
-6.2370155569877710e+00
-6.2370155569877710e+00
0.0000000000000000e+00
-5.8707888695659616e+00
-5.8707888695659616e+00
0.0000000000000000e+00
-6.2598554116724685e+00
-6.2598554116724685e+00
0.0000000000000000e+00
-6.0196198403091579e+00
-6.0196198403091579e+00
0.0000000000000000e+00
-5.7352007756400809e+00
-5.7352007756400809e+00
0.0000000000000000e+00
-5.7994799117959861e+00
-5.7994799117959861e+00
0.0000000000000000e+00
-5.8228373804557307e+00
-5.8228373804557307e+00
0.0000000000000000e+00
-5.7270950872778377e+00
-5.7270950872778377e+00
0.0000000000000000e+00
-6.0483407720467648e+00
-6.0483407720467648e+00
0.0000000000000000e+00
-6.5601447169816431e+00
-6.5601447169816431e+00
0.0000000000000000e+00
-6.5071285885719963e+00
-6.5071285885719963e+00
0.0000000000000000e+00
-5.9243171705051365e+00
-5.9243171705051365e+00
0.0000000000000000e+00
-5.9731224979896478e+00
-5.9731224979896478e+00
0.0000000000000000e+00
-6.0748214027451475e+00
-6.0748214027451475e+00
0.0000000000000000e+00
-6.3973172505664202e+00
-6.3973172505664202e+00
0.0000000000000000e+00
-5.7936440688865591e+00
-5.7936440688865591e+00
0.0000000000000000e+00
-6.8099685454539909e+00
-6.8099685454539909e+00
0.0000000000000000e+00
-6.2619418279445727e+00
-6.2619418279445727e+00
0.0000000000000000e+00
-6.7655377602069331e+00
-6.7655377602069331e+00
0.0000000000000000e+00
-6.9055332800202951e+00
-6.9055332800202951e+00
0.0000000000000000e+00
-6.0724422948774235e+00
-6.0724422948774235e+00
0.0000000000000000e+00
-5.8277641782325151e+00
-5.8277641782325151e+00
0.0000000000000000e+00
-5.3647336697445791e+00
-5.3647336697445791e+00
0.0000000000000000e+00
-5.1752615509265336e+00
-5.1752615509265336e+00
0.0000000000000000e+00
-5.0839380762191357e+00
-5.0839380762191357e+00
0.0000000000000000e+00
-4.9454187468927726e+00
-4.9454187468927726e+00
0.0000000000000000e+00
-4.8334179133956185e+00
-4.8334179133956185e+00
0.0000000000000000e+00
-5.8782134413326768e+00
-5.8782134413326768e+00
0.0000000000000000e+00
-6.3116471364958198e+00
-6.3116471364958198e+00
0.0000000000000000e+00
-5.4598954410481575e+00
-5.4598954410481575e+00
0.0000000000000000e+00
-5.7725643452224986e+00
-5.7725643452224986e+00
0.0000000000000000e+00
-5.5423696680536709e+00
-5.5423696680536709e+00
0.0000000000000000e+00
-5.3721153044237582e+00
-5.3721153044237582e+00
0.0000000000000000e+00
-5.0497492261135886e+00
-5.0497492261135886e+00
0.0000000000000000e+00
-5.0604259588477172e+00
-5.0604259588477172e+00
0.0000000000000000e+00
-5.2080011424607981e+00
-5.2080011424607981e+00
0.0000000000000000e+00
-5.9887489175130648e+00
-5.9887489175130648e+00
0.0000000000000000e+00
-6.5266408479782339e+00
-6.5266408479782339e+00
0.0000000000000000e+00
-6.2806897664188783e+00
-6.2806897664188783e+00
0.0000000000000000e+00
-6.3779563597729059e+00
-6.3779563597729059e+00
0.0000000000000000e+00
-5.5712126331856453e+00
-5.5712126331856453e+00
0.0000000000000000e+00
-5.7409370326053981e+00
-5.7409370326053981e+00
0.0000000000000000e+00
-5.4563187781346443e+00
-5.4563187781346443e+00
0.0000000000000000e+00
-5.9948439708670067e+00
-5.9948439708670067e+00
0.0000000000000000e+00
-6.4615272283712333e+00
-6.4615272283712333e+00
0.0000000000000000e+00
-7.0537384563507519e+00
-7.0537384563507519e+00
0.0000000000000000e+00
-6.2941053807986282e+00
-6.2941053807986282e+00
0.0000000000000000e+00
-6.5441615738788812e+00
-6.5441615738788812e+00
0.0000000000000000e+00
-5.8495562961053800e+00
-5.8495562961053800e+00
0.0000000000000000e+00
-5.2469466640969795e+00
-5.2469466640969795e+00
0.0000000000000000e+00
-5.2904871624982546e+00
-5.2904871624982546e+00
0.0000000000000000e+00
-5.1379428111093199e+00
-5.1379428111093199e+00
0.0000000000000000e+00
-5.0439406341440431e+00
-5.0439406341440431e+00
0.0000000000000000e+00
-5.1163811461744784e+00
-5.1163811461744784e+00
0.0000000000000000e+00
-4.9036596677904489e+00
-4.9036596677904489e+00
0.0000000000000000e+00
-5.3100164602942836e+00
-5.3100164602942836e+00
0.0000000000000000e+00
-5.4132179423235378e+00
-5.4132179423235378e+00
0.0000000000000000e+00
-5.4933881323748484e+00
-5.4933881323748484e+00
0.0000000000000000e+00
-6.2600128724244906e+00
-6.2600128724244906e+00
0.0000000000000000e+00
-6.9240066889448109e+00
-6.9240066889448109e+00
0.0000000000000000e+00
-5.8862008074700842e+00
-5.8862008074700842e+00
0.0000000000000000e+00
-5.8587212414098069e+00
-5.8587212414098069e+00
0.0000000000000000e+00
-5.8806104480885155e+00
-5.8806104480885155e+00
0.0000000000000000e+00
-5.9400414282767677e+00
-5.9400414282767677e+00
0.0000000000000000e+00
-6.8916136511078623e+00
-6.8916136511078623e+00
0.0000000000000000e+00
-6.6979366832481144e+00
-6.6979366832481144e+00
0.0000000000000000e+00
-6.2374469159916446e+00
-6.2374469159916446e+00
0.0000000000000000e+00
-5.8133051467182977e+00
-5.8133051467182977e+00
0.0000000000000000e+00
-6.1040571522198155e+00
-6.1040571522198155e+00
0.0000000000000000e+00
-5.4362114452651040e+00
-5.4362114452651040e+00
0.0000000000000000e+00
-5.5755965057948389e+00
-5.5755965057948389e+00
0.0000000000000000e+00
-5.2346545688852890e+00
-5.2346545688852890e+00
0.0000000000000000e+00
-5.6572377784383878e+00
-5.6572377784383878e+00
0.0000000000000000e+00
-5.8333242982304654e+00
-5.8333242982304654e+00
0.0000000000000000e+00
-5.8705218141042419e+00
-5.8705218141042419e+00
0.0000000000000000e+00
-7.0612470992803065e+00
-7.0612470992803065e+00
0.0000000000000000e+00
-5.3140362021279062e+00
-5.3140362021279062e+00
0.0000000000000000e+00
-6.3531050841898740e+00
-6.3531050841898740e+00
0.0000000000000000e+00
-5.5256512516445149e+00
-5.5256512516445149e+00
0.0000000000000000e+00
-5.9383778243781045e+00
-5.9383778243781045e+00
0.0000000000000000e+00
-5.9712410742085753e+00
-5.9712410742085753e+00
0.0000000000000000e+00
-5.6849992602134609e+00
-5.6849992602134609e+00
0.0000000000000000e+00
-5.2032809868666217e+00
-5.2032809868666217e+00
0.0000000000000000e+00
-5.1186747121038829e+00
-5.1186747121038829e+00
0.0000000000000000e+00
-5.0251618289115454e+00
-5.0251618289115454e+00
0.0000000000000000e+00
-5.1745575960196240e+00
-5.1745575960196240e+00
0.0000000000000000e+00
-6.8906824162191080e+00
-6.8906824162191080e+00
0.0000000000000000e+00
-6.2686677999482923e+00
-6.2686677999482923e+00
0.0000000000000000e+00
-5.5425171281279022e+00
-5.5425171281279022e+00
0.0000000000000000e+00
-5.6319003144824373e+00
-5.6319003144824373e+00
0.0000000000000000e+00
-5.7523657034334335e+00
-5.7523657034334335e+00
0.0000000000000000e+00
-6.0932748035714317e+00
-6.0932748035714317e+00
0.0000000000000000e+00
-5.6870865100834642e+00
-5.6870865100834642e+00
0.0000000000000000e+00
-5.6756636596726135e+00
-5.6756636596726135e+00
0.0000000000000000e+00
-5.4776367804527757e+00
-5.4776367804527757e+00
0.0000000000000000e+00
-5.7857102794058761e+00
-5.7857102794058761e+00
0.0000000000000000e+00
-5.9148934555608443e+00
-5.9148934555608443e+00
0.0000000000000000e+00
-6.8576483300722701e+00
-6.8576483300722701e+00
0.0000000000000000e+00
-6.0389423566878557e+00
-6.0389423566878557e+00
0.0000000000000000e+00
-6.5389768584965440e+00
-6.5389768584965440e+00
0.0000000000000000e+00
-7.2793444883306933e+00
-7.2793444883306933e+00
0.0000000000000000e+00
-8.3465226158457906e+00
-8.3465226158457906e+00
0.0000000000000000e+00
-7.3274824570046295e+00
-7.3274824570046295e+00
0.0000000000000000e+00
-6.6615015944884348e+00
-6.6615015944884348e+00
0.0000000000000000e+00
-7.3705129466195842e+00
-7.3705129466195842e+00
0.0000000000000000e+00
-6.6204312248924886e+00
-6.6204312248924886e+00
0.0000000000000000e+00
-8.3647365335526107e+00
-8.3647365335526107e+00
0.0000000000000000e+00
-8.2968482421677638e+00
-8.2968482421677638e+00
0.0000000000000000e+00
-7.1838356585035026e+00
-7.1838356585035026e+00
0.0000000000000000e+00
-6.2935479145431152e+00
-6.2935479145431152e+00
0.0000000000000000e+00
-6.1140010778357068e+00
-6.1140010778357068e+00
0.0000000000000000e+00
-6.2507666693710320e+00
-6.2507666693710320e+00
0.0000000000000000e+00
-6.1814086607042817e+00
-6.1814086607042817e+00
0.0000000000000000e+00
-6.9317506947993124e+00
-6.9317506947993124e+00
0.0000000000000000e+00
-7.1190666978957395e+00
-7.1190666978957395e+00
0.0000000000000000e+00
-7.6270228069491663e+00
-7.6270228069491663e+00
0.0000000000000000e+00
-7.8637830986476480e+00
-7.8637830986476480e+00
0.0000000000000000e+00
-5.8563103430878130e+00
-5.8563103430878130e+00
0.0000000000000000e+00
-6.7832922498926926e+00
-6.7832922498926926e+00
0.0000000000000000e+00
-6.0617527220837220e+00
-6.0617527220837220e+00
0.0000000000000000e+00
-6.0915390159635860e+00
-6.0915390159635860e+00
0.0000000000000000e+00
-6.1623620550357989e+00
-6.1623620550357989e+00
0.0000000000000000e+00
-6.5606551825925052e+00
-6.5606551825925052e+00
0.0000000000000000e+00
-6.6254635121825656e+00
-6.6254635121825656e+00
0.0000000000000000e+00
-7.8744794015778066e+00
-7.8744794015778066e+00
0.0000000000000000e+00
-7.7054341448443537e+00
-7.7054341448443537e+00
0.0000000000000000e+00
-6.3503988695641791e+00
-6.3503988695641791e+00
0.0000000000000000e+00
-6.3994609778405955e+00
-6.3994609778405955e+00
0.0000000000000000e+00
-6.5296511379472024e+00
-6.5296511379472024e+00
0.0000000000000000e+00
-6.6955274124962019e+00
-6.6955274124962019e+00
0.0000000000000000e+00
-6.7834513559236536e+00
-6.7834513559236536e+00
0.0000000000000000e+00
-6.7959686795144281e+00
-6.7959686795144281e+00
0.0000000000000000e+00
-6.8751152236897060e+00
-6.8751152236897060e+00
0.0000000000000000e+00
-6.6360775021425624e+00
-6.6360775021425624e+00
0.0000000000000000e+00
-6.6200568446513461e+00
-6.6200568446513461e+00
0.0000000000000000e+00
-6.8426423380189521e+00
-6.8426423380189521e+00
0.0000000000000000e+00
-7.1402665392147107e+00
-7.1402665392147107e+00
0.0000000000000000e+00
-7.2132555206754603e+00
-7.2132555206754603e+00
0.0000000000000000e+00
-7.0801072655414083e+00
-7.0801072655414083e+00
0.0000000000000000e+00
-7.0466194851402602e+00
-7.0466194851402602e+00
0.0000000000000000e+00
-6.8955270174607461e+00
-6.8955270174607461e+00
0.0000000000000000e+00
-6.4997604574312078e+00
-6.4997604574312078e+00
0.0000000000000000e+00
-6.8683914320355228e+00
-6.8683914320355228e+00
0.0000000000000000e+00
-6.5830844882636814e+00
-6.5830844882636814e+00
0.0000000000000000e+00
-6.5383992805420164e+00
-6.5383992805420164e+00
0.0000000000000000e+00
-6.5963520511792968e+00
-6.5963520511792968e+00
0.0000000000000000e+00
-6.5975953955019540e+00
-6.5975953955019540e+00
0.0000000000000000e+00
-6.5061490767290326e+00
-6.5061490767290326e+00
0.0000000000000000e+00
-6.4360320660712773e+00
-6.4360320660712773e+00
0.0000000000000000e+00
-6.5065884698407963e+00
-6.5065884698407963e+00
0.0000000000000000e+00
-6.5412310531843367e+00
-6.5412310531843367e+00
0.0000000000000000e+00
-6.6118302955277848e+00
-6.6118302955277848e+00
0.0000000000000000e+00
-6.5889836461282467e+00
-6.5889836461282467e+00
0.0000000000000000e+00
-6.7381544301930418e+00
-6.7381544301930418e+00
0.0000000000000000e+00
-7.7554923440727910e+00
-7.7554923440727910e+00
0.0000000000000000e+00
-7.6335856626094554e+00
-7.6335856626094554e+00
0.0000000000000000e+00
-7.5071105608609949e+00
-7.5071105608609949e+00
0.0000000000000000e+00
-7.4039623356388580e+00
-7.4039623356388580e+00
0.0000000000000000e+00
-7.1175354582544355e+00
-7.1175354582544355e+00
0.0000000000000000e+00
-7.3047052169553446e+00
-7.3047052169553446e+00
0.0000000000000000e+00
-7.3874095833205908e+00
-7.3874095833205908e+00
0.0000000000000000e+00
-6.8466427737319080e+00
-6.8466427737319080e+00
0.0000000000000000e+00
-6.6496225117798335e+00
-6.6496225117798335e+00
0.0000000000000000e+00
-6.8252065832642081e+00
-6.8252065832642081e+00
0.0000000000000000e+00
-6.8586924924531161e+00
-6.8586924924531161e+00
0.0000000000000000e+00
-6.8959504412543886e+00
-6.8959504412543886e+00
0.0000000000000000e+00
-6.8808823762617930e+00
-6.8808823762617930e+00
0.0000000000000000e+00
-6.9754216818857513e+00
-6.9754216818857513e+00
0.0000000000000000e+00
-7.0437286649112210e+00
-7.0437286649112210e+00
0.0000000000000000e+00
-7.6470244130522431e+00
-7.6470244130522431e+00
0.0000000000000000e+00
-7.5567103021912132e+00
-7.5567103021912132e+00
0.0000000000000000e+00
-7.5566923631771710e+00
-7.5566923631771710e+00
0.0000000000000000e+00
-7.5757024531478372e+00
-7.5757024531478372e+00
0.0000000000000000e+00
-8.0632630223230635e+00
-8.0632630223230635e+00
0.0000000000000000e+00
-8.0544463305334606e+00
-8.0544463305334606e+00
0.0000000000000000e+00
-7.6585705428824014e+00
-7.6585705428824014e+00
0.0000000000000000e+00
-7.5601993913192702e+00
-7.5601993913192702e+00
0.0000000000000000e+00
-7.8365825046982156e+00
-7.8365825046982156e+00
0.0000000000000000e+00
-7.2763074783988984e+00
-7.2763074783988984e+00
0.0000000000000000e+00
-7.1557211778729659e+00
-7.1557211778729659e+00
0.0000000000000000e+00
-7.5295651358230362e+00
-7.5295651358230362e+00
0.0000000000000000e+00
-7.8313151616060672e+00
-7.8313151616060672e+00
0.0000000000000000e+00
-7.3650616866269356e+00
-7.3650616866269356e+00
0.0000000000000000e+00
-7.3791896880235823e+00
-7.3791896880235823e+00
0.0000000000000000e+00
-6.6117003375403911e+00
-6.6117003375403911e+00
0.0000000000000000e+00
