4
1000
2.4900697664742211e-01
5.1876447896647737e-01
1.6166177207116994e-02
1.0000000000000000e+00
2.4720718087081650e-01
5.1876447896647737e-01
1.6166177207116994e-02
1.0000000000000000e+00
2.0663833086763361e-01
4.3327939312148378e-01
1.8469799323724834e-03
1.0000000000000000e+00
1.8580861463595966e-01
4.3327939312148378e-01
1.5707078717161926e-02
1.0000000000000000e+00
1.8676153364975789e-01
4.4914100120950029e-01
2.2552194866796049e-02
1.0000000000000000e+00
2.3569835237611869e-01
6.5420547837566123e-01
1.4812252811600479e-02
1.0000000000000000e+00
2.2713636261795500e-01
8.8894844765018211e-01
3.0594880088676724e-02
1.0000000000000000e+00
2.5624659917701820e-01
8.8894844765018211e-01
2.3756452232112202e-02
1.0000000000000000e+00
2.5999910365243295e-01
8.7030029634188399e-01
3.0493590376784119e-02
1.0000000000000000e+00
2.0604208837647775e-01
7.8575211472052620e-01
3.3560707095523390e-02
1.0000000000000000e+00
2.2514785061974862e-01
5.6588486290711448e-01
3.3560707095523390e-02
1.0000000000000000e+00
1.8285558819223979e-01
3.1953604973095939e-01
2.4882186065872225e-02
1.0000000000000000e+00
2.6777068599511722e-01
3.1953604973095939e-01
3.1625074196119818e-02
1.0000000000000000e+00
2.5234124231536725e-01
4.4754551804799125e-01
2.1395236115415606e-02
1.0000000000000000e+00
2.5948569578503111e-01
4.4754551804799125e-01
1.5706822137792620e-02
1.0000000000000000e+00
3.2349750264000932e-01
4.4754551804799125e-01
1.9605443208922657e-02
1.0000000000000000e+00
3.4049067231279651e-01
2.3612482321623252e-01
1.9605443208922657e-02
1.0000000000000000e+00
3.5949855418328980e-01
2.3612482321623252e-01
1.8615701213923308e-02
1.0000000000000000e+00
3.0536897763994375e-01
4.0484482768806673e-02
1.7798977183622333e-02
1.0000000000000000e+00
2.7867634132888952e-01
3.1030347419145987e-01
1.5341194593133656e-03
1.0000000000000000e+00
2.4143180022400657e-01
3.1030347419145987e-01
1.5341194593133656e-03
1.0000000000000000e+00
2.8758545456838647e-01
2.3278285038832114e-01
1.5341194593133656e-03
1.0000000000000000e+00
2.9506873902317921e-01
1.6198232990864203e-01
1.1076805276309165e-02
1.0000000000000000e+00
3.0743082570296565e-01
1.9773275253537581e-01
1.1076805276309165e-02
1.0000000000000000e+00
2.7293145986658374e-01
3.6769804206851409e-01
3.6883829256032619e-02
1.0000000000000000e+00
2.8984717796009818e-01
3.7650930357340262e-01
3.5949076736790153e-02
1.0000000000000000e+00
2.8194571726015738e-01
2.8504233283165381e-01
3.5564490804892990e-02
1.0000000000000000e+00
2.6679422214618853e-01
1.2559828383091376e-01
7.0005932102424118e-02
1.0000000000000000e+00
3.1780383989206484e-01
-1.0991943653789304e-02
5.8435328981352064e-02
1.0000000000000000e+00
2.3948059787034026e-01
-4.3664721425739073e-02
6.7488820968640062e-02
1.0000000000000000e+00
2.4741340239523879e-01
-4.3664721425739073e-02
5.2755083634031030e-02
1.0000000000000000e+00
2.4741340239523879e-01
-1.8124710175034120e-01
2.8228422372114870e-02
1.0000000000000000e+00
2.4685665962277881e-01
-1.4384985121723726e-01
4.2025306938660356e-02
1.0000000000000000e+00
2.4369117521672479e-01
-1.8377614917990281e-01
4.0437197756466481e-02
1.0000000000000000e+00
2.4369117521672479e-01
-6.8525546815362715e-02
1.7351139082086298e-02
1.0000000000000000e+00
2.4663881349368921e-01
-1.5986876215902113e-02
1.7351139082086298e-02
1.0000000000000000e+00
2.7074829625888697e-01
8.8649018082651354e-02
4.0530901845988843e-02
1.0000000000000000e+00
2.7723976035593978e-01
3.6963431385520384e-01
5.0692909840938660e-02
1.0000000000000000e+00
2.7470730847670666e-01
2.5294055638078139e-01
4.3826184213605734e-02
1.0000000000000000e+00
3.1256906545712582e-01
2.5294055638078139e-01
4.1461971100864026e-02
1.0000000000000000e+00
3.1256906545712582e-01
-1.1081037822004869e-01
4.8574161693898055e-02
1.0000000000000000e+00
3.0566054812624088e-01
2.6039399800065444e-01
5.0325588825137380e-02
1.0000000000000000e+00
3.1705882397471896e-01
4.2291755729529545e-01
5.0325588825137380e-02
1.0000000000000000e+00
2.5006169077931872e-01
1.9412237906071828e-01
5.0325588825137380e-02
1.0000000000000000e+00
2.2397159968494407e-01
7.9398979779216505e-02
4.2928669172317746e-02
1.0000000000000000e+00
2.2397159968494407e-01
-3.2937629733351015e-02
6.2138315792174104e-02
1.0000000000000000e+00
2.2692930788724652e-01
1.2265159317466900e-01
7.4052159245104554e-02
1.0000000000000000e+00
2.3059087546533874e-01
1.1151355446490929e-01
6.1267400662393334e-02
1.0000000000000000e+00
2.3216046879059604e-01
4.5100251526746438e-01
6.1267400662393334e-02
1.0000000000000000e+00
1.7624766679472259e-01
4.2011545540008233e-01
6.1267400662393334e-02
1.0000000000000000e+00
1.3280565312123827e-01
2.0772860140714333e-01
8.0149718130917313e-02
1.0000000000000000e+00
1.3280565312123827e-01
7.1389171641203619e-02
8.1676174224332931e-02
1.0000000000000000e+00
1.6312736107028059e-01
7.7027093034121252e-02
9.5968860470668438e-02
1.0000000000000000e+00
1.6058357010587088e-01
9.5367499973508574e-02
9.8673530657754305e-02
1.0000000000000000e+00
1.9120944800778261e-01
-1.2382405140669572e-03
7.9083331664071443e-02
1.0000000000000000e+00
1.9120944800778261e-01
-5.2779516499140255e-02
6.5201863682807448e-02
1.0000000000000000e+00
1.9803914471521011e-01
5.8422723491094120e-02
6.9397839753867152e-02
1.0000000000000000e+00
1.9803914471521011e-01
1.9629402243008376e-01
6.1138041353763106e-02
1.0000000000000000e+00
1.9617871425106159e-01
2.2796326287498236e-01
4.8714346288681987e-02
1.0000000000000000e+00
1.9634685422460052e-01
4.0497584797849417e-01
4.8714346288681987e-02
1.0000000000000000e+00
2.0782821103165361e-01
4.8634878702869178e-01
6.1773342815206411e-02
1.0000000000000000e+00
2.1209720698351475e-01
6.3913282163848639e-01
7.5764556218848589e-02
1.0000000000000000e+00
2.3165665929371926e-01
2.9966677137126685e-01
7.5764556218848589e-02
1.0000000000000000e+00
2.1605255817229363e-01
3.8296159513702155e-01
7.5764556218848589e-02
1.0000000000000000e+00
2.2377937835807415e-01
4.4827188335766555e-01
9.2289822910890940e-02
1.0000000000000000e+00
2.4266386627385828e-01
4.4827188335766555e-01
8.3435865853891733e-02
1.0000000000000000e+00
2.2123288958499643e-01
4.4827188335766555e-01
7.4688094471559885e-02
1.0000000000000000e+00
2.4046722277233812e-01
2.5438201211800338e-01
7.4688094471559885e-02
1.0000000000000000e+00
3.4771039932201120e-01
1.0837237321247817e-01
7.4688094471559885e-02
1.0000000000000000e+00
3.7974079723170462e-01
-2.2999122954497575e-01
6.4853572090134981e-02
1.0000000000000000e+00
3.4985167744270029e-01
-2.0874839142488777e-01
6.4853572090134981e-02
1.0000000000000000e+00
3.4985167744270029e-01
-2.2859554333263032e-02
2.8779119522289398e-02
1.0000000000000000e+00
3.6026088359466257e-01
9.7526824506348975e-02
4.3714152918175819e-02
1.0000000000000000e+00
4.0450099414846363e-01
1.7436243820411623e-01
4.1585252656579974e-02
1.0000000000000000e+00
3.4346774431577387e-01
1.5144994336587847e-01
6.0385894997955325e-02
1.0000000000000000e+00
3.7325558277478876e-01
4.9238523322565020e-01
7.3481350707800153e-02
1.0000000000000000e+00
3.7325558277478876e-01
6.4744656014663637e-01
9.8933576642514232e-02
1.0000000000000000e+00
3.4697135935238066e-01
6.0718119371158541e-01
9.6406353673876288e-02
1.0000000000000000e+00
3.4697135935238066e-01
5.8776829059643210e-01
8.9144564502851131e-02
1.0000000000000000e+00
3.4697135935238066e-01
5.0627622048777998e-01
9.0017298156374159e-02
1.0000000000000000e+00
3.8603753621390524e-01
4.1751284192723692e-01
9.0017298156374159e-02
1.0000000000000000e+00
3.8603753621390524e-01
6.5131700451893271e-01
9.2598759489112559e-02
1.0000000000000000e+00
3.5851095362266960e-01
6.5989661629719198e-01
9.1563571630024376e-02
1.0000000000000000e+00
3.3710765677204790e-01
9.0121595974487723e-01
9.1563571630024376e-02
1.0000000000000000e+00
3.4809649108609619e-01
7.6756832416576803e-01
9.7055007623487177e-02
1.0000000000000000e+00
3.1880510157606068e-01
4.8496673669142187e-01
8.8386661409379008e-02
1.0000000000000000e+00
2.8149724683424893e-01
6.2522110755962790e-01
8.6480001140364471e-02
1.0000000000000000e+00
2.8480645410417083e-01
9.0896806533855856e-01
8.9356465708908650e-02
1.0000000000000000e+00
2.8480645410417083e-01
8.9515347446722449e-01
3.4396286566254708e-02
1.0000000000000000e+00
2.7576605651228192e-01
7.1183360780996741e-01
4.8353058264103743e-02
1.0000000000000000e+00
2.8275415489150646e-01
7.5073429610056341e-01
5.3774399078895363e-02
1.0000000000000000e+00
2.2644740810318353e-01
7.6603651273471773e-01
6.2653018488992962e-02
1.0000000000000000e+00
2.2644740810318353e-01
7.5211017246765555e-01
7.1658873326589378e-02
1.0000000000000000e+00
2.7021596070079568e-01
9.6634556766075552e-01
7.1658873326589378e-02
1.0000000000000000e+00
2.7973758849947217e-01
9.6634556766075552e-01
8.3359849035252842e-02
1.0000000000000000e+00
3.0430487381926241e-01
8.1499023962242068e-01
8.3359849035252842e-02
1.0000000000000000e+00
3.0430487381926241e-01
8.8555393594724596e-01
8.3359849035252842e-02
1.0000000000000000e+00
3.2646328980735007e-01
8.2043501775187910e-01
7.9884109414626869e-02
1.0000000000000000e+00
3.9572502138724985e-01
8.2043501775187910e-01
8.2420621860285315e-02
1.0000000000000000e+00
4.1063660314938488e-01
9.9899634573084772e-01
8.2420621860285315e-02
1.0000000000000000e+00
4.3512883155307236e-01
9.4463506567699373e-01
6.9247077080865416e-02
1.0000000000000000e+00
3.7154239190675753e-01
8.5471663105709017e-01
6.9247077080865416e-02
1.0000000000000000e+00
3.2251914737679499e-01
8.5471663105709017e-01
6.7205976556499514e-02
1.0000000000000000e+00
3.2251914737679499e-01
9.7714713442546786e-01
7.5369959558804545e-02
1.0000000000000000e+00
3.5682158691741961e-01
9.6763084217382134e-01
8.4025733034570727e-02
1.0000000000000000e+00
3.0321656593986290e-01
8.7415183096600235e-01
8.4025733034570727e-02
1.0000000000000000e+00
2.8356482515044945e-01
6.1222613363934220e-01
8.4025733034570727e-02
1.0000000000000000e+00
2.8356482515044945e-01
8.3556757628393830e-01
8.9923241037388357e-02
1.0000000000000000e+00
2.6215464768864649e-01
9.0213321655464829e-01
8.9923241037388357e-02
1.0000000000000000e+00
2.7008056787707346e-01
9.0801269275543750e-01
9.0273889574666533e-02
1.0000000000000000e+00
2.6786701132476765e-01
9.4946910900471271e-01
7.1964472393949541e-02
1.0000000000000000e+00
2.6786701132476765e-01
9.1408249403757513e-01
7.1964472393949541e-02
1.0000000000000000e+00
2.6786701132476765e-01
9.1408249403757513e-01
7.0173942651229004e-02
1.0000000000000000e+00
3.4005226504922348e-01
9.1041867242602170e-01
7.2479617483543257e-02
1.0000000000000000e+00
3.5397524696708160e-01
9.2893105925468267e-01
7.9873924776541094e-02
1.0000000000000000e+00
3.4807300877690750e-01
9.2893105925468267e-01
9.7776211383381884e-02
1.0000000000000000e+00
3.8078793029234248e-01
9.2893105925468267e-01
7.9920433379731981e-02
1.0000000000000000e+00
3.6680124125376778e-01
8.6846048565057576e-01
7.9920433379731981e-02
1.0000000000000000e+00
3.6454060099021035e-01
8.4471958310750783e-01
9.6689516596518366e-02
1.0000000000000000e+00
3.7710913627341824e-01
8.0481239215878309e-01
7.6501258566997854e-02
1.0000000000000000e+00
3.7710913627341824e-01
9.2809419886616529e-01
6.2104509130142538e-02
1.0000000000000000e+00
3.4820316343501645e-01
9.3797897448239387e-01
6.2104509130142538e-02
1.0000000000000000e+00
3.3934128641084271e-01
9.5460933720169128e-01
5.2350050687812177e-02
1.0000000000000000e+00
3.5915609805778104e-01
9.5460933720169128e-01
5.1010128727205006e-02
1.0000000000000000e+00
3.5915609805778104e-01
9.1995029052195609e-01
8.3683904876954762e-02
1.0000000000000000e+00
2.9475806265071469e-01
9.7522194537741602e-01
5.6379208957798688e-02
1.0000000000000000e+00
3.1189327857390481e-01
9.7522194537741602e-01
6.1361534206218926e-02
1.0000000000000000e+00
3.2916598099217254e-01
9.7522194537741602e-01
3.3441144891105501e-02
1.0000000000000000e+00
3.1145226566985684e-01
9.7522194537741602e-01
6.1657981865130274e-02
1.0000000000000000e+00
3.2943469200216668e-01
8.6459607485157908e-01
8.1102380447111933e-02
1.0000000000000000e+00
3.9097399085693496e-01
8.8605506199819506e-01
1.0206522574836752e-01
1.0000000000000000e+00
3.9120840847425598e-01
9.0230513963324488e-01
1.0206522574836752e-01
1.0000000000000000e+00
3.8650878991865056e-01
8.5986380133253992e-01
9.0885889052435664e-02
1.0000000000000000e+00
3.8650878991865056e-01
8.5986380133253992e-01
8.3781911327525882e-02
1.0000000000000000e+00
3.1376196172021764e-01
8.5986380133253992e-01
7.8745508833810596e-02
1.0000000000000000e+00
3.4363301571391958e-01
8.9008392061514319e-01
1.0947174093408873e-01
1.0000000000000000e+00
3.8614668983899492e-01
8.3408777828735770e-01
1.0947174093408873e-01
1.0000000000000000e+00
3.4980383243345159e-01
8.3408777828735770e-01
9.8913988831475286e-02
1.0000000000000000e+00
3.3272232774578470e-01
7.9792441468162001e-01
9.8913988831475286e-02
1.0000000000000000e+00
3.1900239603527325e-01
8.9798683247936428e-01
9.8913988831475286e-02
1.0000000000000000e+00
3.4207541735776203e-01
9.7035170666349591e-01
1.0203725498823812e-01
1.0000000000000000e+00
3.7043828734130102e-01
9.7035170666349591e-01
1.0203725498823812e-01
1.0000000000000000e+00
3.7553288864836532e-01
9.7035170666349591e-01
1.1159019222205868e-01
1.0000000000000000e+00
3.1743857248619634e-01
9.7035170666349591e-01
1.0581587211883059e-01
1.0000000000000000e+00
2.9111740256593066e-01
9.7035170666349591e-01
9.8045039025157599e-02
1.0000000000000000e+00
3.4161766230062085e-01
9.7035170666349591e-01
8.8195035268574862e-02
1.0000000000000000e+00
3.4030338779956537e-01
9.7035170666349591e-01
8.9498078717872409e-02
1.0000000000000000e+00
3.4030338779956537e-01
9.5351483061385811e-01
8.5301203047413288e-02
1.0000000000000000e+00
3.3576224716779279e-01
9.5351483061385811e-01
8.5301203047413288e-02
1.0000000000000000e+00
2.9676746922012853e-01
8.6422383639437617e-01
7.5148090114373622e-02
1.0000000000000000e+00
3.4759184969988155e-01
8.6422383639437617e-01
7.5148090114373622e-02
1.0000000000000000e+00
3.0293490896400499e-01
8.6422383639437617e-01
6.5986497653204856e-02
1.0000000000000000e+00
2.5934063429411935e-01
8.6422383639437617e-01
5.6304530566114841e-02
1.0000000000000000e+00
3.7986910781290817e-01
8.6422383639437617e-01
5.6304530566114841e-02
1.0000000000000000e+00
3.8844086481657314e-01
8.6422383639437617e-01
4.4258480285782276e-02
1.0000000000000000e+00
4.2186139030781078e-01
8.1633723008853853e-01
1.3336595473367630e-02
1.0000000000000000e+00
4.2186139030781078e-01
6.8553842830879153e-01
3.3050752104747949e-02
1.0000000000000000e+00
4.0699509410586643e-01
6.8553842830879153e-01
4.5712036115139631e-02
1.0000000000000000e+00
4.0699509410586643e-01
8.0495766031963289e-01
6.7665333894103674e-02
1.0000000000000000e+00
3.8989472175416040e-01
8.8143199163896502e-01
6.7665333894103674e-02
1.0000000000000000e+00
3.6728301244255590e-01
9.1707133542222441e-01
5.5074091103881506e-02
1.0000000000000000e+00
3.2640151465710687e-01
9.1707133542222441e-01
4.6888420392781405e-02
1.0000000000000000e+00
3.2640151465710687e-01
9.3481645773572386e-01
5.0104963511250822e-02
1.0000000000000000e+00
3.0111808814507413e-01
8.5706163983268202e-01
5.9710143983386366e-02
1.0000000000000000e+00
3.4362673871618199e-01
7.5701121281308592e-01
5.9068683220095841e-02
1.0000000000000000e+00
3.3894787747811961e-01
5.7276386808080137e-01
8.2993783673293797e-02
1.0000000000000000e+00
3.2863049786936926e-01
6.9335938285512388e-01
8.2993783673293797e-02
1.0000000000000000e+00
3.2415239764776516e-01
7.1092003624362410e-01
8.0727389466039745e-02
1.0000000000000000e+00
3.4465029156234550e-01
7.1092003624362410e-01
7.7832006301753132e-02
1.0000000000000000e+00
3.4465029156234550e-01
7.0224219973606528e-01
5.6071255390554575e-02
1.0000000000000000e+00
2.6537030255821037e-01
7.1529654453916014e-01
5.9806111768841652e-02
1.0000000000000000e+00
2.6537030255821037e-01
6.1450803180632652e-01
6.8069297389149575e-02
1.0000000000000000e+00
3.3221279895332145e-01
3.7770971556601585e-01
6.8354750552236943e-02
1.0000000000000000e+00
3.6187689258184719e-01
3.7770971556601585e-01
7.0658311282306818e-02
1.0000000000000000e+00
3.6187689258184719e-01
3.7770971556601585e-01
7.0175912731349377e-02
1.0000000000000000e+00
3.6187689258184719e-01
3.1321572413144172e-01
6.8587909952759651e-02
1.0000000000000000e+00
4.1127936421361255e-01
6.4741607656178535e-01
6.8587909952759651e-02
1.0000000000000000e+00
4.2149967370022523e-01
6.0280017082986892e-01
7.1310344652295021e-02
1.0000000000000000e+00
4.2149967370022523e-01
5.1933379744587005e-01
4.5397876330673603e-02
1.0000000000000000e+00
4.2149967370022523e-01
5.1243844668788374e-01
2.8951609230032371e-04
1.0000000000000000e+00
4.2149967370022523e-01
2.5786918628436983e-01
2.8951609230032371e-04
1.0000000000000000e+00
4.2149967370022523e-01
2.5786918628436983e-01
2.8951609230032371e-04
1.0000000000000000e+00
4.0322557326106789e-01
3.3813379186613024e-01
1.2648320170342009e-03
1.0000000000000000e+00
4.4701548900155785e-01
4.2496860254032076e-01
1.8586541560500769e-02
1.0000000000000000e+00
4.3359720429106119e-01
4.2496860254032076e-01
3.8307138753145842e-02
1.0000000000000000e+00
4.3359720429106119e-01
3.8320270407421053e-01
4.2769147583305744e-02
1.0000000000000000e+00
4.3359720429106119e-01
2.4482752330077351e-01
3.8645988830387501e-02
1.0000000000000000e+00
4.1896161624862316e-01
2.4482752330077351e-01
1.1223786079347042e-02
1.0000000000000000e+00
3.9221042209936741e-01
2.8116502560151280e-01
1.1223786079347042e-02
1.0000000000000000e+00
3.2368793898893955e-01
2.8072744744422384e-01
1.9316091547011416e-03
1.0000000000000000e+00
3.2480703202708128e-01
2.8214381189609417e-01
1.9316091547011416e-03
1.0000000000000000e+00
3.3551319317592743e-01
3.3484860436583408e-01
1.9316091547011416e-03
1.0000000000000000e+00
3.3792615078090193e-01
2.5716418699885257e-01
1.9316091547011416e-03
1.0000000000000000e+00
3.3417113150170508e-01
2.1236141698027500e-01
1.2073941563278345e-02
1.0000000000000000e+00
2.6137216414025488e-01
1.2648605482245334e-01
1.2073941563278345e-02
1.0000000000000000e+00
2.6137216414025488e-01
-6.3801750395213741e-03
4.3922681395918040e-02
1.0000000000000000e+00
2.7490870679429236e-01
-4.5970578477135815e-02
3.9092253462433724e-02
1.0000000000000000e+00
3.0468339684119883e-01
1.4235657380486377e-01
6.2983625602930693e-02
1.0000000000000000e+00
2.5871797862163248e-01
1.4235657380486377e-01
6.5606795053020028e-02
1.0000000000000000e+00
2.5871797862163248e-01
3.0415237621928104e-01
6.9980590114857910e-02
1.0000000000000000e+00
2.9683420226609769e-01
-7.8865327671519436e-02
6.9980590114857910e-02
1.0000000000000000e+00
3.2868340776002469e-01
-2.6197838111256710e-01
1.1612209002043961e-02
1.0000000000000000e+00
3.2801429079080435e-01
1.1486915425921329e-01
9.2188891484624724e-03
1.0000000000000000e+00
2.9391203717494818e-01
1.1486915425921329e-01
1.2895136174768118e-02
1.0000000000000000e+00
2.6609612339342448e-01
1.3256086522305854e-01
1.6957965713947920e-02
1.0000000000000000e+00
3.3269429289902064e-01
-1.0600961631571404e-01
1.6957965713947920e-02
1.0000000000000000e+00
3.3269429289902064e-01
2.1833203101123222e-01
1.5821388491451649e-02
1.0000000000000000e+00
2.8510695406401965e-01
1.7019239693472632e-01
3.9541586647032778e-03
1.0000000000000000e+00
3.3119489743074837e-01
3.0092826779582582e-02
3.9541586647032778e-03
1.0000000000000000e+00
3.3119489743074837e-01
2.6589592147211083e-01
2.4473892093658356e-02
1.0000000000000000e+00
3.3981815750411215e-01
-6.3516771685681261e-02
2.4473892093658356e-02
1.0000000000000000e+00
2.9335729057601156e-01
-8.8965559875941791e-02
2.9894451179563908e-02
1.0000000000000000e+00
2.9895532016342941e-01
4.6388632297749144e-03
4.5366757894157450e-03
1.0000000000000000e+00
2.9895532016342941e-01
-1.0847623882291368e-01
9.6415235074459593e-03
1.0000000000000000e+00
2.3895811684013779e-01
-1.0847623882291368e-01
4.8940517353116553e-03
1.0000000000000000e+00
1.9528968654157097e-01
-1.4081474629638246e-01
9.3417559163867514e-03
1.0000000000000000e+00
2.8627444639386113e-01
-2.4673386899230532e-01
1.3704422895818857e-02
1.0000000000000000e+00
2.8272545173348362e-01
-6.3694095847604326e-01
6.2643909240364115e-03
1.0000000000000000e+00
3.4955521415503199e-01
-8.3375169572827867e-01
6.2643909240364115e-03
1.0000000000000000e+00
3.4955521415503199e-01
-6.3663050768373064e-01
1.4024014968447296e-02
1.0000000000000000e+00
3.4955521415503199e-01
-4.4956284904328636e-01
2.9307697352044193e-02
1.0000000000000000e+00
3.1816755443395550e-01
-3.3530461931077293e-01
3.6217278020478694e-02
1.0000000000000000e+00
3.0772231448025877e-01
-3.3530461931077293e-01
1.4741430093556551e-02
1.0000000000000000e+00
3.0798160516241069e-01
-4.1278613501635841e-01
3.0524502775654105e-02
1.0000000000000000e+00
2.5625312652954335e-01
-8.3871825927344612e-01
3.6131453502014188e-02
1.0000000000000000e+00
3.1688638728627438e-01
-7.6434905969945244e-01
3.1122474267169742e-02
1.0000000000000000e+00
2.8808656659492726e-01
-7.6434905969945244e-01
8.4807586735337059e-03
1.0000000000000000e+00
2.8808656659492726e-01
-7.0284152918902687e-01
1.5923779725119380e-02
1.0000000000000000e+00
2.7673355768018837e-01
-7.3157725253549866e-01
4.1130930452629832e-02
1.0000000000000000e+00
3.1393521184617157e-01
-6.7797795453516296e-01
2.3472337319537906e-02
1.0000000000000000e+00
3.0266640520238752e-01
-8.0043098845926575e-01
4.1519594180419950e-02
1.0000000000000000e+00
3.0266640520238752e-01
-8.3670396128145508e-01
1.8371853856592457e-03
1.0000000000000000e+00
2.5875957308852549e-01
-9.9868087985960297e-01
1.8371853856592457e-03
1.0000000000000000e+00
2.5875957308852549e-01
-8.0700832748261742e-01
6.9116175053863804e-03
1.0000000000000000e+00
3.1921495123350496e-01
-8.0700832748261742e-01
6.9116175053863804e-03
1.0000000000000000e+00
3.5181203762584801e-01
-5.7901786410657219e-01
1.7749781063605474e-02
1.0000000000000000e+00
3.4306830259555454e-01
-4.6168256693927101e-01
2.5697714923728632e-02
1.0000000000000000e+00
3.2532431649559612e-01
-7.7463548028317741e-01
2.0250955871153997e-02
1.0000000000000000e+00
3.2577037603294912e-01
-6.3988842771796040e-01
2.0901877591234075e-02
1.0000000000000000e+00
3.4148987454062762e-01
-8.1420110867766193e-01
2.0901877591234075e-02
1.0000000000000000e+00
3.2205047343558135e-01
-9.5966009193507484e-01
1.9934115798525887e-02
1.0000000000000000e+00
3.3422838036602798e-01
-9.0525049114075951e-01
8.2697773886252213e-03
1.0000000000000000e+00
3.3413581621533694e-01
-9.2334418327955059e-01
8.2697773886252213e-03
1.0000000000000000e+00
3.2657872863745752e-01
-8.5177518011478237e-01
1.0455770952034760e-03
1.0000000000000000e+00
3.3818192106372180e-01
-6.5777968665061048e-01
1.0455770952034760e-03
1.0000000000000000e+00
3.4848807125052872e-01
-7.5267729212937406e-01
1.0455770952034760e-03
1.0000000000000000e+00
3.4848807125052872e-01
-7.7934775178728155e-01
1.5483490058534222e-02
1.0000000000000000e+00
2.9000951095184746e-01
-4.9539272536931089e-01
9.0181472313929367e-03
1.0000000000000000e+00
2.6095696097871723e-01
-7.1037076835928015e-01
9.0181472313929367e-03
1.0000000000000000e+00
2.6095696097871723e-01
-7.1037076835928015e-01
3.1396478281669693e-02
1.0000000000000000e+00
1.7308055541178646e-01
-8.8333174636063627e-01
3.1396478281669693e-02
1.0000000000000000e+00
2.0969049377998772e-01
-9.0811594625411085e-01
3.9568636666365342e-02
1.0000000000000000e+00
1.9243823668620053e-01
-9.6497132678923658e-01
1.0056985642142968e-02
1.0000000000000000e+00
1.9243823668620053e-01
-9.6497132678923658e-01
2.3765785923308136e-02
1.0000000000000000e+00
2.0982072224541071e-01
-9.6497132678923658e-01
5.2242999268776180e-02
1.0000000000000000e+00
2.0982072224541071e-01
-9.6497132678923658e-01
5.2733413887756320e-02
1.0000000000000000e+00
1.5116923443673613e-01
-9.6497132678923658e-01
5.2733413887756320e-02
1.0000000000000000e+00
1.5405179980842831e-01
-8.4709265132842115e-01
5.1642681484656783e-02
1.0000000000000000e+00
2.0741803992240193e-01
-8.4709265132842115e-01
5.1642681484656783e-02
1.0000000000000000e+00
2.0741803992240193e-01
-7.3740479399857572e-01
2.5771334779994937e-02
1.0000000000000000e+00
2.2008468212260368e-01
-7.3740479399857572e-01
2.5771334779994937e-02
1.0000000000000000e+00
1.9294543752147320e-01
-9.5776519275677852e-01
1.3318216440813990e-02
1.0000000000000000e+00
1.8053846621586445e-01
-9.9129982388985804e-01
1.3318216440813990e-02
1.0000000000000000e+00
2.0752750338687065e-01
-9.9129982388985804e-01
2.1971859050529452e-02
1.0000000000000000e+00
2.5883469703074979e-01
-9.9129982388985804e-01
1.4029464697080107e-02
1.0000000000000000e+00
2.5883469703074979e-01
-9.9129982388985804e-01
3.3867039264725896e-02
1.0000000000000000e+00
2.5883469703074979e-01
-7.5651320911420039e-01
3.1615949714171143e-02
1.0000000000000000e+00
2.5271109650310564e-01
-7.5778859205020122e-01
3.1615949714171143e-02
1.0000000000000000e+00
2.8043014169196567e-01
-5.7242605931533030e-01
1.9178614498662205e-02
1.0000000000000000e+00
3.0029360004226646e-01
-5.7242605931533030e-01
4.3452275696756693e-02
1.0000000000000000e+00
3.0995793439905128e-01
-5.7242605931533030e-01
3.6539925973477216e-02
1.0000000000000000e+00
2.2635198928873024e-01
-5.8833645007980517e-01
7.0302939753594251e-02
1.0000000000000000e+00
2.1758876540224037e-01
-5.8780097702692724e-01
5.3716101463498922e-02
1.0000000000000000e+00
2.1250808829898915e-01
-7.6040377116005398e-01
4.1291148181619497e-02
1.0000000000000000e+00
2.1250808829898915e-01
-7.6040377116005398e-01
7.6670644118996711e-02
1.0000000000000000e+00
2.1378818931515298e-01
-7.9881509414117313e-01
7.2059943586202713e-02
1.0000000000000000e+00
2.8077592732842049e-01
-5.2298883741896129e-01
8.9672261163207145e-02
1.0000000000000000e+00
2.8704321556250534e-01
-7.3114318793814159e-01
8.9769405201798214e-02
1.0000000000000000e+00
2.3158419257487139e-01
-6.2301776951353527e-01
9.3748552613681091e-02
1.0000000000000000e+00
2.3158419257487139e-01
-7.1346801167528606e-01
9.3748552613681091e-02
1.0000000000000000e+00
2.0057289944196555e-01
-7.2401985639880873e-01
8.9654145651286377e-02
1.0000000000000000e+00
2.1493324254805657e-01
-9.5158282036136366e-01
9.8421918117230667e-02
1.0000000000000000e+00
2.6660368208939644e-01
-9.5913737520750142e-01
9.8421918117230667e-02
1.0000000000000000e+00
2.8516969354058119e-01
-9.5913737520750142e-01
6.3068650086199773e-02
1.0000000000000000e+00
2.8516969354058119e-01
-9.5913737520750142e-01
1.1749987246540738e-01
1.0000000000000000e+00
2.2244940967465254e-01
-9.6780449219222642e-01
1.1749987246540738e-01
1.0000000000000000e+00
2.8227748106399986e-01
-9.6780449219222642e-01
9.8011567611968053e-02
1.0000000000000000e+00
2.0002070198933097e-01
-9.6780449219222642e-01
9.9308261420367194e-02
1.0000000000000000e+00
1.9955967889217163e-01
-9.4176949069078542e-01
9.9308261420367194e-02
1.0000000000000000e+00
2.3126409166542317e-01
-9.7930157438095189e-01
9.9308261420367194e-02
1.0000000000000000e+00
2.3202066506308938e-01
-9.7930157438095189e-01
9.2198723699686957e-02
1.0000000000000000e+00
2.3202066506308938e-01
-7.3251849666412450e-01
1.0256058630139930e-01
1.0000000000000000e+00
1.9849897186321641e-01
-7.3251849666412450e-01
9.6048506447834803e-02
1.0000000000000000e+00
2.5118413577837373e-01
-7.0961223237391091e-01
9.9744092911271287e-02
1.0000000000000000e+00
2.5118413577837373e-01
-8.1839167766447640e-01
1.1066825152912541e-01
1.0000000000000000e+00
2.1686037640137101e-01
-6.9299155168409921e-01
1.0210577236094875e-01
1.0000000000000000e+00
2.1686037640137101e-01
-8.2521369747992135e-01
1.1526810587921543e-01
1.0000000000000000e+00
2.1686037640137101e-01
-6.7422358200128651e-01
1.1526810587921543e-01
1.0000000000000000e+00
2.1686037640137101e-01
-6.7422358200128651e-01
1.1049945490041180e-01
1.0000000000000000e+00
2.0790745700759317e-01
-6.8070126904349304e-01
1.1376056494729025e-01
1.0000000000000000e+00
2.2565462264282132e-01
-7.5207568912010170e-01
1.2866991060392363e-01
1.0000000000000000e+00
2.6798686814544226e-01
-7.1124598963360763e-01
1.2866991060392363e-01
1.0000000000000000e+00
2.4195496981081988e-01
-9.1535737805243111e-01
1.1149198673039107e-01
1.0000000000000000e+00
2.4970546980438257e-01
-8.7706951864238358e-01
1.2623341958343415e-01
1.0000000000000000e+00
2.3900137619165207e-01
-6.2853766823827750e-01
1.1163248419135241e-01
1.0000000000000000e+00
2.3891335837942052e-01
-6.6535639236390121e-01
1.1829478032260565e-01
1.0000000000000000e+00
2.0478040092092442e-01
-5.8464059452235229e-01
1.1829478032260565e-01
1.0000000000000000e+00
2.2557208985489297e-01
-5.7518982174515254e-01
1.2280039926364450e-01
1.0000000000000000e+00
2.0203307755690503e-01
-4.1240763696550853e-01
1.1632649191407152e-01
1.0000000000000000e+00
2.1273928992849278e-01
-5.6000530752062327e-01
1.1359945182440467e-01
1.0000000000000000e+00
2.1273928992849278e-01
-4.6283647007949180e-01
9.7352468042947726e-02
1.0000000000000000e+00
2.2977116629880356e-01
-4.3733708895451850e-01
9.7352468042947726e-02
1.0000000000000000e+00
2.6776975319188523e-01
-3.8330317623622245e-01
9.7352468042947726e-02
1.0000000000000000e+00
2.7315045958783912e-01
-7.2661673612601585e-01
9.7352468042947726e-02
1.0000000000000000e+00
3.2267796500053691e-01
-5.6063958592421836e-01
9.7352468042947726e-02
1.0000000000000000e+00
3.2688001702007341e-01
-4.6507428921468086e-01
9.2673735793061929e-02
1.0000000000000000e+00
2.8633151315551686e-01
-4.2704931236512489e-01
9.2673735793061929e-02
1.0000000000000000e+00
2.9982215301532733e-01
-3.0274362452037162e-01
8.2177796501048284e-02
1.0000000000000000e+00
3.4293915559936750e-01
-3.7411690465814895e-01
6.9923493179805951e-02
1.0000000000000000e+00
2.6466697310496556e-01
-3.7411690465814895e-01
1.1234261850578375e-01
1.0000000000000000e+00
2.4709801511306750e-01
-3.7411690465814895e-01
9.2749044399090486e-02
1.0000000000000000e+00
2.4809520733941781e-01
-4.7268436811573333e-01
9.2749044399090486e-02
1.0000000000000000e+00
2.0088363108624208e-01
-3.9668392352468795e-01
8.9382609452434258e-02
1.0000000000000000e+00
1.9709593821715998e-01
-1.9957512207038230e-01
1.0407753950668164e-01
1.0000000000000000e+00
2.5372849423837351e-01
-1.9957512207038230e-01
1.0593385643543340e-01
1.0000000000000000e+00
3.0621954445194888e-01
-2.8197248615033454e-01
1.0161307429181077e-01
1.0000000000000000e+00
2.7945924941849398e-01
-1.6383067480928726e-01
1.0161307429181077e-01
1.0000000000000000e+00
2.8917458672475504e-01
-2.6461444419692226e-02
1.1270630520986058e-01
1.0000000000000000e+00
2.8917458672475504e-01
-4.9466924366424747e-02
1.1270630520986058e-01
1.0000000000000000e+00
3.0858130213272261e-01
-4.9466924366424747e-02
9.3381729659006374e-02
1.0000000000000000e+00
3.3706188314062047e-01
-5.0717414912651249e-02
1.0110951609195806e-01
1.0000000000000000e+00
3.2366793540239769e-01
-1.8402315647108036e-03
1.0110951609195806e-01
1.0000000000000000e+00
3.3680116136491733e-01
1.1323962584428959e-01
1.0110951609195806e-01
1.0000000000000000e+00
3.7442284946263271e-01
3.5629792514373593e-02
1.0874565479563214e-01
1.0000000000000000e+00
3.7442284946263271e-01
1.4722868651442700e-01
1.1007528820292689e-01
1.0000000000000000e+00
3.4586367647096949e-01
2.8980429321818524e-01
1.1826843836562373e-01
1.0000000000000000e+00
3.0340971269578176e-01
1.9303330630355053e-01
1.1730030596473850e-01
1.0000000000000000e+00
2.8425066017479139e-01
1.9303330630355053e-01
1.0650761493699290e-01
1.0000000000000000e+00
2.7656046145528990e-01
1.5941731483035260e-01
9.7567517992422359e-02
1.0000000000000000e+00
3.7163361425444918e-01
3.5874731038056784e-01
9.7567517992422359e-02
1.0000000000000000e+00
3.7564048248276549e-01
2.7172045354091101e-01
9.5772359969407694e-02
1.0000000000000000e+00
3.7958348666251140e-01
2.6066828742914372e-01
1.1445217438259758e-01
1.0000000000000000e+00
3.4193945427358585e-01
4.1982282176904850e-01
1.0960949137180476e-01
1.0000000000000000e+00
3.4193945427358585e-01
2.1936922744207554e-01
1.0289540718614487e-01
1.0000000000000000e+00
3.5640305870145994e-01
2.1936922744207554e-01
1.0289540718614487e-01
1.0000000000000000e+00
3.0459536852248448e-01
4.5839295760088139e-01
1.1631329748153119e-01
1.0000000000000000e+00
2.3692492868684667e-01
4.5839295760088139e-01
1.1719347228601007e-01
1.0000000000000000e+00
2.3692492868684667e-01
4.6461091926612430e-01
9.4076253653759045e-02
1.0000000000000000e+00
2.9884566932850021e-01
4.6461091926612430e-01
9.4076253653759045e-02
1.0000000000000000e+00
3.3030727419935602e-01
4.5068104835518175e-01
9.0897883002901358e-02
1.0000000000000000e+00
3.2003628469936984e-01
4.5068104835518175e-01
8.2647052482491268e-02
1.0000000000000000e+00
3.2003628469936984e-01
4.8342557521827989e-01
1.0660748265755726e-01
1.0000000000000000e+00
2.8889400519364017e-01
2.4512874791689687e-01
1.0660748265755726e-01
1.0000000000000000e+00
3.2410116035424608e-01
2.4512874791689687e-01
1.0478735517782523e-01
1.0000000000000000e+00
3.5963204463877219e-01
2.4512874791689687e-01
1.0478735517782523e-01
1.0000000000000000e+00
3.5102831812508839e-01
4.5961310239799791e-01
1.0676739400324775e-01
1.0000000000000000e+00
3.5102831812508839e-01
7.5708893584378534e-01
1.0067898396474673e-01
1.0000000000000000e+00
2.9665614718504685e-01
7.9174491660960489e-01
9.6472299081062807e-02
1.0000000000000000e+00
2.9665614718504685e-01
7.9174491660960489e-01
1.0709266730365241e-01
1.0000000000000000e+00
2.5216315740652817e-01
7.9174491660960489e-01
8.9530380375356322e-02
1.0000000000000000e+00
2.7766459908269780e-01
7.9174491660960489e-01
8.9530380375356322e-02
1.0000000000000000e+00
3.3430362593315976e-01
6.4747967096336656e-01
9.0571111582823938e-02
1.0000000000000000e+00
3.2570402983509439e-01
6.3197142808057838e-01
8.2766028635808175e-02
1.0000000000000000e+00
2.9683413177662032e-01
6.3197142808057838e-01
8.2766028635808175e-02
1.0000000000000000e+00
2.7495664179258483e-01
5.4074648944952064e-01
1.1539969831020469e-01
1.0000000000000000e+00
2.6974323492430585e-01
5.4074648944952064e-01
1.2070448561818237e-01
1.0000000000000000e+00
2.5368317875944513e-01
5.4074648944952064e-01
1.0212421142742867e-01
1.0000000000000000e+00
2.1460200760446924e-01
5.4074648944952064e-01
1.0212421142742867e-01
1.0000000000000000e+00
1.7895527610488671e-01
7.9768571434833579e-01
1.0212421142742867e-01
1.0000000000000000e+00
1.7895527610488671e-01
8.1914095944084697e-01
1.2302436457495103e-01
1.0000000000000000e+00
1.7895527610488671e-01
6.0023039942898326e-01
1.3834743375438163e-01
1.0000000000000000e+00
1.8422786666013735e-01
5.4498258596577220e-01
1.3834743375438163e-01
1.0000000000000000e+00
1.8967165805332797e-01
9.1755205756344371e-01
1.3834743375438163e-01
1.0000000000000000e+00
1.3899487264387744e-01
9.2825512765266471e-01
1.3834743375438163e-01
1.0000000000000000e+00
9.8971405606050666e-02
9.2825512765266471e-01
1.3425520364208976e-01
1.0000000000000000e+00
1.2862565142967242e-01
8.2725072084285789e-01
1.1530937323360602e-01
1.0000000000000000e+00
1.0769543664463299e-01
8.2725072084285789e-01
1.1530937323360602e-01
1.0000000000000000e+00
1.0769543664463299e-01
7.4464323548891120e-01
1.1578162613105858e-01
1.0000000000000000e+00
1.0769543664463299e-01
8.0351543510623746e-01
1.1578162613105858e-01
1.0000000000000000e+00
2.0595440881260174e-01
8.0351543510623746e-01
1.1946572030675495e-01
1.0000000000000000e+00
2.0595440881260174e-01
7.2684070179529958e-01
8.6457733463168984e-02
1.0000000000000000e+00
2.0816685127027768e-01
7.2684070179529958e-01
1.1116068011862124e-01
1.0000000000000000e+00
2.0816685127027768e-01
8.2396402666636281e-01
1.0993258555200780e-01
1.0000000000000000e+00
2.4615872891553181e-01
8.2396402666636281e-01
1.0901067212936366e-01
1.0000000000000000e+00
2.6058016398854988e-01
8.2396402666636281e-01
1.1121529054609025e-01
1.0000000000000000e+00
3.0620568020202654e-01
8.2396402666636281e-01
1.1131298057981664e-01
1.0000000000000000e+00
3.0007766334273356e-01
8.2396402666636281e-01
1.0984683018424446e-01
1.0000000000000000e+00
3.1570945640959280e-01
8.1988753695331984e-01
1.0944956863196464e-01
1.0000000000000000e+00
3.5728770082749861e-01
7.0132022667967253e-01
1.2331327931852909e-01
1.0000000000000000e+00
3.3502787358992236e-01
6.6087802071415358e-01
1.0723418133230778e-01
1.0000000000000000e+00
3.3502787358992236e-01
5.5215499867044859e-01
1.1134270900757881e-01
1.0000000000000000e+00
2.9578521110050815e-01
4.2384621072851592e-01
9.7632159207853397e-02
1.0000000000000000e+00
2.4982560992174285e-01
4.2384621072851592e-01
1.0535657797837528e-01
1.0000000000000000e+00
2.5489373419367212e-01
4.2384621072851592e-01
1.0941039976561340e-01
1.0000000000000000e+00
2.5415353856914180e-01
4.2384621072851592e-01
1.0316387932645055e-01
1.0000000000000000e+00
2.2480261146955627e-01
5.3651812058233195e-01
9.8745461980718097e-02
1.0000000000000000e+00
1.9845303993605512e-01
5.3651812058233195e-01
9.6603650794270357e-02
1.0000000000000000e+00
1.9947146224257040e-01
5.5811947714828425e-01
9.2203383644948622e-02
1.0000000000000000e+00
1.9947146224257040e-01
5.2217845004342966e-01
1.2767814945792677e-01
1.0000000000000000e+00
2.0186248510543692e-01
4.8021327276073866e-01
1.2347724482780220e-01
1.0000000000000000e+00
1.7898643291954386e-01
7.4327999670349532e-01
1.1689817261313917e-01
1.0000000000000000e+00
1.7898643291954386e-01
5.3390580732666426e-01
1.2079545281259241e-01
1.0000000000000000e+00
2.3937445129666912e-01
5.3390580732666426e-01
1.2079545281259241e-01
1.0000000000000000e+00
2.2919913935874092e-01
7.1461898219131403e-01
1.2079545281259241e-01
1.0000000000000000e+00
2.2919913935874092e-01
7.6713560652278834e-01
1.3201351168928566e-01
1.0000000000000000e+00
2.3437693897102463e-01
6.6276606302999430e-01
1.1872236601440134e-01
1.0000000000000000e+00
2.7490634373788225e-01
6.6276606302999430e-01
1.1360634289113702e-01
1.0000000000000000e+00
3.0374977081481802e-01
5.2450468521856242e-01
1.3188866882948103e-01
1.0000000000000000e+00
3.0071896776024687e-01
5.8986142780922823e-01
1.3188866882948103e-01
1.0000000000000000e+00
3.1055808342460978e-01
5.4379660766862803e-01
1.4281989432303133e-01
1.0000000000000000e+00
3.0657826406348931e-01
5.6471815090917521e-01
1.4281989432303133e-01
1.0000000000000000e+00
3.1998511632372129e-01
5.7624997515522414e-01
1.3575640072477879e-01
1.0000000000000000e+00
3.8116858010579335e-01
7.1010102089785510e-01
1.5572786804651739e-01
1.0000000000000000e+00
3.8116858010579335e-01
6.0975526403926783e-01
1.4181636747335913e-01
1.0000000000000000e+00
3.4224110325266111e-01
6.0975526403926783e-01
1.5394196294611218e-01
1.0000000000000000e+00
3.4224110325266111e-01
7.0040284227870875e-01
1.5066248454050990e-01
1.0000000000000000e+00
3.7763093267966497e-01
6.2814689558290415e-01
1.4660656122388216e-01
1.0000000000000000e+00
3.7763093267966497e-01
4.6241009366058283e-01
1.5868079891325804e-01
1.0000000000000000e+00
3.4679880780566918e-01
6.3627909254573756e-01
1.4236317524583908e-01
1.0000000000000000e+00
2.6361263585675943e-01
6.6314288359426432e-01
1.5603796528549763e-01
1.0000000000000000e+00
3.0016517215807426e-01
6.6314288359426432e-01
1.4686065582455965e-01
1.0000000000000000e+00
3.1277292822886693e-01
6.5786308180831843e-01
1.3736228687586161e-01
1.0000000000000000e+00
2.0855632652927625e-01
6.5786308180831843e-01
1.4476463241400095e-01
1.0000000000000000e+00
2.4356423896205115e-01
6.0780568924092226e-01
1.5085558310048552e-01
1.0000000000000000e+00
2.6264364477646041e-01
6.0780568924092226e-01
1.6915793526815148e-01
1.0000000000000000e+00
2.8039859999370265e-01
6.0780568924092226e-01
1.7366308249430629e-01
1.0000000000000000e+00
3.2442088630449462e-01
6.0780568924092226e-01
1.7366308249430629e-01
1.0000000000000000e+00
3.0551563781153845e-01
6.2808229159854823e-01
1.6668077880414101e-01
1.0000000000000000e+00
2.9320573546391415e-01
6.4587610718153887e-01
1.7064127741278978e-01
1.0000000000000000e+00
2.7567435913186955e-01
6.4587610718153887e-01
1.5102708754958483e-01
1.0000000000000000e+00
3.0519689685132789e-01
6.4587610718153887e-01
1.1917352812262150e-01
1.0000000000000000e+00
3.5408952525284576e-01
6.4587610718153887e-01
1.1728017098167809e-01
1.0000000000000000e+00
3.4546648590293216e-01
7.1555601936124735e-01
1.1728017098167809e-01
1.0000000000000000e+00
3.5023264419686484e-01
6.2896192949556284e-01
1.2313986649124897e-01
1.0000000000000000e+00
2.9697888922345328e-01
6.6496695953246676e-01
1.0172761311142720e-01
1.0000000000000000e+00
2.8707154486727404e-01
5.1825606639322364e-01
1.1058068290905110e-01
1.0000000000000000e+00
2.8707154486727404e-01
6.7939064654347026e-01
1.3323023930744282e-01
1.0000000000000000e+00
3.5022236798357653e-01
6.6607602408912503e-01
1.3323023930744282e-01
1.0000000000000000e+00
4.0609813128065753e-01
6.7724187302228533e-01
1.3323023930744282e-01
1.0000000000000000e+00
3.8427748730572375e-01
7.5696574526664340e-01
1.3323023930744282e-01
1.0000000000000000e+00
3.8427748730572375e-01
8.0660003798839175e-01
1.4573682580695502e-01
1.0000000000000000e+00
4.0518604418429049e-01
8.0660003798839175e-01
1.5207591482059113e-01
1.0000000000000000e+00
3.9651930531653079e-01
7.8672133388754451e-01
1.5530858402227066e-01
1.0000000000000000e+00
3.8447459194975409e-01
8.7652117295947396e-01
1.5530858402227066e-01
1.0000000000000000e+00
3.6373134296553644e-01
7.7392705811944329e-01
1.5848510273818872e-01
1.0000000000000000e+00
3.4388517927544626e-01
6.4601833655324303e-01
1.5931985827947981e-01
1.0000000000000000e+00
3.7123391371386560e-01
8.3643233313050591e-01
1.5931985827947981e-01
1.0000000000000000e+00
3.8697480190711531e-01
7.9933914824214303e-01
1.6549196348379380e-01
1.0000000000000000e+00
4.2037777010517630e-01
8.1835348999884450e-01
1.6549196348379380e-01
1.0000000000000000e+00
4.0753807280378851e-01
8.8960671520617329e-01
1.6549196348379380e-01
1.0000000000000000e+00
3.5040623277126315e-01
8.8960671520617329e-01
1.4298874463739819e-01
1.0000000000000000e+00
3.3413187741933825e-01
9.0376913829531991e-01
1.2372720658632941e-01
1.0000000000000000e+00
3.3413187741933825e-01
9.0376913829531991e-01
1.2372720658632941e-01
1.0000000000000000e+00
3.1010187931059363e-01
9.1997154339042031e-01
1.2372720658632941e-01
1.0000000000000000e+00
2.5444191276727679e-01
9.1997154339042031e-01
1.4463254853936858e-01
1.0000000000000000e+00
2.1721752315460208e-01
9.1997154339042031e-01
1.2764909838180072e-01
1.0000000000000000e+00
2.1721752315460208e-01
8.5210663734760606e-01
1.1581462130735642e-01
1.0000000000000000e+00
1.8458677038250926e-01
8.5210663734760606e-01
1.1581462130735642e-01
1.0000000000000000e+00
1.7776898808477881e-01
8.5210663734760606e-01
1.2708795627432889e-01
1.0000000000000000e+00
1.4394381783603194e-01
8.8368482052173936e-01
1.4934317160251565e-01
1.0000000000000000e+00
1.5239443771241667e-01
8.8368482052173936e-01
1.4934317160251565e-01
1.0000000000000000e+00
1.6055632151363852e-01
8.8368482052173936e-01
1.3897098249609596e-01
1.0000000000000000e+00
1.3445088036058905e-01
8.8368482052173936e-01
1.3897098249609596e-01
1.0000000000000000e+00
1.2745351858137610e-01
8.8368482052173936e-01
1.4978391256037182e-01
1.0000000000000000e+00
1.2745351858137610e-01
8.8368482052173936e-01
1.4978391256037182e-01
1.0000000000000000e+00
1.2745351858137610e-01
8.8368482052173936e-01
1.3337842792126364e-01
1.0000000000000000e+00
1.5735329386478725e-01
8.8368482052173936e-01
1.5510621583408690e-01
1.0000000000000000e+00
1.9362627041226688e-01
9.5649241565552079e-01
1.5510621583408690e-01
1.0000000000000000e+00
1.9362627041226688e-01
9.5649241565552079e-01
1.3674317833821303e-01
1.0000000000000000e+00
1.4597156715279880e-01
8.6304537861433350e-01
1.3294644861335880e-01
1.0000000000000000e+00
1.4597156715279880e-01
8.0371215849008881e-01
1.2831088875274188e-01
1.0000000000000000e+00
1.3833478723353210e-01
9.0419812782492959e-01
1.2831088875274188e-01
1.0000000000000000e+00
1.6720478214955392e-01
9.0419812782492959e-01
1.2495127783942050e-01
1.0000000000000000e+00
1.6720478214955392e-01
9.0419812782492959e-01
1.2495127783942050e-01
1.0000000000000000e+00
1.8897151180243554e-01
8.9173289763566577e-01
1.2495127783942050e-01
1.0000000000000000e+00
1.8897151180243554e-01
8.8519595077086710e-01
1.2351794620363987e-01
1.0000000000000000e+00
4.7598011574507382e-02
8.8519595077086710e-01
1.2580321296437658e-01
1.0000000000000000e+00
4.7598011574507382e-02
8.7418719360430264e-01
1.2580321296437658e-01
1.0000000000000000e+00
9.2369474253416683e-02
8.7418719360430264e-01
1.2580321296437658e-01
1.0000000000000000e+00
1.3454375021791520e-01
8.3712763318617367e-01
1.4161030003189123e-01
1.0000000000000000e+00
1.3454375021791520e-01
9.1548356393177532e-01
1.1939865709601916e-01
1.0000000000000000e+00
2.1078603227323356e-01
9.1548356393177532e-01
1.1939865709601916e-01
1.0000000000000000e+00
1.9825395081824126e-01
9.0337471829552674e-01
1.0234049694000757e-01
1.0000000000000000e+00
2.2283664975947204e-01
9.2559558877546810e-01
7.7691487831464179e-02
1.0000000000000000e+00
2.2283664975947204e-01
9.1462257949460768e-01
7.7691487831464179e-02
1.0000000000000000e+00
2.1450835817194047e-01
7.4898070541967177e-01
7.3132271276256211e-02
1.0000000000000000e+00
1.6515976727640691e-01
8.1395245043386244e-01
7.6800156713863976e-02
1.0000000000000000e+00
2.0596764657346966e-01
8.1395245043386244e-01
9.4788916738173135e-02
1.0000000000000000e+00
2.0596764657346966e-01
9.0728065537114166e-01
9.4788916738173135e-02
1.0000000000000000e+00
1.9855870121790531e-01
9.0728065537114166e-01
9.3181185637070008e-02
1.0000000000000000e+00
1.7182962993791762e-01
9.0728065537114166e-01
5.7039887857092686e-02
1.0000000000000000e+00
1.9927054668477240e-01
7.2973375839937948e-01
8.7137238335264988e-02
1.0000000000000000e+00
1.8312408241143885e-01
8.4553515797306322e-01
8.3460019648475714e-02
1.0000000000000000e+00
1.8183416991195145e-01
9.1863725593138956e-01
6.8250142716271944e-02
1.0000000000000000e+00
1.8228247789483021e-01
9.3589165879238867e-01
7.6848130478458621e-02
1.0000000000000000e+00
1.8228247789483021e-01
9.7568844703782820e-01
6.8969750582175471e-02
1.0000000000000000e+00
2.0950828217718254e-01
9.9435182919551157e-01
5.8878266989188410e-02
1.0000000000000000e+00
1.9347815313193450e-01
9.7396937643934511e-01
5.9629222183423258e-02
1.0000000000000000e+00
2.3930928301814447e-01
9.7396937643934511e-01
8.3515783577161051e-02
1.0000000000000000e+00
2.4109636437896143e-01
9.7396937643934511e-01
6.3219178273277499e-02
1.0000000000000000e+00
2.6343476776781927e-01
9.7396937643934511e-01
7.3679193659620501e-02
1.0000000000000000e+00
2.9332831133905302e-01
9.2782904838968538e-01
8.3722944176690794e-02
1.0000000000000000e+00
3.3348417379710327e-01
9.9707619732071184e-01
8.3722944176690794e-02
1.0000000000000000e+00
3.3348417379710327e-01
9.9707619732071184e-01
7.0229450046019770e-02
1.0000000000000000e+00
3.5807187766585002e-01
7.6898627614427828e-01
9.1502071978459276e-02
1.0000000000000000e+00
3.6208909102532516e-01
7.6898627614427828e-01
8.0503279032120623e-02
1.0000000000000000e+00
3.6208909102532516e-01
6.7150632923294329e-01
8.0503279032120623e-02
1.0000000000000000e+00
3.1174890794608245e-01
9.4330723469902300e-01
9.4723705822536863e-02
1.0000000000000000e+00
2.5316936620328079e-01
9.4330723469902300e-01
8.7844084520759202e-02
1.0000000000000000e+00
2.5316936620328079e-01
9.8363591989327692e-01
8.6523174812020875e-02
1.0000000000000000e+00
2.7675489806387077e-01
9.2523784449149393e-01
7.8148813330619737e-02
1.0000000000000000e+00
2.6140212574790667e-01
8.1047977020789408e-01
6.7563025624542639e-02
1.0000000000000000e+00
2.7240380393158148e-01
8.1047977020789408e-01
9.4634529779716536e-02
1.0000000000000000e+00
3.1514009639903406e-01
8.1047977020789408e-01
8.4450889024003550e-02
1.0000000000000000e+00
3.1028515000178913e-01
7.8218624440778517e-01
7.2168810869618460e-02
1.0000000000000000e+00
3.1028515000178913e-01
6.8268874732602858e-01
9.1425553773581192e-02
1.0000000000000000e+00
3.2202177766993145e-01
6.9623794479120993e-01
7.4273393367468521e-02
1.0000000000000000e+00
2.5109872494175534e-01
6.9935695457097613e-01
6.8544698757170841e-02
1.0000000000000000e+00
2.8267933933346967e-01
8.7473947929975115e-01
6.8544698757170841e-02
1.0000000000000000e+00
2.8267933933346967e-01
5.0221342968579852e-01
7.0865687559410140e-02
1.0000000000000000e+00
2.8267933933346967e-01
9.6460149998601996e-01
7.0865687559410140e-02
1.0000000000000000e+00
2.9700310195147495e-01
9.6460149998601996e-01
7.0865687559410140e-02
1.0000000000000000e+00
2.8538338041215638e-01
7.9004696805786812e-01
6.6441291588409945e-02
1.0000000000000000e+00
2.5854009010180334e-01
9.1119746913027488e-01
6.6441291588409945e-02
1.0000000000000000e+00
2.6991900724641482e-01
9.1119746913027488e-01
9.6619352343543574e-02
1.0000000000000000e+00
2.6991900724641482e-01
9.1193031731818341e-01
1.0320009278976838e-01
1.0000000000000000e+00
3.2843799253276984e-01
9.8140405703161382e-01
1.0320009278976838e-01
1.0000000000000000e+00
2.3455610608033339e-01
9.8140405703161382e-01
1.0386449813987608e-01
1.0000000000000000e+00
2.1740252401031057e-01
9.8985960174177312e-01
1.0386449813987608e-01
1.0000000000000000e+00
2.6899938906825582e-01
9.8985960174177312e-01
9.5691654534596160e-02
1.0000000000000000e+00
2.5970606475419800e-01
9.8985960174177312e-01
8.6559757293719009e-02
1.0000000000000000e+00
2.5970606475419800e-01
9.8029256265435838e-01
8.8640285126450613e-02
1.0000000000000000e+00
1.7659712366111080e-01
9.8029256265435838e-01
6.8069660506728247e-02
1.0000000000000000e+00
1.7659712366111080e-01
9.8029256265435838e-01
7.8085793933416858e-02
1.0000000000000000e+00
1.4036721892006199e-01
9.8029256265435838e-01
1.0052458062447156e-01
1.0000000000000000e+00
1.4036721892006199e-01
9.8029256265435838e-01
8.6744250316689864e-02
1.0000000000000000e+00
1.3872854194886486e-01
9.8029256265435838e-01
8.7615319754979715e-02
1.0000000000000000e+00
2.0655751011616985e-01
9.7730976625171029e-01
9.9711464013955697e-02
1.0000000000000000e+00
2.0615631614163021e-01
9.7884976819914304e-01
9.0618334937892064e-02
1.0000000000000000e+00
1.8123907123043637e-01
9.7884976819914304e-01
9.0618334937892064e-02
1.0000000000000000e+00
2.2212271385177473e-01
9.7884976819914304e-01
9.0618334937892064e-02
1.0000000000000000e+00
2.1849489577397208e-01
9.7884976819914304e-01
9.9322424497506723e-02
1.0000000000000000e+00
2.6438990600689749e-01
9.7884976819914304e-01
9.2266614310494766e-02
1.0000000000000000e+00
2.6102868832930426e-01
9.7884976819914304e-01
7.9949975706688270e-02
1.0000000000000000e+00
2.6102868832930426e-01
9.7884976819914304e-01
8.4573989728517041e-02
1.0000000000000000e+00
2.7593913667186598e-01
9.7884976819914304e-01
8.9292530488739863e-02
1.0000000000000000e+00
2.7709942303880553e-01
9.7884976819914304e-01
9.7476454038689986e-02
1.0000000000000000e+00
3.3217661820634703e-01
9.7884976819914304e-01
9.7476454038689986e-02
1.0000000000000000e+00
2.8821627974792818e-01
9.7884976819914304e-01
9.7476454038689986e-02
1.0000000000000000e+00
2.6882539961769680e-01
9.7884976819914304e-01
9.7476454038689986e-02
1.0000000000000000e+00
2.6882539961769680e-01
9.7884976819914304e-01
8.7847592303580746e-02
1.0000000000000000e+00
2.8016448293163876e-01
9.7884976819914304e-01
8.7847592303580746e-02
1.0000000000000000e+00
2.8016448293163876e-01
9.7884976819914304e-01
1.0826576314312886e-01
1.0000000000000000e+00
3.0176962811782460e-01
9.7884976819914304e-01
1.0810903179836939e-01
1.0000000000000000e+00
2.8837057102754216e-01
9.7884976819914304e-01
1.1766013875050019e-01
1.0000000000000000e+00
3.0551891859903435e-01
9.7884976819914304e-01
1.1215335316402386e-01
1.0000000000000000e+00
3.3634716358318428e-01
9.7884976819914304e-01
1.1215335316402386e-01
1.0000000000000000e+00
3.2660464749022822e-01
9.7884976819914304e-01
8.9603927912241921e-02
1.0000000000000000e+00
3.5170910686537127e-01
9.7884976819914304e-01
8.9603927912241921e-02
1.0000000000000000e+00
3.2851314630642037e-01
9.7884976819914304e-01
8.9603927912241921e-02
1.0000000000000000e+00
3.2195542838707070e-01
9.4955151297908746e-01
1.0289622516748975e-01
1.0000000000000000e+00
3.2195542838707070e-01
9.3919578150671446e-01
1.0110443853219520e-01
1.0000000000000000e+00
3.0305254172816376e-01
9.3919578150671446e-01
9.3398900929889783e-02
1.0000000000000000e+00
3.1424346815146009e-01
9.3919578150671446e-01
1.0289164375891457e-01
1.0000000000000000e+00
3.0763669095284740e-01
9.4132996562693738e-01
1.0289164375891457e-01
1.0000000000000000e+00
3.0763669095284740e-01
9.4132996562693738e-01
1.0289164375891457e-01
1.0000000000000000e+00
3.2852126627511780e-01
9.4132996562693738e-01
8.9560439106128320e-02
1.0000000000000000e+00
2.6848243519015114e-01
9.8200877595518254e-01
9.1932408273271427e-02
1.0000000000000000e+00
2.3262600162814806e-01
9.6430042039428376e-01
1.0456611753821787e-01
1.0000000000000000e+00
2.3262600162814806e-01
9.0193367775355004e-01
7.6694384938184590e-02
1.0000000000000000e+00
2.5261679785143087e-01
9.2065360981796407e-01
7.6694384938184590e-02
1.0000000000000000e+00
2.5261679785143087e-01
8.8392381209705495e-01
1.0544912589163002e-01
1.0000000000000000e+00
2.2875908976237724e-01
9.2396364573214673e-01
8.6093033453528256e-02
1.0000000000000000e+00
1.9887621914784859e-01
9.4624328825448178e-01
1.0459057127505955e-01
1.0000000000000000e+00
2.0813786545585344e-01
9.4624328825448178e-01
1.2320999686986622e-01
1.0000000000000000e+00
2.0813786545585344e-01
9.4624328825448178e-01
1.2320999686986622e-01
1.0000000000000000e+00
2.0813786545585344e-01
9.4624328825448178e-01
1.1876862568229851e-01
1.0000000000000000e+00
1.9848046013902376e-01
9.5496145848010205e-01
1.1876862568229851e-01
1.0000000000000000e+00
1.9108416307534526e-01
9.5496145848010205e-01
1.1876862568229851e-01
1.0000000000000000e+00
1.9439110210913668e-01
9.5496145848010205e-01
1.1862929256373034e-01
1.0000000000000000e+00
1.9439110210913668e-01
9.5496145848010205e-01
1.2519106359892473e-01
1.0000000000000000e+00
1.4182646996158610e-01
9.5496145848010205e-01
8.8026654885345557e-02
1.0000000000000000e+00
1.5786508149284373e-01
9.5496145848010205e-01
8.9379010700815775e-02
1.0000000000000000e+00
1.8797260387617598e-01
9.5496145848010205e-01
8.3373160080247977e-02
1.0000000000000000e+00
1.7000279254096995e-01
9.5496145848010205e-01
7.8907337949806311e-02
1.0000000000000000e+00
1.7000279254096995e-01
9.5496145848010205e-01
8.3916733485841610e-02
1.0000000000000000e+00
2.0402493768887098e-01
9.5496145848010205e-01
1.0909003226757930e-01
1.0000000000000000e+00
1.9863787687899048e-01
9.3339546423230790e-01
1.2091999568716572e-01
1.0000000000000000e+00
1.9276761052714164e-01
9.4883110400114679e-01
1.0495440543369339e-01
1.0000000000000000e+00
2.1796712254689510e-01
9.4883110400114679e-01
1.2307866951656476e-01
1.0000000000000000e+00
2.5875143123374755e-01
8.8276310290966653e-01
1.1831175219473378e-01
1.0000000000000000e+00
2.8612301567153509e-01
9.2068009849463128e-01
9.7899705732436337e-02
1.0000000000000000e+00
1.9461725441323097e-01
9.2068009849463128e-01
9.7899705732436337e-02
1.0000000000000000e+00
1.9841607588858778e-01
9.2068009849463128e-01
9.7899705732436337e-02
1.0000000000000000e+00
2.4252835450278099e-01
9.2068009849463128e-01
9.3290154917360701e-02
1.0000000000000000e+00
2.4252835450278099e-01
9.4098714764986657e-01
1.1624101046678559e-01
1.0000000000000000e+00
2.1841538300321872e-01
9.4098714764986657e-01
1.1569598512929813e-01
1.0000000000000000e+00
2.1764654629913593e-01
9.4098714764986657e-01
1.1569598512929813e-01
1.0000000000000000e+00
2.8639132679489876e-01
9.4098714764986657e-01
1.0905917789992825e-01
1.0000000000000000e+00
3.5099586621907974e-01
9.4098714764986657e-01
1.1023622958661006e-01
1.0000000000000000e+00
2.8222662546721722e-01
9.3404442144383215e-01
1.1957328135819123e-01
1.0000000000000000e+00
2.7079268881169583e-01
9.3539003890764438e-01
1.1957328135819123e-01
1.0000000000000000e+00
3.2452257686344410e-01
9.3539003890764438e-01
1.0724913908840106e-01
1.0000000000000000e+00
3.2452257686344410e-01
9.1678446766745769e-01
1.1216926572584496e-01
1.0000000000000000e+00
3.1657745187220598e-01
9.5291769739997112e-01
1.1328400494736568e-01
1.0000000000000000e+00
3.1138610524175192e-01
9.5291769739997112e-01
1.1800583601203696e-01
1.0000000000000000e+00
3.1138610524175192e-01
9.5637460917059802e-01
1.1949630335644768e-01
1.0000000000000000e+00
3.1138610524175192e-01
9.5637460917059802e-01
1.0518856367767737e-01
1.0000000000000000e+00
2.8969415706632162e-01
9.5637460917059802e-01
1.0099352824241803e-01
1.0000000000000000e+00
3.5928588044879461e-01
8.7749659389082812e-01
9.7117158795901992e-02
1.0000000000000000e+00
4.0275173691151167e-01
8.7749659389082812e-01
9.2847576576480129e-02
1.0000000000000000e+00
4.0275173691151167e-01
9.0325500748876952e-01
9.3152351889023044e-02
1.0000000000000000e+00
4.0275173691151167e-01
8.8256510070350491e-01
9.3152351889023044e-02
1.0000000000000000e+00
4.0597024127890791e-01
9.0292956030752980e-01
9.7315638537713745e-02
1.0000000000000000e+00
3.4043579116513456e-01
8.1797658375289761e-01
9.7315638537713745e-02
1.0000000000000000e+00
3.3681391073440636e-01
7.4648724592116200e-01
8.1624550490835168e-02
1.0000000000000000e+00
3.3681391073440636e-01
7.4648724592116200e-01
1.0512707357034967e-01
1.0000000000000000e+00
3.3991241081201906e-01
8.6749338454392277e-01
9.8930813583740451e-02
1.0000000000000000e+00
3.7904994560921068e-01
8.6749338454392277e-01
9.0054502922305324e-02
1.0000000000000000e+00
3.7904994560921068e-01
9.5723147972312295e-01
8.4927525117257097e-02
1.0000000000000000e+00
3.7515803052627916e-01
8.6641558541741692e-01
8.5900785729484119e-02
1.0000000000000000e+00
3.5344536042356367e-01
8.6641558541741692e-01
7.7563122999583789e-02
1.0000000000000000e+00
3.4638375345201666e-01
8.5336622039612853e-01
1.0928861160269887e-01
1.0000000000000000e+00
3.7751960496933634e-01
8.3963450233277404e-01
1.0928861160269887e-01
1.0000000000000000e+00
3.7379728652121003e-01
7.9834626803931319e-01
1.0928861160269887e-01
1.0000000000000000e+00
3.4738837763251240e-01
8.5231618772086226e-01
1.0928861160269887e-01
1.0000000000000000e+00
2.8321435883225377e-01
8.5231618772086226e-01
8.7596534904753276e-02
1.0000000000000000e+00
3.3475414499224598e-01
9.0033855105575644e-01
8.2758015640740701e-02
1.0000000000000000e+00
3.3246175501079733e-01
9.0033855105575644e-01
6.6200317037021228e-02
1.0000000000000000e+00
3.3246175501079733e-01
9.0033855105575644e-01
1.0981089823386581e-01
1.0000000000000000e+00
3.0636473673911269e-01
9.9393123856571042e-01
8.8847327199493953e-02
1.0000000000000000e+00
2.3152099059478815e-01
9.0953038728621327e-01
1.0294632908395440e-01
1.0000000000000000e+00
3.3453395938084896e-01
9.0953038728621327e-01
1.0294632908395440e-01
1.0000000000000000e+00
2.8393930544660861e-01
9.3145627624180638e-01
1.0294632908395440e-01
1.0000000000000000e+00
3.3618138333366687e-01
9.0526310450222813e-01
1.0404736238039047e-01
1.0000000000000000e+00
3.5927151025788362e-01
9.0526310450222813e-01
1.0215491933255405e-01
1.0000000000000000e+00
2.9527965885171170e-01
9.6946298426773869e-01
1.0215491933255405e-01
1.0000000000000000e+00
2.9527965885171170e-01
8.5152430928137623e-01
1.2170576249687881e-01
1.0000000000000000e+00
2.3405458450832839e-01
8.5152430928137623e-01
1.0766771194963665e-01
1.0000000000000000e+00
2.4634469345727439e-01
9.2105401403096043e-01
9.7373626581122585e-02
1.0000000000000000e+00
2.4196600121030087e-01
9.2338211371388756e-01
9.0085701937516638e-02
1.0000000000000000e+00
2.5223100416877742e-01
9.3742252236988866e-01
9.0085701937516638e-02
1.0000000000000000e+00
2.0906606920578952e-01
8.4830155505624139e-01
8.3403584700738498e-02
1.0000000000000000e+00
1.7854026563981051e-01
9.0747793300834023e-01
5.4451704178666183e-02
1.0000000000000000e+00
2.5671165295460696e-01
7.7547549738374077e-01
7.0773361404155799e-02
1.0000000000000000e+00
2.4118467279294009e-01
6.8060653193679177e-01
6.6420579598945984e-02
1.0000000000000000e+00
2.3359000262388463e-01
8.0833150728431069e-01
7.2187770893526682e-02
1.0000000000000000e+00
1.8580415098512049e-01
8.0833150728431069e-01
7.2187770893526682e-02
1.0000000000000000e+00
1.4671665614986296e-01
8.0833150728431069e-01
9.5108897229385980e-02
1.0000000000000000e+00
1.3722245486968632e-01
5.6776590927329385e-01
1.1699715982164205e-01
1.0000000000000000e+00
1.3722245486968632e-01
7.5632964729156815e-01
1.2137853846858204e-01
1.0000000000000000e+00
1.4881881977015610e-01
7.5632964729156815e-01
9.4800550527600058e-02
1.0000000000000000e+00
1.6264616068036730e-01
9.2381388603535020e-01
9.4800550527600058e-02
1.0000000000000000e+00
1.6551606937827046e-01
8.7776731143530928e-01
1.0499299321296574e-01
1.0000000000000000e+00
2.1010114553899939e-01
8.7776731143530928e-01
1.0499299321296574e-01
1.0000000000000000e+00
2.3516337688596423e-01
8.7776731143530928e-01
1.0499299321296574e-01
1.0000000000000000e+00
2.4367128055126841e-01
9.6940037051972472e-01
1.0430075493846969e-01
1.0000000000000000e+00
2.9563390951187785e-01
9.6940037051972472e-01
1.2456835024264590e-01
1.0000000000000000e+00
3.3938134949238474e-01
8.9395923356350981e-01
1.1968413517084853e-01
1.0000000000000000e+00
3.3027758564384158e-01
8.9395923356350981e-01
9.8474631646843114e-02
1.0000000000000000e+00
3.1425572394908841e-01
8.9395923356350981e-01
8.4756696226270356e-02
1.0000000000000000e+00
3.1425572394908841e-01
9.0447769689199053e-01
8.7700580341936507e-02
1.0000000000000000e+00
3.1755984060981746e-01
9.3327079529699408e-01
8.7700580341936507e-02
1.0000000000000000e+00
2.7173616072212781e-01
9.3327079529699408e-01
8.7700580341936507e-02
1.0000000000000000e+00
3.0245271498387183e-01
8.9762421886262023e-01
8.5312830030181863e-02
1.0000000000000000e+00
3.3271498592620219e-01
9.5613563994702422e-01
6.7316209643342950e-02
1.0000000000000000e+00
3.3271498592620219e-01
9.0945409613486849e-01
6.7316209643342950e-02
1.0000000000000000e+00
3.4527647843168552e-01
9.2911044697102629e-01
6.7201473612533369e-02
1.0000000000000000e+00
3.1686930537506441e-01
9.5080226476129615e-01
6.7201473612533369e-02
1.0000000000000000e+00
2.9334283706083397e-01
9.6326038244005763e-01
6.7201473612533369e-02
1.0000000000000000e+00
2.9649187151625256e-01
9.6326038244005763e-01
6.9820555255012073e-02
1.0000000000000000e+00
3.3578918028905491e-01
9.6326038244005763e-01
6.0708705896706738e-02
1.0000000000000000e+00
3.7350560810699562e-01
8.7543946600344502e-01
6.0708705896706738e-02
1.0000000000000000e+00
4.3942913871541123e-01
9.2914543769147717e-01
6.8043174317301669e-02
1.0000000000000000e+00
4.4535878433197240e-01
9.4220790828403556e-01
7.4693350682230153e-02
1.0000000000000000e+00
4.4535878433197240e-01
9.4220790828403556e-01
7.4300924876899876e-02
1.0000000000000000e+00
4.6621373055785398e-01
8.6921877975401007e-01
7.4300924876899876e-02
1.0000000000000000e+00
4.6621373055785398e-01
9.0059480166819417e-01
7.4300924876899876e-02
1.0000000000000000e+00
4.1269346459120015e-01
9.0059480166819417e-01
8.5044784100921311e-02
1.0000000000000000e+00
4.1269346459120015e-01
9.0127025820838758e-01
8.1340994373624631e-02
1.0000000000000000e+00
4.2634014545291166e-01
9.0127025820838758e-01
8.1340994373624631e-02
1.0000000000000000e+00
4.3678025381922225e-01
9.0127025820838758e-01
8.1340994373624631e-02
1.0000000000000000e+00
4.2620685736000041e-01
9.4747426264511891e-01
1.0761937840348990e-01
1.0000000000000000e+00
3.8641792202651004e-01
8.5192595698463269e-01
1.0761937840348990e-01
1.0000000000000000e+00
4.1489714423477153e-01
8.9951451771485158e-01
8.9927531466548749e-02
1.0000000000000000e+00
3.8361150903909902e-01
8.9951451771485158e-01
6.6260624364679166e-02
1.0000000000000000e+00
3.6291675588398675e-01
8.9951451771485158e-01
6.6260624364679166e-02
1.0000000000000000e+00
3.6291675588398675e-01
8.9951451771485158e-01
5.6265685860728332e-02
1.0000000000000000e+00
3.6291675588398675e-01
9.6225725763069936e-01
8.3366808634912082e-02
1.0000000000000000e+00
3.9529633095770578e-01
9.6225725763069936e-01
6.5536493123238393e-02
1.0000000000000000e+00
4.0909306418433289e-01
9.5072049830632754e-01
6.9792059869234868e-02
1.0000000000000000e+00
3.9585578341319660e-01
9.6641464900749274e-01
4.6359911190540948e-02
1.0000000000000000e+00
3.7115357715919117e-01
9.9077761915104934e-01
4.6359911190540948e-02
1.0000000000000000e+00
3.5275625430330138e-01
9.9077761915104934e-01
4.6359911190540948e-02
1.0000000000000000e+00
3.2569090456053118e-01
9.3874483552353927e-01
4.7403208773778238e-02
1.0000000000000000e+00
3.2274156235615692e-01
9.7108660635130950e-01
4.1525999412135639e-02
1.0000000000000000e+00
3.2298323887624747e-01
8.3408944305556365e-01
2.8292533338264980e-02
1.0000000000000000e+00
3.5737426954545981e-01
8.8565700498002120e-01
2.0154274404069361e-02
1.0000000000000000e+00
3.8256623971500403e-01
9.9314836781995841e-01
2.7738403864225325e-02
1.0000000000000000e+00
3.3473210412302024e-01
9.6407053802686282e-01
3.8412290960570750e-02
1.0000000000000000e+00
3.1454062651135928e-01
9.6407053802686282e-01
5.6399609763195691e-02
1.0000000000000000e+00
3.3373495008089549e-01
9.6407053802686282e-01
4.8412954304387745e-02
1.0000000000000000e+00
3.3373495008089549e-01
9.6407053802686282e-01
3.7607059683671173e-02
1.0000000000000000e+00
2.6716682981458462e-01
9.6407053802686282e-01
3.7607059683671173e-02
1.0000000000000000e+00
3.1219810331930375e-01
9.6407053802686282e-01
2.9372111763825592e-02
1.0000000000000000e+00
3.1219810331930375e-01
9.2422253449040004e-01
6.2541700536405620e-02
1.0000000000000000e+00
2.8183761696089960e-01
9.2422253449040004e-01
7.8238803762962994e-02
1.0000000000000000e+00
3.0538817480663738e-01
9.2422253449040004e-01
7.9918892690932331e-02
1.0000000000000000e+00
3.3122116918201527e-01
9.2422253449040004e-01
3.2271138960516033e-02
1.0000000000000000e+00
2.6943621257777295e-01
8.7940400276856967e-01
3.2271138960516033e-02
1.0000000000000000e+00
2.5874786017919860e-01
9.6621857300924607e-01
1.5378838041817722e-02
1.0000000000000000e+00
3.2603165632571063e-01
8.7053656295465776e-01
1.0555284083841321e-02
1.0000000000000000e+00
3.6950413449193320e-01
9.2943290710973092e-01
1.3452618834583041e-02
1.0000000000000000e+00
3.0061041875268302e-01
6.5982403696107217e-01
1.3452618834583041e-02
1.0000000000000000e+00
2.4948390512253127e-01
6.7559468277322599e-01
2.5526710306314704e-02
1.0000000000000000e+00
2.6509437080056841e-01
4.9039043762313672e-01
4.8475746517090079e-02
1.0000000000000000e+00
3.1567773058594639e-01
6.5741017317923256e-01
2.4779605199603316e-02
1.0000000000000000e+00
3.1567773058594639e-01
6.3635012364538857e-01
5.4246735279468772e-02
1.0000000000000000e+00
3.0676701873125012e-01
4.9368437609227844e-01
5.5763480705229518e-02
1.0000000000000000e+00
2.7923988014043744e-01
5.3515729910286614e-01
5.0650011268464801e-02
1.0000000000000000e+00
2.7323344977156694e-01
5.3515729910286614e-01
5.9466969207880971e-02
1.0000000000000000e+00
2.5773779743866498e-01
3.5238677492889114e-01
5.9466969207880971e-02
1.0000000000000000e+00
2.6431487476037319e-01
5.1525260062480815e-01
5.6131793172119138e-02
1.0000000000000000e+00
3.1277743236677225e-01
5.2677657195890792e-01
1.4838456162271974e-02
1.0000000000000000e+00
2.4773167887286718e-01
5.8836669960583099e-01
1.4838456162271974e-02
1.0000000000000000e+00
2.6574206979529436e-01
3.8477160708571323e-01
1.4838456162271974e-02
1.0000000000000000e+00
3.0606889979497964e-01
3.8477160708571323e-01
2.9321692278813094e-03
1.0000000000000000e+00
2.8325990749107177e-01
3.5392689631844410e-01
2.9321692278813094e-03
1.0000000000000000e+00
2.9136045997546489e-01
3.2390016244316944e-01
2.9321692278813094e-03
1.0000000000000000e+00
2.6346519518227751e-01
3.8327563248167285e-01
2.9321692278813094e-03
1.0000000000000000e+00
2.7420748326511557e-01
2.9202312670240649e-01
6.2089527351986140e-03
1.0000000000000000e+00
2.6791648448960359e-01
6.1235509506950625e-01
4.5971022779326409e-03
1.0000000000000000e+00
3.5301950456158693e-01
6.1235509506950625e-01
4.5971022779326409e-03
1.0000000000000000e+00
3.3504382589416082e-01
6.7899592101166495e-01
4.1750286691842553e-02
1.0000000000000000e+00
2.5470557877378042e-01
4.4748393885383853e-01
4.1750286691842553e-02
1.0000000000000000e+00
3.0726403404077018e-01
4.4748393885383853e-01
3.4137022667584893e-02
1.0000000000000000e+00
2.6882306892474617e-01
5.2154395423422106e-01
2.2957210415063378e-02
1.0000000000000000e+00
2.6882306892474617e-01
5.1090138099680193e-01
5.0679825714039506e-04
1.0000000000000000e+00
2.7633579853971924e-01
5.1090138099680193e-01
3.3602933385429856e-02
1.0000000000000000e+00
2.7633579853971924e-01
5.1090138099680193e-01
3.6157308598069426e-02
1.0000000000000000e+00
2.8702958432148762e-01
8.6545056543836840e-01
3.6157308598069426e-02
1.0000000000000000e+00
3.0769364667247601e-01
9.7509841315040835e-01
4.4711853829232928e-02
1.0000000000000000e+00
3.2523181048344441e-01
9.5887829802522906e-01
4.4711853829232928e-02
1.0000000000000000e+00
3.5120234304230280e-01
9.5887829802522906e-01
5.3198567111996886e-02
1.0000000000000000e+00
3.5720771263476081e-01
7.7904563091287859e-01
6.9255469818619964e-02
1.0000000000000000e+00
3.2583780950989194e-01
9.5261813208053359e-01
6.1867670607773539e-02
1.0000000000000000e+00
3.5048679440404840e-01
8.3377897247264632e-01
6.8397349198369262e-02
1.0000000000000000e+00
3.8875798500265546e-01
8.0102389558742293e-01
4.8415761427042958e-02
1.0000000000000000e+00
3.4558492262038953e-01
9.8462375506351241e-01
4.7507044088581529e-02
1.0000000000000000e+00
2.7564646324498199e-01
9.8462375506351241e-01
4.7507044088581529e-02
1.0000000000000000e+00
2.5497355332953475e-01
8.2622971359232911e-01
5.8312541965881315e-02
1.0000000000000000e+00
2.4444988856447480e-01
7.6183523211220749e-01
6.8767351957524148e-02
1.0000000000000000e+00
2.2557409501058601e-01
9.3606434735993393e-01
4.1352631452048150e-02
1.0000000000000000e+00
2.2557409501058601e-01
9.3606434735993393e-01
4.1352631452048150e-02
1.0000000000000000e+00
2.2557409501058601e-01
9.3606434735993393e-01
2.3206797821933356e-02
1.0000000000000000e+00
1.9968225641531490e-01
9.3606434735993393e-01
2.3206797821933356e-02
1.0000000000000000e+00
1.9178850338101938e-01
9.3606434735993393e-01
2.3206797821933356e-02
1.0000000000000000e+00
1.8006053258903876e-01
8.7348999801615723e-01
2.3206797821933356e-02
1.0000000000000000e+00
2.4223636900313750e-01
9.3314478426764258e-01
3.9520611448699561e-02
1.0000000000000000e+00
2.4223636900313750e-01
7.6966706916282424e-01
2.1263879884520498e-02
1.0000000000000000e+00
2.5610203395370945e-01
7.3602953806112059e-01
2.1263879884520498e-02
1.0000000000000000e+00
2.2496347415034279e-01
7.3602953806112059e-01
2.9156293182188597e-02
1.0000000000000000e+00
1.7268149654154286e-01
8.5806443050096282e-01
2.9156293182188597e-02
1.0000000000000000e+00
2.1376505593542561e-01
8.4072187050769576e-01
2.4135271713623729e-02
1.0000000000000000e+00
1.9868440792669162e-01
8.4072187050769576e-01
2.4135271713623729e-02
1.0000000000000000e+00
1.9868440792669162e-01
6.1479959284479269e-01
1.4255092174300876e-02
1.0000000000000000e+00
2.0949427091289863e-01
6.1479959284479269e-01
5.3070627779254642e-02
1.0000000000000000e+00
2.3620120023150548e-01
7.4262746071035513e-01
6.7568452723810402e-02
1.0000000000000000e+00
2.3620120023150548e-01
8.0052845200116285e-01
7.6584419396260706e-02
1.0000000000000000e+00
1.9826860918436751e-01
9.1624370237404951e-01
7.6584419396260706e-02
1.0000000000000000e+00
2.0181861013878688e-01
9.1624370237404951e-01
6.0544422057012048e-02
1.0000000000000000e+00
1.4825359598506793e-01
9.3302136633137711e-01
5.8413066130617586e-02
1.0000000000000000e+00
1.7957784474600658e-01
7.1441207054595002e-01
6.4792683974394527e-02
1.0000000000000000e+00
1.7447843828011855e-01
4.9050252485612877e-01
6.4792683974394527e-02
1.0000000000000000e+00
1.4918153506476983e-01
5.1578910249809273e-01
6.5709899340311018e-02
1.0000000000000000e+00
1.8238997605402574e-01
7.2795900303462990e-01
8.3422904063502279e-02
1.0000000000000000e+00
1.7581302725483283e-01
7.7272298160532960e-01
4.3786072332898107e-02
1.0000000000000000e+00
1.7581302725483283e-01
7.4466655144060501e-01
7.5448677104452577e-02
1.0000000000000000e+00
1.1618155293871268e-01
7.3117422798241027e-01
7.5448677104452577e-02
1.0000000000000000e+00
1.1523290520307228e-01
7.3117422798241027e-01
4.9805574745425907e-02
1.0000000000000000e+00
8.5881369018522946e-02
4.3637269476021179e-01
4.0685976463157636e-02
1.0000000000000000e+00
1.3568148696975868e-01
4.2296723110193857e-01
6.1901267880477895e-02
1.0000000000000000e+00
1.3862107309358862e-01
4.3352268097514757e-01
6.1901267880477895e-02
1.0000000000000000e+00
1.9535320053654459e-01
4.3352268097514757e-01
9.7456253396251191e-02
1.0000000000000000e+00
2.8195142826842812e-01
6.0690056738967546e-01
9.7456253396251191e-02
1.0000000000000000e+00
2.9235164622622278e-01
7.6375800577516206e-01
1.0500108523470997e-01
1.0000000000000000e+00
3.3624478603559282e-01
8.2299744916672357e-01
1.0500108523470997e-01
1.0000000000000000e+00
3.4828054706412104e-01
9.6083555949444421e-01
9.8637874500730027e-02
1.0000000000000000e+00
3.1956020171600130e-01
8.8431132418627389e-01
1.0800268341032504e-01
1.0000000000000000e+00
3.1956020171600130e-01
7.8911763077194341e-01
1.1255737047819137e-01
1.0000000000000000e+00
3.1956020171600130e-01
5.9485051707888492e-01
1.1255737047819137e-01
1.0000000000000000e+00
3.1956020171600130e-01
7.3244621531630405e-01
9.6434167848803987e-02
1.0000000000000000e+00
3.7549725162642744e-01
7.3244621531630405e-01
1.2152796264914512e-01
1.0000000000000000e+00
3.6644083668323901e-01
8.1404009388352283e-01
8.8440902793683995e-02
1.0000000000000000e+00
2.8426779095860866e-01
7.6158757807279476e-01
7.0742165932335843e-02
1.0000000000000000e+00
3.3294064585896876e-01
7.6158757807279476e-01
9.8675462679841508e-02
1.0000000000000000e+00
3.0440145392748263e-01
9.0058008508349308e-01
9.8675462679841508e-02
1.0000000000000000e+00
2.4813338030907062e-01
9.0058008508349308e-01
9.2904612218865146e-02
1.0000000000000000e+00
2.7495506253870872e-01
9.0058008508349308e-01
1.0284848723737239e-01
1.0000000000000000e+00
2.9033109021219161e-01
9.0058008508349308e-01
1.1053742680875300e-01
1.0000000000000000e+00
2.9033109021219161e-01
9.4879128338361629e-01
9.5638641651623835e-02
1.0000000000000000e+00
2.8497585502299216e-01
7.7456848064030059e-01
9.5638641651623835e-02
1.0000000000000000e+00
3.3703397854077366e-01
7.7456848064030059e-01
1.0393473648642837e-01
1.0000000000000000e+00
3.4272200555386689e-01
7.5035062545503028e-01
8.2686853159123053e-02
1.0000000000000000e+00
3.3827823271820989e-01
7.3895279990101703e-01
8.6211633665391196e-02
1.0000000000000000e+00
2.8984900435278860e-01
7.4331733977014669e-01
8.6211633665391196e-02
1.0000000000000000e+00
2.4513380473325697e-01
7.2013385241443761e-01
8.0264705030151595e-02
1.0000000000000000e+00
2.3609982674787489e-01
6.5210047896543988e-01
8.0264705030151595e-02
1.0000000000000000e+00
2.2361662668953386e-01
7.3606135390291461e-01
8.0264705030151595e-02
1.0000000000000000e+00
2.2361662668953386e-01
7.9417937315593012e-01
9.0766242502161254e-02
1.0000000000000000e+00
2.3814040270480064e-01
7.8368066690454730e-01
9.0766242502161254e-02
1.0000000000000000e+00
3.0424713563951400e-01
7.8368066690454730e-01
5.7165605744251002e-02
1.0000000000000000e+00
2.6291428657094684e-01
4.4773097775469073e-01
6.7727694084771861e-02
1.0000000000000000e+00
3.0965262429634777e-01
7.0605023644457110e-01
5.9377262165673961e-02
1.0000000000000000e+00
2.2730955632249561e-01
7.0605023644457110e-01
5.6802713109084357e-02
1.0000000000000000e+00
1.5310929680089203e-01
8.4775573826918849e-01
5.8971269784399261e-02
1.0000000000000000e+00
1.0803003407744427e-01
9.3692732482741126e-01
4.9321992119678248e-02
1.0000000000000000e+00
6.7608518141412333e-02
9.0155608087370642e-01
5.2873543260523070e-02
1.0000000000000000e+00
1.3567671234449108e-01
7.7725670367071875e-01
4.6588443016537417e-02
1.0000000000000000e+00
1.6830490956743915e-01
6.0457476108858832e-01
4.3947438506313552e-02
1.0000000000000000e+00
1.6620581255955358e-01
6.0457476108858832e-01
3.6862776411601295e-02
1.0000000000000000e+00
1.6620581255955358e-01
6.0457476108858832e-01
8.2430618611999740e-02
1.0000000000000000e+00
1.2089193271202703e-01
4.9023838221619376e-01
6.7748512403943528e-02
1.0000000000000000e+00
1.6244595826100294e-01
4.9023838221619376e-01
7.0741278381922235e-02
1.0000000000000000e+00
1.9227393119325598e-01
5.7565372317621955e-01
6.6986522201352705e-02
1.0000000000000000e+00
2.0067064518769939e-01
7.4798180695215710e-01
7.2647247027509798e-02
1.0000000000000000e+00
1.8753306808611114e-01
7.4798180695215710e-01
7.7765401016824831e-02
1.0000000000000000e+00
1.4635235498388965e-01
8.0237453031877526e-01
7.1489281982087483e-02
1.0000000000000000e+00
1.4635235498388965e-01
7.1582226801256188e-01
4.9603085994624485e-02
1.0000000000000000e+00
1.8812074194391926e-01
7.1857141676882752e-01
5.3412762267419089e-02
1.0000000000000000e+00
1.7720092608323057e-01
8.6334491494635590e-01
8.6972344463595141e-02
1.0000000000000000e+00
2.3147130160322149e-01
7.5772062476316937e-01
8.6972344463595141e-02
1.0000000000000000e+00
2.3147130160322149e-01
8.0448822836915501e-01
7.0125289058216800e-02
1.0000000000000000e+00
2.3125293183801432e-01
6.8668730716744908e-01
8.4399922547765960e-02
1.0000000000000000e+00
2.7445471923527975e-01
7.3465037878195294e-01
7.1651385893949260e-02
1.0000000000000000e+00
2.9650914327902456e-01
7.6790220822731503e-01
8.3750313876100768e-02
1.0000000000000000e+00
2.9650914327902456e-01
7.0655593063274869e-01
7.4084110354908694e-02
1.0000000000000000e+00
2.9650914327902456e-01
8.9684681009093770e-01
5.0197914039620151e-02
1.0000000000000000e+00
2.6474108950895925e-01
8.3352753866056450e-01
5.7830900682040443e-02
1.0000000000000000e+00
2.6474108950895925e-01
7.3158656779269227e-01
5.7830900682040443e-02
1.0000000000000000e+00
2.6474108950895925e-01
6.6948368932644375e-01
6.1788811145254363e-02
1.0000000000000000e+00
2.5553427854282518e-01
6.0955594639817723e-01
8.7156232476138462e-02
1.0000000000000000e+00
2.5553427854282518e-01
3.9419847141543873e-01
9.0417870815747370e-02
1.0000000000000000e+00
2.9072966085476537e-01
4.3960747655073651e-01
8.2361107256167521e-02
1.0000000000000000e+00
2.6846240771664043e-01
4.3960747655073651e-01
8.8934749831116711e-02
1.0000000000000000e+00
2.5329251153124233e-01
4.6916719045548239e-01
8.8934749831116711e-02
1.0000000000000000e+00
2.9421192904663940e-01
5.5997893478779592e-01
8.8934749831116711e-02
1.0000000000000000e+00
2.9552437245109786e-01
6.4469845485000410e-01
8.7433633627972518e-02
1.0000000000000000e+00
2.9552437245109786e-01
6.9929120581655302e-01
8.2791504683575545e-02
1.0000000000000000e+00
3.2337040613600720e-01
5.3680561840592422e-01
8.2791504683575545e-02
1.0000000000000000e+00
3.2337040613600720e-01
6.4984019458352127e-01
8.3316182951114093e-02
1.0000000000000000e+00
3.3611132503682484e-01
5.8756354250072040e-01
8.3316182951114093e-02
1.0000000000000000e+00
2.8172280566030850e-01
5.9443646468280353e-01
9.1981569538495456e-02
1.0000000000000000e+00
2.4652176649505009e-01
6.7840261416567960e-01
8.2527688006541644e-02
1.0000000000000000e+00
2.9343030155831684e-01
4.5137022467388310e-01
8.2527688006541644e-02
1.0000000000000000e+00
2.6913244203859676e-01
8.3605260387121239e-01
8.2527688006541644e-02
1.0000000000000000e+00
2.5586962440246452e-01
6.8705887332616844e-01
8.2527688006541644e-02
1.0000000000000000e+00
3.0227569231027474e-01
6.8705887332616844e-01
1.0740966931977025e-01
1.0000000000000000e+00
3.2880162374311794e-01
6.8632407844124832e-01
1.0051753069334379e-01
1.0000000000000000e+00
3.4308063770839681e-01
8.4965446204005279e-01
1.1198129481696240e-01
1.0000000000000000e+00
3.9085725854346265e-01
8.4965446204005279e-01
1.1198129481696240e-01
1.0000000000000000e+00
3.6450285437712182e-01
8.4965446204005279e-01
1.1198129481696240e-01
1.0000000000000000e+00
3.6450285437712182e-01
8.4965446204005279e-01
1.1198129481696240e-01
1.0000000000000000e+00
3.6694614585684349e-01
8.4965446204005279e-01
1.1005110899046711e-01
1.0000000000000000e+00
3.3643549351216961e-01
8.1913031250296631e-01
1.0073412908301405e-01
1.0000000000000000e+00
3.4356296757431437e-01
9.0740916863142052e-01
1.0073412908301405e-01
1.0000000000000000e+00
3.3439577320785929e-01
9.0740916863142052e-01
8.3512061276144300e-02
1.0000000000000000e+00
2.4329624274940898e-01
9.0740916863142052e-01
8.1462445902309333e-02
1.0000000000000000e+00
2.2037326587559392e-01
7.5717499092279472e-01
6.6963928985080634e-02
1.0000000000000000e+00
2.9544249220015217e-01
5.7028634086309471e-01
1.0969385807462684e-01
1.0000000000000000e+00
3.4491065187575032e-01
2.0744387045560875e-01
1.0969385807462684e-01
1.0000000000000000e+00
3.0266333414436986e-01
4.2207536831556358e-01
1.0969385807462684e-01
1.0000000000000000e+00
3.3092055396372189e-01
3.9260053619800606e-01
8.8737196522436057e-02
1.0000000000000000e+00
3.2741442808145393e-01
3.9260053619800606e-01
1.0136897699036351e-01
1.0000000000000000e+00
3.5494804157605131e-01
4.5517468437610664e-01
8.8106121170005713e-02
1.0000000000000000e+00
3.1427885739793737e-01
4.5517468437610664e-01
7.6736594783744727e-02
1.0000000000000000e+00
2.8417904776250680e-01
4.1806572660862007e-01
7.6736594783744727e-02
1.0000000000000000e+00
3.0642083202218373e-01
4.9826596662460365e-01
6.6093125614008819e-02
1.0000000000000000e+00
2.9413170561855395e-01
5.6295567363558807e-01
6.6093125614008819e-02
1.0000000000000000e+00
3.5830558472042640e-01
6.9235037997423210e-01
4.9069914268932258e-02
1.0000000000000000e+00
3.3731471569006999e-01
6.5064799025713005e-01
4.9069914268932258e-02
1.0000000000000000e+00
3.1010581933622916e-01
4.9163501694856682e-01
5.0850046100697432e-02
1.0000000000000000e+00
3.1010581933622916e-01
8.3034771665988960e-01
2.9476690339527045e-02
1.0000000000000000e+00
3.5509304896658023e-01
7.0676977917610206e-01
5.8181331726393615e-02
1.0000000000000000e+00
3.0767851144736369e-01
6.1390517823456325e-01
2.8946812498054419e-02
1.0000000000000000e+00
2.7041649640267451e-01
4.3002889849303760e-01
4.1744428570984815e-02
1.0000000000000000e+00
2.7041649640267451e-01
3.9263521306274929e-01
3.7576941657482599e-02
1.0000000000000000e+00
2.9716183439558108e-01
6.0767191819904842e-01
4.9849962699829553e-02
1.0000000000000000e+00
2.9716183439558108e-01
5.9452918622700968e-01
6.2324262108324979e-02
1.0000000000000000e+00
2.6983851016228755e-01
6.9390128444938459e-01
6.9247959997176145e-02
1.0000000000000000e+00
2.7377070308392604e-01
9.5114926140813627e-01
8.6080326582907651e-02
1.0000000000000000e+00
3.1438562689544369e-01
9.1230400171189108e-01
8.6080326582907651e-02
1.0000000000000000e+00
2.4212286384971549e-01
9.1230400171189108e-01
7.2966847452937578e-02
1.0000000000000000e+00
2.9774381519490589e-01
9.1230400171189108e-01
7.2966847452937578e-02
1.0000000000000000e+00
2.6198109957584848e-01
9.7396990548877516e-01
6.1713669216862832e-02
1.0000000000000000e+00
3.2419269225755443e-01
8.0545058738498487e-01
6.1713669216862832e-02
1.0000000000000000e+00
3.3176581441620101e-01
8.3643586453108587e-01
3.8442888768827066e-03
1.0000000000000000e+00
3.6413153513530006e-01
8.3643586453108587e-01
4.6202883319551580e-03
1.0000000000000000e+00
3.6413153513530006e-01
8.3643586453108587e-01
3.1046610624491655e-02
1.0000000000000000e+00
3.9590672097364177e-01
6.8944994624762335e-01
7.4201098838443391e-03
1.0000000000000000e+00
4.0529373633870591e-01
6.6030238833336630e-01
1.9160309174060308e-02
1.0000000000000000e+00
4.3310862566539754e-01
7.0355678241758146e-01
4.1350108404606067e-02
1.0000000000000000e+00
4.1703137309485783e-01
9.1099161546735563e-01
2.7417789977937423e-02
1.0000000000000000e+00
4.1703137309485783e-01
8.0278464787697890e-01
3.7257096592531957e-02
1.0000000000000000e+00
3.7879068936416616e-01
4.8339970418310263e-01
3.7257096592531957e-02
1.0000000000000000e+00
3.8446863201642145e-01
4.7193254352605440e-01
3.1218435710491099e-02
1.0000000000000000e+00
3.8446863201642145e-01
4.7369965174293616e-01
2.0309330292241135e-02
1.0000000000000000e+00
3.6355094258868803e-01
4.7874888739606836e-01
5.2800898768202820e-02
1.0000000000000000e+00
3.7763703913623203e-01
6.1176191977283456e-01
3.6074415759378531e-02
1.0000000000000000e+00
3.7408319042259564e-01
7.9994589052221277e-01
3.6074415759378531e-02
1.0000000000000000e+00
3.3889041022592892e-01
9.7266373000165918e-01
5.4665115640693762e-02
1.0000000000000000e+00
4.2187492243209590e-01
9.5875043989217379e-01
5.4665115640693762e-02
1.0000000000000000e+00
4.2344136055288573e-01
9.5875043989217379e-01
3.9662510717482724e-02
1.0000000000000000e+00
3.8406263556061049e-01
9.2696294755733111e-01
2.7251982690961518e-02
1.0000000000000000e+00
3.8406263556061049e-01
9.2696294755733111e-01
2.3264084572167554e-02
1.0000000000000000e+00
3.8406263556061049e-01
9.1826559332257607e-01
8.2220342338280239e-02
1.0000000000000000e+00
3.9103525908393522e-01
9.1200318289047577e-01
8.5975256843687453e-02
1.0000000000000000e+00
3.5961975188655515e-01
9.1200318289047577e-01
9.2887029030555346e-02
1.0000000000000000e+00
2.9037871243161817e-01
9.1283112202363559e-01
9.8014597294115879e-02
1.0000000000000000e+00
3.1009382785958906e-01
9.1283112202363559e-01
9.8014597294115879e-02
1.0000000000000000e+00
3.1009382785958906e-01
9.1283112202363559e-01
6.0784923822814085e-02
1.0000000000000000e+00
2.8161970184845586e-01
9.1283112202363559e-01
8.0319988054418423e-02
1.0000000000000000e+00
2.5009505854649206e-01
8.1771739010291644e-01
7.6413964831465342e-02
1.0000000000000000e+00
2.2909677432579656e-01
8.5534100417571612e-01
7.6413964831465342e-02
1.0000000000000000e+00
2.2909677432579656e-01
9.8498772267776080e-01
8.9563161346325137e-02
1.0000000000000000e+00
2.5483542991531749e-01
9.8498772267776080e-01
9.1252037011747666e-02
1.0000000000000000e+00
2.6303278686208387e-01
9.5177304927783557e-01
9.1252037011747666e-02
1.0000000000000000e+00
2.9395127444257696e-01
8.5946167443471500e-01
9.2367767858979710e-02
1.0000000000000000e+00
2.8769264145483930e-01
8.5946167443471500e-01
9.7374224461111658e-02
1.0000000000000000e+00
2.8769264145483930e-01
9.4744363610225268e-01
9.4574386843908065e-02
1.0000000000000000e+00
2.8769264145483930e-01
8.7238024358230182e-01
9.2402073678988450e-02
1.0000000000000000e+00
3.7148446830650528e-01
8.7238024358230182e-01
9.4448590542617672e-02
1.0000000000000000e+00
3.8775274770995338e-01
8.7238024358230182e-01
6.1628313626590603e-02
1.0000000000000000e+00
3.9041840980024745e-01
8.1891704533773013e-01
3.6099130179229610e-02
1.0000000000000000e+00
3.6100938749694933e-01
8.8738627914863177e-01
2.3244093063715332e-02
1.0000000000000000e+00
3.6474746578568329e-01
9.1046403345244475e-01
9.0963667104574375e-03
1.0000000000000000e+00
3.6474746578568329e-01
9.1766920403169938e-01
5.8828102270694904e-03
1.0000000000000000e+00
2.9835183751964678e-01
9.1766920403169938e-01
5.3133325497242145e-03
1.0000000000000000e+00
3.0671824779091139e-01
9.8482589886116334e-01
2.4112559280786150e-02
1.0000000000000000e+00
3.4919466342506666e-01
8.1891486138629266e-01
2.4112559280786150e-02
1.0000000000000000e+00
2.7604938562689085e-01
8.4557013862358876e-01
2.4112559280786150e-02
1.0000000000000000e+00
2.7750150902392079e-01
7.8227706157194921e-01
6.6302125699314707e-02
1.0000000000000000e+00
2.7750150902392079e-01
8.0360857114719697e-01
3.9896575858313077e-02
1.0000000000000000e+00
3.0702085370393206e-01
8.0227643085236200e-01
6.1181724195796483e-02
1.0000000000000000e+00
3.4852894718022753e-01
8.8287157399172433e-01
6.7887631834912532e-02
1.0000000000000000e+00
2.8621785339163353e-01
8.9756802675838121e-01
6.8035143304462031e-02
1.0000000000000000e+00
2.8213325418727209e-01
8.9756802675838121e-01
5.8677824556673364e-02
1.0000000000000000e+00
3.2532869182722379e-01
9.1605980341846593e-01
5.3260581939559848e-02
1.0000000000000000e+00
3.4066352823828083e-01
9.1605980341846593e-01
5.3260581939559848e-02
1.0000000000000000e+00
3.4066352823828083e-01
7.4186209236795553e-01
6.6073055867184372e-02
1.0000000000000000e+00
3.9842247793529850e-01
8.8631457482988485e-01
8.0950324911702842e-02
1.0000000000000000e+00
4.2788668925021511e-01
9.7135384028370031e-01
6.3212323490608902e-02
1.0000000000000000e+00
4.2286709340368134e-01
8.3515277152473577e-01
7.7619697455395431e-02
1.0000000000000000e+00
3.2896585034285408e-01
8.3515277152473577e-01
6.0042045567263336e-02
1.0000000000000000e+00
3.4077655028630716e-01
8.0080588554556020e-01
6.0042045567263336e-02
1.0000000000000000e+00
3.4457051562748120e-01
8.4869170208985456e-01
6.0042045567263336e-02
1.0000000000000000e+00
3.3555624349645541e-01
9.2993143220955976e-01
5.0528965447176666e-02
1.0000000000000000e+00
3.3555624349645541e-01
9.2993143220955976e-01
4.6706139248874456e-02
1.0000000000000000e+00
3.8435999764732287e-01
9.2636460342037030e-01
3.6007545561608345e-02
1.0000000000000000e+00
3.8435999764732287e-01
7.3467111863719770e-01
3.7829628935162396e-02
1.0000000000000000e+00
3.7713307649499939e-01
7.3467111863719770e-01
5.0145856825713486e-02
1.0000000000000000e+00
3.4783548856756852e-01
8.2394181468116590e-01
5.0145856825713486e-02
1.0000000000000000e+00
3.5933951283476517e-01
9.5075577773677655e-01
5.6675957305435509e-02
1.0000000000000000e+00
3.5933951283476517e-01
9.5075577773677655e-01
6.1798160685304970e-02
1.0000000000000000e+00
3.5933951283476517e-01
9.5315588472003587e-01
4.8167615685690612e-02
1.0000000000000000e+00
4.2327075819156335e-01
9.5315588472003587e-01
4.8167615685690612e-02
1.0000000000000000e+00
3.9973199362538026e-01
9.5315588472003587e-01
4.7864863205779762e-02
1.0000000000000000e+00
3.9973199362538026e-01
9.6634305474872240e-01
6.3544741621319623e-02
1.0000000000000000e+00
3.8376618544242547e-01
9.6634305474872240e-01
6.2669539380897255e-02
1.0000000000000000e+00
3.8204781007624433e-01
9.0424945411796220e-01
6.8195709049780340e-02
1.0000000000000000e+00
2.9395168153240547e-01
8.4914155510778078e-01
6.5907868113447399e-02
1.0000000000000000e+00
2.8324160417213307e-01
8.4914155510778078e-01
8.6049933241758914e-02
1.0000000000000000e+00
3.0408143025960044e-01
8.4914155510778078e-01
9.0128002012227149e-02
1.0000000000000000e+00
3.3429595089654640e-01
8.4914155510778078e-01
8.3254112797169433e-02
1.0000000000000000e+00
2.8742582543890194e-01
9.5175855347479232e-01
8.3254112797169433e-02
1.0000000000000000e+00
2.8406011319856361e-01
9.5175855347479232e-01
8.4867158374129281e-02
1.0000000000000000e+00
2.4254891702111081e-01
9.5175855347479232e-01
7.6556806853352533e-02
1.0000000000000000e+00
2.3933616333778218e-01
9.9876147249306091e-01
7.6556806853352533e-02
1.0000000000000000e+00
2.4074889539878086e-01
9.9876147249306091e-01
5.7537626206487835e-02
1.0000000000000000e+00
2.4074889539878086e-01
9.5893101134861358e-01
6.5596795372277916e-02
1.0000000000000000e+00
2.4074889539878086e-01
9.0926066899264701e-01
3.1355463631064118e-02
1.0000000000000000e+00
2.7027783735792354e-01
9.0926066899264701e-01
5.5786936651770480e-03
1.0000000000000000e+00
3.0229827023248390e-01
9.0926066899264701e-01
5.5786936651770480e-03
1.0000000000000000e+00
3.1161964086021499e-01
9.0926066899264701e-01
2.0663548690811218e-02
1.0000000000000000e+00
2.7202180546845511e-01
9.0926066899264701e-01
7.0424811413124622e-02
1.0000000000000000e+00
2.9669500661219672e-01
9.2727060356701263e-01
6.0183974412814201e-02
1.0000000000000000e+00
3.0206607242251948e-01
8.0736037084425338e-01
5.7406714499541045e-02
1.0000000000000000e+00
3.2433097210849837e-01
8.6893916615808853e-01
5.7055864680171431e-02
1.0000000000000000e+00
3.2288668264772014e-01
7.9829746970499404e-01
5.7055864680171431e-02
1.0000000000000000e+00
3.2465467410764859e-01
7.9829746970499404e-01
1.1387428000182331e-02
1.0000000000000000e+00
3.7154357595971987e-01
8.3365835362637886e-01
1.1387428000182331e-02
1.0000000000000000e+00
3.7154357595971987e-01
5.7853710764611610e-01
3.8599125306666315e-02
1.0000000000000000e+00
3.7554199522963927e-01
3.0955522620643028e-01
4.4953993718684138e-02
1.0000000000000000e+00
3.7554199522963927e-01
3.0461688359791883e-01
3.3750380586445750e-02
1.0000000000000000e+00
3.5947726010016368e-01
3.0461688359791883e-01
2.3288137942165554e-02
1.0000000000000000e+00
3.7040473795167372e-01
2.2302159593964466e-01
2.7613971113771618e-02
1.0000000000000000e+00
4.0171797847978041e-01
-3.1852050160519063e-04
5.1814099505156697e-02
1.0000000000000000e+00
4.0171797847978041e-01
-1.6341268344258419e-01
6.5322736940890969e-02
1.0000000000000000e+00
4.2449221289388106e-01
-1.1857826708292118e-01
6.7527196334287942e-02
1.0000000000000000e+00
3.9396750240956635e-01
-1.1857826708292118e-01
7.8736228832588018e-02
1.0000000000000000e+00
