4
93
2.3569835237611869e-01
4.5054479653190360e-01
2.2552194866796049e-02
1.0000000000000000e+00
3.2349750264000932e-01
2.4103813327092216e-01
1.9605443208922657e-02
1.0000000000000000e+00
2.8194571726015738e-01
2.8504233283165381e-01
3.5564490804892990e-02
1.0000000000000000e+00
2.7723976035593978e-01
8.8649018082651354e-02
6.1147703301605794e-02
1.0000000000000000e+00
2.3059087546533874e-01
1.1151355446490929e-01
8.3289661015362504e-02
1.0000000000000000e+00
1.9803914471521011e-01
1.9629402243008376e-01
7.2867412156404021e-02
1.0000000000000000e+00
2.4046722277233812e-01
2.5438201211800338e-01
7.4688094471559885e-02
1.0000000000000000e+00
3.4697135935238066e-01
6.0718119371158541e-01
7.0968853346050742e-02
1.0000000000000000e+00
2.8480645410417083e-01
8.4683831449074209e-01
6.5684080567655179e-02
1.0000000000000000e+00
3.9572502138724985e-01
8.2043501775187910e-01
8.2420621860285315e-02
1.0000000000000000e+00
2.7008056787707346e-01
9.0801269275543750e-01
9.0273889574666533e-02
1.0000000000000000e+00
3.7710913627341824e-01
9.2809419886616529e-01
7.7030629768989889e-02
1.0000000000000000e+00
3.9120840847425598e-01
9.0230513963324488e-01
1.0206522574836752e-01
1.0000000000000000e+00
3.6537236331895429e-01
9.7035170666349591e-01
1.0176045963263503e-01
1.0000000000000000e+00
3.7073680824067878e-01
8.6422383639437617e-01
5.6304530566114841e-02
1.0000000000000000e+00
3.0111808814507413e-01
7.5701121281308592e-01
5.9068683220095841e-02
1.0000000000000000e+00
3.6187689258184719e-01
3.7770971556601585e-01
7.0175912731349377e-02
1.0000000000000000e+00
4.3359720429106119e-01
3.8320270407421053e-01
3.1313366756796746e-02
1.0000000000000000e+00
2.7490870679429236e-01
-4.5970578477135815e-02
3.9092253462433724e-02
1.0000000000000000e+00
2.8510695406401965e-01
1.7019239693472632e-01
1.5821388491451649e-02
1.0000000000000000e+00
3.4379906275825078e-01
-6.3694095847604326e-01
6.2643909240364115e-03
1.0000000000000000e+00
2.7673355768018837e-01
-7.3157725253549866e-01
4.1130930452629832e-02
1.0000000000000000e+00
3.4148987454062762e-01
-8.1420110867766193e-01
1.9934115798525887e-02
1.0000000000000000e+00
1.9243823668620053e-01
-9.6497132678923658e-01
1.0056985642142968e-02
1.0000000000000000e+00
2.0752750338687065e-01
-9.9129982388985804e-01
4.8599615819625575e-03
1.0000000000000000e+00
2.4487564931149564e-01
-7.6040377116005398e-01
7.6670644118996711e-02
1.0000000000000000e+00
2.1606719204390856e-01
-9.6780449219222642e-01
1.1749987246540738e-01
1.0000000000000000e+00
2.1686037640137101e-01
-8.2521369747992135e-01
1.1526810587921543e-01
1.0000000000000000e+00
2.2557208985489297e-01
-5.8464059452235229e-01
1.1829478032260565e-01
1.0000000000000000e+00
2.9982215301532733e-01
-4.2704931236512489e-01
9.7745788383610921e-02
1.0000000000000000e+00
2.8917458672475504e-01
-2.6461444419692226e-02
1.0396226098047234e-01
1.0000000000000000e+00
2.8425066017479139e-01
1.9303330630355053e-01
1.0650761493699290e-01
1.0000000000000000e+00
2.8146633978866475e-01
4.6461091926612430e-01
9.4076253653759045e-02
1.0000000000000000e+00
2.9665614718504685e-01
7.9174491660960489e-01
9.6663112175440324e-02
1.0000000000000000e+00
1.7895527610488671e-01
7.9768571434833579e-01
1.0212421142742867e-01
1.0000000000000000e+00
1.9476821141250866e-01
8.0351543510623746e-01
1.1578162613105858e-01
1.0000000000000000e+00
3.3502787358992236e-01
6.6087802071415358e-01
1.0723418133230778e-01
1.0000000000000000e+00
2.0186248510543692e-01
4.8021327276073866e-01
1.2347724482780220e-01
1.0000000000000000e+00
3.1055808342460978e-01
5.4379660766862803e-01
1.4281989432303133e-01
1.0000000000000000e+00
2.7656692401905048e-01
6.6314288359426432e-01
1.5603796528549763e-01
1.0000000000000000e+00
2.7114744550016212e-01
6.4587610718153887e-01
1.3586769388886066e-01
1.0000000000000000e+00
3.8427748730572375e-01
7.5696574526664340e-01
1.4573682580695502e-01
1.0000000000000000e+00
3.5040623277126315e-01
8.8960671520617329e-01
1.4298874463739819e-01
1.0000000000000000e+00
1.3445088036058905e-01
8.8368482052173936e-01
1.4709343409950859e-01
1.0000000000000000e+00
1.6720478214955392e-01
9.0419812782492959e-01
1.2495127783942050e-01
1.0000000000000000e+00
2.2283664975947204e-01
9.2559558877546810e-01
7.7691487831464179e-02
1.0000000000000000e+00
1.8228247789483021e-01
8.9513587651599669e-01
7.6848130478458621e-02
1.0000000000000000e+00
3.6208909102532516e-01
8.4505502020765566e-01
8.0503279032120623e-02
1.0000000000000000e+00
2.5109872494175534e-01
6.9623794479120993e-01
7.4273393367468521e-02
1.0000000000000000e+00
2.1740252401031057e-01
9.8985960174177312e-01
9.5691654534596160e-02
1.0000000000000000e+00
2.6609148823007445e-01
9.7884976819914304e-01
1.0366894141217242e-01
1.0000000000000000e+00
3.0176962811782460e-01
9.7884976819914304e-01
9.9261030549234852e-02
1.0000000000000000e+00
3.0763669095284740e-01
9.4132996562693738e-01
1.0289164375891457e-01
1.0000000000000000e+00
2.0813786545585344e-01
9.4624328825448178e-01
1.1876862568229851e-01
1.0000000000000000e+00
1.9276761052714164e-01
9.4883110400114679e-01
1.1083975036368654e-01
1.0000000000000000e+00
3.5099586621907974e-01
9.4098714764986657e-01
1.1023622958661006e-01
1.0000000000000000e+00
4.0275173691151167e-01
8.7749659389082812e-01
9.2847576576480129e-02
1.0000000000000000e+00
3.5344536042356367e-01
8.6641558541741692e-01
8.5900785729484119e-02
1.0000000000000000e+00
2.3152099059478815e-01
9.0953038728621327e-01
1.0294632908395440e-01
1.0000000000000000e+00
2.5223100416877742e-01
8.4830155505624139e-01
8.3403584700738498e-02
1.0000000000000000e+00
1.6551606937827046e-01
9.2381388603535020e-01
9.4800550527600058e-02
1.0000000000000000e+00
3.0245271498387183e-01
8.9762421886262023e-01
8.5312830030181863e-02
1.0000000000000000e+00
4.4535878433197240e-01
9.4220790828403556e-01
7.4300924876899876e-02
1.0000000000000000e+00
3.6291675588398675e-01
8.9951451771485158e-01
4.4251170162772246e-02
1.0000000000000000e+00
3.8256623971500403e-01
9.9314836781995841e-01
2.7738403864225325e-02
1.0000000000000000e+00
2.5874786017919860e-01
8.6705332711862870e-01
1.5378838041817722e-02
1.0000000000000000e+00
2.7323344977156694e-01
5.3515729910286614e-01
5.9466969207880971e-02
1.0000000000000000e+00
2.7420748326511557e-01
5.3435416958818682e-01
4.5971022779326409e-03
1.0000000000000000e+00
3.4842596893321343e-01
8.6362943492422350e-01
4.4711853829232928e-02
1.0000000000000000e+00
2.2557409501058601e-01
9.3606434735993393e-01
4.1352631452048150e-02
1.0000000000000000e+00
1.7431519047130450e-01
8.4072187050769576e-01
2.4135271713623729e-02
1.0000000000000000e+00
1.4918153506476983e-01
5.1578910249809273e-01
6.5709899340311018e-02
1.0000000000000000e+00
2.8195142826842812e-01
7.6375800577516206e-01
9.7456253396251191e-02
1.0000000000000000e+00
3.2990930263730434e-01
7.6158757807279476e-01
9.8675462679841508e-02
1.0000000000000000e+00
2.8984900435278860e-01
8.1149904822523244e-01
8.6211633665391196e-02
1.0000000000000000e+00
1.0803003407744427e-01
8.4775573826918849e-01
5.8971269784399261e-02
1.0000000000000000e+00
1.8753306808611114e-01
7.4798180695215710e-01
7.7765401016824831e-02
1.0000000000000000e+00
2.9650914327902456e-01
7.0655593063274869e-01
7.4084110354908694e-02
1.0000000000000000e+00
2.9421192904663940e-01
5.5997893478779592e-01
9.2158752726993476e-02
1.0000000000000000e+00
3.0227569231027474e-01
6.8705887332616844e-01
1.0740966931977025e-01
1.0000000000000000e+00
2.2037326587559392e-01
7.5717499092279472e-01
6.6963928985080634e-02
1.0000000000000000e+00
2.9413170561855395e-01
5.2965343728719749e-01
6.6093125614008819e-02
1.0000000000000000e+00
2.9716183439558108e-01
5.9452918622700968e-01
6.9247959997176145e-02
1.0000000000000000e+00
4.0529373633870591e-01
6.6030238833336630e-01
1.9160309174060308e-02
1.0000000000000000e+00
4.2187492243209590e-01
9.7266373000165918e-01
5.4665115640693762e-02
1.0000000000000000e+00
2.8161970184845586e-01
9.1283112202363559e-01
7.6413964831465342e-02
1.0000000000000000e+00
3.9041840980024745e-01
8.7238024358230182e-01
3.6099130179229610e-02
1.0000000000000000e+00
3.4852894718022753e-01
8.8287157399172433e-01
6.7887631834912532e-02
1.0000000000000000e+00
3.4457051562748120e-01
9.2993143220955976e-01
5.0528965447176666e-02
1.0000000000000000e+00
3.9973199362538026e-01
9.6634305474872240e-01
6.3544741621319623e-02
1.0000000000000000e+00
2.4074889539878086e-01
9.9876147249306091e-01
5.0938438093601213e-02
1.0000000000000000e+00
3.2465467410764859e-01
7.9829746970499404e-01
1.9124388891816557e-02
1.0000000000000000e+00
3.9396750240956635e-01
-5.8826812342158474e-02
7.8736228832588018e-02
1.0000000000000000e+00
