4
92
1.9651150523822025e-01
7.3751103799440942e-02
6.5242182740496424e-02
1.0000000000000000e+00
2.4894926901578174e-01
-2.1691786803712598e-01
3.3420975684441578e-02
1.0000000000000000e+00
3.9684716077425719e-01
-6.1628180792031340e-01
5.6180039106606960e-03
1.0000000000000000e+00
3.9207524876945854e-01
-4.2638800249842457e-01
6.1240391209742007e-02
1.0000000000000000e+00
4.4713256974608839e-01
-6.1487457625044040e-01
5.5744868572821793e-02
1.0000000000000000e+00
3.1137237233014048e-01
1.5400147184554958e-01
5.5591238997897086e-02
1.0000000000000000e+00
3.3643302130184338e-01
-1.1074566442694045e-01
7.4459870089981228e-03
1.0000000000000000e+00
4.1225858929936976e-01
-5.5871818962914399e-01
4.5019415367880788e-02
1.0000000000000000e+00
3.0814623891745896e-01
-3.1868450486508659e-01
5.6224589840587647e-02
1.0000000000000000e+00
2.6552896435276807e-01
-6.5559616810060062e-02
1.9340501156568712e-02
1.0000000000000000e+00
1.8811374670730174e-01
-2.1259528867376498e-01
2.7690730862252599e-02
1.0000000000000000e+00
3.7035720144302786e-01
-3.5841830927820406e-01
7.2364396079706017e-03
1.0000000000000000e+00
3.8760965644286216e-01
-4.7959329524310301e-01
2.0393407922404072e-02
1.0000000000000000e+00
3.6249673274249972e-01
-2.0035015103640030e-01
3.1448432008494343e-02
1.0000000000000000e+00
2.5876041144618966e-01
-8.3533967067269255e-01
4.5170553433001692e-02
1.0000000000000000e+00
4.2213508391540699e-01
-7.5940025402014721e-01
1.4401794815660174e-02
1.0000000000000000e+00
3.3215969240080767e-01
-7.8501948192497362e-01
2.8313857552916266e-03
1.0000000000000000e+00
3.9608504621099883e-01
-4.3987523615141977e-01
6.9518228011168026e-02
1.0000000000000000e+00
1.0550132438328319e-01
1.3855073696322551e-02
7.1691310797780239e-02
1.0000000000000000e+00
3.9872895193656177e-01
2.1120379595304262e-01
7.3612467742952936e-02
1.0000000000000000e+00
4.9859389488955230e-01
-1.0559054361438025e-01
6.6411777586984022e-02
1.0000000000000000e+00
3.3844185167362184e-01
1.8397110407458972e-01
2.9081362254294141e-02
1.0000000000000000e+00
4.1996367567588777e-01
-1.2301748306272198e-01
9.8484228493930237e-03
1.0000000000000000e+00
2.6326621382867188e-01
-8.0113711438752899e-02
6.4295619156985118e-02
1.0000000000000000e+00
2.4692882377092928e-01
9.3995457652708869e-01
1.1326481882239248e-01
1.0000000000000000e+00
2.8910994495635123e-01
8.9557312752804141e-01
1.0527888758330162e-01
1.0000000000000000e+00
2.7784440306385250e-01
8.9203041463842969e-01
1.1075841172820444e-01
1.0000000000000000e+00
4.0645638769746029e-01
9.4603918391185293e-01
1.0963474217093105e-01
1.0000000000000000e+00
2.4263003558115770e-01
9.2321863203214893e-01
1.3635106475081782e-01
1.0000000000000000e+00
3.1540739788869132e-01
8.5634616881980041e-01
1.3584912111506353e-01
1.0000000000000000e+00
2.5966162594812658e-01
9.2730947563795785e-01
1.1687179192191477e-01
1.0000000000000000e+00
2.9326190344835368e-01
8.7139808366446236e-01
1.2428295094392749e-01
1.0000000000000000e+00
3.4844549628286359e-01
9.0087033136187533e-01
1.2625397701154950e-01
1.0000000000000000e+00
8.3857962622630566e-02
8.2568918846918682e-01
1.2408285105008188e-01
1.0000000000000000e+00
1.9049826153167260e-01
7.4146460116280655e-01
1.0652838210913840e-01
1.0000000000000000e+00
3.2018701271698546e-01
8.1185212257223616e-01
1.3044834532880711e-01
1.0000000000000000e+00
3.1899881973475885e-01
8.3365745135488400e-01
1.1281372058980421e-01
1.0000000000000000e+00
2.5930218508545977e-01
8.0022293553593049e-01
9.4688975042265588e-02
1.0000000000000000e+00
2.5625449063335282e-01
9.7735990621986280e-01
1.1948953248171390e-01
1.0000000000000000e+00
3.1122863356102926e-01
9.7797314115705380e-01
1.1811210080592216e-01
1.0000000000000000e+00
3.4779666903449424e-01
9.2085221727284083e-01
1.0232615775854581e-01
1.0000000000000000e+00
3.1092820407610589e-01
8.7190383288798334e-01
9.6141845621934841e-02
1.0000000000000000e+00
3.7932624968487971e-01
8.3207781624769273e-01
1.0237842489110560e-01
1.0000000000000000e+00
2.3516746911008113e-01
7.8718437266325059e-01
8.8356020563116977e-02
1.0000000000000000e+00
1.9142722988289052e-01
5.1622595463668408e-01
1.0528270404862494e-01
1.0000000000000000e+00
2.8297109451631286e-01
6.8644189846490922e-01
1.2117154144758613e-01
1.0000000000000000e+00
2.7747777911389448e-01
7.1570690640037360e-01
1.2544093105058207e-01
1.0000000000000000e+00
2.1265802408123591e-01
7.6246151991908850e-01
1.3539796484216138e-01
1.0000000000000000e+00
2.4593975037822702e-01
5.5329433002298178e-01
1.1847298340686618e-01
1.0000000000000000e+00
3.4794006232658603e-01
8.3301743271549644e-01
9.8229873533603018e-02
1.0000000000000000e+00
3.1998773260528424e-01
8.8405141572256984e-01
1.1262505299342818e-01
1.0000000000000000e+00
3.3141233461464026e-01
9.2573355848689975e-01
1.1318426490576028e-01
1.0000000000000000e+00
3.5649156259859183e-01
8.2074994279792013e-01
8.0879750706264963e-02
1.0000000000000000e+00
2.9319133127245323e-01
9.2448544525796028e-01
5.1177987873563757e-02
1.0000000000000000e+00
3.2035702178217207e-01
9.6992585831576439e-01
3.6413448296264028e-02
1.0000000000000000e+00
2.8935982091314827e-01
8.4358793893152328e-01
2.0911198037686041e-02
1.0000000000000000e+00
2.0033442499078546e-01
7.5663602841341349e-01
7.5624680133080324e-02
1.0000000000000000e+00
3.2179964568894093e-01
9.0063761291348787e-01
7.6086662230557045e-02
1.0000000000000000e+00
2.7150655074473207e-01
9.2046500859105440e-01
7.8233949593743524e-02
1.0000000000000000e+00
2.2493735772985701e-01
9.1483941884034725e-01
6.4705586047386965e-02
1.0000000000000000e+00
3.5360706681348120e-01
8.7906633806669565e-01
1.1402780293030879e-02
1.0000000000000000e+00
1.9785543392316640e-01
9.3188854796135279e-01
4.4400429921699902e-02
1.0000000000000000e+00
1.7481642741148562e-01
9.8936079466038795e-01
3.3817503005741378e-02
1.0000000000000000e+00
2.2258521908332796e-01
8.6478099902415129e-01
4.5513433972848794e-02
1.0000000000000000e+00
2.3249679606777818e-01
5.1080445025836529e-01
2.1320138171324721e-02
1.0000000000000000e+00
2.3705821624861301e-01
8.2098868058783414e-01
4.2057747298861137e-02
1.0000000000000000e+00
2.6180638155454972e-01
8.6895753990647795e-01
3.4739001989839813e-02
1.0000000000000000e+00
2.8904120453188398e-01
5.4880999203560354e-01
3.3944365554964384e-02
1.0000000000000000e+00
2.8263357564827629e-01
3.9504488816237471e-02
6.5148194270625459e-02
1.0000000000000000e+00
3.8556492611786553e-01
-3.5375758830668924e-01
4.9765645301852124e-02
1.0000000000000000e+00
3.7107630729695984e-01
-1.3367035810115335e-01
6.9572942397974180e-02
1.0000000000000000e+00
3.8282375687521153e-01
1.5696867357728483e-01
3.5694627245140942e-02
1.0000000000000000e+00
4.6494911050211840e-01
1.5485862689347418e-01
1.5903623695669444e-02
1.0000000000000000e+00
3.9852542812258207e-01
5.1306824595922085e-01
1.8209142764283093e-02
1.0000000000000000e+00
2.1856364244848692e-01
-1.8140206276184467e-01
1.5562038032987835e-02
1.0000000000000000e+00
1.3355703662199403e-01
-5.4818859020924715e-01
2.4136742963639768e-02
1.0000000000000000e+00
2.3021489601632084e-01
-6.2669398006728438e-01
4.3790934236233148e-02
1.0000000000000000e+00
2.8516674773817385e-01
-8.8330640503882019e-01
4.2459515017901572e-02
1.0000000000000000e+00
2.6681245931939657e-01
-6.5371920726938693e-01
1.2330767130265263e-03
1.0000000000000000e+00
2.9462072833956654e-01
-3.5301516344516126e-01
9.9491832442367700e-03
1.0000000000000000e+00
3.2668013892651970e-01
-6.9472677213816492e-01
3.1860892813631359e-02
1.0000000000000000e+00
2.8505656773739929e-01
-8.9212604285894481e-01
5.1042383631204280e-02
1.0000000000000000e+00
3.9685097699219796e-01
-8.8972592632962910e-01
4.4045270550782112e-03
1.0000000000000000e+00
3.8405324636659088e-01
-8.3140517491592614e-01
7.0457528963663640e-02
1.0000000000000000e+00
3.7894726685880187e-01
-7.5445626559412626e-01
7.3437816034049752e-02
1.0000000000000000e+00
2.7789182706436577e-01
-7.6030486612326054e-01
8.6133435288422766e-02
1.0000000000000000e+00
3.1529369430899123e-01
-8.2372265378689913e-01
1.0541228748107867e-01
1.0000000000000000e+00
3.3827716174818079e-01
-8.9600296644239275e-01
1.1834110577539148e-01
1.0000000000000000e+00
1.9677354586127649e-01
-8.1606996548107413e-01
1.0639450767840797e-01
1.0000000000000000e+00
2.6692457385178159e-01
-6.4721818756988791e-01
1.2575738712977225e-01
1.0000000000000000e+00
2.9893838153037677e-01
-4.5871814782476572e-01
1.4337186477852126e-01
1.0000000000000000e+00
1.1713869175690661e-01
-3.1138948327607063e-01
1.3330825660151502e-01
1.0000000000000000e+00
