4
97
2.7342348448217990e-01
9.6377284550617337e-01
4.4233568308391119e-02
1.0000000000000000e+00
2.4859183090956094e-01
9.5461961678738594e-01
2.4545219324045325e-02
1.0000000000000000e+00
3.8933836955328616e-01
9.9542357638056278e-01
4.9127915471308375e-02
1.0000000000000000e+00
4.5471908787948223e-01
8.8776505790228843e-01
8.3928627927070926e-02
1.0000000000000000e+00
4.6782695998189183e-01
7.9673281293871701e-01
9.7874758333182404e-02
1.0000000000000000e+00
3.4166555684277000e-01
8.4587524906310141e-01
9.9306888126284326e-02
1.0000000000000000e+00
3.0455845927571090e-01
8.7609069217505753e-01
1.0169505811527416e-01
1.0000000000000000e+00
2.9613738630649777e-01
8.3376959856177568e-01
1.0362377966985151e-01
1.0000000000000000e+00
1.8191493367993417e-01
8.4404431009243130e-01
1.1173791662904478e-01
1.0000000000000000e+00
1.5437478241727831e-01
7.4779593763450980e-01
1.2228995530049361e-01
1.0000000000000000e+00
2.6179539547518971e-01
7.9786874603523761e-01
1.2228736866845794e-01
1.0000000000000000e+00
3.1130464649976375e-01
8.1967984731891197e-01
1.2142565171698153e-01
1.0000000000000000e+00
1.3871396544635672e-01
7.4663051111274403e-01
1.1679277319226458e-01
1.0000000000000000e+00
3.3367862298399587e-01
7.2319624117226344e-01
1.2868252996586307e-01
1.0000000000000000e+00
2.2654259672634680e-01
8.2058121925801975e-01
1.4442552521823018e-01
1.0000000000000000e+00
4.8565669487942387e-01
7.5878960230038506e-01
1.2716324178209107e-01
1.0000000000000000e+00
3.8923790599000085e-01
7.4288980905548674e-01
1.2828307440677236e-01
1.0000000000000000e+00
3.2063423401922364e-01
6.2740501771331769e-01
1.2267662380063485e-01
1.0000000000000000e+00
3.0537294313324992e-01
7.4573871596367103e-01
1.4042323299972850e-01
1.0000000000000000e+00
3.0711406448170919e-01
7.7068053428665739e-01
1.3263782470776278e-01
1.0000000000000000e+00
3.1796236483859275e-01
7.5069763474748474e-01
1.0156505015502262e-01
1.0000000000000000e+00
2.3960287213338916e-01
6.9473617952899080e-01
1.1302546378747139e-01
1.0000000000000000e+00
3.8308413614066694e-01
7.0945240799919707e-01
1.1843273313306782e-01
1.0000000000000000e+00
3.2719946334617589e-01
7.2049308997229677e-01
1.1475654908745128e-01
1.0000000000000000e+00
3.6970229808429167e-01
5.9831894245580775e-01
1.1918260604315947e-01
1.0000000000000000e+00
3.2242288231572047e-01
6.5522686821059328e-01
9.1237704012291948e-02
1.0000000000000000e+00
2.8900610632916823e-01
7.8232528791413647e-01
7.0301426899368386e-02
1.0000000000000000e+00
2.2224118479715571e-01
7.8161581289605242e-01
6.8279410105878929e-02
1.0000000000000000e+00
3.5522651411082506e-01
8.5072216913686138e-01
6.7367953107441286e-02
1.0000000000000000e+00
4.9403911241751075e-01
8.3015861977473837e-01
6.0283218835229496e-02
1.0000000000000000e+00
3.5528841632839203e-01
4.6990631856606346e-01
8.5973332728008250e-02
1.0000000000000000e+00
2.9785740952428341e-01
3.0971914819092494e-01
7.9925633826042036e-02
1.0000000000000000e+00
2.2257690103214145e-01
7.9836204302846459e-01
9.7185749536129157e-02
1.0000000000000000e+00
1.4444095659490586e-01
5.6499849194078711e-01
1.1722234564249448e-01
1.0000000000000000e+00
2.3960798221122559e-01
5.0998922418220904e-01
1.0160035195176534e-01
1.0000000000000000e+00
2.6227806359128181e-01
5.9793910376611170e-01
9.2038348583719204e-02
1.0000000000000000e+00
2.0968153155007485e-01
5.7152319971355614e-01
1.0389092193972829e-01
1.0000000000000000e+00
3.2991890157171611e-01
3.6138081822427925e-01
1.2412428147681567e-01
1.0000000000000000e+00
2.0574234486156229e-01
4.8046028920798567e-01
7.5593686099728080e-02
1.0000000000000000e+00
5.1055372581430447e-01
8.4171626185416248e-01
6.0118190213961503e-02
1.0000000000000000e+00
4.4570137844965529e-01
6.4219815916731027e-01
3.1726866172084561e-02
1.0000000000000000e+00
2.8732204902297553e-01
6.4969436968094674e-01
4.0301165686378232e-02
1.0000000000000000e+00
3.4502231716140841e-01
6.8088965447968808e-01
1.9966396704239747e-02
1.0000000000000000e+00
3.0913241547494863e-01
4.5707595567801040e-01
8.1221501063828333e-02
1.0000000000000000e+00
3.1617008093707000e-01
3.8075585929327649e-01
8.7048377446171804e-02
1.0000000000000000e+00
2.6846530555047821e-01
5.1856829212629241e-01
9.1205145302501484e-02
1.0000000000000000e+00
3.0899945109848659e-01
3.7520202049636286e-01
1.0862439458751397e-01
1.0000000000000000e+00
2.9605340304550509e-01
5.9179579546325844e-01
1.1324681395226435e-01
1.0000000000000000e+00
2.7830012839984875e-01
7.8957938855164689e-01
1.1784298279699215e-01
1.0000000000000000e+00
2.6316244712796788e-01
7.1016679457970899e-01
1.1254434710745045e-01
1.0000000000000000e+00
2.2147468057227115e-01
7.1284864221233879e-01
1.1427658474449345e-01
1.0000000000000000e+00
2.0527765935111120e-01
6.4997012291569267e-01
1.0058056467923962e-01
1.0000000000000000e+00
3.8468416361428126e-01
6.1176278158091013e-01
1.2056406838482872e-01
1.0000000000000000e+00
3.5438499553418978e-01
3.5267063318751757e-01
1.1063719931653396e-01
1.0000000000000000e+00
1.4091514842874631e-01
4.4860059553757314e-01
1.2922869501298920e-01
1.0000000000000000e+00
1.9458700577087029e-01
2.8807722644414757e-01
1.4267372119602442e-01
1.0000000000000000e+00
2.0209531556173488e-01
7.6525088935159191e-02
1.3587523585974851e-01
1.0000000000000000e+00
1.0498902853868231e-01
2.5228129881434147e-01
1.4028866696262413e-01
1.0000000000000000e+00
3.1206370517901405e-01
4.7944941506721084e-01
1.4529683513192140e-01
1.0000000000000000e+00
2.0331300283140763e-01
1.8499814597889785e-01
1.3198067273569905e-01
1.0000000000000000e+00
2.9103302845322787e-01
-2.4834662210195813e-03
1.2605154679713451e-01
1.0000000000000000e+00
2.8563277056963443e-01
2.5525728096254174e-01
1.3663750842770242e-01
1.0000000000000000e+00
2.4912776198760866e-01
2.1652771574445073e-01
1.3441781515812182e-01
1.0000000000000000e+00
1.8305900000558495e-01
1.5381835442967717e-01
1.4301093274352752e-01
1.0000000000000000e+00
2.5111005944489762e-01
6.1763418326154396e-02
1.2678980802102160e-01
1.0000000000000000e+00
3.8652715756614953e-01
2.1723858169279997e-01
1.2142705676760671e-01
1.0000000000000000e+00
3.7160742067788988e-01
-1.1318240296095605e-01
1.4969817488836271e-01
1.0000000000000000e+00
4.0417963976796045e-01
1.8834677659906451e-01
1.7346793117994821e-01
1.0000000000000000e+00
3.6318495858284905e-01
1.7549388990737502e-01
1.7269936607281125e-01
1.0000000000000000e+00
3.0387077678750529e-01
-5.9721339074894741e-02
1.7943771285590629e-01
1.0000000000000000e+00
3.1311526836651637e-01
-2.4583166190423067e-01
1.8604184559317219e-01
1.0000000000000000e+00
1.3716737483917996e-01
-3.4625771502032832e-02
1.9785717319118704e-01
1.0000000000000000e+00
1.6627198015629574e-01
8.8907856447622224e-02
1.9138974559846247e-01
1.0000000000000000e+00
2.7671414637296721e-01
1.2338734599761669e-01
1.7612920413066604e-01
1.0000000000000000e+00
2.1958013112015351e-01
7.2716122493148294e-03
1.8019296347902128e-01
1.0000000000000000e+00
3.7247616685925777e-01
9.9382979515939995e-02
1.8368092356522539e-01
1.0000000000000000e+00
2.1222326664718594e-01
1.1216717744246130e-01
1.9393074456875184e-01
1.0000000000000000e+00
1.2765380648778546e-01
9.1010763030499264e-02
1.7950696489115217e-01
1.0000000000000000e+00
7.7213030675181926e-02
4.0335977142676716e-01
1.8520221285562002e-01
1.0000000000000000e+00
1.0860494770457763e-01
5.1686006896197800e-01
1.8159044414333039e-01
1.0000000000000000e+00
1.2867850431501893e-01
6.5649113589897756e-01
1.7870390466541722e-01
1.0000000000000000e+00
2.5997255049441037e-01
7.1880670608952646e-01
1.8698730021842494e-01
1.0000000000000000e+00
3.5941158869098899e-01
7.0953954076394443e-01
1.9459861510094925e-01
1.0000000000000000e+00
2.1967148332186071e-01
6.1326451653148983e-01
1.9960904097079038e-01
1.0000000000000000e+00
3.2705955626005334e-01
7.2062873148825024e-01
2.0906133471416979e-01
1.0000000000000000e+00
1.9834615475991768e-01
6.7778666184749459e-01
2.2249342837731093e-01
1.0000000000000000e+00
2.7388696535052759e-01
7.2363350593950604e-01
2.2805624707380048e-01
1.0000000000000000e+00
2.8277419389195302e-01
7.2038226767908786e-01
2.3471388624293468e-01
1.0000000000000000e+00
2.1583008554733851e-01
6.9936079632025216e-01
2.3448438507748504e-01
1.0000000000000000e+00
2.7035395688579911e-01
6.5985903628170495e-01
2.3283864029926915e-01
1.0000000000000000e+00
2.9990379155350411e-01
7.3306949781253938e-01
2.3695344357529391e-01
1.0000000000000000e+00
1.7656987467051977e-01
6.9609360555186872e-01
2.3317429314611215e-01
1.0000000000000000e+00
1.4644618251912789e-01
6.9232517906930302e-01
2.3460966625552826e-01
1.0000000000000000e+00
1.7316546443470315e-01
9.2113683950155978e-01
2.4019342934898302e-01
1.0000000000000000e+00
3.5811279913031058e-01
8.9731279499828820e-01
2.1381941083072886e-01
1.0000000000000000e+00
4.2386720295615987e-01
8.7063570013269787e-01
1.9607764459633470e-01
1.0000000000000000e+00
3.8184548313000732e-01
8.7050161540973936e-01
1.8079651773277872e-01
1.0000000000000000e+00
