4
1000
2.5000000000000000e-01
8.0000000000000004e-01
8.9617544226348406e-02
1.0000000000000000e+00
2.5000000000000000e-01
7.7500864975154404e-01
8.9617544226348406e-02
1.0000000000000000e+00
2.4174882890656590e-01
7.7500864975154404e-01
9.9503056518733507e-02
1.0000000000000000e+00
2.4172759940847754e-01
6.8162587396800522e-01
9.9503056518733507e-02
1.0000000000000000e+00
2.4172759940847754e-01
5.9920714627951388e-01
1.1066404813900590e-01
1.0000000000000000e+00
1.7535848123952746e-01
7.4377312716096644e-01
1.1066404813900590e-01
1.0000000000000000e+00
1.7535848123952746e-01
8.1550910528749232e-01
1.0545130157843233e-01
1.0000000000000000e+00
2.8392985416576266e-01
6.9863965567201380e-01
1.0537013707798906e-01
1.0000000000000000e+00
2.7439061785116792e-01
7.7640888020396237e-01
1.1719275538926013e-01
1.0000000000000000e+00
2.6448583276942372e-01
7.7640888020396237e-01
7.9717865149723371e-02
1.0000000000000000e+00
2.6499796891584992e-01
7.7640888020396237e-01
7.9717865149723371e-02
1.0000000000000000e+00
2.7989088790491223e-01
7.6139133907854561e-01
6.5735895122634252e-02
1.0000000000000000e+00
2.4408741341903806e-01
9.5653918124735360e-01
6.8074921547668060e-02
1.0000000000000000e+00
2.9086402105167508e-01
8.9190155006945138e-01
5.0224097847240051e-02
1.0000000000000000e+00
3.6521320883184671e-01
8.9190155006945138e-01
5.1710653520422062e-02
1.0000000000000000e+00
3.6521320883184671e-01
9.9037987478077416e-01
6.1548999795923015e-02
1.0000000000000000e+00
4.0034678298979998e-01
9.3814584724605088e-01
8.5688797110924503e-02
1.0000000000000000e+00
4.0034678298979998e-01
9.3814584724605088e-01
6.6468096623430034e-02
1.0000000000000000e+00
3.8091222476214170e-01
9.3814584724605088e-01
6.4644680876517674e-02
1.0000000000000000e+00
3.6944341659545898e-01
8.4565596953034405e-01
6.2315691082039854e-02
1.0000000000000000e+00
4.0113874524831772e-01
9.1290568485856061e-01
7.6261367701226851e-02
1.0000000000000000e+00
3.8720143307000399e-01
9.1290568485856061e-01
6.0858690232271334e-02
1.0000000000000000e+00
4.0113628655672073e-01
9.1290568485856061e-01
4.1626344487303873e-02
1.0000000000000000e+00
3.3829316496849060e-01
8.5398854613304143e-01
5.6640919350320479e-02
1.0000000000000000e+00
3.3852590341120958e-01
8.5398854613304143e-01
5.8383049728581687e-02
1.0000000000000000e+00
3.4289607871323824e-01
8.6027754582464699e-01
6.0059406963409862e-02
1.0000000000000000e+00
4.0285337809473276e-01
8.4327972978353505e-01
6.0552764328895142e-02
1.0000000000000000e+00
4.0285337809473276e-01
8.6850441917777066e-01
5.7761002675397327e-02
1.0000000000000000e+00
4.1698162723332644e-01
8.6850441917777066e-01
5.4272710689110687e-02
1.0000000000000000e+00
4.5085081923753023e-01
8.6962997093796734e-01
5.4272710689110687e-02
1.0000000000000000e+00
4.3133221287280321e-01
8.6962997093796734e-01
7.7460284688277176e-02
1.0000000000000000e+00
3.7822322268038988e-01
8.6817774847149853e-01
9.5627841883106163e-02
1.0000000000000000e+00
3.6563374474644661e-01
8.6817774847149853e-01
1.0865006164531224e-01
1.0000000000000000e+00
3.4128970652818680e-01
8.8545025438070302e-01
1.0865006164531224e-01
1.0000000000000000e+00
3.5438526794314384e-01
9.4001563191413884e-01
9.0751096018357208e-02
1.0000000000000000e+00
3.4459707606583834e-01
9.4001563191413884e-01
9.6240003965795046e-02
1.0000000000000000e+00
3.3355369511991739e-01
9.5631078369915490e-01
1.0027215667068959e-01
1.0000000000000000e+00
3.6626816354691982e-01
8.6541295163333420e-01
8.7152091227471834e-02
1.0000000000000000e+00
2.6065388321876526e-01
8.6541295163333420e-01
8.7152091227471834e-02
1.0000000000000000e+00
2.2249055653810501e-01
8.1179724372923379e-01
8.9273628918454057e-02
1.0000000000000000e+00
1.7986860126256943e-01
9.0045182891190056e-01
9.4115061825141316e-02
1.0000000000000000e+00
1.7145902011543512e-01
7.9748413451015954e-01
9.4115061825141316e-02
1.0000000000000000e+00
1.5780903957784176e-01
7.8183167167007928e-01
1.1906428928487003e-01
1.0000000000000000e+00
1.5780903957784176e-01
9.2912474013864998e-01
1.1906428928487003e-01
1.0000000000000000e+00
1.0306106228381395e-01
9.2912474013864998e-01
1.2344357431866229e-01
1.0000000000000000e+00
1.0306106228381395e-01
9.2912474013864998e-01
1.2344357431866229e-01
1.0000000000000000e+00
9.9295186810195446e-02
9.2912474013864998e-01
1.2344357431866229e-01
1.0000000000000000e+00
9.9295186810195446e-02
9.2738030578475450e-01
1.3032818227075041e-01
1.0000000000000000e+00
4.7611305490136147e-02
8.8044337655883287e-01
1.3679949068464339e-01
1.0000000000000000e+00
6.8401508033275604e-02
8.8044337655883287e-01
1.2015215880237520e-01
1.0000000000000000e+00
1.4212025795131922e-01
8.8044337655883287e-01
1.2028554934076965e-01
1.0000000000000000e+00
1.2171279359608889e-01
9.5182971383910631e-01
1.3150087664835156e-01
1.0000000000000000e+00
1.1514813359826803e-01
8.9251558955293153e-01
1.3324799495749176e-01
1.0000000000000000e+00
1.3393135089427233e-01
8.9251558955293153e-01
1.1602078857831657e-01
1.0000000000000000e+00
6.7946040071547031e-02
8.9251558955293153e-01
1.1951855723746121e-01
1.0000000000000000e+00
1.0501949954777956e-01
9.5496824763249610e-01
1.1951855723746121e-01
1.0000000000000000e+00
9.4279393553733826e-02
9.5436300623696302e-01
1.1942162549676141e-01
1.0000000000000000e+00
1.1725090630352497e-01
9.6867369401734327e-01
1.1577455721417210e-01
1.0000000000000000e+00
9.9427191307768226e-02
9.6867369401734327e-01
1.2202710307756207e-01
1.0000000000000000e+00
1.1693084961734712e-01
9.6039878211449836e-01
8.5573042962641926e-02
1.0000000000000000e+00
1.2257725396193564e-01
9.6039878211449836e-01
8.5573042962641926e-02
1.0000000000000000e+00
8.3253838354721665e-02
9.4358008548151706e-01
7.8796954113931866e-02
1.0000000000000000e+00
2.1444762521423399e-01
9.4358008548151706e-01
7.8796954113931866e-02
1.0000000000000000e+00
2.4704106788158242e-01
9.4358008548151706e-01
9.5126533169241162e-02
1.0000000000000000e+00
2.7667380201637570e-01
9.4358008548151706e-01
1.1557981114456198e-01
1.0000000000000000e+00
1.9860756080197461e-01
9.5436109609436248e-01
1.2639038100460312e-01
1.0000000000000000e+00
2.4798149671005376e-01
9.5436109609436248e-01
1.1728119592735312e-01
1.0000000000000000e+00
2.8075766525762447e-01
9.5436109609436248e-01
1.2348504293331644e-01
1.0000000000000000e+00
2.8234674743907817e-01
9.5436109609436248e-01
1.1902814799541375e-01
1.0000000000000000e+00
3.4132410920756229e-01
9.5436109609436248e-01
1.0940086211630842e-01
1.0000000000000000e+00
3.5591546780960925e-01
9.5436109609436248e-01
1.2299700894946000e-01
1.0000000000000000e+00
3.5591546780960925e-01
9.5436109609436248e-01
1.4785460451239488e-01
1.0000000000000000e+00
2.2119352556364902e-01
9.5436109609436248e-01
1.1126363718503854e-01
1.0000000000000000e+00
2.7280018906640180e-01
9.5436109609436248e-01
1.0918407210701844e-01
1.0000000000000000e+00
2.4856519428612955e-01
9.5436109609436248e-01
1.0605846460530302e-01
1.0000000000000000e+00
2.2948507880391844e-01
9.5436109609436248e-01
1.0637360454857117e-01
1.0000000000000000e+00
2.9406791841211088e-01
9.5436109609436248e-01
8.1245417868194642e-02
1.0000000000000000e+00
3.7098937350856431e-01
9.5436109609436248e-01
8.1245417868194642e-02
1.0000000000000000e+00
3.3106678966032632e-01
9.5436109609436248e-01
1.2014892620354659e-01
1.0000000000000000e+00
2.8555223948387720e-01
9.4243660669308160e-01
1.2014892620354659e-01
1.0000000000000000e+00
2.7701762944525399e-01
9.5016034885775302e-01
1.0423563343792921e-01
1.0000000000000000e+00
2.7575243389765092e-01
8.9807750291656707e-01
1.0419129823785625e-01
1.0000000000000000e+00
3.3707616696665355e-01
9.9197230867575859e-01
1.2145587859195076e-01
1.0000000000000000e+00
3.3707616696665355e-01
9.9197230867575859e-01
1.0286465391036473e-01
1.0000000000000000e+00
3.3707616696665355e-01
9.3211540214251731e-01
9.9391910354461294e-02
1.0000000000000000e+00
3.3707616696665355e-01
9.4136519550811504e-01
9.5336718591715913e-02
1.0000000000000000e+00
3.3430316471094557e-01
9.4136519550811504e-01
9.5336718591715913e-02
1.0000000000000000e+00
3.1453689732188650e-01
9.4136519550811504e-01
1.0700572106507025e-01
1.0000000000000000e+00
3.0173822431424924e-01
9.4136519550811504e-01
1.2673125985529624e-01
1.0000000000000000e+00
3.0817286981800862e-01
9.1805336072575305e-01
1.2673125985529624e-01
1.0000000000000000e+00
3.5400475500682660e-01
9.1805336072575305e-01
1.2673125985529624e-01
1.0000000000000000e+00
3.7171877859691449e-01
9.1805336072575305e-01
1.2673125985529624e-01
1.0000000000000000e+00
2.6090675065825053e-01
9.1805336072575305e-01
1.2255889374282561e-01
1.0000000000000000e+00
2.8826782325813838e-01
9.1805336072575305e-01
1.2255889374282561e-01
1.0000000000000000e+00
3.3608472914966114e-01
9.3427984050940727e-01
1.2806531052556239e-01
1.0000000000000000e+00
3.5795887382300862e-01
9.3427984050940727e-01
1.2611060413983069e-01
1.0000000000000000e+00
3.2903816187354096e-01
9.3017032050993298e-01
1.3600569694754086e-01
1.0000000000000000e+00
3.1427106456430920e-01
9.3017032050993298e-01
1.3600569694754086e-01
1.0000000000000000e+00
3.0450597600611218e-01
9.3017032050993298e-01
1.1925018083056785e-01
1.0000000000000000e+00
3.2776594264032610e-01
9.3017032050993298e-01
9.9826930721610557e-02
1.0000000000000000e+00
3.2497077071639069e-01
9.3017032050993298e-01
9.9826930721610557e-02
1.0000000000000000e+00
2.9882419863315590e-01
9.3017032050993298e-01
1.3707392167052604e-01
1.0000000000000000e+00
3.1605395130645775e-01
9.3017032050993298e-01
1.4997805904349662e-01
1.0000000000000000e+00
2.6814689315688156e-01
9.3017032050993298e-01
1.4800793461254216e-01
1.0000000000000000e+00
2.6738147487230890e-01
9.3017032050993298e-01
1.3182326748719789e-01
1.0000000000000000e+00
3.3629336630292528e-01
9.4325286203529690e-01
1.2022813472649432e-01
1.0000000000000000e+00
3.2554394428916567e-01
9.4325286203529690e-01
1.2022813472649432e-01
1.0000000000000000e+00
3.2554394428916567e-01
9.6246394568588589e-01
8.9114898515254032e-02
1.0000000000000000e+00
2.9498426013924472e-01
9.6246394568588589e-01
8.9114898515254032e-02
1.0000000000000000e+00
3.4086356268562668e-01
9.9147388392593716e-01
8.9114898515254032e-02
1.0000000000000000e+00
3.4086356268562668e-01
8.9323251002933834e-01
8.7829373709246289e-02
1.0000000000000000e+00
3.9581648589410179e-01
8.9323251002933834e-01
8.7829373709246289e-02
1.0000000000000000e+00
3.7134498541308858e-01
8.5896559113170956e-01
8.7829373709246289e-02
1.0000000000000000e+00
3.7134498541308858e-01
9.5509739646222447e-01
8.7829373709246289e-02
1.0000000000000000e+00
3.3662221764279820e-01
9.5509739646222447e-01
1.0014213661415852e-01
1.0000000000000000e+00
3.3662221764279820e-01
9.5509739646222447e-01
8.5785518798365962e-02
1.0000000000000000e+00
3.7923049504934170e-01
9.5509739646222447e-01
7.4022461126878630e-02
1.0000000000000000e+00
4.1828616443854116e-01
9.0387266555335377e-01
9.4161812148377072e-02
1.0000000000000000e+00
4.0925141438674473e-01
9.2989508861210202e-01
9.4161812148377072e-02
1.0000000000000000e+00
3.8760263673793816e-01
9.2989508861210202e-01
9.8554821617290150e-02
1.0000000000000000e+00
3.8760263673793816e-01
9.0000116692390297e-01
1.1338997159837164e-01
1.0000000000000000e+00
3.8221590375360392e-01
9.0000116692390297e-01
1.0210810129283346e-01
1.0000000000000000e+00
3.9746978381481313e-01
9.0000116692390297e-01
8.2475437715038430e-02
1.0000000000000000e+00
4.2523891726341390e-01
9.3067533390130852e-01
7.3508749182656180e-02
1.0000000000000000e+00
4.2523891726341390e-01
9.6156287246849392e-01
8.4757085123419534e-02
1.0000000000000000e+00
4.2920360961761617e-01
9.6156287246849392e-01
8.9806965717434656e-02
1.0000000000000000e+00
4.2920360961761617e-01
9.0996049770619725e-01
8.8452790097653639e-02
1.0000000000000000e+00
4.2920360961761617e-01
9.0347737499978398e-01
8.8721192868979420e-02
1.0000000000000000e+00
3.6982887113299512e-01
9.9328054913785313e-01
8.8721192868979420e-02
1.0000000000000000e+00
3.6282708417456888e-01
9.7098952957894658e-01
7.2025611492426839e-02
1.0000000000000000e+00
2.9911933808944013e-01
9.7098952957894658e-01
7.6028971428604569e-02
1.0000000000000000e+00
2.7250975759125140e-01
9.1843500786926602e-01
7.6028971428604569e-02
1.0000000000000000e+00
2.5583648069186893e-01
9.1843500786926602e-01
7.2875288043724146e-02
1.0000000000000000e+00
2.8001049992053595e-01
9.1843500786926602e-01
7.4342198238446150e-02
1.0000000000000000e+00
2.1260650541989889e-01
9.1843500786926602e-01
4.9246168729587231e-02
1.0000000000000000e+00
2.3949407685904589e-01
9.1843500786926602e-01
7.3354176279826794e-02
1.0000000000000000e+00
2.0291224208085623e-01
8.7996094727423046e-01
7.3354176279826794e-02
1.0000000000000000e+00
3.2323067721335974e-01
8.3354835265781735e-01
7.4149497120379243e-02
1.0000000000000000e+00
3.2101187195985403e-01
7.8971776047255848e-01
8.1929043668060336e-02
1.0000000000000000e+00
3.2150404113235709e-01
7.8971776047255848e-01
8.5998376167117391e-02
1.0000000000000000e+00
3.2150404113235709e-01
8.8415769913699482e-01
8.5998376167117391e-02
1.0000000000000000e+00
3.3600153452607628e-01
8.8982978470157836e-01
7.9272308188228641e-02
1.0000000000000000e+00
3.5747392340454098e-01
9.9390263862442230e-01
7.7435725868417654e-02
1.0000000000000000e+00
3.9801911874565121e-01
9.9390263862442230e-01
6.3365834799333248e-02
1.0000000000000000e+00
4.2250303369837638e-01
9.9390263862442230e-01
4.6975531649513874e-02
1.0000000000000000e+00
3.8408531229833898e-01
9.0650145716499542e-01
4.6975531649513874e-02
1.0000000000000000e+00
3.3368357065955934e-01
9.6650893993210052e-01
4.4586208683176670e-02
1.0000000000000000e+00
3.3368357065955934e-01
9.6199212369974707e-01
6.9042796303256188e-02
1.0000000000000000e+00
3.3368357065955934e-01
9.9701560435350989e-01
7.3841042385174666e-02
1.0000000000000000e+00
3.2081938073861238e-01
9.9701560435350989e-01
6.1580939252598915e-02
1.0000000000000000e+00
3.2081938073861238e-01
9.2594695237930869e-01
5.4279270732513402e-02
1.0000000000000000e+00
3.2081938073861238e-01
8.4663639084901665e-01
5.4279270732513402e-02
1.0000000000000000e+00
3.7054562480079767e-01
8.2922372648026799e-01
5.0375618307589326e-02
1.0000000000000000e+00
3.6227712877916929e-01
8.1655137015040968e-01
4.0291899616568122e-02
1.0000000000000000e+00
3.7173390299903986e-01
9.6233739105518912e-01
3.0887972364871535e-02
1.0000000000000000e+00
3.4347961102503177e-01
9.9295180810149763e-01
2.1783244946709607e-02
1.0000000000000000e+00
3.0988435079234478e-01
9.9375833531375979e-01
1.1404615977517102e-02
1.0000000000000000e+00
3.0890083631857124e-01
8.9829088707920168e-01
1.8371212446800206e-02
1.0000000000000000e+00
3.7393883044023823e-01
8.9829088707920168e-01
1.8371212446800206e-02
1.0000000000000000e+00
3.7393883044023823e-01
7.9445782450493430e-01
2.6143469998351071e-02
1.0000000000000000e+00
3.4267776632805180e-01
7.5852415112312888e-01
4.0136496687046025e-02
1.0000000000000000e+00
3.4267776632805180e-01
7.5852415112312888e-01
4.2411307954898808e-02
1.0000000000000000e+00
2.9757320029784751e-01
9.2203509954269980e-01
4.2411307954898808e-02
1.0000000000000000e+00
3.2310683174182486e-01
9.2203509954269980e-01
5.0979831406584714e-02
1.0000000000000000e+00
3.3743310520549130e-01
9.2203509954269980e-01
5.6115450953802798e-02
1.0000000000000000e+00
2.8985303441186261e-01
9.7732256499584769e-01
5.6115450953802798e-02
1.0000000000000000e+00
2.7385429838795972e-01
9.5398183499928568e-01
3.8513769546261761e-02
1.0000000000000000e+00
2.6910953443621111e-01
8.2253757452126597e-01
1.2858145089558098e-02
1.0000000000000000e+00
3.1084665876005602e-01
9.1219799553509806e-01
1.2858145089558098e-02
1.0000000000000000e+00
3.1433967348311853e-01
8.5951693316455935e-01
1.2472112988325540e-02
1.0000000000000000e+00
3.2656770652283740e-01
9.0420966555830096e-01
1.6121011086943332e-02
1.0000000000000000e+00
3.6203107876826834e-01
9.0420966555830096e-01
6.5257454749371446e-03
1.0000000000000000e+00
2.5668605124701571e-01
9.0420966555830096e-01
6.5257454749371446e-03
1.0000000000000000e+00
2.3212673222769808e-01
8.5995172297116373e-01
3.7061140266450826e-02
1.0000000000000000e+00
2.3212673222769808e-01
8.0635355745907877e-01
4.5288197090121690e-02
1.0000000000000000e+00
2.3212673222769808e-01
9.0434608941432093e-01
4.0042342012020532e-02
1.0000000000000000e+00
2.7173805317033839e-01
8.3864818101283167e-01
2.4411079333367530e-02
1.0000000000000000e+00
2.5612549098332238e-01
7.5801585947629069e-01
2.4411079333367530e-02
1.0000000000000000e+00
2.2352554263670754e-01
7.5801585947629069e-01
4.8512786486389819e-02
1.0000000000000000e+00
1.9084798811127257e-01
7.7752552141901110e-01
7.2254340955259982e-02
1.0000000000000000e+00
1.9587278632570815e-01
9.6521441971417521e-01
8.3204568135988671e-02
1.0000000000000000e+00
2.4117975622539234e-01
9.6521441971417521e-01
6.9223988631711114e-02
1.0000000000000000e+00
3.0598141566042614e-01
9.8447224085684870e-01
6.9223988631711114e-02
1.0000000000000000e+00
3.6092624195043754e-01
9.8447224085684870e-01
6.8760133673640672e-02
1.0000000000000000e+00
3.6092624195043754e-01
9.7802074726205324e-01
7.2147930249775533e-02
1.0000000000000000e+00
3.8905753787730646e-01
9.8073926435317849e-01
6.6526708401943330e-02
1.0000000000000000e+00
3.3021015148733568e-01
9.8073926435317849e-01
5.8512000575865392e-02
1.0000000000000000e+00
3.6062418190886092e-01
9.8073926435317849e-01
7.8075951174105290e-02
1.0000000000000000e+00
3.7379105189938855e-01
8.8060241059865807e-01
6.5874112978781346e-02
1.0000000000000000e+00
3.8468030454714608e-01
8.8060241059865807e-01
2.7992410794104222e-02
1.0000000000000000e+00
3.8468030454714608e-01
9.3197087438311432e-01
5.0853844940866116e-02
1.0000000000000000e+00
3.2186816247303796e-01
8.4660176427569245e-01
6.6789264068211202e-02
1.0000000000000000e+00
2.9615096548695874e-01
7.6499250025954102e-01
4.5213396869803552e-02
1.0000000000000000e+00
3.0215452691663813e-01
8.2715350629296158e-01
3.6711802914942387e-02
1.0000000000000000e+00
3.3183562928934407e-01
9.6403382958378647e-01
2.3986782156134728e-02
1.0000000000000000e+00
3.3358309405048203e-01
9.6403382958378647e-01
2.5201276619191054e-02
1.0000000000000000e+00
3.2320105737198901e-01
7.1642507479991768e-01
3.4308106381649855e-02
1.0000000000000000e+00
3.3879523012910795e-01
7.1642507479991768e-01
5.0968785513396148e-02
1.0000000000000000e+00
3.3879523012910795e-01
8.6827805505599831e-01
7.5168630317057256e-02
1.0000000000000000e+00
3.3879523012910795e-01
9.6512739972677086e-01
8.0797759093547944e-02
1.0000000000000000e+00
3.6529241349671793e-01
9.5855190518777822e-01
7.5105560220981721e-02
1.0000000000000000e+00
3.6502989639302541e-01
9.5855190518777822e-01
6.2020853836293105e-02
1.0000000000000000e+00
3.2608915750643064e-01
7.5414005208294843e-01
3.4703750837798003e-02
1.0000000000000000e+00
3.0655836757978250e-01
6.2635192375164483e-01
3.4703750837798003e-02
1.0000000000000000e+00
2.9579653103610326e-01
6.0252924736123536e-01
2.9011415992135886e-02
1.0000000000000000e+00
2.5344817970653821e-01
7.6225550945382570e-01
1.5073719294014160e-02
1.0000000000000000e+00
2.6517793328275729e-01
7.6224168117623781e-01
1.8409408255683962e-02
1.0000000000000000e+00
2.6517793328275729e-01
8.1066940452437852e-01
3.2616669404524151e-02
1.0000000000000000e+00
2.7775363043656398e-01
7.6510566200595354e-01
2.8529543987679068e-02
1.0000000000000000e+00
3.0742643565645267e-01
9.0995377029757951e-01
7.8748904343284298e-06
1.0000000000000000e+00
2.9969831348171283e-01
9.0995377029757951e-01
1.6578792406653525e-02
1.0000000000000000e+00
2.9969831348171283e-01
9.6742027166765188e-01
4.5477690918778541e-02
1.0000000000000000e+00
2.1960324958672572e-01
9.6742027166765188e-01
4.5477690918778541e-02
1.0000000000000000e+00
2.2147794686497946e-01
9.6742027166765188e-01
4.5243664689769508e-02
1.0000000000000000e+00
2.2925460072474380e-01
9.5181638754438613e-01
4.5243664689769508e-02
1.0000000000000000e+00
2.4277601590620179e-01
9.5181638754438613e-01
5.9079827320238115e-02
1.0000000000000000e+00
2.6388837596641679e-01
8.8921215392183517e-01
4.8487591602315666e-02
1.0000000000000000e+00
2.6388837596641679e-01
8.8921215392183517e-01
2.9608351223578216e-02
1.0000000000000000e+00
2.3720669759677548e-01
8.6283303804229949e-01
4.3663367674162151e-02
1.0000000000000000e+00
2.3720669759677548e-01
9.3838793046306823e-01
4.2749506059044512e-02
1.0000000000000000e+00
2.4385898387299676e-01
9.9590259052347396e-01
3.6829800448322209e-02
1.0000000000000000e+00
1.7297217007035215e-01
9.9590259052347396e-01
3.4315740501915576e-02
1.0000000000000000e+00
1.7297217007035215e-01
9.1413625895511363e-01
4.4534725880657794e-02
1.0000000000000000e+00
1.7297217007035215e-01
8.5433568998705600e-01
5.5097050777112605e-02
1.0000000000000000e+00
1.7297217007035215e-01
9.8870843097101901e-01
4.2772325033729436e-02
1.0000000000000000e+00
2.4818454439991910e-01
7.6260194748174404e-01
4.2772325033729436e-02
1.0000000000000000e+00
2.4818454439991910e-01
7.4410276866983627e-01
1.4442576648435179e-04
1.0000000000000000e+00
2.4725796429447655e-01
7.4410276866983627e-01
1.2011842205538470e-03
1.0000000000000000e+00
2.6994200384251599e-01
7.2045740492176269e-01
1.2011842205538470e-03
1.0000000000000000e+00
2.8044515995316033e-01
8.1738910831045364e-01
5.3585052824928481e-03
1.0000000000000000e+00
2.6767277305953030e-01
7.0301042504142974e-01
2.4720062721462460e-02
1.0000000000000000e+00
2.4531509501866822e-01
7.0301042504142974e-01
1.5392630813585134e-02
1.0000000000000000e+00
2.1351292131475930e-01
4.6714955575298522e-01
2.0495573391235672e-02
1.0000000000000000e+00
2.1351292131475930e-01
5.6476579613517974e-01
7.3504667794623002e-03
1.0000000000000000e+00
1.7438844738535408e-01
3.7046244747471069e-01
7.0281729691487327e-03
1.0000000000000000e+00
3.0207729673020367e-01
3.7046244747471069e-01
5.5910664501425400e-03
1.0000000000000000e+00
3.4857157206170086e-01
7.5766983635257934e-01
2.7146305784845032e-02
1.0000000000000000e+00
3.8161944558851246e-01
8.3943744383286689e-01
2.7146305784845032e-02
1.0000000000000000e+00
2.8349804652862076e-01
9.3291882805060600e-01
2.7146305784845032e-02
1.0000000000000000e+00
3.0228823570541863e-01
7.5761209062766288e-01
2.6563820325100101e-02
1.0000000000000000e+00
3.5027267558507447e-01
7.5761209062766288e-01
2.1721140668523736e-02
1.0000000000000000e+00
3.9735144617043261e-01
5.8215374879073356e-01
1.2692493573558755e-02
1.0000000000000000e+00
3.8548461122445588e-01
4.5738781064283107e-01
5.5888188258541055e-02
1.0000000000000000e+00
4.0724149400375609e-01
4.1325446784030651e-01
5.5888188258541055e-02
1.0000000000000000e+00
4.2097481580458407e-01
6.4444077487569307e-01
6.9588164985907502e-02
1.0000000000000000e+00
4.5493393165997986e-01
6.4583552670665090e-01
6.9588164985907502e-02
1.0000000000000000e+00
4.6809790151201014e-01
8.6870903563685720e-01
8.6683499289938487e-02
1.0000000000000000e+00
4.6809790151201014e-01
9.5505946916528051e-01
8.0321845261642016e-02
1.0000000000000000e+00
4.6096137173481111e-01
7.8999538016505544e-01
7.0939566603192367e-02
1.0000000000000000e+00
3.9591533698148851e-01
8.2252039802260701e-01
7.1100213810132123e-02
1.0000000000000000e+00
3.9347241686664347e-01
9.2959874910302465e-01
8.8831595390365697e-02
1.0000000000000000e+00
3.9347241686664347e-01
8.7352648419328038e-01
8.0198414868937112e-02
1.0000000000000000e+00
3.9801385493956332e-01
9.5893544000573461e-01
8.4591085336433031e-02
1.0000000000000000e+00
3.8991372806958680e-01
8.4780396563000981e-01
8.3122248773725010e-02
1.0000000000000000e+00
4.0826925968758587e-01
8.3667913307435815e-01
8.3122248773725010e-02
1.0000000000000000e+00
4.3103047421209340e-01
8.8086330373771493e-01
8.1703265209944226e-02
1.0000000000000000e+00
4.2204256502918724e-01
9.4211240154691045e-01
7.2257183504552819e-02
1.0000000000000000e+00
4.4950085094205861e-01
9.2104169768281285e-01
7.2257183504552819e-02
1.0000000000000000e+00
4.4950085094205861e-01
8.4718555253930394e-01
6.4415146143437602e-02
1.0000000000000000e+00
4.4950085094205861e-01
8.4372700047679250e-01
7.0643419877887942e-02
1.0000000000000000e+00
4.3809918088845734e-01
6.3450428885407750e-01
7.2355660389439441e-02
1.0000000000000000e+00
4.3809918088845734e-01
3.4858719301410024e-01
6.1924194696621276e-02
1.0000000000000000e+00
4.3809918088845734e-01
5.7204536204226319e-01
7.2588418389932491e-02
1.0000000000000000e+00
4.3747822668410663e-01
5.7204536204226319e-01
7.2588418389932491e-02
1.0000000000000000e+00
4.3747822668410663e-01
5.2417456959374253e-01
6.1105293932632782e-02
1.0000000000000000e+00
4.3888295914985065e-01
5.2417456959374253e-01
6.8327185011730768e-02
1.0000000000000000e+00
3.6172539841390972e-01
5.1140429493971173e-01
5.8277433983312227e-02
1.0000000000000000e+00
3.1620401058353309e-01
4.8205884215421979e-01
5.6967807363980688e-02
1.0000000000000000e+00
3.0271609414376144e-01
5.6623333361931150e-01
7.4555481679999508e-02
1.0000000000000000e+00
2.7684323031462554e-01
5.6215922203846280e-01
5.7483893598691799e-02
1.0000000000000000e+00
3.3247414750985627e-01
6.1097332132048909e-01
5.1717071573511936e-02
1.0000000000000000e+00
3.9173165483407502e-01
6.1077847967389975e-01
4.8995321163238265e-02
1.0000000000000000e+00
3.9173165483407502e-01
6.5200741246808325e-01
4.4098537427635170e-02
1.0000000000000000e+00
3.2819024248055939e-01
7.0046607807744299e-01
2.1172590566129662e-02
1.0000000000000000e+00
3.6198347488425497e-01
4.9650904193986212e-01
2.3099439114594139e-02
1.0000000000000000e+00
3.9597852628685359e-01
6.3425759628880773e-01
2.3099439114594139e-02
1.0000000000000000e+00
3.5566180858768348e-01
6.0465802282560621e-01
4.0890123940334894e-02
1.0000000000000000e+00
3.5566180858768348e-01
7.9397228576708589e-01
5.6359249412344076e-02
1.0000000000000000e+00
3.5566180858768348e-01
9.0298070230055605e-01
4.8997846444399334e-02
1.0000000000000000e+00
2.6433244122199540e-01
9.0298070230055605e-01
7.4125266646296956e-02
1.0000000000000000e+00
2.1612031159929757e-01
8.1777558692265306e-01
7.6175523934216477e-02
1.0000000000000000e+00
1.9519297180704598e-01
8.1777558692265306e-01
6.5261656430811860e-02
1.0000000000000000e+00
1.9519297180704598e-01
9.1236697260756050e-01
6.0275158391596056e-02
1.0000000000000000e+00
2.4761393720291380e-01
8.0629416306037460e-01
6.0275158391596056e-02
1.0000000000000000e+00
2.6786058263860468e-01
8.0629416306037460e-01
4.8396844894887187e-02
1.0000000000000000e+00
2.7901394719265227e-01
8.0629416306037460e-01
4.7483500571252085e-02
1.0000000000000000e+00
2.6283322503331874e-01
8.5338697333354507e-01
3.2035560825170256e-02
1.0000000000000000e+00
2.6283322503331874e-01
7.0409267146606003e-01
4.3536139198840834e-02
1.0000000000000000e+00
2.2263467261109327e-01
7.1878507018554960e-01
5.2248940349818446e-02
1.0000000000000000e+00
2.1168656174631906e-01
7.1878507018554960e-01
5.2248940349818446e-02
1.0000000000000000e+00
2.2956058841737104e-01
5.8524044633377348e-01
6.6610530031175591e-02
1.0000000000000000e+00
2.4236728616597247e-01
3.5546569556463514e-01
9.3829167087824322e-02
1.0000000000000000e+00
2.3646144841404748e-01
3.7322953001130377e-01
6.3741832983942009e-02
1.0000000000000000e+00
2.6341817241700483e-01
3.8994302770588551e-01
7.1553003055305459e-02
1.0000000000000000e+00
2.6341817241700483e-01
3.8935129141900693e-01
8.7471542892308213e-02
1.0000000000000000e+00
2.4265628766806913e-01
5.0430621749255811e-01
8.1645215873868443e-02
1.0000000000000000e+00
2.4637653019817662e-01
4.8033143936190759e-01
5.6579462730587698e-02
1.0000000000000000e+00
2.0340767711240915e-01
4.8033143936190759e-01
5.6579462730587698e-02
1.0000000000000000e+00
2.0340767711240915e-01
5.7162801905069505e-01
6.1231061770376988e-02
1.0000000000000000e+00
2.1029845647353795e-01
5.8740415780339394e-01
6.9769934356008895e-02
1.0000000000000000e+00
2.0225129205573467e-01
5.8740415780339394e-01
5.8697059588303097e-02
1.0000000000000000e+00
2.4264740500439075e-01
7.6377299039158975e-01
7.4345343583991058e-02
1.0000000000000000e+00
2.4791566537533072e-01
8.5902893536404012e-01
7.1533090272714622e-02
1.0000000000000000e+00
3.0870195220995811e-01
8.5902893536404012e-01
5.2141893492807873e-02
1.0000000000000000e+00
2.8276920992720989e-01
8.5902893536404012e-01
7.4673074426391400e-02
1.0000000000000000e+00
2.6934697314936784e-01
8.5902893536404012e-01
5.6176577823498525e-02
1.0000000000000000e+00
2.4694407194692758e-01
6.7075706266477941e-01
5.8126704081223585e-02
1.0000000000000000e+00
1.8583785019654897e-01
5.9555590099334954e-01
5.4160557466821052e-02
1.0000000000000000e+00
2.6227835681129363e-01
5.9555590099334954e-01
8.5176828096882679e-02
1.0000000000000000e+00
2.6227835681129363e-01
5.6346711462974786e-01
9.3726427073852397e-02
1.0000000000000000e+00
2.6227835681129363e-01
4.7423076669365405e-01
8.0187709781603195e-02
1.0000000000000000e+00
2.4561054933656123e-01
5.2167847792297839e-01
8.1775592419580795e-02
1.0000000000000000e+00
2.6930537003863719e-01
5.2167847792297839e-01
9.4126766327099182e-02
1.0000000000000000e+00
2.2822637459103134e-01
5.2167847792297839e-01
8.7892627472319879e-02
1.0000000000000000e+00
2.2822637459103134e-01
5.0023742991179465e-01
1.0057524557996658e-01
1.0000000000000000e+00
3.3317390246156720e-01
5.0023742991179465e-01
1.0098696771965479e-01
1.0000000000000000e+00
2.4246826184753445e-01
5.0023742991179465e-01
1.0098696771965479e-01
1.0000000000000000e+00
1.9829994229439762e-01
7.6280533748358725e-01
1.0553130179832806e-01
1.0000000000000000e+00
1.9829994229439762e-01
5.6202778446167945e-01
1.0865061216245522e-01
1.0000000000000000e+00
1.8801523720685509e-01
7.2800274419278144e-01
1.0337172214130988e-01
1.0000000000000000e+00
1.9525736499417690e-01
7.7536133530229567e-01
8.8793551998242043e-02
1.0000000000000000e+00
1.4628579769123462e-01
7.5744917097181319e-01
1.0729287609647145e-01
1.0000000000000000e+00
1.7706781554807094e-01
7.5744917097181319e-01
1.2717797838340630e-01
1.0000000000000000e+00
2.1299213100064662e-01
7.7425719092279910e-01
9.4788128959044121e-02
1.0000000000000000e+00
2.0769682176251081e-01
5.5374144802481173e-01
9.4788128959044121e-02
1.0000000000000000e+00
1.5984354376632837e-01
6.6498225222021579e-01
5.9294988850160740e-02
1.0000000000000000e+00
2.3064352780420450e-01
6.8364942486077784e-01
6.5657399578049086e-02
1.0000000000000000e+00
2.3064352780420450e-01
7.9518411720782756e-01
5.3592481168016098e-02
1.0000000000000000e+00
2.2257225703287986e-01
7.9518411720782756e-01
6.4356888162001274e-02
1.0000000000000000e+00
1.7198165993977454e-01
8.1249260755867003e-01
7.8117772454425000e-02
1.0000000000000000e+00
1.7198165993977454e-01
7.9413886035472392e-01
5.9107622202282079e-02
1.0000000000000000e+00
1.3365031195644406e-01
6.3692314590007304e-01
7.6394137065653928e-02
1.0000000000000000e+00
1.3365031195644406e-01
6.3692314590007304e-01
4.5412339107861049e-02
1.0000000000000000e+00
1.4538980157885817e-01
6.3692314590007304e-01
2.7272295277361996e-02
1.0000000000000000e+00
1.4538980157885817e-01
5.4295045549661158e-01
2.7272295277361996e-02
1.0000000000000000e+00
1.8893144534740713e-01
7.7572444493562220e-01
4.9508290435915120e-02
1.0000000000000000e+00
1.9176810489807394e-01
7.4383907804876803e-01
6.0112035438214667e-02
1.0000000000000000e+00
1.9176810489807394e-01
6.6731275657803057e-01
7.1402754239534266e-02
1.0000000000000000e+00
1.9176810489807394e-01
6.6731275657803057e-01
7.6922407269739784e-02
1.0000000000000000e+00
1.5308621547956136e-01
6.5397756958991526e-01
7.6922407269739784e-02
1.0000000000000000e+00
1.5405771606674534e-01
6.5397756958991526e-01
4.7334070679062284e-02
1.0000000000000000e+00
1.0365756140163285e-01
8.6276937688380717e-01
6.4855049260222591e-02
1.0000000000000000e+00
1.3804798112323624e-01
6.1411822999507426e-01
3.5115050979220547e-02
1.0000000000000000e+00
1.5473971613755566e-01
5.3338872308522700e-01
1.1610714614653267e-02
1.0000000000000000e+00
1.5473971613755566e-01
4.2825527156383036e-01
1.1610714614653267e-02
1.0000000000000000e+00
1.5473971613755566e-01
1.7908021474868296e-01
6.3615364611905589e-03
1.0000000000000000e+00
1.5473971613755566e-01
2.0577555422351002e-01
2.3379543575720169e-02
1.0000000000000000e+00
1.5116257248519105e-01
1.9013081391021847e-01
1.1916100758389808e-02
1.0000000000000000e+00
9.4158944022638025e-02
5.9297515942307699e-02
3.5818859714345314e-02
1.0000000000000000e+00
9.4158944022638025e-02
3.5661755992623556e-02
4.2683017219678737e-02
1.0000000000000000e+00
1.0986822685299558e-01
-2.0006262765673410e-02
4.7981264547706820e-02
1.0000000000000000e+00
1.2620868189333123e-01
2.6524802197382091e-01
2.9095011775643803e-02
1.0000000000000000e+00
1.3326766928730649e-01
2.6524802197382091e-01
3.2617005764768697e-02
1.0000000000000000e+00
1.4309083977786941e-01
3.9052999105915664e-01
2.7541772241966106e-02
1.0000000000000000e+00
1.4309083977786941e-01
1.5632540818915008e-01
5.5322402746242061e-03
1.0000000000000000e+00
1.3481445172874373e-01
1.6475480508670448e-01
5.5322402746242061e-03
1.0000000000000000e+00
1.4485144550053519e-01
3.6681605589255928e-01
2.6503402519301750e-02
1.0000000000000000e+00
1.4485144550053519e-01
3.6681605589255928e-01
7.7341239795350708e-02
1.0000000000000000e+00
1.6825703745780629e-01
3.6681605589255928e-01
5.5889250606560387e-02
1.0000000000000000e+00
1.0962787112293881e-01
3.9437612791225551e-01
4.3760744750761665e-02
1.0000000000000000e+00
1.8653804464338464e-01
4.8529699624195932e-01
3.1960998557769932e-02
1.0000000000000000e+00
2.5849218694565934e-01
4.3910970718279718e-01
3.1281676679645903e-02
1.0000000000000000e+00
3.1748671205787105e-01
5.6706267029658197e-01
1.4119028184359200e-02
1.0000000000000000e+00
3.1881350120602292e-01
4.5124986202135919e-01
2.3759562592749722e-02
1.0000000000000000e+00
3.1881350120602292e-01
5.7933153857156872e-01
3.5239173169975407e-02
1.0000000000000000e+00
3.1077984375951928e-01
5.7933153857156872e-01
6.2990289252047665e-02
1.0000000000000000e+00
3.4505348308084649e-01
5.5684439737960933e-01
2.2503221478109486e-02
1.0000000000000000e+00
2.7708341395555180e-01
7.1887721021339535e-01
2.5404074532707460e-02
1.0000000000000000e+00
2.9311612835226697e-01
8.1613076378271221e-01
2.0415906632115371e-02
1.0000000000000000e+00
2.9311612835226697e-01
7.8668988209828972e-01
8.1182720678044107e-04
1.0000000000000000e+00
2.8075415203420562e-01
8.3615436118707298e-01
3.8289989182521827e-02
1.0000000000000000e+00
2.8689971687344951e-01
6.9281848233804344e-01
4.3456732016784377e-02
1.0000000000000000e+00
2.9405219135878724e-01
6.6603622113034366e-01
2.5936393719894119e-02
1.0000000000000000e+00
2.4890398169009131e-01
7.6813541625306248e-01
1.6734797228855319e-02
1.0000000000000000e+00
3.0966541105954093e-01
8.5132326830789684e-01
3.6087032128853030e-02
1.0000000000000000e+00
3.0765313939264161e-01
6.1030681238189577e-01
3.6087032128853030e-02
1.0000000000000000e+00
3.5223900997152668e-01
6.1030681238189577e-01
3.7676215708052047e-02
1.0000000000000000e+00
3.3085490907615167e-01
6.0355458401754736e-01
3.6686398159508832e-02
1.0000000000000000e+00
2.8215854014342767e-01
7.0728830241278051e-01
3.1280290464201249e-02
1.0000000000000000e+00
2.9756429283952457e-01
7.0728830241278051e-01
2.6358925400563754e-02
1.0000000000000000e+00
3.5020231320595485e-01
7.0728830241278051e-01
4.6820450237282790e-02
1.0000000000000000e+00
3.2486580922341091e-01
6.9320219468936561e-01
5.8880674897955038e-02
1.0000000000000000e+00
2.5112066282963497e-01
6.9320219468936561e-01
4.2138124595658161e-02
1.0000000000000000e+00
2.4898573155587655e-01
6.9320219468936561e-01
5.0810191559867240e-02
1.0000000000000000e+00
2.4898573155587655e-01
7.1736811560258507e-01
6.5946455824450828e-02
1.0000000000000000e+00
2.5908217164760572e-01
7.1736811560258507e-01
6.5946455824450828e-02
1.0000000000000000e+00
2.3340897779053194e-01
6.2068904976040362e-01
8.3751402574853279e-02
1.0000000000000000e+00
2.7498894888049108e-01
6.7995404864341258e-01
1.0272531189330039e-01
1.0000000000000000e+00
2.6026932573950035e-01
7.6766752863914012e-01
1.0081727815631894e-01
1.0000000000000000e+00
2.6297186738884193e-01
8.1041318962961673e-01
8.7732833938935079e-02
1.0000000000000000e+00
3.2025760836040718e-01
6.3908866832643985e-01
7.1639480198064126e-02
1.0000000000000000e+00
3.1450828914603335e-01
7.0221935997396945e-01
7.3960768187680520e-02
1.0000000000000000e+00
2.2678836812337977e-01
7.8673147449881076e-01
7.6424145734199561e-02
1.0000000000000000e+00
3.0903871734699351e-01
6.9154901842266558e-01
4.1752772068866767e-02
1.0000000000000000e+00
2.5966622836494935e-01
6.6792370046168803e-01
3.6140486726799287e-02
1.0000000000000000e+00
2.1965149946117890e-01
5.2796269620448588e-01
4.4329380521958284e-03
1.0000000000000000e+00
2.2364932408163440e-01
5.7021086260356246e-01
4.4329380521958284e-03
1.0000000000000000e+00
2.9481594001481426e-01
4.4676505371608077e-01
4.7142171291488927e-02
1.0000000000000000e+00
2.9481594001481426e-01
2.5896858766354858e-01
4.7142171291488927e-02
1.0000000000000000e+00
3.5299979259798420e-01
1.7129798575915633e-01
7.6409473074454587e-02
1.0000000000000000e+00
3.9061337725797785e-01
1.7129798575915633e-01
9.2204131147445884e-02
1.0000000000000000e+00
3.8888764851799351e-01
2.3391851380147277e-01
9.9897013240115490e-02
1.0000000000000000e+00
4.1565656946113450e-01
2.3391851380147277e-01
8.9083738819317665e-02
1.0000000000000000e+00
4.3601026856413228e-01
2.3391851380147277e-01
8.8033084486232843e-02
1.0000000000000000e+00
4.2579473187288386e-01
2.3391851380147277e-01
8.8545051131950464e-02
1.0000000000000000e+00
4.1860697609445197e-01
2.3391851380147277e-01
7.1257679451809969e-02
1.0000000000000000e+00
4.1860697609445197e-01
3.9755194231547653e-01
6.5512072954879846e-02
1.0000000000000000e+00
4.2123920661470038e-01
3.9755194231547653e-01
7.5031224832491722e-02
1.0000000000000000e+00
4.1581647405473632e-01
3.9755194231547653e-01
6.8676037558907416e-02
1.0000000000000000e+00
4.0596847171036643e-01
5.8945457979716598e-01
6.9038551698758971e-02
1.0000000000000000e+00
3.5368151897637290e-01
7.7258963945932924e-01
6.3697512965154607e-02
1.0000000000000000e+00
3.5368151897637290e-01
4.9143676522799074e-01
8.6148788924765546e-02
1.0000000000000000e+00
3.5368151897637290e-01
4.2802479926176606e-01
6.1430446692247648e-02
1.0000000000000000e+00
3.5368151897637290e-01
4.5935855868883668e-01
7.8155798726220388e-02
1.0000000000000000e+00
3.5368151897637290e-01
6.7295977443136512e-01
6.2511896719661314e-02
1.0000000000000000e+00
3.1455257097331923e-01
5.9867012470640479e-01
7.6028954708453972e-02
1.0000000000000000e+00
3.0390374064518255e-01
6.4423299550689994e-01
7.6028954708453972e-02
1.0000000000000000e+00
2.5233302060587448e-01
4.9820939421333610e-01
8.4939408586797077e-02
1.0000000000000000e+00
2.3192938957436127e-01
6.6294730424560844e-01
8.5931858285766799e-02
1.0000000000000000e+00
2.2617413736952585e-01
6.7455429553665458e-01
9.3108956008654792e-02
1.0000000000000000e+00
2.0391530245615286e-01
5.9216048724629222e-01
9.3108956008654792e-02
1.0000000000000000e+00
2.4405881674101693e-01
7.1652532152511417e-01
9.3108956008654792e-02
1.0000000000000000e+00
2.2676422684526187e-01
6.8304654739476978e-01
9.3108956008654792e-02
1.0000000000000000e+00
2.8935825317239505e-01
7.6787703267909824e-01
7.1246696874004561e-02
1.0000000000000000e+00
2.8935825317239505e-01
9.8963752917625247e-01
7.1246696874004561e-02
1.0000000000000000e+00
2.9391970164215309e-01
8.4967269532062351e-01
5.2181709795695502e-02
1.0000000000000000e+00
2.9391970164215309e-01
6.1726209467888116e-01
5.9729439444345195e-02
1.0000000000000000e+00
3.2413991917928797e-01
6.3405013031006097e-01
5.9729439444345195e-02
1.0000000000000000e+00
2.9434538823625189e-01
6.9763230013340949e-01
7.2089740313094813e-02
1.0000000000000000e+00
3.3936473545691115e-01
6.9763230013340949e-01
8.3281228556734282e-02
1.0000000000000000e+00
3.2661306303998572e-01
6.9437924625963210e-01
5.3816454722982604e-02
1.0000000000000000e+00
2.6928600859901053e-01
6.9437924625963210e-01
3.0785408807423670e-02
1.0000000000000000e+00
2.4270938062181813e-01
7.4855411278695105e-01
4.7218118799355585e-02
1.0000000000000000e+00
2.3641639300694806e-01
7.4556125740200518e-01
4.8653166513395268e-02
1.0000000000000000e+00
2.2751702466121060e-01
7.4556125740200518e-01
7.7020816277217824e-02
1.0000000000000000e+00
2.4480447270980221e-01
7.2085509302705764e-01
5.8618490327353362e-02
1.0000000000000000e+00
2.4480447270980221e-01
7.2085509302705764e-01
6.7146589489857439e-02
1.0000000000000000e+00
2.4480447270980221e-01
7.5779342504829406e-01
6.8018271796609048e-02
1.0000000000000000e+00
2.4480447270980221e-01
8.7975253018230437e-01
6.6939959511364583e-02
1.0000000000000000e+00
2.4176948173044366e-01
9.7029927692055939e-01
8.6921984538639668e-02
1.0000000000000000e+00
2.4418385727403802e-01
7.7594228407979249e-01
8.6921984538639668e-02
1.0000000000000000e+00
2.3092439053652924e-01
6.6238097979367017e-01
8.6921984538639668e-02
1.0000000000000000e+00
2.3092439053652924e-01
8.8400812579930066e-01
7.1648800954426412e-02
1.0000000000000000e+00
2.1818623533545178e-01
8.5631046577036618e-01
7.0431185978668515e-02
1.0000000000000000e+00
2.5096458038387937e-01
8.5631046577036618e-01
4.4947893817152418e-03
1.0000000000000000e+00
2.7611948484627646e-01
8.2027126201573997e-01
4.4947893817152418e-03
1.0000000000000000e+00
3.0976237477807445e-01
6.1804322251264243e-01
1.1393898491951410e-02
1.0000000000000000e+00
2.9566826419977588e-01
6.8358451225940375e-01
7.0760569993581213e-03
1.0000000000000000e+00
2.9566826419977588e-01
7.0100011145841568e-01
7.0760569993581213e-03
1.0000000000000000e+00
2.4996465938238543e-01
5.1456364644836872e-01
1.3218674668314639e-02
1.0000000000000000e+00
2.8822306664733333e-01
3.9736326951679080e-01
1.3218674668314639e-02
1.0000000000000000e+00
3.0172237875012797e-01
5.3515738230344145e-01
1.3218674668314639e-02
1.0000000000000000e+00
3.2805489869861049e-01
6.4296793919202178e-01
9.7925549831416048e-03
1.0000000000000000e+00
3.7273641238061828e-01
5.9010079112049429e-01
2.7010016002896015e-02
1.0000000000000000e+00
3.8759384797958774e-01
7.2889108099188893e-01
2.7010016002896015e-02
1.0000000000000000e+00
3.4615687402038020e-01
6.7677467204775899e-01
9.1327394817199148e-03
1.0000000000000000e+00
3.4615687402038020e-01
2.0305717252340405e-01
9.1327394817199148e-03
1.0000000000000000e+00
2.6327294232396525e-01
2.3967138193693249e-01
9.1327394817199148e-03
1.0000000000000000e+00
2.5381801771072787e-01
1.1363490186777203e-01
7.6372254166926778e-03
1.0000000000000000e+00
3.0017461376337451e-01
1.1363490186777203e-01
1.3468695431220118e-02
1.0000000000000000e+00
3.1338258395044249e-01
1.1363490186777203e-01
4.4320464692282263e-02
1.0000000000000000e+00
2.6875632191149634e-01
-1.0677780881378562e-01
4.7977620828169171e-02
1.0000000000000000e+00
2.3411989705709857e-01
-1.6557346209738166e-01
6.6780278551595990e-02
1.0000000000000000e+00
2.3411989705709857e-01
-1.6557346209738166e-01
4.1395413316058699e-02
1.0000000000000000e+00
2.1004947023538989e-01
-1.1370432302210243e-01
4.1395413316058699e-02
1.0000000000000000e+00
2.7617178326545400e-01
-6.4921247957681727e-02
4.1395413316058699e-02
1.0000000000000000e+00
2.7474977104066056e-01
2.4848212303186346e-02
5.5851394868659560e-02
1.0000000000000000e+00
2.7474977104066056e-01
1.1551510244753449e-01
2.7872952725010697e-02
1.0000000000000000e+00
3.1237183678967995e-01
1.8198898881819336e-01
2.7872952725010697e-02
1.0000000000000000e+00
2.4945194441897911e-01
4.0850298553850739e-01
2.9650975576805655e-02
1.0000000000000000e+00
2.9571901895178598e-01
3.6144474223401635e-01
2.9650975576805655e-02
1.0000000000000000e+00
2.2666437439693254e-01
3.4359408989694207e-01
2.9650975576805655e-02
1.0000000000000000e+00
2.2743435651136679e-01
3.4359408989694207e-01
2.7880188635754172e-02
1.0000000000000000e+00
1.9213162437154097e-01
9.5957235248351980e-02
2.7880188635754172e-02
1.0000000000000000e+00
1.9213162437154097e-01
1.4977667182829468e-01
3.0794718395191018e-02
1.0000000000000000e+00
2.0049025798289222e-01
7.6352272929216314e-02
2.4425284098106209e-02
1.0000000000000000e+00
2.1820673653928679e-01
9.8866374047065664e-02
4.7959567605721537e-02
1.0000000000000000e+00
2.7859742501823348e-01
3.2126480974402516e-01
4.5392681005614582e-02
1.0000000000000000e+00
3.0347694391457480e-01
5.8142346032109349e-01
2.5981603282707516e-02
1.0000000000000000e+00
2.8126975828854484e-01
3.8432372249808400e-01
2.5981603282707516e-02
1.0000000000000000e+00
2.8126975828854484e-01
3.5662364848103612e-01
5.5444163362699334e-02
1.0000000000000000e+00
2.8126975828854484e-01
7.4422531929012625e-01
6.5631594601291005e-02
1.0000000000000000e+00
2.7926143007425708e-01
6.6931278240081160e-01
7.2107354737090651e-02
1.0000000000000000e+00
2.6369496742336196e-01
8.1717316042777388e-01
7.8670841675921116e-02
1.0000000000000000e+00
2.6025212118474883e-01
8.1717316042777388e-01
6.7401742829679284e-02
1.0000000000000000e+00
2.4106645705251140e-01
7.2797796111699431e-01
4.2455218999384675e-02
1.0000000000000000e+00
2.4106645705251140e-01
8.6974312067177384e-01
5.2530593505798612e-02
1.0000000000000000e+00
2.5390991037784261e-01
6.7471322119381516e-01
2.9489389887748990e-02
1.0000000000000000e+00
2.9301991900501889e-01
7.1315165311243622e-01
4.4416865600942407e-02
1.0000000000000000e+00
2.8816064568309230e-01
6.6528769191500037e-01
3.1751688371150527e-02
1.0000000000000000e+00
3.0561993392257136e-01
9.1631950047012656e-01
3.1751688371150527e-02
1.0000000000000000e+00
2.7072509932986577e-01
9.1631950047012656e-01
3.3881540793663595e-02
1.0000000000000000e+00
2.7072509932986577e-01
9.5170212146040289e-01
4.1595918509847257e-02
1.0000000000000000e+00
3.3184723365775426e-01
7.2204838302131980e-01
4.1595918509847257e-02
1.0000000000000000e+00
3.6742823380700429e-01
7.2204838302131980e-01
2.7925459120160673e-02
1.0000000000000000e+00
3.3617607220730861e-01
7.2204838302131980e-01
1.2309527640900347e-02
1.0000000000000000e+00
3.0193020678780158e-01
8.1410621088143675e-01
1.2309527640900347e-02
1.0000000000000000e+00
2.9275754462651093e-01
7.4638903867598860e-01
4.2439274640491936e-02
1.0000000000000000e+00
3.0863466947994311e-01
7.4638903867598860e-01
3.0146354028693173e-02
1.0000000000000000e+00
3.0863466947994311e-01
6.4651424791809409e-01
4.5188871362915967e-02
1.0000000000000000e+00
2.7852761555186589e-01
6.4651424791809409e-01
5.0621462670824263e-02
1.0000000000000000e+00
2.7852761555186589e-01
4.7421827521320670e-01
6.2514972557983134e-02
1.0000000000000000e+00
2.2215211014918168e-01
3.1726182233687727e-01
6.2514972557983134e-02
1.0000000000000000e+00
2.9325949024132569e-01
4.4450294207927077e-01
3.8692594190797541e-02
1.0000000000000000e+00
2.9325949024132569e-01
6.4556972105201571e-01
4.3562153504899476e-02
1.0000000000000000e+00
2.9875934865049203e-01
7.5223407317098467e-01
4.5607594458124373e-02
1.0000000000000000e+00
3.0482637552267988e-01
9.5543471146520464e-01
4.5607594458124373e-02
1.0000000000000000e+00
3.0482637552267988e-01
9.5543471146520464e-01
2.8107853291294310e-02
1.0000000000000000e+00
3.0482637552267988e-01
9.6598545443412154e-01
2.6048402918240759e-02
1.0000000000000000e+00
2.8778545414752443e-01
8.8344683479663222e-01
2.8099974767974351e-02
1.0000000000000000e+00
2.3871898973084171e-01
8.8344683479663222e-01
2.3647752741089795e-02
1.0000000000000000e+00
2.9851633213183959e-01
7.9101459663506835e-01
2.3647752741089795e-02
1.0000000000000000e+00
2.7393547348401626e-01
8.0340546816732972e-01
3.7907092051318619e-02
1.0000000000000000e+00
2.8650036077669938e-01
9.2165421396639435e-01
5.3558482007792924e-02
1.0000000000000000e+00
2.6479701414427836e-01
8.5818435698893158e-01
4.3129438684991334e-02
1.0000000000000000e+00
2.2821369670054992e-01
6.2492781579640000e-01
4.3129438684991334e-02
1.0000000000000000e+00
2.7759344964943011e-01
4.5142217986431210e-01
5.7778716237953637e-02
1.0000000000000000e+00
2.6313939314059098e-01
3.5034238062944500e-01
6.2879081034770939e-02
1.0000000000000000e+00
1.7905213679841836e-01
3.2587916758056967e-01
6.2879081034770939e-02
1.0000000000000000e+00
1.6231183633863111e-01
3.2045825738605349e-01
7.1954813005140755e-02
1.0000000000000000e+00
1.8340106048344751e-01
1.1449685115512698e-01
6.9430064546031650e-02
1.0000000000000000e+00
2.2784677632807870e-01
2.8862132299836962e-01
5.3433520855469402e-02
1.0000000000000000e+00
2.0386104491262813e-01
2.2966100815829127e-01
4.5813397582242038e-02
1.0000000000000000e+00
1.7085141149073024e-01
2.5969282984879105e-01
3.4629601131746318e-02
1.0000000000000000e+00
1.7085141149073024e-01
4.7706102281954377e-01
6.6420006177941110e-02
1.0000000000000000e+00
1.7085141149073024e-01
3.8431067466881363e-01
5.7166854463139322e-02
1.0000000000000000e+00
1.9789522533028503e-01
5.2886265218403428e-01
5.7166854463139322e-02
1.0000000000000000e+00
1.7908339594214340e-01
6.9235875159647553e-01
7.0999155364552285e-02
1.0000000000000000e+00
2.4647213165371795e-01
6.9235875159647553e-01
4.2635174080351140e-02
1.0000000000000000e+00
2.8228557874172111e-01
7.9515366982814162e-01
5.5812025054910924e-02
1.0000000000000000e+00
2.2330227886050125e-01
5.0775402020808547e-01
5.5812025054910924e-02
1.0000000000000000e+00
2.3019727431892534e-01
7.6909581553336470e-01
5.5812025054910924e-02
1.0000000000000000e+00
2.4482066762357135e-01
9.2219089698191969e-01
5.8648776340851333e-02
1.0000000000000000e+00
2.4966144767313381e-01
9.9441029857989638e-01
7.4226416725286987e-02
1.0000000000000000e+00
2.3488478102444788e-01
9.9441029857989638e-01
7.4226416725286987e-02
1.0000000000000000e+00
2.0330038034080644e-01
9.0767512452002852e-01
8.8693103830883052e-02
1.0000000000000000e+00
1.6686354131161352e-01
8.1364221107360213e-01
4.5045924450823810e-02
1.0000000000000000e+00
1.7036253628975828e-01
7.0650155078765242e-01
6.6859327800193574e-02
1.0000000000000000e+00
2.0256716428048094e-01
7.4682152997847884e-01
1.0429508013985470e-01
1.0000000000000000e+00
2.5547919837481459e-01
6.1000269074138491e-01
9.1614538415888097e-02
1.0000000000000000e+00
2.6585033392257174e-01
9.0622540731128542e-01
7.5837589412549283e-02
1.0000000000000000e+00
3.0873661903387983e-01
9.0622540731128542e-01
5.8357655614236142e-02
1.0000000000000000e+00
2.5272749034411390e-01
8.6180999297794192e-01
7.2524549983063485e-02
1.0000000000000000e+00
2.5272749034411390e-01
7.6184434797760336e-01
8.4808642588177469e-02
1.0000000000000000e+00
2.9643814680821379e-01
8.0726086679060249e-01
8.4808642588177469e-02
1.0000000000000000e+00
2.6964179468996008e-01
8.6657282761443644e-01
8.4808642588177469e-02
1.0000000000000000e+00
2.7180749779290636e-01
9.9360491386760263e-01
7.8571100331464555e-02
1.0000000000000000e+00
2.5883374964541872e-01
9.9360491386760263e-01
5.6266731194773462e-02
1.0000000000000000e+00
2.5883374964541872e-01
9.9360491386760263e-01
6.7007637893402722e-02
1.0000000000000000e+00
2.7844082827868988e-01
9.9360491386760263e-01
6.7007637893402722e-02
1.0000000000000000e+00
2.2997949070486357e-01
9.0059152040776103e-01
6.7007637893402722e-02
1.0000000000000000e+00
2.3458035786825349e-01
9.0059152040776103e-01
8.1361885493242886e-02
1.0000000000000000e+00
2.3458035786825349e-01
9.6047177706059306e-01
8.1361885493242886e-02
1.0000000000000000e+00
2.4395351142811705e-01
8.6023738496151059e-01
7.8330256588378694e-02
1.0000000000000000e+00
2.3849315692859818e-01
8.3925819285359471e-01
7.3607125863054540e-02
1.0000000000000000e+00
2.7817592148858239e-01
8.3925819285359471e-01
7.1542846582451608e-02
1.0000000000000000e+00
2.7817592148858239e-01
8.3925819285359471e-01
5.3085518613079336e-02
1.0000000000000000e+00
2.7817592148858239e-01
9.5373017229285328e-01
3.8282454091677215e-02
1.0000000000000000e+00
3.1810892957219039e-01
9.5373017229285328e-01
2.9743069627875235e-02
1.0000000000000000e+00
2.6382332134016906e-01
9.5373017229285328e-01
6.6274721486115601e-02
1.0000000000000000e+00
2.6382332134016906e-01
9.2245438955869763e-01
5.0031841111922409e-02
1.0000000000000000e+00
1.5392750573300873e-01
9.2245438955869763e-01
1.9884034370625164e-02
1.0000000000000000e+00
2.2425917235159432e-01
8.2844975851621716e-01
1.9884034370625164e-02
1.0000000000000000e+00
2.5362437290095841e-01
9.2349487804021924e-01
1.7842739432671811e-02
1.0000000000000000e+00
2.5229181444228743e-01
9.2477905114792525e-01
2.5236888866493251e-02
1.0000000000000000e+00
2.5229181444228743e-01
8.2279189413093268e-01
8.6038101799204569e-04
1.0000000000000000e+00
2.9106829130978440e-01
8.2279189413093268e-01
8.6038101799204569e-04
1.0000000000000000e+00
3.3094502614767407e-01
9.0176013594173132e-01
9.5579457316489480e-03
1.0000000000000000e+00
3.4719639087052201e-01
9.6651792263292013e-01
1.2389714849268790e-02
1.0000000000000000e+00
3.4719639087052201e-01
7.8261029457353293e-01
1.7983246614312526e-02
1.0000000000000000e+00
3.6179964432449196e-01
6.8893735220335661e-01
3.8408484329556819e-02
1.0000000000000000e+00
3.8189678827257012e-01
6.8893735220335661e-01
4.6208757461135980e-02
1.0000000000000000e+00
2.8618802690834855e-01
6.1594238986872374e-01
6.2091446966951486e-02
1.0000000000000000e+00
3.1219443121881341e-01
5.5397630965017020e-01
6.2091446966951486e-02
1.0000000000000000e+00
3.2199965465770219e-01
4.9066145455144583e-01
6.5401924793695804e-02
1.0000000000000000e+00
2.0224530577615951e-01
3.5345874463819205e-01
6.5401924793695804e-02
1.0000000000000000e+00
1.9972206886814092e-01
3.5345874463819205e-01
6.1691603642975684e-02
1.0000000000000000e+00
2.3434389989779447e-01
2.7420725410484015e-01
8.1554459427570697e-02
1.0000000000000000e+00
2.9723503302739118e-01
5.9670363848708807e-01
8.1554459427570697e-02
1.0000000000000000e+00
2.9723503302739118e-01
5.7078505603276430e-01
8.1554459427570697e-02
1.0000000000000000e+00
3.1081799000457977e-01
6.4792625529371439e-01
5.5256751385604735e-02
1.0000000000000000e+00
3.1081799000457977e-01
8.0450916213594614e-01
7.2584761784673907e-02
1.0000000000000000e+00
3.1081799000457977e-01
6.0945739892922579e-01
5.2452264831663348e-02
1.0000000000000000e+00
3.1081799000457977e-01
6.0924338855402316e-01
4.3567416270525433e-02
1.0000000000000000e+00
3.1081799000457977e-01
8.4673658226238335e-01
3.7792901055217959e-02
1.0000000000000000e+00
2.3721573829607223e-01
8.4070663553284253e-01
7.0170350385160424e-02
1.0000000000000000e+00
2.0445892170027946e-01
8.8994547378824795e-01
8.2000051637442090e-02
1.0000000000000000e+00
2.0445892170027946e-01
8.2698165279434765e-01
9.5490359247924067e-02
1.0000000000000000e+00
1.7133829814338242e-01
7.2899122190283383e-01
9.5490359247924067e-02
1.0000000000000000e+00
1.6438598350578104e-01
8.1466960933612431e-01
3.5098296136857249e-02
1.0000000000000000e+00
1.9360781253271853e-01
8.1077419993089284e-01
4.0884330881090142e-02
1.0000000000000000e+00
1.6245486484331195e-01
8.1077419993089284e-01
6.9113995892257668e-02
1.0000000000000000e+00
1.1896753580731456e-01
8.1077419993089284e-01
6.5657227545307256e-02
1.0000000000000000e+00
9.3243393948796438e-02
8.1077419993089284e-01
6.5657227545307256e-02
1.0000000000000000e+00
1.1248220586639945e-01
5.6184466954873646e-01
4.7676977946684934e-02
1.0000000000000000e+00
1.1248220586639945e-01
5.9062622700439538e-01
7.1260543785319902e-02
1.0000000000000000e+00
1.5096072563392227e-01
7.6822473694192017e-01
8.3642408496962167e-02
1.0000000000000000e+00
2.0240432549690013e-01
8.1670620877848710e-01
8.3642408496962167e-02
1.0000000000000000e+00
2.0240432549690013e-01
8.1670620877848710e-01
9.7998541093693353e-02
1.0000000000000000e+00
2.5189699758266215e-01
8.2206810478674019e-01
8.6599431245849706e-02
1.0000000000000000e+00
2.5189699758266215e-01
8.3176409386651362e-01
8.9383006806747295e-02
1.0000000000000000e+00
2.9784523569469457e-01
8.4710282020823802e-01
8.8913822820904903e-02
1.0000000000000000e+00
3.1428699721072917e-01
8.4710282020823802e-01
9.8253194517019443e-02
1.0000000000000000e+00
3.1428699721072917e-01
8.9593482323543872e-01
8.5213727126392774e-02
1.0000000000000000e+00
3.1428699721072917e-01
9.3274965443270053e-01
8.0579765648144536e-02
1.0000000000000000e+00
3.4047032114540343e-01
9.4247731127397860e-01
8.8983389124769025e-02
1.0000000000000000e+00
3.0668853562747245e-01
7.2099612214224185e-01
9.5910687273863010e-02
1.0000000000000000e+00
3.0668853562747245e-01
6.7413351618306483e-01
8.0612303264933877e-02
1.0000000000000000e+00
3.1989520382558112e-01
5.7175286792771662e-01
1.0153960883108085e-01
1.0000000000000000e+00
3.1989520382558112e-01
8.7623700712429131e-01
8.6861446308466844e-02
1.0000000000000000e+00
3.1365144638766651e-01
8.7821719356434191e-01
8.6861446308466844e-02
1.0000000000000000e+00
3.4805396957744961e-01
9.3507216431753482e-01
8.0580181250843458e-02
1.0000000000000000e+00
3.5749726942231064e-01
9.2751455054240073e-01
8.0580181250843458e-02
1.0000000000000000e+00
3.1993073424746399e-01
7.5110515699343527e-01
1.0513679990035599e-01
1.0000000000000000e+00
3.1993073424746399e-01
8.1652407840447272e-01
9.1428144643577985e-02
1.0000000000000000e+00
3.1483794855375891e-01
5.6699181840376700e-01
9.7964171594503574e-02
1.0000000000000000e+00
3.2890324587424402e-01
5.6699181840376700e-01
9.1887339758250169e-02
1.0000000000000000e+00
3.2111841244113748e-01
5.6699181840376700e-01
9.6984283341589622e-02
1.0000000000000000e+00
3.1714017167178099e-01
5.9467536633455897e-01
9.6984283341589622e-02
1.0000000000000000e+00
3.1714017167178099e-01
6.8673938097053910e-01
9.3980311224731855e-02
1.0000000000000000e+00
3.7590857818213408e-01
8.1453699947887803e-01
8.9272461407381348e-02
1.0000000000000000e+00
3.4067379114640062e-01
6.7264110924297715e-01
9.8089110613364033e-02
1.0000000000000000e+00
3.5760012957689469e-01
6.7264110924297715e-01
8.9964018710452370e-02
1.0000000000000000e+00
3.3465437348422711e-01
6.7264110924297715e-01
8.8681830134737544e-02
1.0000000000000000e+00
3.3465437348422711e-01
6.2491508902603532e-01
1.0237536141139572e-01
1.0000000000000000e+00
3.3430328885515337e-01
6.1828869421588029e-01
1.0237536141139572e-01
1.0000000000000000e+00
3.1657176757653360e-01
6.1828869421588029e-01
1.2097652935844963e-01
1.0000000000000000e+00
2.8830671417017584e-01
7.2804688130127038e-01
1.1263410681349342e-01
1.0000000000000000e+00
3.4254320258696680e-01
7.2804688130127038e-01
9.2960344668972544e-02
1.0000000000000000e+00
3.7579851517875795e-01
7.9363529969559754e-01
1.3368282843803173e-01
1.0000000000000000e+00
3.8977186674674158e-01
7.1594586063729371e-01
1.2323593445544248e-01
1.0000000000000000e+00
3.7979437889953260e-01
7.1594586063729371e-01
1.3114945501511102e-01
1.0000000000000000e+00
4.1077001685698633e-01
7.9209717017220105e-01
1.3114945501511102e-01
1.0000000000000000e+00
4.1077001685698633e-01
7.8990743708418454e-01
1.3836333305298468e-01
1.0000000000000000e+00
4.0061994958159630e-01
7.2917640049563492e-01
1.3836333305298468e-01
1.0000000000000000e+00
4.0008543189105694e-01
6.2112262685404862e-01
1.2958598007171532e-01
1.0000000000000000e+00
3.7484500314531033e-01
7.9514802832709397e-01
1.2312607756539365e-01
1.0000000000000000e+00
4.1360090244052117e-01
7.9514802832709397e-01
1.0366913616380771e-01
1.0000000000000000e+00
3.1303764217955177e-01
8.0501288761006440e-01
1.0366913616380771e-01
1.0000000000000000e+00
3.1303764217955177e-01
7.7543994252191628e-01
1.0148191578409752e-01
1.0000000000000000e+00
2.9266711035234039e-01
7.7543994252191628e-01
1.1397969616300543e-01
1.0000000000000000e+00
2.7566948057574336e-01
7.0511743639217461e-01
1.1397969616300543e-01
1.0000000000000000e+00
2.7138012637806241e-01
7.0511743639217461e-01
9.1453575861669384e-02
1.0000000000000000e+00
2.9786513363433187e-01
9.1794142712460602e-01
1.1661846049319138e-01
1.0000000000000000e+00
3.5792971392584150e-01
9.1794142712460602e-01
1.0085361682067742e-01
1.0000000000000000e+00
3.4673417629164760e-01
7.9883704174862946e-01
1.0085361682067742e-01
1.0000000000000000e+00
3.2897278889504378e-01
7.9883704174862946e-01
1.0085361682067742e-01
1.0000000000000000e+00
3.1584681607273524e-01
8.1809777606831635e-01
1.0344476646932890e-01
1.0000000000000000e+00
3.7499092183497851e-01
7.6692418966995324e-01
1.0848459203916719e-01
1.0000000000000000e+00
3.5677891633895342e-01
7.3493632887111748e-01
1.0848459203916719e-01
1.0000000000000000e+00
3.1441928855565493e-01
8.1306513611780251e-01
1.1937723190712859e-01
1.0000000000000000e+00
3.1099742687729304e-01
8.1306513611780251e-01
1.1937723190712859e-01
1.0000000000000000e+00
3.1099742687729304e-01
6.4593968753324593e-01
9.9477076653420232e-02
1.0000000000000000e+00
3.3529025981624727e-01
4.7743857864843453e-01
1.0750917518234929e-01
1.0000000000000000e+00
3.2863994608123903e-01
4.7743857864843453e-01
8.1276025460829265e-02
1.0000000000000000e+00
2.8998151341875200e-01
7.9799246255861367e-01
8.5088538542186148e-02
1.0000000000000000e+00
2.8989076606012532e-01
8.3950259935663785e-01
7.7295194450562127e-02
1.0000000000000000e+00
3.5494780438966700e-01
8.3950259935663785e-01
7.7295194450562127e-02
1.0000000000000000e+00
3.5494780438966700e-01
8.3950259935663785e-01
9.0324835456704028e-02
1.0000000000000000e+00
3.0560256753597059e-01
8.3950259935663785e-01
9.4294637046550639e-02
1.0000000000000000e+00
3.5769583125147619e-01
8.6824347850488270e-01
1.0429113225618494e-01
1.0000000000000000e+00
3.1827041719589033e-01
9.1312815275596226e-01
1.0429113225618494e-01
1.0000000000000000e+00
3.1827041719589033e-01
9.1312815275596226e-01
1.1120594323219848e-01
1.0000000000000000e+00
2.7700481776628294e-01
7.4604766097472752e-01
1.1404921144785476e-01
1.0000000000000000e+00
2.6812865797910490e-01
9.6292361643718327e-01
1.1404921144785476e-01
1.0000000000000000e+00
2.7198935349952080e-01
9.6292361643718327e-01
1.0200496467368794e-01
1.0000000000000000e+00
2.2520257489304640e-01
8.1102719184564198e-01
1.0200496467368794e-01
1.0000000000000000e+00
2.0299144604723551e-01
6.4399306875275220e-01
1.0200496467368794e-01
1.0000000000000000e+00
2.0299144604723551e-01
6.4992362659977521e-01
1.0200496467368794e-01
1.0000000000000000e+00
2.1581897096257308e-01
7.9397610229061688e-01
1.0200496467368794e-01
1.0000000000000000e+00
2.3498098881464102e-01
7.0515524250076855e-01
1.0815249413790298e-01
1.0000000000000000e+00
2.4227499173503020e-01
7.0515524250076855e-01
1.1950058892907692e-01
1.0000000000000000e+00
2.3718085376094677e-01
7.1091529287950839e-01
1.2166241214217735e-01
1.0000000000000000e+00
2.9663078164230683e-01
7.1091529287950839e-01
1.2042187801635010e-01
1.0000000000000000e+00
3.3747122393469908e-01
7.1091529287950839e-01
1.2042187801635010e-01
1.0000000000000000e+00
3.4078285427312949e-01
7.1091529287950839e-01
1.2042187801635010e-01
1.0000000000000000e+00
2.6618490697364905e-01
7.6707766138570155e-01
1.0564086861049873e-01
1.0000000000000000e+00
2.2391488266657689e-01
7.6707766138570155e-01
1.0223907274266822e-01
1.0000000000000000e+00
1.9422944498728612e-01
7.6129289929376687e-01
8.0119885924068518e-02
1.0000000000000000e+00
1.9422944498728612e-01
7.2229025725828255e-01
8.5566747152915928e-02
1.0000000000000000e+00
1.8928164200406172e-01
9.7343832467304314e-01
8.5566747152915928e-02
1.0000000000000000e+00
2.6004053608994582e-01
9.3041643340693558e-01
8.9869733584782813e-02
1.0000000000000000e+00
2.0951183096985915e-01
9.3041643340693558e-01
1.1211292041625712e-01
1.0000000000000000e+00
2.3542362780790427e-01
8.0186930139170731e-01
1.0908152084957692e-01
1.0000000000000000e+00
2.2436670426759520e-01
8.0423467260407056e-01
1.0818591787174228e-01
1.0000000000000000e+00
2.3169449836495914e-01
9.5434124049352254e-01
8.3987694966344867e-02
1.0000000000000000e+00
2.3169449836495914e-01
8.8173888184683169e-01
8.1129868781863484e-02
1.0000000000000000e+00
2.3169449836495914e-01
8.8173888184683169e-01
5.9399810188187990e-02
1.0000000000000000e+00
2.2480747782174149e-01
6.0227507286326731e-01
5.7340576813294325e-02
1.0000000000000000e+00
1.9406946868184605e-01
6.1180848841177071e-01
7.5073077843262587e-02
1.0000000000000000e+00
2.2094178878251114e-01
6.1180848841177071e-01
9.1122366056515608e-02
1.0000000000000000e+00
2.1891145620975294e-01
6.1624596108304108e-01
9.1122366056515608e-02
1.0000000000000000e+00
2.1891145620975294e-01
5.3282066833780850e-01
8.6508060839696560e-02
1.0000000000000000e+00
2.1891145620975294e-01
4.6993309286044682e-01
9.5217961153684888e-02
1.0000000000000000e+00
2.2181533792536356e-01
5.1847419541882123e-01
1.1458629699118320e-01
1.0000000000000000e+00
1.8767383092563250e-01
5.1847419541882123e-01
1.1737255080297473e-01
1.0000000000000000e+00
1.8767383092563250e-01
3.9497095093684043e-01
1.0705256814762834e-01
1.0000000000000000e+00
1.8026810282390215e-01
3.9497095093684043e-01
1.2248575946941856e-01
1.0000000000000000e+00
1.7981797014726908e-01
5.1341247305826987e-01
1.0061802136406187e-01
1.0000000000000000e+00
1.6981739295079024e-01
8.2191678628878440e-01
8.9180666958418447e-02
1.0000000000000000e+00
1.9658661191715510e-01
8.1567622189031685e-01
1.0163222253831919e-01
1.0000000000000000e+00
2.3743465287043364e-01
8.1567622189031685e-01
1.0163222253831919e-01
1.0000000000000000e+00
2.5060025998755009e-01
8.2465771612332905e-01
9.0428805565898079e-02
1.0000000000000000e+00
2.5060025998755009e-01
8.2708862334111477e-01
9.0428805565898079e-02
1.0000000000000000e+00
2.6300212962451042e-01
8.2708862334111477e-01
1.0850838071710314e-01
1.0000000000000000e+00
2.8538012912395061e-01
8.7767531260469700e-01
1.1272911134219613e-01
1.0000000000000000e+00
2.9261005297666998e-01
8.7767531260469700e-01
1.1272911134219613e-01
1.0000000000000000e+00
2.3012529313928098e-01
9.0040558673063065e-01
1.0705661832398619e-01
1.0000000000000000e+00
2.1317491680747480e-01
9.0040558673063065e-01
9.2032190999452729e-02
1.0000000000000000e+00
2.2902120277649374e-01
9.0040558673063065e-01
1.0600216885140981e-01
1.0000000000000000e+00
1.2384269386893720e-01
9.0040558673063065e-01
1.2004624226174201e-01
1.0000000000000000e+00
1.6218207404381246e-01
9.1616719685116554e-01
1.2004624226174201e-01
1.0000000000000000e+00
1.5144756343579502e-01
9.1616719685116554e-01
1.1221208435526933e-01
1.0000000000000000e+00
2.4024727102732868e-01
9.1616719685116554e-01
1.1221208435526933e-01
1.0000000000000000e+00
2.3073945124997408e-01
9.1291415042796875e-01
1.3455643144479837e-01
1.0000000000000000e+00
2.6928925072206766e-01
9.1291415042796875e-01
1.3578651636416908e-01
1.0000000000000000e+00
2.3099011485828669e-01
9.1291415042796875e-01
1.3578651636416908e-01
1.0000000000000000e+00
1.7568352562739165e-01
9.1291415042796875e-01
1.2920172582889791e-01
1.0000000000000000e+00
1.7568352562739165e-01
8.3116317078092838e-01
9.9604733060550649e-02
1.0000000000000000e+00
1.8970641051782877e-01
8.3116317078092838e-01
1.0877719126219745e-01
1.0000000000000000e+00
1.8970641051782877e-01
8.3614192440727497e-01
1.2033205549741979e-01
1.0000000000000000e+00
1.5464370628251345e-01
8.3614192440727497e-01
1.3103240193377133e-01
1.0000000000000000e+00
1.8971698289169581e-01
9.0127046689012791e-01
1.1786931776950951e-01
1.0000000000000000e+00
1.8971698289169581e-01
9.0127046689012791e-01
1.1581950192849036e-01
1.0000000000000000e+00
2.3793454631595523e-01
8.5107048138597752e-01
1.0619715811262723e-01
1.0000000000000000e+00
2.6270302734701545e-01
9.3146270051220204e-01
1.2407817016865011e-01
1.0000000000000000e+00
2.2924181050984771e-01
8.8287445813039089e-01
1.2376504199855845e-01
1.0000000000000000e+00
2.1884221933214576e-01
8.8287445813039089e-01
1.2376504199855845e-01
1.0000000000000000e+00
2.6159240282504470e-01
8.8287445813039089e-01
1.2382449716606062e-01
1.0000000000000000e+00
2.6159240282504470e-01
8.9010667571419622e-01
1.1491159408396925e-01
1.0000000000000000e+00
2.6159240282504470e-01
9.0214119063311959e-01
1.2626742118081893e-01
1.0000000000000000e+00
2.7093891124604852e-01
9.0214119063311959e-01
1.2626742118081893e-01
1.0000000000000000e+00
2.6005688659279258e-01
9.0214119063311959e-01
1.2626742118081893e-01
1.0000000000000000e+00
3.2052700757412822e-01
9.0214119063311959e-01
1.2108898268124904e-01
1.0000000000000000e+00
3.2052700757412822e-01
9.0214119063311959e-01
1.2274397456130828e-01
1.0000000000000000e+00
3.6831038981108577e-01
8.7931865969294454e-01
1.2274397456130828e-01
1.0000000000000000e+00
2.7238513599513681e-01
8.7931865969294454e-01
1.2274397456130828e-01
1.0000000000000000e+00
2.6187188574476750e-01
8.7931865969294454e-01
1.2274397456130828e-01
1.0000000000000000e+00
2.2610322130276472e-01
9.1069525064522172e-01
1.2274397456130828e-01
1.0000000000000000e+00
2.2545952839209349e-01
8.4328726263338472e-01
1.2274397456130828e-01
1.0000000000000000e+00
2.2809108370347531e-01
8.4328726263338472e-01
1.1461752758405055e-01
1.0000000000000000e+00
2.2423059749780805e-01
9.7527984113985444e-01
1.1240935617170181e-01
1.0000000000000000e+00
2.7284440282164724e-01
8.4516044290357972e-01
1.1289787950736355e-01
1.0000000000000000e+00
2.7284440282164724e-01
8.4236873456829930e-01
1.2796002958712052e-01
1.0000000000000000e+00
2.7284440282164724e-01
9.9021767595404531e-01
1.1902285443429719e-01
1.0000000000000000e+00
2.6789947110592038e-01
8.6326096163684274e-01
1.1902285443429719e-01
1.0000000000000000e+00
2.9230021569310338e-01
7.4078031586104776e-01
1.0708669462983381e-01
1.0000000000000000e+00
2.6964272815166623e-01
7.4864292846614267e-01
9.7508665936038602e-02
1.0000000000000000e+00
2.3235632363139302e-01
7.4864292846614267e-01
1.0000858858038555e-01
1.0000000000000000e+00
2.3555458477130742e-01
7.4864292846614267e-01
1.0880577407588135e-01
1.0000000000000000e+00
1.9054713799050660e-01
7.4864292846614267e-01
1.1413022323322367e-01
1.0000000000000000e+00
2.1317988017472089e-01
9.1268261758232261e-01
1.1413022323322367e-01
1.0000000000000000e+00
1.8628354871543706e-01
7.0873206531250621e-01
1.0934591206532787e-01
1.0000000000000000e+00
2.5806442031534971e-01
7.0873206531250621e-01
1.0934591206532787e-01
1.0000000000000000e+00
2.4295150989564718e-01
7.0873206531250621e-01
1.0388303647559952e-01
1.0000000000000000e+00
2.7005113184350193e-01
7.7326976557815219e-01
1.0388303647559952e-01
1.0000000000000000e+00
2.5064165040748776e-01
8.7628176858270312e-01
1.0846082360294532e-01
1.0000000000000000e+00
2.5428158312934102e-01
9.2950142224872256e-01
9.9450055107445229e-02
1.0000000000000000e+00
2.4150080012987019e-01
8.3468402972066547e-01
1.0832482604528196e-01
1.0000000000000000e+00
3.2879408973167301e-01
8.5796324772381927e-01
9.8070536090381216e-02
1.0000000000000000e+00
3.2879408973167301e-01
8.3077519995713378e-01
9.9441685064084601e-02
1.0000000000000000e+00
3.2090950722704292e-01
7.9535619778180267e-01
8.5262403173692297e-02
1.0000000000000000e+00
3.4181532229195000e-01
8.1533715923869754e-01
6.9556994645245146e-02
1.0000000000000000e+00
3.1849860365400673e-01
8.1533715923869754e-01
8.1703792200278264e-02
1.0000000000000000e+00
3.5391622747192741e-01
7.4443606220738734e-01
8.1703792200278264e-02
1.0000000000000000e+00
3.5084562434713007e-01
7.4443606220738734e-01
9.3656076923798542e-02
1.0000000000000000e+00
3.5084562434713007e-01
7.6828570411162223e-01
9.9563429006229859e-02
1.0000000000000000e+00
3.5084562434713007e-01
7.6828570411162223e-01
1.0954099042792223e-01
1.0000000000000000e+00
3.3298626321266056e-01
5.9149354443507041e-01
1.2091061681494467e-01
1.0000000000000000e+00
3.1246906041997136e-01
6.0942508958833064e-01
1.1982210899222992e-01
1.0000000000000000e+00
3.3988222561674775e-01
5.8730283871846045e-01
1.2669307842370472e-01
1.0000000000000000e+00
2.9644741851734580e-01
6.5106326088862265e-01
1.0668812516596518e-01
1.0000000000000000e+00
2.6018428418683470e-01
5.4052373421000088e-01
1.0668812516596518e-01
1.0000000000000000e+00
3.5844315484064282e-01
8.1022977483080472e-01
1.0668812516596518e-01
1.0000000000000000e+00
2.9302415845813812e-01
8.1022977483080472e-01
1.0315237204995356e-01
1.0000000000000000e+00
3.0364398786696256e-01
8.1022977483080472e-01
1.1588282940429054e-01
1.0000000000000000e+00
3.2823141885819496e-01
8.3545693222986306e-01
1.0853696438935004e-01
1.0000000000000000e+00
3.2823141885819496e-01
7.0709206004248704e-01
8.9357122885849100e-02
1.0000000000000000e+00
2.6394121011617244e-01
7.1015363632322992e-01
8.8840762260224443e-02
1.0000000000000000e+00
2.2264253104003728e-01
8.3957248172810073e-01
8.5073492131050449e-02
1.0000000000000000e+00
2.2114318923922838e-01
8.3957248172810073e-01
1.1144455765825115e-01
1.0000000000000000e+00
2.5578691147165955e-01
8.3957248172810073e-01
1.1721690274644062e-01
1.0000000000000000e+00
2.3803394555943669e-01
7.7102592951705451e-01
1.0710423063355848e-01
1.0000000000000000e+00
2.2604598000543774e-01
7.7102592951705451e-01
1.0406922568436131e-01
1.0000000000000000e+00
2.1774102782728733e-01
8.3389251298358436e-01
1.2237887383307680e-01
1.0000000000000000e+00
1.6696558858166100e-01
7.4094448602845664e-01
1.2237887383307680e-01
1.0000000000000000e+00
1.4794500510106445e-01
7.4094448602845664e-01
1.2482173713724479e-01
1.0000000000000000e+00
1.9510780892233015e-01
7.2239244534721370e-01
1.2482173713724479e-01
1.0000000000000000e+00
2.0783099311302067e-01
6.8052270441403384e-01
1.3498437936286792e-01
1.0000000000000000e+00
2.0783099311302067e-01
8.6636851160874362e-01
1.5325176886617556e-01
1.0000000000000000e+00
2.3647088429788710e-01
9.4742143332114215e-01
1.5325176886617556e-01
1.0000000000000000e+00
1.6224235541085363e-01
8.3448950658639665e-01
1.5325176886617556e-01
1.0000000000000000e+00
1.6102988890270353e-01
7.7494917149742837e-01
1.3289243043036550e-01
1.0000000000000000e+00
1.9178931566784740e-01
7.8696705858310456e-01
1.3289243043036550e-01
1.0000000000000000e+00
3.1733051839182735e-01
8.5815448026260133e-01
1.3289243043036550e-01
1.0000000000000000e+00
3.2880306349034072e-01
8.3437286402186150e-01
1.3289243043036550e-01
1.0000000000000000e+00
3.2880306349034072e-01
7.1324445392092461e-01
1.4970427858279436e-01
1.0000000000000000e+00
3.2102246780777932e-01
8.2503862763842339e-01
1.3801639098310262e-01
1.0000000000000000e+00
3.3847168798456551e-01
7.9762953138997550e-01
1.3801639098310262e-01
1.0000000000000000e+00
3.4221828205409111e-01
7.9762953138997550e-01
1.2587896212571650e-01
1.0000000000000000e+00
3.3544845728101791e-01
7.9762953138997550e-01
1.2587896212571650e-01
1.0000000000000000e+00
3.0883553659441532e-01
7.9762953138997550e-01
1.1720899249994546e-01
1.0000000000000000e+00
3.0305587442489923e-01
8.2833271651616092e-01
1.3347575012230664e-01
1.0000000000000000e+00
2.5241786649348796e-01
7.8735692977061267e-01
1.3347575012230664e-01
1.0000000000000000e+00
2.6913183404030860e-01
7.8735692977061267e-01
1.4501312132560998e-01
1.0000000000000000e+00
2.6913183404030860e-01
7.5843872866680617e-01
1.4631690471069306e-01
1.0000000000000000e+00
2.4379319639774621e-01
8.5980869821360106e-01
1.4818154452004820e-01
1.0000000000000000e+00
3.1757118238965631e-01
8.5980869821360106e-01
1.4818154452004820e-01
1.0000000000000000e+00
3.1982679141583503e-01
8.5980869821360106e-01
1.5439507285700529e-01
1.0000000000000000e+00
3.6920794693651260e-01
8.7390174894680972e-01
1.5439507285700529e-01
1.0000000000000000e+00
3.0192340014400543e-01
8.7390174894680972e-01
1.4160070628495305e-01
1.0000000000000000e+00
3.3143279457362951e-01
8.1924988879909511e-01
1.5221767653347343e-01
1.0000000000000000e+00
3.2182558009299100e-01
8.1924988879909511e-01
1.5221767653347343e-01
1.0000000000000000e+00
3.2182558009299100e-01
8.7954911395063395e-01
1.5221767653347343e-01
1.0000000000000000e+00
3.2182558009299100e-01
9.5108595668425555e-01
1.5221767653347343e-01
1.0000000000000000e+00
3.2182558009299100e-01
9.5108595668425555e-01
1.4788560000815779e-01
1.0000000000000000e+00
2.8199604910696507e-01
9.5108595668425555e-01
1.6032263999441057e-01
1.0000000000000000e+00
2.5825449463809491e-01
8.8445338039746280e-01
1.6032263999441057e-01
1.0000000000000000e+00
2.2869855736280442e-01
8.8445338039746280e-01
1.6915358313926845e-01
1.0000000000000000e+00
2.6394377660835744e-01
8.8445338039746280e-01
1.7040040823267191e-01
1.0000000000000000e+00
3.3303514507497312e-01
8.9614053341647382e-01
1.5124771105693072e-01
1.0000000000000000e+00
3.3569318883019150e-01
8.8899379401555056e-01
1.4958799597443431e-01
1.0000000000000000e+00
2.7897666942226351e-01
8.7252413473179335e-01
1.4958799597443431e-01
1.0000000000000000e+00
2.7897666942226351e-01
8.7252413473179335e-01
1.6479390058302670e-01
1.0000000000000000e+00
2.8299892030554474e-01
8.0970767132093902e-01
1.6479390058302670e-01
1.0000000000000000e+00
2.6331953227418126e-01
9.0439055106689925e-01
1.6479390058302670e-01
1.0000000000000000e+00
3.2344163570451201e-01
9.0439055106689925e-01
1.6479390058302670e-01
1.0000000000000000e+00
3.2178266428309144e-01
9.0439055106689925e-01
1.5798463103928953e-01
1.0000000000000000e+00
3.1463402498411597e-01
9.0439055106689925e-01
1.7134291110196501e-01
1.0000000000000000e+00
3.3772152394885779e-01
9.6336526415398116e-01
1.7134291110196501e-01
1.0000000000000000e+00
3.3324844402159215e-01
9.3104856825520987e-01
1.7537648500510841e-01
1.0000000000000000e+00
2.6595968765104772e-01
9.3104856825520987e-01
1.7537648500510841e-01
1.0000000000000000e+00
2.8836569452323602e-01
9.3104856825520987e-01
1.7537648500510841e-01
1.0000000000000000e+00
3.3156984468587325e-01
8.7806851036002631e-01
1.6348850862923428e-01
1.0000000000000000e+00
3.3156984468587325e-01
8.7806851036002631e-01
1.6087403891069699e-01
1.0000000000000000e+00
3.3156984468587325e-01
8.7806851036002631e-01
1.5156079267544556e-01
1.0000000000000000e+00
3.1885964965113089e-01
8.8546177736570830e-01
1.7420542051477242e-01
1.0000000000000000e+00
3.1230880163275287e-01
8.8546177736570830e-01
1.7991068537739921e-01
1.0000000000000000e+00
2.7498670138083980e-01
8.8546177736570830e-01
1.8713198646364618e-01
1.0000000000000000e+00
2.3110841057859943e-01
8.8546177736570830e-01
1.9021219292117167e-01
1.0000000000000000e+00
2.3110841057859943e-01
8.7922424803109611e-01
1.9021219292117167e-01
1.0000000000000000e+00
2.0076881006025360e-01
8.7922424803109611e-01
1.7931584388643387e-01
1.0000000000000000e+00
2.1991787042134092e-01
8.7922424803109611e-01
1.7931584388643387e-01
1.0000000000000000e+00
2.8775549802594469e-01
8.7922424803109611e-01
1.8454695659384016e-01
1.0000000000000000e+00
2.9599082033746527e-01
8.7922424803109611e-01
2.0071103776499513e-01
1.0000000000000000e+00
2.9599082033746527e-01
8.7922424803109611e-01
2.0290587124109152e-01
1.0000000000000000e+00
3.0592650204562233e-01
8.7922424803109611e-01
2.0246063735030476e-01
1.0000000000000000e+00
2.7464779123329208e-01
7.9518964866729225e-01
1.9243882134251181e-01
1.0000000000000000e+00
3.1045438192450092e-01
8.8662546853156532e-01
1.9243882134251181e-01
1.0000000000000000e+00
3.1045438192450092e-01
8.9690911936195339e-01
1.9594295623173821e-01
1.0000000000000000e+00
3.3461093186997459e-01
8.9690911936195339e-01
1.9594295623173821e-01
1.0000000000000000e+00
3.3461093186997459e-01
8.6057472395332302e-01
2.0711696471480537e-01
1.0000000000000000e+00
3.3461093186997459e-01
9.0332082825334514e-01
2.0898600502332557e-01
1.0000000000000000e+00
3.5358207702302025e-01
8.1225942241580928e-01
2.0898600502332557e-01
1.0000000000000000e+00
3.5521012352910475e-01
8.1037757374433572e-01
2.0623516498526442e-01
1.0000000000000000e+00
3.8476704986896948e-01
8.1037757374433572e-01
2.0539693398095552e-01
1.0000000000000000e+00
4.0189510578420595e-01
8.1037757374433572e-01
2.1783842382646981e-01
1.0000000000000000e+00
3.8832951866424992e-01
8.0337490948004420e-01
2.1783842382646981e-01
1.0000000000000000e+00
2.9647930006831302e-01
8.0337490948004420e-01
2.1590432469893131e-01
1.0000000000000000e+00
2.7032454992513522e-01
8.0337490948004420e-01
2.1590432469893131e-01
1.0000000000000000e+00
2.9625797300468548e-01
8.0337490948004420e-01
2.0819244991216693e-01
1.0000000000000000e+00
2.5236273958216771e-01
7.9710662193683679e-01
1.9129027324888739e-01
1.0000000000000000e+00
2.4569547437931760e-01
8.1237880155531461e-01
1.8306005691338215e-01
1.0000000000000000e+00
2.7064320473800763e-01
8.1237880155531461e-01
1.8510382940221462e-01
1.0000000000000000e+00
2.7332396158817573e-01
8.1327083040814618e-01
1.8507180494052591e-01
1.0000000000000000e+00
2.2711659880224033e-01
8.6089170803170423e-01
1.6918427069467726e-01
1.0000000000000000e+00
2.8995579207185074e-01
8.6089170803170423e-01
1.6918427069467726e-01
1.0000000000000000e+00
2.6996518770101829e-01
8.6089170803170423e-01
1.6918427069467726e-01
1.0000000000000000e+00
2.2632231103125378e-01
8.6089170803170423e-01
1.8016772475821199e-01
1.0000000000000000e+00
1.8978340463581844e-01
6.9639072925638179e-01
1.8016772475821199e-01
1.0000000000000000e+00
1.8536588415372535e-01
7.0270343529846291e-01
1.7746553910692456e-01
1.0000000000000000e+00
1.8765182658898993e-01
7.0270343529846291e-01
1.7746553910692456e-01
1.0000000000000000e+00
8.6741697563411435e-02
7.0270343529846291e-01
1.7746553910692456e-01
1.0000000000000000e+00
1.4561330730430200e-01
7.0270343529846291e-01
1.8002549946104410e-01
1.0000000000000000e+00
1.4561330730430200e-01
7.0270343529846291e-01
1.8002549946104410e-01
1.0000000000000000e+00
1.6057271806857898e-01
6.4286707595310877e-01
1.8002549946104410e-01
1.0000000000000000e+00
1.6090091503792792e-01
6.4286707595310877e-01
1.8756130911206129e-01
1.0000000000000000e+00
1.8620766140156775e-01
6.4258109286747644e-01
1.8756130911206129e-01
1.0000000000000000e+00
1.8620766140156775e-01
7.5552138194761942e-01
1.8609418222476962e-01
1.0000000000000000e+00
1.8620766140156775e-01
6.6812511042080591e-01
1.8253219561447623e-01
1.0000000000000000e+00
1.4692874811225920e-01
7.8965137407503794e-01
1.8253219561447623e-01
1.0000000000000000e+00
1.4692874811225920e-01
7.8965137407503794e-01
1.4940126580913785e-01
1.0000000000000000e+00
1.0051138978087693e-01
8.3025049671850870e-01
1.2448288468440297e-01
1.0000000000000000e+00
1.1736133042359143e-01
8.6030792139790724e-01
1.2372569870931330e-01
1.0000000000000000e+00
9.7121131602762034e-02
7.6897182755492399e-01
1.2138108295184794e-01
1.0000000000000000e+00
7.8950626073492458e-02
7.6897182755492399e-01
1.3754634131473722e-01
1.0000000000000000e+00
9.4364460321230581e-02
7.6897182755492399e-01
1.4837418250826886e-01
1.0000000000000000e+00
7.8172199890104821e-02
7.3291234739444922e-01
1.4213227700529388e-01
1.0000000000000000e+00
1.1107480944701820e-01
7.3291234739444922e-01
1.6497652266261867e-01
1.0000000000000000e+00
2.3256126651176601e-01
7.3041951909981440e-01
1.6497652266261867e-01
1.0000000000000000e+00
2.4248800938585191e-01
7.0932106927357386e-01
1.6117649582301966e-01
1.0000000000000000e+00
2.9744731960454374e-01
7.2920086115918825e-01
1.6868148055946222e-01
1.0000000000000000e+00
2.6652349880532711e-01
7.2920086115918825e-01
1.6868148055946222e-01
1.0000000000000000e+00
2.6341099827186554e-01
7.2920086115918825e-01
1.6868148055946222e-01
1.0000000000000000e+00
2.2245227335588424e-01
6.4041623354278276e-01
1.6348553645511857e-01
1.0000000000000000e+00
2.3773003252790659e-01
6.5027685391105483e-01
1.6348553645511857e-01
1.0000000000000000e+00
2.4910703557179659e-01
6.5027685391105483e-01
1.7721334575762740e-01
1.0000000000000000e+00
2.0842594350324362e-01
7.2413562910951446e-01
1.7721334575762740e-01
1.0000000000000000e+00
3.1326064164386480e-01
8.3558381462789844e-01
1.7721334575762740e-01
1.0000000000000000e+00
3.1680129537926405e-01
8.3558381462789844e-01
1.8853269853716484e-01
1.0000000000000000e+00
2.6859318534479826e-01
8.5600719528592895e-01
1.9816447758203140e-01
1.0000000000000000e+00
3.3377413195194094e-01
8.5600719528592895e-01
1.8906456288968912e-01
1.0000000000000000e+00
2.9751094034509151e-01
8.1875453817046950e-01
1.7405544837092748e-01
1.0000000000000000e+00
2.8079365356461494e-01
8.1875453817046950e-01
1.7405544837092748e-01
1.0000000000000000e+00
3.4432766004101723e-01
8.6208127366699050e-01
1.7405544837092748e-01
1.0000000000000000e+00
3.4432766004101723e-01
8.6208127366699050e-01
1.5248109692911385e-01
1.0000000000000000e+00
3.4432766004101723e-01
8.5074101316131423e-01
1.4999015339853941e-01
1.0000000000000000e+00
3.3443894399897545e-01
8.5074101316131423e-01
1.6696896207722603e-01
1.0000000000000000e+00
3.2890364830018370e-01
8.6386028977431129e-01
1.6512703105545370e-01
1.0000000000000000e+00
3.0935236927689402e-01
8.6386028977431129e-01
1.6512703105545370e-01
1.0000000000000000e+00
2.6189154688836425e-01
8.6386028977431129e-01
1.6512703105545370e-01
1.0000000000000000e+00
3.0081002716542571e-01
8.6386028977431129e-01
1.6219605902879267e-01
1.0000000000000000e+00
2.9400081443236559e-01
8.5660418749175737e-01
1.6219605902879267e-01
1.0000000000000000e+00
3.1225103046381264e-01
7.9681014523230265e-01
1.7111471785901813e-01
1.0000000000000000e+00
3.1225103046381264e-01
7.6719577491603563e-01
1.5934459051786690e-01
1.0000000000000000e+00
3.6030998360001831e-01
7.6719577491603563e-01
1.5934459051786690e-01
1.0000000000000000e+00
3.7486534937852412e-01
7.7404162401653598e-01
1.5934459051786690e-01
1.0000000000000000e+00
3.7486534937852412e-01
7.4171314502455066e-01
1.3546953468321590e-01
1.0000000000000000e+00
3.6491259187096148e-01
8.2859342659212420e-01
1.3546953468321590e-01
1.0000000000000000e+00
3.2910633645587950e-01
8.2859342659212420e-01
1.3546953468321590e-01
1.0000000000000000e+00
2.8912931284503429e-01
8.4305032456613849e-01
1.3873294439836173e-01
1.0000000000000000e+00
2.9562140605048626e-01
8.3904232058994244e-01
1.3873294439836173e-01
1.0000000000000000e+00
2.9562140605048626e-01
8.0860958781413506e-01
1.3896476940280991e-01
1.0000000000000000e+00
2.9562140605048626e-01
6.9787803825311134e-01
1.3815483151265653e-01
1.0000000000000000e+00
2.6827019988195389e-01
6.9787803825311134e-01
1.3815483151265653e-01
1.0000000000000000e+00
2.9906636639134376e-01
7.8949249323777626e-01
1.4012266489007744e-01
1.0000000000000000e+00
3.5141687979557901e-01
7.0384385969809959e-01
1.4012266489007744e-01
1.0000000000000000e+00
3.5141687979557901e-01
6.5839675229362915e-01
1.4012266489007744e-01
1.0000000000000000e+00
2.7794743608319550e-01
6.5839675229362915e-01
1.4012266489007744e-01
1.0000000000000000e+00
1.9070410262429505e-01
6.5839675229362915e-01
1.4476733168849024e-01
1.0000000000000000e+00
1.9673306634285836e-01
9.3233472269348572e-01
1.5156078318395885e-01
1.0000000000000000e+00
2.2829865896710544e-01
9.2261463750473927e-01
1.4535058036708506e-01
1.0000000000000000e+00
2.3660474799908116e-01
8.3903444160096119e-01
1.5878324423247250e-01
1.0000000000000000e+00
2.1162456896490767e-01
8.3903444160096119e-01
1.5878324423247250e-01
1.0000000000000000e+00
2.2054420009590103e-01
7.0589504574745665e-01
1.6143680110835704e-01
1.0000000000000000e+00
2.5156715855337097e-01
6.7352418040245543e-01
1.6189074597932632e-01
1.0000000000000000e+00
2.5156715855337097e-01
8.0200854872673522e-01
1.5788941632636125e-01
1.0000000000000000e+00
2.3724353842771961e-01
8.0200854872673522e-01
1.6603509697742994e-01
1.0000000000000000e+00
2.0799549045841559e-01
6.3043069650739203e-01
1.6603509697742994e-01
1.0000000000000000e+00
2.1025440265293582e-01
6.9878500511258612e-01
1.6603509697742994e-01
1.0000000000000000e+00
2.3279551771338447e-01
5.6741029580443869e-01
1.7867938603885705e-01
1.0000000000000000e+00
2.3859315487425192e-01
5.3702494127064715e-01
1.7423775082133944e-01
1.0000000000000000e+00
2.3859315487425192e-01
5.3702494127064715e-01
1.5013766013871646e-01
1.0000000000000000e+00
2.0501008809878840e-01
5.3702494127064715e-01
1.5944668515439844e-01
1.0000000000000000e+00
2.1419901208355441e-01
5.3702494127064715e-01
1.5944668515439844e-01
1.0000000000000000e+00
3.2421254174187197e-01
6.9582625848561297e-01
1.5810987218137598e-01
1.0000000000000000e+00
3.3491637551560416e-01
6.9582625848561297e-01
1.5810987218137598e-01
1.0000000000000000e+00
2.7773426094427123e-01
6.9582625848561297e-01
1.5611071470048046e-01
1.0000000000000000e+00
2.4954207049086108e-01
6.9582625848561297e-01
1.4268482620682335e-01
1.0000000000000000e+00
2.1475018275305047e-01
6.9582625848561297e-01
1.2014361987676239e-01
1.0000000000000000e+00
2.0356089104825514e-01
6.9582625848561297e-01
1.2016414669924416e-01
1.0000000000000000e+00
1.7342126713992911e-01
6.9582625848561297e-01
1.1437659017392435e-01
1.0000000000000000e+00
1.6791691789330798e-01
6.9566218930849577e-01
1.1437659017392435e-01
1.0000000000000000e+00
1.6791691789330798e-01
6.9566218930849577e-01
1.1665046365815215e-01
1.0000000000000000e+00
1.7780674314053613e-01
6.9566218930849577e-01
1.3866516353446059e-01
1.0000000000000000e+00
1.7780674314053613e-01
5.7380240413913275e-01
1.5835773397120648e-01
1.0000000000000000e+00
1.7780674314053613e-01
5.0431651904800678e-01
1.4964199822279625e-01
1.0000000000000000e+00
2.1968098236175138e-01
5.0431651904800678e-01
1.4372994296136313e-01
1.0000000000000000e+00
2.2564020026402432e-01
4.4479520901659275e-01
1.3840509403380566e-01
1.0000000000000000e+00
2.6615648548977333e-01
6.5160812720278050e-01
1.3655033858376556e-01
1.0000000000000000e+00
2.6893760794700938e-01
4.1313914492347981e-01
1.3655033858376556e-01
1.0000000000000000e+00
2.6893760794700938e-01
5.1619994923094059e-01
1.5626365749049001e-01
1.0000000000000000e+00
2.6844779967723298e-01
5.5310611337044979e-01
1.8399478366482072e-01
1.0000000000000000e+00
3.2954992547092843e-01
5.9149287923792149e-01
1.8830292263883167e-01
1.0000000000000000e+00
3.5684017285166192e-01
5.1128695442894245e-01
1.6673834027606063e-01
1.0000000000000000e+00
3.1929315819797921e-01
4.7952099054673458e-01
1.5354327170061879e-01
1.0000000000000000e+00
2.7801568068025517e-01
5.1145058780530239e-01
1.5702026651124470e-01
1.0000000000000000e+00
2.7801568068025517e-01
5.1145058780530239e-01
1.5150583790964448e-01
1.0000000000000000e+00
2.7801568068025517e-01
4.3262688260147120e-01
1.5150583790964448e-01
1.0000000000000000e+00
3.1582819840332377e-01
4.3262688260147120e-01
1.6216769231832587e-01
1.0000000000000000e+00
3.1582819840332377e-01
5.7677934508392359e-01
1.5397326985257678e-01
1.0000000000000000e+00
3.7719514018317568e-01
4.1851938891777540e-01
1.8168106267112308e-01
1.0000000000000000e+00
3.7719514018317568e-01
4.1851938891777540e-01
1.7980831395252608e-01
1.0000000000000000e+00
4.2421018502136576e-01
5.1719808581838156e-01
1.7980831395252608e-01
1.0000000000000000e+00
4.2421018502136576e-01
5.2778017151722456e-01
1.6385137955658138e-01
1.0000000000000000e+00
4.0779978393038618e-01
5.3989769614854599e-01
1.6841422396246344e-01
1.0000000000000000e+00
3.5886795150508988e-01
5.3989769614854599e-01
1.6644634751137347e-01
1.0000000000000000e+00
3.9507484536079573e-01
5.1265095084527279e-01
1.5653567926492543e-01
1.0000000000000000e+00
3.9507484536079573e-01
6.7652133017400051e-01
1.5263905029278249e-01
1.0000000000000000e+00
3.9881423262340832e-01
7.3930019795516277e-01
1.5069886299315841e-01
1.0000000000000000e+00
3.7748434727473068e-01
5.7702463030436779e-01
1.6256173143628985e-01
1.0000000000000000e+00
3.8374553581161308e-01
4.7304860226431633e-01
1.6256173143628985e-01
1.0000000000000000e+00
4.1672005837244797e-01
4.7692811515735234e-01
1.7698417885694653e-01
1.0000000000000000e+00
4.0024963540417957e-01
6.3461464670108403e-01
1.6091569422278554e-01
1.0000000000000000e+00
3.1373860461098957e-01
4.3433766093658055e-01
1.5726895516272635e-01
1.0000000000000000e+00
2.7248830215467024e-01
4.3433766093658055e-01
1.5726895516272635e-01
1.0000000000000000e+00
2.7483451559601235e-01
4.3433766093658055e-01
1.5386203143280000e-01
1.0000000000000000e+00
3.0839138158989954e-01
4.6418567028449620e-01
1.5386203143280000e-01
1.0000000000000000e+00
2.3935594835711527e-01
4.6418567028449620e-01
1.3019865218084306e-01
1.0000000000000000e+00
2.4901558605415630e-01
4.6418567028449620e-01
1.2799199626315386e-01
1.0000000000000000e+00
3.1618913782222080e-01
4.9562139835761632e-01
1.2799199626315386e-01
1.0000000000000000e+00
3.1874524110389757e-01
4.9186509129212941e-01
1.2799199626315386e-01
1.0000000000000000e+00
3.3346294013244915e-01
6.1808136877225484e-01
1.4898195818532259e-01
1.0000000000000000e+00
3.3346294013244915e-01
4.8933468785689915e-01
1.5614466371480376e-01
1.0000000000000000e+00
3.3346294013244915e-01
5.1777395632670964e-01
1.7197631488088519e-01
1.0000000000000000e+00
3.2339398150725174e-01
5.1777395632670964e-01
1.5190409917850048e-01
1.0000000000000000e+00
3.1012536918206024e-01
5.0954844922380294e-01
1.5190409917850048e-01
1.0000000000000000e+00
2.8292513040287304e-01
5.3262629479722823e-01
1.5190409917850048e-01
1.0000000000000000e+00
2.8292513040287304e-01
5.8130321026401366e-01
1.5190409917850048e-01
1.0000000000000000e+00
2.8849591182006407e-01
7.9768525183753813e-01
1.6201196752954275e-01
1.0000000000000000e+00
