1
1000
1.5048469597166686e-01
1.0687834707564380e-01
1.1788290615209035e-01
1.1241181849668502e-01
1.1062538487415130e-01
1.1384918838602465e-01
1.1480416330704195e-01
1.5257716601639471e-01
1.1778757079417666e-01
1.1435183015748437e-01
1.0727729503507591e-01
1.0260334602280656e-01
1.2163710546480175e-01
1.3463901916977358e-01
1.2580263962834085e-01
1.0971221805688797e-01
9.2246124251030626e-02
9.2932217705053402e-02
8.9923941116982709e-02
9.2719268637202534e-02
9.0202498875341638e-02
8.5855664120746744e-02
8.9912141377542276e-02
9.3810847202386499e-02
9.3560286949111102e-02
9.4798030908082587e-02
9.3693834435914780e-02
9.6109265250286680e-02
1.0815946875270914e-01
1.0138603643222317e-01
1.0544352027932263e-01
1.0329790368711339e-01
1.0329790368711339e-01
9.9447640809592064e-02
1.0044380408131248e-01
9.4246843383787554e-02
9.5846276898265165e-02
9.7690517216091163e-02
9.8374402159462485e-02
1.1273631200248517e-01
1.1521435256540524e-01
1.0232941586348517e-01
1.0621859726470706e-01
1.0293292349569017e-01
1.1095833671969677e-01
1.1134238253849987e-01
1.1107141862492316e-01
1.1015032916648465e-01
1.0610817498752487e-01
1.1491178376422946e-01
1.3918899399433954e-01
1.3413534397989238e-01
1.3169024794056816e-01
1.2522848902301628e-01
1.0729029517424307e-01
1.1700991428969071e-01
1.2045762527491682e-01
1.0420633831860421e-01
1.0450067020250957e-01
1.1601640976318972e-01
1.1306458180703177e-01
1.0659960580899588e-01
1.0732496526477148e-01
1.0937588588904562e-01
1.0159704284490896e-01
1.0398928162421141e-01
1.1363795137344936e-01
1.1419146391794267e-01
1.3519962162163590e-01
1.3213728880982833e-01
1.2424880484157182e-01
1.2145327458443851e-01
1.2867262869798271e-01
1.2846904505563572e-01
1.3907295980934348e-01
1.3438755072839415e-01
1.3059890378845890e-01
1.3932942353339359e-01
1.2495329320114230e-01
1.2492908376466191e-01
1.2607681950796312e-01
1.3316987946771269e-01
1.4924668567468544e-01
1.2971489547221934e-01
1.2925831715899003e-01
1.4455256569345201e-01
1.6657359707331904e-01
2.1370507365541194e-01
2.1321928654985098e-01
1.5597514228434617e-01
1.4374683246092065e-01
1.5220409866300369e-01
1.6168711554118029e-01
1.6963927311281948e-01
1.7381851888027497e-01
1.8217777299860519e-01
1.7529892611022188e-01
1.5474196443185556e-01
1.6297723136284220e-01
1.6694941862173771e-01
1.6557297394957091e-01
1.5956996923502223e-01
1.4333383403943706e-01
1.8394611215556622e-01
1.7882802153024169e-01
1.3305716940486850e-01
1.3760994413472089e-01
1.2718483134030284e-01
1.1948243757258054e-01
1.1744704558625921e-01
1.3838912310762524e-01
1.2772014107890403e-01
1.3980523165504760e-01
1.1962657066320734e-01
1.1714732507313536e-01
1.1625366726491686e-01
1.2847077577610974e-01
1.0702772630629459e-01
1.1611529262983114e-01
1.2074424921966057e-01
1.1814883820464615e-01
1.0572425546389481e-01
1.0599685970285541e-01
1.1606701971507975e-01
1.1865322495169001e-01
1.1967717101532706e-01
1.2024681842136319e-01
1.1796162179159227e-01
1.1708433609757223e-01
1.3832912687282725e-01
1.2519987839360938e-01
1.3766416519344016e-01
1.3229380945652477e-01
1.2202232295409711e-01
1.2897213614667935e-01
1.1578738949605429e-01
1.1832904420948875e-01
1.1683467618686644e-01
1.2160531733806783e-01
1.3017571772234832e-01
1.3961021857533426e-01
1.3323371500165326e-01
1.5265438786520835e-01
1.4260648689038188e-01
1.4889032859035711e-01
1.3197202273836137e-01
1.4063744817329546e-01
1.4147219368263073e-01
1.4301958410858273e-01
1.7736022661369499e-01
1.6337949377871680e-01
1.6755636994615825e-01
1.6662823540058538e-01
1.5595413112527270e-01
1.5629131303327518e-01
1.8792204771763837e-01
1.5769779663365566e-01
1.7714267206009787e-01
1.7780630779402670e-01
1.8739998561887380e-01
2.1770625619800235e-01
2.2988956513930717e-01
3.5551069489278503e-01
2.2056821395921208e-01
1.9413048795007973e-01
1.9849955031465305e-01
2.1387770459638880e-01
2.0609248186179954e-01
1.9550194093836301e-01
1.9715974738771291e-01
1.7886733567031146e-01
1.8080728089231923e-01
1.6823006120788581e-01
1.8105745876171792e-01
1.8491611817832238e-01
1.7003529728629371e-01
1.6826125587135088e-01
1.6792400074904495e-01
1.4450931602651992e-01
1.4113224078191766e-01
1.3353650710067899e-01
1.4995532990835606e-01
1.3620232053755374e-01
1.8778274111130361e-01
4.2091630329464425e-01
1.4372494545553313e-01
1.6453125873434224e-01
1.7556807195420682e-01
1.8799839675598493e-01
1.5979694115247980e-01
1.2409866597621715e-01
1.3252667462467849e-01
1.2247534294259176e-01
1.4620311705023989e-01
1.4563766535187941e-01
1.5364500549472837e-01
1.5221826451748122e-01
1.5401115904457283e-01
2.0222493968574151e-01
2.0018788050140235e-01
2.0235856109846556e-01
1.9191276998903453e-01
1.4582956302738423e-01
1.4958455413479232e-01
1.4835898339164413e-01
1.3828091857069169e-01
1.3966075284160070e-01
1.4236077658967342e-01
1.3331603180688759e-01
1.4095757851752369e-01
1.7799177479086231e-01
1.9956885584375195e-01
1.7569905588875367e-01
1.5571745346799987e-01
1.6201015927366968e-01
1.7305732270310764e-01
1.7200466348675977e-01
1.5141922026605123e-01
1.4170105334380617e-01
1.5091855537746485e-01
1.6035802423184831e-01
1.4222934115758895e-01
2.3469759371483742e-01
2.4908865624009255e-01
2.3990190146157370e-01
2.5373287811278489e-01
2.6203599143110845e-01
2.2996850451289710e-01
2.4246269651406724e-01
2.4982102323117844e-01
2.3367385211215561e-01
2.5470480096529663e-01
2.4785159917820893e-01
2.2902355907084559e-01
2.2790519575566034e-01
2.2832276401366119e-01
2.3437024351864136e-01
2.2070696545610363e-01
2.0881106773974153e-01
2.0054238242128050e-01
1.6951966146649308e-01
1.8132998395445474e-01
2.5112063029622539e-01
2.8447335262904355e-01
2.2380426309969984e-01
2.2346733651722495e-01
2.1726676611858778e-01
2.3378687416560395e-01
1.9078073762415490e-01
1.8036516365785654e-01
1.8913064071818522e-01
2.1115478017112671e-01
1.9669796200392312e-01
1.9927909621072509e-01
1.6688818794260629e-01
1.6572040367312646e-01
1.5627485756901488e-01
1.7700670719838377e-01
2.9958404808507094e-01
3.1299092138044404e-01
3.0824457386217596e-01
2.9810549064138497e-01
2.7667526294558575e-01
2.8655907486362692e-01
3.8715671886390596e-01
3.5966437661324335e-01
3.5777799618952311e-01
3.5244571614159836e-01
2.4663410951556042e-01
2.4042249283088457e-01
2.7759124165774229e-01
2.9207131669868774e-01
2.4507957473035716e-01
2.7077632157081771e-01
2.6130070321467164e-01
2.4414184804227926e-01
2.4397213249975433e-01
2.4134418372108096e-01
2.2775528417311169e-01
2.3681524784093341e-01
2.4396465348649965e-01
2.7640846581269257e-01
2.4583044796994458e-01
1.7600213693682093e-01
1.8325084654506157e-01
1.7593248359343228e-01
2.1108935634763987e-01
3.4020153566000871e-01
3.1693959660116894e-01
3.3617144850323671e-01
3.3637949801238576e-01
3.4401725386630067e-01
3.5468912809201819e-01
3.3920959680310425e-01
2.6219789529805781e-01
2.2217203594159038e-01
2.0431435652996288e-01
1.9279273511019124e-01
2.1246493980272596e-01
1.9700648657372402e-01
1.9077930353813971e-01
1.7263516594984110e-01
1.7287064745824288e-01
1.6005031181334084e-01
1.5810045836121531e-01
1.4093977342020328e-01
1.4054616167200049e-01
1.4279369912095866e-01
1.5397909384144409e-01
1.5250890743344767e-01
1.4911433454018042e-01
1.5585674209578826e-01
1.5267069135838457e-01
1.6142059569513503e-01
1.4584130776271162e-01
1.6073928095393200e-01
1.6234743200856344e-01
1.8438638437934077e-01
1.6661240990162757e-01
1.3302003302480897e-01
1.2943167826866217e-01
1.2899176083699515e-01
1.4419630542579945e-01
1.4418241971215146e-01
1.3870602740491031e-01
1.2767384525763678e-01
1.2665146494223781e-01
1.4260792024233829e-01
1.2788362613115400e-01
1.2629545253499422e-01
1.2315905999423088e-01
1.2561068350861024e-01
1.2474820194810440e-01
1.4243593001237836e-01
1.5404252340201882e-01
1.5176774008298344e-01
1.5352684782189832e-01
1.4963695237046534e-01
1.4742270416242412e-01
1.2098792134977701e-01
1.2081546005445772e-01
1.1707776977523369e-01
1.0558105698218850e-01
1.0173680259876733e-01
1.0551877002983913e-01
1.0514379500013037e-01
9.8847913355874450e-02
1.0602193387307707e-01
1.0482027393485374e-01
1.0253806869464083e-01
1.1089609092411251e-01
1.0439709194526488e-01
1.0323076867472127e-01
1.0236248007885891e-01
9.8198576137620966e-02
9.6203087831560050e-02
9.0925003103938223e-02
9.2754568574072299e-02
1.0042858633507518e-01
1.1713134308468927e-01
1.3004309010539028e-01
1.0360876217375471e-01
1.1100524361054888e-01
1.0994821402478493e-01
1.0679844785283804e-01
1.1058821595118036e-01
1.1296636564610148e-01
1.0910966279138787e-01
1.0613688829644362e-01
1.1314295450303868e-01
1.1727535339757431e-01
1.1757474784877493e-01
1.0691661127112394e-01
1.0099274219289917e-01
1.1744235119957010e-01
1.3095957554352347e-01
1.3969963030468338e-01
1.3154182373721726e-01
1.3554244771627327e-01
1.2992687211393353e-01
1.3572966788121016e-01
1.3542319846032522e-01
1.2840691393656439e-01
1.2345708717663685e-01
1.1897856265970208e-01
1.1725097620767999e-01
1.1730490158081298e-01
1.1805882218692101e-01
1.1110084223468347e-01
1.1024191337595987e-01
1.1960734977288399e-01
1.1721418844856692e-01
1.1084997436146762e-01
1.1531940651849991e-01
1.0816387680751022e-01
1.0759952677820760e-01
1.1483392612466792e-01
1.2658260930675636e-01
1.2724851489075711e-01
1.3899012682022102e-01
1.4008199133051488e-01
1.4689477549413382e-01
1.3678481706676801e-01
1.3659636344914597e-01
1.2496049419628377e-01
1.2651810381614656e-01
1.2262148812399465e-01
1.2749793631430223e-01
1.5093406851706789e-01
1.4240595613778775e-01
1.4933403750041788e-01
1.4218204508123469e-01
1.3955581315337171e-01
1.4405917552764019e-01
1.4494792613479296e-01
1.3311756292087534e-01
1.3241491264061797e-01
1.2182803071493360e-01
1.2007035032164705e-01
1.2281115803370385e-01
1.2512248521353631e-01
1.2506554231856767e-01
1.2712894932807803e-01
1.3160428243078579e-01
1.4220197291330913e-01
1.3297881362681696e-01
1.3283007389051729e-01
1.2805509224207010e-01
1.3174248575328357e-01
1.2467498703173611e-01
1.3022419162748300e-01
1.3034289291333609e-01
1.3992520982700893e-01
1.4128525653021112e-01
1.3507636998166336e-01
1.3427128471320088e-01
1.3169010254139718e-01
1.3137577938968836e-01
1.3548416676965927e-01
1.5068009635087837e-01
1.3596908245291464e-01
1.3634252950175663e-01
1.4800551392288877e-01
1.3082801176918057e-01
1.4175859300411406e-01
1.3304512383987713e-01
1.4097168510921032e-01
1.4699565846079801e-01
1.4045202404312992e-01
1.3117556756504969e-01
1.3811180937127010e-01
1.5052848646557246e-01
1.5199540885130797e-01
1.4958308889009722e-01
1.4500155086439856e-01
1.4534245799978829e-01
1.4482981158443442e-01
1.4263704990626791e-01
1.4160513475170206e-01
1.4167352592552457e-01
1.3922697158809480e-01
1.3920993451896904e-01
1.3572023807424960e-01
1.3844024504151864e-01
1.3178123586966153e-01
1.2292292473191685e-01
1.2456231355944902e-01
1.2790336629037286e-01
1.2429279911300148e-01
1.2664104044540681e-01
1.3918964748160856e-01
1.5315883320870943e-01
1.5658132793351545e-01
1.4050326007073821e-01
1.4997513457294168e-01
1.4492725421106567e-01
1.5086292976199328e-01
1.6551325999863931e-01
1.8750635161031731e-01
1.5837305761432252e-01
1.4653797761758777e-01
1.4951635358061699e-01
1.5320472666892110e-01
1.5301176431920979e-01
1.6285851088787243e-01
1.5214557700669448e-01
1.4614489576995285e-01
1.4473564855037163e-01
1.4329871221795545e-01
1.4581530845625040e-01
1.2988061059161879e-01
1.3559683023990696e-01
1.3711065338368605e-01
1.2990199966776789e-01
1.2994669245394430e-01
1.3040909570012840e-01
1.2441518356400955e-01
1.2244550752374321e-01
1.2067251099332597e-01
1.2081047688444142e-01
1.1902776871328921e-01
1.2923484423690154e-01
1.3662132626000958e-01
1.2713426541654221e-01
1.3418532226194888e-01
1.3592363609119434e-01
1.3501901818887097e-01
1.3738037179169685e-01
1.1461330178163065e-01
1.2933294171953200e-01
1.2725239897081891e-01
1.2740611887725245e-01
1.2769706740874168e-01
1.2502483949419463e-01
1.2392095310348110e-01
1.2046124135534025e-01
1.2791430002991694e-01
1.4146066833036955e-01
1.5336956805087032e-01
1.5363133305463519e-01
1.5806386367913083e-01
1.5766765839887464e-01
1.5208303782842786e-01
1.6288060216424360e-01
1.4623379472201084e-01
1.5031848682504781e-01
1.5325959828910907e-01
1.6512459037701985e-01
1.6809961289072106e-01
1.6492547983300265e-01
1.5396493509562531e-01
1.5396589772486183e-01
1.5852783052264433e-01
1.6166081495120799e-01
1.4140677253487191e-01
1.3769211263390552e-01
1.3393546451100966e-01
1.5374647201557706e-01
1.7730454947207988e-01
1.6851691063244689e-01
1.5299479322519066e-01
1.4217320950260950e-01
1.3317607544448537e-01
1.3635135117715430e-01
1.3448909742276163e-01
1.3523567143335863e-01
1.3858593185464593e-01
1.3426945760265085e-01
1.2822486137253175e-01
1.1664429316984946e-01
1.4991309546568479e-01
1.3736560250092186e-01
1.2639662910291460e-01
1.2487634516150323e-01
1.3079359723051895e-01
1.4271651644685296e-01
1.3028911892005643e-01
1.3303513168066142e-01
1.3014460525851762e-01
1.2450429520278178e-01
1.2197462379202451e-01
1.2974829619506592e-01
1.3215654631546450e-01
1.3612162687920104e-01
1.3289540719141596e-01
1.3868443734136002e-01
1.3549393029780951e-01
1.2683789690195227e-01
1.3657683902306414e-01
1.5083536110545334e-01
1.4760102497308611e-01
1.4220774942451417e-01
1.4406738535407773e-01
1.2993338520513598e-01
1.2989893722533377e-01
1.2807986663263360e-01
1.2715221524298939e-01
1.3272849009861923e-01
1.3423595533877042e-01
1.2937921814528774e-01
1.3310918536861222e-01
1.3347513300635694e-01
1.2566511681794842e-01
1.2285019753018644e-01
1.2927710636499301e-01
1.2993884843016720e-01
1.2585317175888172e-01
1.2643235277746370e-01
1.2856970495124576e-01
1.2463131473783347e-01
1.2969327946865764e-01
1.2613138954283876e-01
1.2827889008676938e-01
1.2673393279274528e-01
1.3230367488179312e-01
1.2760306475560390e-01
1.3197833980563789e-01
1.2025377821569665e-01
1.1660016078688548e-01
1.2056450812607458e-01
1.2027677945153484e-01
1.1096831832134744e-01
1.1702941628232193e-01
1.1308491083381071e-01
1.0768607923897906e-01
1.1180427048837561e-01
1.1245138659761739e-01
1.1573662248001082e-01
1.1412608493798913e-01
1.1481287757685528e-01
1.0774862230165989e-01
1.0708074578003308e-01
1.0694566900981145e-01
1.0732935615237801e-01
1.0963759030826305e-01
1.0970067335953586e-01
1.0868013375848182e-01
1.1223229125386058e-01
1.1036124129675995e-01
1.1700288517255149e-01
1.1074827957769465e-01
1.1301377522610861e-01
1.1787903088869388e-01
1.1776864783338084e-01
1.2051956389586080e-01
1.2604280526238301e-01
1.2138620340279538e-01
1.2600877763671764e-01
1.1524230821079730e-01
1.1762027086370297e-01
1.1729937077954618e-01
1.0920721842288000e-01
1.0630739067773760e-01
1.1732778244341777e-01
1.2175211365475418e-01
1.2725970528294739e-01
1.2438562453001750e-01
1.2002544783361864e-01
1.1995310450609958e-01
1.2094014806200398e-01
1.2862888457986141e-01
1.2294990552353464e-01
1.3817584442691991e-01
1.3226727158602600e-01
1.1657484618155016e-01
1.2173940424746846e-01
1.1622406361662789e-01
1.2602735035832197e-01
1.3271838511576980e-01
1.4284715544355781e-01
1.4044751090205745e-01
1.4438765421380007e-01
1.4818202142165351e-01
1.5336484500289713e-01
1.4995522112643975e-01
1.4781312546848915e-01
1.3964162065052274e-01
1.2869720782947663e-01
1.3414399970930582e-01
1.3017877247602974e-01
1.2624754814977843e-01
1.2136845539004631e-01
1.2138596820384401e-01
1.1519984638049617e-01
1.1911044646984351e-01
1.1654462589808479e-01
1.2157489853811347e-01
1.2440388855377750e-01
1.2833710827635053e-01
1.3438006914580361e-01
1.3854137166922553e-01
1.9824434625224160e-01
2.1473813592119051e-01
1.7394374791244632e-01
1.8360270403570478e-01
1.8563222749462796e-01
2.5005551472218018e-01
1.5316999972676817e-01
1.6473113831838546e-01
1.7045011218996492e-01
1.7979831863271431e-01
1.4441111294960812e-01
1.4669873863780977e-01
1.7665867960580756e-01
1.4813836653940471e-01
1.2810296678046984e-01
1.3176350089082933e-01
1.2462568728941005e-01
1.4035223169463537e-01
1.3442219244589418e-01
1.3854249872649840e-01
1.4521963346709826e-01
1.5952004286753654e-01
1.4285372860338474e-01
1.4520343542026248e-01
1.6237156436285463e-01
1.5999110720100179e-01
1.3535755810361971e-01
1.2457088049370346e-01
1.2402064721936926e-01
1.2794249726154772e-01
1.3154405598694105e-01
1.3426942817464016e-01
1.3990752873083534e-01
1.4469713851648353e-01
1.3491271308403011e-01
1.4377004647673419e-01
1.2953934198337497e-01
1.3935278750256758e-01
1.8371348559239550e-01
1.1820625811969961e-01
1.1162939461723101e-01
1.3230893503555430e-01
1.1422606245383390e-01
1.0683306268762452e-01
1.1986560259807998e-01
1.3408813363919800e-01
1.3251658120931040e-01
1.2683807793010349e-01
1.5484942541349803e-01
1.4614037581520717e-01
1.6651892284840644e-01
2.4714066869637299e-01
1.8454395168077375e-01
1.6175681972394010e-01
1.8153324428555620e-01
2.0159123752822627e-01
1.6993060526171880e-01
1.7556514756306979e-01
1.4254528414648987e-01
1.4436271515603180e-01
1.3984016342269601e-01
1.4306167235669029e-01
1.1948549381587367e-01
1.1986705251687217e-01
1.1753499039304914e-01
1.1586981765691982e-01
1.2244451650234801e-01
1.1459105621903495e-01
1.1325532188754868e-01
1.2144957120235396e-01
1.1938770266610486e-01
1.1954896396715142e-01
1.2618681273981347e-01
1.2095572729630524e-01
1.0061943688419379e-01
1.1694982184243698e-01
1.2786108968392187e-01
1.4972460819902611e-01
1.4522759266184904e-01
1.4525566478541693e-01
1.4299291499685832e-01
1.4919571350219701e-01
1.4494828488015707e-01
1.3973790495694080e-01
1.4120299460110666e-01
1.4592447361132588e-01
1.4578176556687811e-01
1.4783973569170070e-01
1.3928354887302263e-01
1.2800823674826828e-01
1.2446771730155755e-01
1.2295254978805913e-01
1.1986058766874873e-01
1.2471479007931810e-01
1.5702955525577342e-01
1.3968638059106284e-01
1.5279369756146616e-01
1.6240157205298625e-01
1.4995606844762666e-01
1.7746495773160847e-01
1.7475417830036252e-01
1.8049109562191643e-01
1.6608448213449428e-01
1.6622218047769377e-01
1.7904495261421016e-01
1.6946170005584993e-01
1.5097272331548534e-01
1.5957303913599089e-01
1.4631990159685546e-01
1.6045847769024527e-01
1.5020670743627917e-01
1.4100232341381641e-01
1.3174862264014880e-01
1.3378257282871217e-01
1.7786824200655416e-01
1.2426959506826528e-01
1.1804827037421148e-01
1.5061770037455469e-01
1.5718248762131867e-01
1.8326528187555419e-01
2.0011525971214422e-01
1.6255323642735026e-01
1.6820890106324107e-01
1.5754939016853842e-01
1.5005088054499141e-01
1.2460403300679129e-01
1.2677391056223730e-01
1.3917779894612678e-01
1.4538033408545820e-01
1.4242802060203771e-01
1.4416120622534989e-01
1.5823101562197531e-01
1.6003213656535120e-01
1.7731550464057177e-01
1.7981524477768876e-01
1.8114660405546279e-01
1.8916461736013393e-01
1.8642811341179974e-01
2.0454263060507230e-01
2.1075393886025243e-01
1.9696422351612461e-01
1.7952927393702200e-01
1.9343150586769411e-01
1.7089569509641225e-01
1.6731532353145895e-01
1.7137506728914947e-01
1.6953116070509125e-01
2.0598210455225999e-01
1.9487733106180374e-01
1.6411901334751888e-01
1.9367994553996340e-01
2.0187761792227041e-01
1.6451726453114382e-01
1.6686534234258096e-01
1.7868642207609003e-01
1.8368174446755103e-01
1.6572150079099021e-01
1.6373337179436567e-01
1.8331491793564478e-01
1.8904505050890999e-01
1.9414861495362967e-01
1.9258731942014584e-01
1.9314498781496992e-01
1.7586363810342559e-01
1.8115065046168766e-01
2.1114707314644890e-01
1.6443722748255374e-01
1.6608214879821137e-01
1.5394290001557120e-01
1.5587819682388412e-01
1.8330990338439407e-01
1.4388982062391725e-01
1.4935651303061373e-01
1.4245194666365477e-01
1.3846887115988069e-01
1.3112689890174578e-01
1.8669378007683932e-01
1.9156176327780283e-01
1.9150271294789298e-01
3.4125715094487141e-01
1.2352941162695720e-01
1.1967611324931028e-01
1.1842284862743074e-01
1.2712189995538559e-01
1.2327578892430939e-01
1.4396822857078623e-01
1.4259509597552270e-01
1.3356144178397136e-01
1.3625651297904171e-01
1.3758181609294742e-01
1.4077389859806283e-01
1.9516371390413262e-01
1.3920581035052565e-01
1.3463405257981007e-01
1.2884377434492955e-01
1.3049104540827114e-01
1.3699692588740331e-01
1.1898090656395505e-01
1.2074487837189965e-01
1.3230831161320097e-01
1.2916325016746510e-01
1.2738192466120077e-01
1.2202397578495447e-01
1.2151506138988241e-01
1.3276317396371798e-01
1.3249128372661104e-01
1.3079030492453594e-01
1.3613249441273859e-01
1.4142230009947693e-01
1.4642289267840899e-01
1.2823268510291033e-01
1.3013661046678704e-01
1.4570112742607269e-01
1.4142504531362809e-01
1.1599683514767462e-01
1.1813881243881523e-01
1.3825233202728535e-01
1.4830769711284364e-01
1.7994831706183681e-01
1.5855829799673737e-01
1.5362698287168441e-01
1.2490474967090150e-01
1.1411646651722661e-01
1.3013130189486954e-01
1.1656518667337437e-01
1.1577600108770189e-01
1.3004165774321283e-01
1.1160869374633449e-01
1.1285022601317275e-01
1.0151603444813953e-01
1.0255838167787237e-01
1.0603514170609120e-01
1.2106845814211872e-01
1.2032716509001436e-01
1.1820207665280869e-01
1.0981796043619188e-01
1.1131658927529361e-01
1.2467331412428927e-01
1.0355878568472139e-01
1.0885124446965237e-01
9.8760230226886986e-02
9.0499719718313235e-02
9.0598890470795335e-02
9.3728202784953960e-02
9.7368856384397448e-02
9.7007709133425546e-02
9.6689564181200408e-02
9.5344911169618490e-02
9.8328742697547031e-02
1.0855103355363360e-01
1.0903823451383073e-01
1.0766076388493211e-01
1.1594170109394469e-01
1.2203376865321811e-01
1.1277497027258264e-01
1.0892640350551722e-01
1.1885342120240079e-01
1.1925136341259623e-01
1.0909301340985275e-01
1.1927688125185096e-01
1.2218464973411254e-01
1.2128354933706667e-01
1.1906912033106756e-01
1.2109812863737542e-01
1.1630119454307740e-01
1.1347971538378739e-01
1.1204592745648684e-01
1.1049395853126248e-01
1.1296335226426409e-01
1.1491287949593793e-01
1.1682989287565332e-01
1.2346234350712271e-01
1.1293512099694439e-01
1.1543002672161361e-01
1.2318772009298541e-01
1.1304794449360607e-01
1.0645609680745770e-01
1.1828311198225068e-01
1.3330275950750786e-01
1.3242629466319539e-01
1.3126971387519140e-01
1.1193883170279104e-01
1.2406191233798092e-01
1.1296326586588433e-01
1.0346950127696623e-01
1.0479791064590063e-01
1.0794823066342163e-01
1.0474051380480077e-01
9.5601403394892592e-02
9.7783217065865222e-02
9.8156838361524279e-02
9.3757019591639748e-02
9.7535582414843891e-02
1.0060833500996372e-01
9.6591394812845344e-02
9.9601066175913272e-02
1.0268617082895982e-01
1.0510929571984134e-01
1.0133081053415548e-01
9.6270314769370716e-02
1.0189355208857823e-01
1.1005445847006284e-01
1.0509936229587087e-01
1.0765944875670622e-01
1.0906545560402553e-01
9.7765314753618437e-02
1.0184565499186751e-01
9.5225583278545772e-02
1.0028744079814990e-01
9.7069201126001536e-02
9.4157322672872384e-02
9.1071849805647573e-02
9.0824984290163613e-02
9.3649021116086958e-02
9.1747120387807954e-02
8.9757032715729254e-02
8.7506667342057282e-02
8.3688686709213367e-02
8.5231936418465076e-02
9.0391812537725241e-02
9.6534906249575517e-02
1.0588220529099102e-01
1.0684134849025748e-01
1.0656895905664954e-01
1.0666297061771481e-01
1.1695701935476083e-01
1.2714878532208318e-01
1.0924157384295852e-01
1.0501622150802818e-01
