1
1000
1.5726860113197624e-01
1.0796302159269063e-01
1.0637979885639302e-01
1.0510679955171673e-01
1.0417725047866529e-01
1.0228754348993986e-01
1.0115140696765350e-01
1.0016115704439249e-01
1.0153515239285993e-01
1.2079331804729518e-01
1.1372155729767068e-01
1.0250371986275356e-01
1.0768398827432397e-01
1.0223464034152024e-01
1.0426719643908186e-01
1.0531499773534009e-01
1.1262724680995585e-01
1.2731870616488544e-01
1.2282702262111364e-01
1.2119110985630072e-01
1.0528210366098001e-01
1.0680200114664651e-01
1.0850314477437660e-01
1.0633319017025489e-01
1.0691294840793128e-01
1.0914280519825377e-01
1.1254842669688488e-01
1.2391475754955916e-01
1.1667202069087219e-01
1.1589576416777300e-01
1.1487886680639534e-01
1.1928687846175318e-01
1.2191312677299676e-01
1.2462128164790438e-01
1.2506013815356928e-01
1.2737377258194912e-01
1.3135935766868245e-01
1.3023587474553280e-01
1.2099976851166069e-01
1.1747775524804269e-01
1.1617705384338334e-01
1.1880548275804052e-01
1.2314838057405347e-01
1.1849032125684941e-01
1.1104681966926426e-01
1.1342329215644067e-01
1.2804440640158943e-01
1.2277836707849969e-01
1.1878621286581502e-01
1.2126951620517742e-01
1.1735992628742382e-01
1.1742770287201947e-01
1.2344879977352137e-01
1.2215103176863140e-01
1.1442006838924774e-01
1.1447020005166987e-01
1.2039883119845932e-01
1.1979437616089372e-01
1.2761850495186072e-01
1.3335888879413565e-01
1.3331854634084644e-01
1.3228319208086917e-01
1.1897328140526835e-01
1.1730185070780032e-01
1.2895837680258618e-01
1.2791555424455689e-01
1.2893478541196721e-01
1.1950650112383339e-01
1.1741786687415277e-01
1.0886219087448917e-01
1.1101848357863070e-01
1.1512216314786455e-01
1.1492774030485042e-01
1.1541327952718271e-01
1.2019376561472386e-01
1.1756474885551632e-01
1.1885126303149304e-01
1.2450531778868899e-01
1.3637714670796849e-01
1.3497304205974481e-01
1.4175763449176629e-01
1.3423529259625122e-01
1.3951263925411686e-01
1.1685896645040122e-01
1.2598433229530998e-01
1.3502387915478120e-01
1.3349206292426419e-01
1.2853365987986057e-01
1.2651892635690307e-01
1.3207365206398566e-01
1.3030865131668334e-01
1.3032090261035478e-01
1.4392744930717824e-01
1.4980644163029211e-01
1.4801706910088500e-01
1.3864479955552711e-01
1.3783596669753118e-01
1.3350556839405411e-01
1.2960322820099412e-01
1.2346749729842468e-01
1.3362388070766398e-01
1.3393321251196624e-01
1.2300393825263210e-01
1.1889436234022588e-01
1.1856107791223736e-01
1.0881186393815959e-01
1.1759940275766324e-01
1.2282750399572805e-01
1.2013945838669131e-01
1.3093408496207914e-01
1.2905847028494608e-01
1.3993674668405162e-01
1.4407620629913948e-01
1.4761176006711854e-01
1.4463775422559016e-01
1.5124887553762706e-01
1.3780566996696847e-01
1.3593894890415351e-01
1.4444042463738796e-01
1.4856784392529598e-01
1.5269671871601770e-01
1.5427745154224057e-01
1.5466730409153923e-01
1.5414930757945058e-01
1.5226604643360120e-01
1.4915238687760080e-01
1.4737879788683947e-01
1.4934923665101302e-01
1.3802876550274865e-01
1.3870706385355017e-01
1.5108002537613890e-01
1.5224400901617618e-01
1.4717520657767216e-01
1.5128869461395061e-01
1.4388368886783970e-01
1.4025481725380284e-01
1.4692786804731689e-01
1.3916294073025243e-01
1.5129823211158724e-01
1.5344394975233855e-01
1.5808946215389422e-01
1.5489787237259381e-01
1.5537899400252622e-01
1.5236636311230586e-01
1.5569426876158346e-01
1.4855747333803959e-01
1.3317889853747725e-01
1.4094528516150021e-01
1.3004528208607663e-01
1.2026017827623424e-01
1.3006700439086202e-01
1.2499714542260118e-01
1.2102376513123750e-01
1.3775390283792643e-01
1.4739959974139299e-01
1.4621689035836133e-01
1.5129534471773928e-01
2.1588701152552603e-01
1.5612467402126315e-01
1.4072788360068611e-01
1.5620830744328526e-01
1.2872614583182182e-01
1.3321557457720859e-01
1.5301143959390859e-01
1.4842079018140386e-01
1.3007838444933170e-01
1.2654515579515219e-01
1.2672734733243340e-01
1.2373772232635771e-01
1.2981834282047766e-01
1.2074963048660134e-01
1.1755762770159697e-01
1.1461429030242591e-01
1.2575887627763815e-01
1.2301595101003382e-01
1.1805459588260443e-01
1.1673484777442816e-01
1.1637284988973207e-01
1.1669368364688064e-01
1.0969648145637921e-01
1.0552111960875225e-01
1.0476529259694153e-01
1.0239183011656365e-01
1.1891255200300543e-01
1.4986794056252217e-01
1.8793657317701865e-01
2.0042000913082134e-01
1.3996571985230938e-01
1.5331914917024608e-01
1.4311413737953035e-01
2.6017103245613560e-01
1.4987855725089613e-01
1.5598724047518675e-01
1.8324135571773278e-01
1.9623683855315371e-01
2.0474738185470678e-01
1.8532122330443099e-01
1.5590143870003811e-01
1.6812638058907303e-01
1.7450711146008527e-01
1.6570878200545203e-01
1.6425455417840951e-01
1.6169062033343387e-01
1.7182793714436032e-01
2.2452090080947790e-01
1.6768303475553711e-01
1.7840537819964852e-01
2.3683173945323319e-01
2.1963637043700820e-01
1.4310572277549588e-01
2.3708698587546645e-01
2.0518149220711857e-01
2.1746018231097630e-01
2.1877719667141757e-01
1.9325598951075104e-01
1.7668157589201472e-01
1.7326523519777504e-01
1.5123766220401835e-01
1.5610046727144394e-01
1.6587553782313566e-01
1.6029432007404296e-01
1.8718567921620582e-01
1.6454239990143013e-01
1.7572971249839134e-01
1.9212192081526827e-01
1.9212192081526827e-01
1.9132965574767102e-01
2.0991347204199964e-01
2.2243043986878178e-01
2.1448557810582769e-01
2.1292605103103690e-01
2.0701317678995221e-01
1.9903012336728118e-01
1.9915343141216924e-01
1.9915343141216924e-01
1.8780168217177745e-01
1.8780168217177745e-01
2.0636239553028754e-01
1.8665715879427097e-01
1.9825938274688237e-01
2.2407838047560491e-01
2.2555912601676809e-01
2.1582892645570356e-01
2.2716836343689756e-01
2.3631619349380112e-01
2.2343990118685242e-01
1.8581750147805728e-01
2.1578219024652079e-01
2.3972979567720945e-01
2.0470352153101107e-01
2.2251659699643922e-01
2.1886733044256565e-01
2.0561175314704097e-01
1.8365659275228807e-01
1.7338615665044177e-01
2.7673927368715245e-01
2.5043048131066359e-01
2.6882566283293441e-01
2.6013626861927580e-01
2.3760210129466619e-01
1.6550305071555690e-01
1.4962206524887212e-01
1.4564292456412031e-01
1.6740223378715499e-01
1.6119346179700589e-01
1.6422341008074795e-01
1.5988203417768207e-01
1.3942175391032577e-01
1.3742025320080112e-01
1.3901346314181523e-01
1.8710778836081979e-01
2.0114503471843567e-01
1.4935610101128505e-01
1.4847127779435546e-01
1.2947560321450208e-01
1.2230185087549000e-01
1.5300654299501390e-01
1.3326122309785782e-01
1.3374670582559017e-01
1.3432611803985200e-01
1.3850584673254859e-01
1.4336495474830740e-01
1.4237519057945738e-01
1.4124246326914350e-01
1.4514821232445527e-01
1.5272969611769818e-01
1.2999222919861986e-01
1.4497791900855050e-01
1.4303358076974479e-01
1.4323820081664082e-01
1.6273901399977980e-01
1.5978056458570983e-01
1.7726692070434141e-01
1.5836080513435360e-01
1.6368726637324912e-01
1.6024999744195681e-01
1.5230412387112879e-01
1.3833526013475128e-01
1.2640487167975564e-01
1.2174746648379285e-01
1.1240123305018040e-01
1.1393090900587940e-01
1.1088366352177395e-01
1.3397745193711974e-01
1.4348321690014798e-01
1.9053536473437865e-01
1.5424051574218575e-01
1.3843813443904068e-01
1.1453560895492899e-01
1.0598091745037698e-01
1.1297827993042199e-01
1.0041718581268327e-01
1.0171655340034377e-01
9.8235592664008831e-02
1.0771347592404194e-01
1.0457484261090350e-01
1.0615781956379579e-01
1.0807881764661489e-01
1.2264449195079972e-01
1.2067481838933988e-01
1.1707816275933214e-01
1.3125081074818096e-01
1.3438801720622853e-01
1.5139991583027493e-01
1.2847751061386739e-01
1.9402284699803488e-01
1.4134692568277646e-01
1.4838745140137641e-01
1.3350118335494277e-01
1.4690115364884859e-01
1.4941881375145016e-01
1.2735147160685245e-01
1.3060183129453448e-01
1.3355925327505844e-01
1.5007292058488322e-01
1.5052284551803463e-01
1.7979866828566282e-01
1.5714788794924706e-01
1.5162786504515455e-01
1.5029563950511396e-01
1.5492711359697256e-01
2.2176857794729524e-01
3.3617847880964347e-01
1.8753488302782831e-01
1.6763601686349378e-01
1.5478429081996165e-01
1.2783960818014464e-01
1.7041385992893215e-01
1.9615560076116259e-01
2.1480938400479288e-01
2.2609972957056634e-01
2.2509781876010301e-01
2.0442053038627062e-01
2.3035035467763545e-01
2.8003621120202604e-01
1.8081396589978993e-01
1.9217088922082476e-01
1.9778817761301579e-01
2.3788362583390071e-01
5.0546951938133300e-01
4.0893289697256796e-01
1.8024588529941743e-01
1.8914187096446688e-01
1.9947015916599609e-01
1.9451784820238785e-01
2.0387492230248447e-01
2.2837491067096891e-01
2.2650549640776735e-01
2.2566747210382723e-01
2.3051503018800440e-01
2.3730870801008641e-01
2.0751640560998175e-01
1.8048886993723090e-01
1.8609815304189475e-01
2.0216430166506175e-01
1.8987986748384317e-01
1.7315204937712292e-01
3.5135640697453302e-01
3.6878567771024884e-01
1.7466931920230308e-01
1.9349140865226908e-01
1.8758556982849256e-01
2.0049761496578486e-01
1.8143620445559383e-01
1.7059474357920160e-01
1.5373869800968948e-01
1.3991551939243776e-01
1.3946944606977335e-01
1.3238495489154936e-01
1.5375545020516371e-01
1.4205042204709134e-01
1.6245969021012382e-01
1.4306263771589017e-01
1.5404758438081623e-01
1.4536917494708029e-01
1.4400061718486684e-01
1.4090962211350944e-01
1.4610153121648561e-01
1.4663560939020345e-01
1.4797261485389890e-01
1.5296282407089976e-01
1.4408670730968770e-01
1.5466977387893027e-01
1.3359662514841250e-01
1.4846766154961602e-01
1.5820610475693955e-01
1.6111258197353309e-01
1.4467298077894758e-01
1.5563670159339801e-01
1.6161298359442047e-01
2.1887598776646197e-01
1.7625218781519233e-01
1.8642400914839904e-01
1.5731195722926586e-01
1.7517666918019681e-01
1.6933190180505633e-01
1.6101261489998539e-01
1.5883430061277409e-01
1.5615455679954160e-01
1.6382674543298242e-01
1.6985277826981771e-01
1.6540177223557995e-01
1.6442531816641329e-01
1.6425221806163193e-01
1.7154517575082756e-01
1.6031425142412264e-01
1.5834020953066927e-01
1.4811235371469747e-01
1.4292190598518617e-01
1.6937298459415642e-01
1.7690407587611712e-01
1.8495470002111586e-01
1.4540887478917791e-01
1.4048094407703668e-01
1.2864648177439234e-01
1.3151098532415692e-01
1.3630522710131490e-01
1.3246634121485631e-01
1.3050865596916958e-01
1.3492907578073832e-01
1.3059215497296608e-01
1.4465649819442392e-01
1.7165795223427860e-01
1.6177118326728887e-01
1.5576661447639673e-01
1.5094156412451701e-01
1.4140778260481082e-01
1.4353522128912610e-01
1.3411340230167321e-01
1.3098075900525147e-01
1.4704327327439309e-01
1.3321495620711493e-01
1.3203569366156967e-01
1.4935578980604267e-01
1.4374394096615867e-01
1.4815800696236445e-01
1.4782873372858524e-01
1.5516441621811691e-01
1.5030899990269936e-01
1.2056837223552141e-01
1.2829427425342521e-01
1.3476253189911508e-01
2.3470049772036833e-01
2.2282755816556776e-01
2.1673573999167592e-01
2.0114446178834963e-01
1.1845987640570023e-01
1.2620788799051114e-01
1.2778700625671965e-01
1.3793062251261529e-01
1.3863099561427894e-01
1.5549848164231864e-01
1.4753708540617272e-01
1.5550949248013965e-01
1.9406064758366978e-01
1.3878565535661452e-01
1.3401167058149505e-01
1.2713798123263037e-01
3.0128948295870028e-01
1.6370585843618746e-01
1.5201949569080944e-01
1.4192039465720729e-01
1.5027428727164885e-01
1.5252045004023476e-01
1.5856302845354636e-01
1.8078354748641551e-01
1.9834614685104809e-01
1.6883279903443241e-01
1.7632411252029206e-01
1.6504044983991700e-01
1.5091622352113190e-01
2.0630930030618388e-01
2.2719158956831531e-01
1.6744160383434728e-01
1.6495811733301274e-01
1.6335320793588243e-01
1.7045226754616813e-01
1.6756072539315819e-01
1.3624107679706782e-01
1.1717861191535139e-01
1.2161507151576523e-01
1.4788116292013595e-01
1.5915672181638793e-01
1.4423046151365193e-01
1.4776930341846239e-01
1.4854920032678043e-01
1.7723999138329383e-01
1.3074065207393987e-01
1.1747968373082379e-01
1.1288000291993726e-01
1.1906635136865137e-01
1.3566360762007848e-01
1.3733388649112091e-01
1.2613297242594096e-01
1.6851615625954888e-01
1.5879860805545623e-01
1.4836753600103034e-01
1.3312046186287338e-01
1.2730531110214829e-01
1.2375066173460329e-01
1.2019942484195031e-01
1.2599468064604077e-01
1.1275717187330471e-01
1.2298077309472860e-01
1.2234704447974545e-01
1.3381188587941123e-01
1.3245306670130033e-01
1.5351299695524448e-01
1.4680107402226852e-01
1.2758950795170798e-01
1.5431890051931979e-01
1.2423695165137116e-01
1.2619815909542051e-01
1.2066998734853698e-01
1.2222068951636791e-01
1.3032881235997518e-01
1.2399824018341211e-01
1.4357269035857589e-01
1.3496687986526093e-01
1.1308245547232376e-01
1.0276447194023643e-01
1.0859054832064287e-01
1.1059092700742595e-01
1.0972919786347352e-01
1.0394594298090201e-01
1.1870333184420913e-01
1.1163914652363519e-01
1.2197536275658510e-01
1.1815585898529241e-01
1.1677073866051380e-01
1.1287755683791087e-01
1.2519619551568478e-01
1.4263711558983505e-01
1.4994793974376430e-01
1.6285847261969952e-01
1.8847626707952356e-01
1.8201676057064969e-01
1.6264377330256408e-01
1.5990234751142987e-01
1.4624104722247608e-01
1.4628321734108052e-01
1.6475952451610007e-01
1.4834575170336411e-01
1.4283181219270286e-01
1.1904048002555141e-01
1.3966343610236842e-01
1.2927690888607052e-01
1.4175020561302534e-01
1.1362595679205015e-01
1.5116703780720445e-01
1.6610933209398163e-01
1.7313486979048265e-01
1.3794805631666837e-01
1.3192589799524154e-01
1.1445730614409999e-01
1.2710719871424905e-01
1.2640966733437003e-01
1.1433135101661998e-01
1.4471387593842716e-01
1.2707457993648227e-01
1.4570258123603672e-01
1.5195915114046835e-01
1.4274414030142385e-01
1.2820072921535217e-01
1.3045314040974268e-01
1.2618047765351897e-01
1.2275345672471136e-01
1.2591583337108678e-01
1.0486559673835190e-01
1.1150981637682682e-01
1.0948745624784927e-01
1.2271077416126581e-01
1.2962891789071951e-01
1.3468365076876435e-01
1.3516262387024425e-01
1.5031239429044579e-01
1.1313558374791693e-01
1.3134550291411451e-01
1.3817960025948861e-01
1.3462532193633756e-01
1.6563415648764299e-01
1.7901301272432968e-01
1.7164163048981412e-01
1.5933957460369852e-01
1.6550245350486109e-01
1.6522510051368453e-01
1.6371542827531740e-01
1.5514466254607859e-01
1.6798464240524486e-01
1.8641396770092158e-01
1.6370721421757498e-01
1.7839625812362261e-01
1.5100898488134351e-01
1.5910485937791924e-01
1.7201099540276973e-01
1.6609639060312564e-01
1.3763151028306655e-01
1.4082420543439370e-01
1.2178352622115388e-01
1.4694973262714636e-01
1.4846758288620590e-01
1.3040873907708664e-01
1.3132060644232577e-01
1.2169311822812880e-01
1.3166664790418811e-01
1.4165826974272056e-01
1.3402374483234136e-01
1.2374491282167609e-01
1.2638879989922203e-01
1.3622340827220375e-01
1.3302561373850033e-01
1.3788814617914347e-01
1.4321609897488111e-01
1.4080311530956302e-01
1.4082056403469517e-01
1.6952470546931522e-01
1.6508228550138312e-01
1.7512283279815077e-01
1.7609952874340287e-01
1.8141990683972278e-01
1.6795993925834962e-01
1.3727077861312456e-01
1.2941773884248098e-01
1.2803737398830040e-01
1.1949573707650905e-01
1.2462878203817997e-01
1.4993339872409073e-01
1.8813163182347498e-01
1.8653484908801782e-01
1.4753146104756076e-01
1.4824717903051168e-01
1.4179188449464764e-01
1.4441484487150733e-01
1.3163221553630447e-01
1.5426686412146490e-01
1.4734342941342887e-01
1.4501498996882595e-01
1.2743101827384357e-01
1.2160895339454432e-01
1.8636783271280810e-01
1.9230717116644591e-01
1.7693216169132522e-01
1.9364859732309128e-01
1.9024722861810514e-01
1.9640339993283223e-01
1.6890385391647506e-01
1.7367476692598893e-01
1.8055414540806236e-01
1.6851383991353358e-01
1.9499724993938400e-01
1.6921617492358354e-01
1.7493873332234583e-01
1.8018503311962392e-01
1.8034326984840399e-01
1.8280622323779261e-01
1.8472086569789231e-01
1.6801083262556291e-01
1.3897831789832027e-01
1.4516641643948416e-01
1.3959223203486107e-01
1.3262654274215380e-01
1.1816738684858082e-01
1.2702857301367956e-01
1.3876011839431468e-01
1.3701118568305184e-01
1.3848229020514471e-01
1.7378697581422539e-01
1.7181347911035888e-01
1.9759559532273627e-01
1.9095527136634735e-01
1.9788978511776950e-01
2.0174092859058795e-01
1.7398276411643965e-01
1.8127411020844467e-01
1.8796575897948994e-01
1.8146251965864532e-01
1.8597340605023502e-01
1.9762792075225491e-01
2.1028530270547732e-01
1.4553161386259686e-01
1.4198796655829768e-01
1.9918404818180993e-01
1.6274654134052266e-01
1.5976998898292227e-01
1.5448630435356475e-01
1.5594618847098871e-01
1.4396753092834635e-01
1.5381412130288524e-01
1.7800128981537619e-01
1.6434815270545988e-01
1.7782162422754394e-01
1.7556591279712708e-01
1.9211959758614616e-01
1.5259989624655343e-01
1.6112883526862856e-01
1.3667750207960322e-01
1.5772821594172659e-01
1.4789920603874460e-01
1.7111707999233283e-01
2.0021468857524458e-01
2.0010796335196354e-01
1.9201228193511707e-01
1.9802549251411747e-01
2.1205870939029281e-01
2.0982750409337700e-01
1.6650252492435760e-01
1.8367035442920565e-01
2.2315980158012524e-01
2.2109538719674393e-01
2.4438438756510869e-01
1.5713778437195269e-01
1.3642514971545527e-01
1.4684565052724827e-01
1.5185167679477884e-01
1.3969347042096131e-01
1.3075019273478397e-01
1.3652068216688834e-01
1.6119561326590240e-01
1.6230849586906096e-01
2.3548487082786301e-01
1.5743443507765431e-01
1.4788603215365073e-01
1.3012362295462254e-01
1.3377296956940110e-01
1.3360436437505130e-01
1.4394992573554366e-01
1.3580106095560063e-01
1.3362224348048499e-01
1.2905164854699744e-01
1.7181027047679576e-01
1.7434431236852277e-01
2.2715309486523519e-01
1.7556837597585279e-01
1.7456312723111986e-01
1.8316112282684455e-01
1.5884170709168996e-01
1.5217893743897268e-01
1.4788334729656363e-01
1.7183219069070901e-01
1.3264623148784010e-01
1.2784845457657881e-01
1.3507180299639918e-01
1.2084150144825774e-01
1.7286219353566351e-01
1.8268077196891183e-01
1.3791867066559516e-01
1.2275878416156980e-01
1.3005711174347170e-01
1.3582664382855947e-01
1.3884103083753507e-01
1.3675668657907614e-01
1.2818739187608399e-01
1.2281529653842459e-01
1.2948550415004750e-01
1.5326418365064970e-01
1.2668422917496092e-01
1.2176149675425915e-01
1.4096884929101167e-01
1.2651224940485054e-01
1.3907442746990731e-01
1.5108729117780667e-01
1.4129632476713852e-01
1.4522544507353388e-01
2.0470885245519291e-01
1.7260643586262017e-01
1.4967136089042193e-01
1.4365305887175339e-01
2.4912623179886814e-01
1.4662404725483946e-01
1.5615964929905973e-01
1.6008470460643731e-01
1.7021106143851830e-01
1.7263269814501497e-01
2.4825047717227669e-01
2.4252645801196279e-01
1.6865138773064395e-01
1.6187964144329151e-01
1.7184706765147154e-01
1.5890420279290432e-01
1.6654454522006243e-01
1.6989095770335097e-01
1.6110000478735301e-01
1.6095043282577057e-01
1.8292802680021369e-01
2.0887738141167633e-01
2.2039863143979674e-01
3.9082812460609290e-01
2.2180115950253160e-01
2.2998180890156913e-01
2.0190882086632120e-01
2.2563001196211460e-01
1.8872895396543338e-01
1.8725903758549492e-01
1.7629536050468758e-01
1.8570422624991539e-01
1.9082888447274457e-01
1.7695640965198045e-01
1.6410100859854285e-01
1.6244734597201005e-01
1.5626145919180520e-01
1.4735959742189855e-01
1.5563961590964662e-01
1.5421774424249551e-01
1.5609017760943791e-01
1.6378224660482538e-01
1.7456206320898762e-01
1.7371380752158433e-01
1.6717176139757575e-01
1.6795857320330954e-01
1.7241434244905174e-01
1.7129482882846478e-01
1.9932855006266781e-01
1.6324724950810265e-01
2.1687749975305415e-01
2.0432299430965770e-01
1.5769556817234237e-01
3.2501645222247483e-01
2.1053407594546214e-01
1.2782838449945536e-01
1.3483682463439442e-01
1.4695347605346085e-01
1.6407634397230356e-01
1.5961273831052053e-01
1.6048187995125388e-01
1.6343828278285560e-01
1.6023657073018768e-01
1.6961701558076406e-01
1.5149908868639225e-01
1.4570795278213933e-01
1.4157176961999859e-01
1.5147392705865531e-01
1.5207738631073689e-01
1.5909883601769356e-01
1.5143128538425502e-01
1.6811310350873804e-01
1.7586846120037156e-01
1.5098201047980986e-01
1.6931283383430318e-01
1.3874002443157640e-01
1.5454584899405790e-01
1.3765958256613436e-01
1.3253076841165065e-01
1.2020114227531387e-01
1.4115310642984066e-01
1.8120761803318072e-01
1.5783449936621949e-01
1.5174115533299262e-01
1.2485775040943704e-01
1.3327616862404812e-01
1.2742300644812596e-01
1.0647629434453325e-01
1.1010527458486480e-01
1.7919003874379844e-01
1.8079148906822642e-01
1.3202926831920142e-01
1.3092866223703936e-01
1.2022699965979233e-01
1.1328131194877501e-01
1.1175802057655236e-01
1.0977894390843840e-01
9.7522815103662536e-02
1.0748561361721487e-01
1.0541071306920737e-01
1.0696295715788469e-01
9.9409199671898249e-02
1.0487149700936825e-01
1.0867697627998586e-01
9.8218440429160392e-02
9.8943937501030033e-02
1.0590081507755374e-01
1.0558252805684570e-01
1.0560085897582057e-01
1.0777988321300314e-01
1.1345174254006428e-01
1.1465065728480896e-01
1.1738884338126362e-01
1.1397275906253594e-01
1.2024143196220319e-01
1.1714790953069455e-01
1.1467527698630649e-01
1.0589504961871060e-01
1.0815445830105128e-01
1.0450993231229465e-01
1.0779424882458036e-01
1.0982351468495627e-01
1.2065921916146134e-01
1.1452508639767139e-01
1.3898194732195168e-01
1.3392964440901606e-01
1.3152171560726492e-01
1.3164580773093162e-01
1.2995769182355718e-01
1.2898668803941557e-01
1.2002492346317353e-01
1.2235283261933441e-01
1.1755173887996778e-01
1.3012213425271194e-01
1.2558568075313281e-01
1.2721403805944523e-01
1.2326772752785585e-01
1.3659499796675137e-01
1.0983333848361365e-01
1.1070638820245460e-01
1.0537597182471029e-01
1.0433492160164047e-01
1.1065999133895345e-01
9.9739541474784324e-02
9.9859792893290569e-02
1.0331551052862435e-01
1.1768321833623466e-01
1.1062182459454359e-01
1.2252444151067621e-01
1.2793955018116099e-01
1.2350789190429604e-01
1.1813946540823198e-01
1.1517284084214376e-01
1.0902063370619806e-01
1.1244631005465067e-01
1.2611607398916672e-01
1.2616999959712044e-01
1.1502016498268083e-01
1.1754429799996942e-01
1.2097409752814529e-01
1.1866157969619255e-01
1.2189985635949421e-01
1.2019227083535489e-01
1.1170245947421939e-01
1.3025138442199510e-01
1.2751774419022088e-01
1.3426066778205034e-01
1.2866762260066575e-01
1.3052452670707262e-01
1.3820643668175425e-01
1.3036276137186292e-01
1.4091069520658137e-01
1.2582309650466816e-01
1.2612281589817020e-01
1.2418742584323000e-01
1.2452793506003150e-01
1.1633683729776187e-01
1.2368922802661343e-01
1.2673254631961151e-01
1.2505688674367463e-01
1.3177910779910809e-01
1.2992587941353800e-01
1.4039395562710591e-01
1.2275816731087204e-01
1.3488907186635424e-01
1.3818985441347947e-01
1.2710726705351486e-01
1.2025438718976948e-01
1.1986018171470317e-01
1.1699227714258403e-01
9.4993488770818466e-02
1.0130326151623796e-01
1.0403566869041443e-01
1.1128149820497553e-01
1.1126145064761755e-01
1.1070987283394579e-01
1.0283045957884272e-01
9.6925134371053809e-02
1.0290757349657965e-01
9.9028879242156087e-02
1.0484286692144704e-01
1.0419219139722760e-01
1.0438161965223880e-01
9.8827413593188154e-02
9.8259820685219837e-02
9.5172833591122857e-02
1.0528032894524932e-01
1.0215547379692914e-01
1.0097849238897924e-01
1.0644568595116219e-01
1.1411313394414294e-01
1.0654561415915324e-01
1.0990843025755659e-01
1.1798959919344268e-01
1.1008376449549533e-01
1.1784731692380815e-01
1.1816664821518254e-01
