4
1000
2.1278258295313890e-01
-1.0954800597137360e-01
1.2939684660879036e-01
1.0000000000000000e+00
2.1256586232738073e-01
-1.9653635448521523e-01
1.1777412155416866e-01
1.0000000000000000e+00
1.9734577716843660e-01
-2.6416657794943599e-01
1.3562764422741791e-01
1.0000000000000000e+00
2.0506889255301530e-01
-2.6416657794943599e-01
1.3741519072565322e-01
1.0000000000000000e+00
1.5812721358196313e-01
-2.5513802421955911e-01
1.5634314672562366e-01
1.0000000000000000e+00
1.4564754486599440e-01
-2.4703468056140987e-01
1.3626559733885413e-01
1.0000000000000000e+00
1.3396250298063705e-01
-2.4703468056140987e-01
1.3626559733885413e-01
1.0000000000000000e+00
1.3396250298063705e-01
-2.0105505780993549e-01
1.1709819306626057e-01
1.0000000000000000e+00
2.3916834434311340e-01
-2.3917960421858875e-01
1.2866535634740328e-01
1.0000000000000000e+00
2.3959198342453192e-01
-2.3917960421858875e-01
1.3996067401959633e-01
1.0000000000000000e+00
2.1552238920520495e-01
-2.3917960421858875e-01
1.2410891606479024e-01
1.0000000000000000e+00
1.7864702576588343e-01
-8.9922911019311824e-02
1.2019418474293386e-01
1.0000000000000000e+00
1.7925484680853288e-01
-9.8502031059251705e-02
1.2948734048760568e-01
1.0000000000000000e+00
1.7925484680853288e-01
-9.8502031059251705e-02
1.1889054000849908e-01
1.0000000000000000e+00
1.9054658727071683e-01
-4.2858055324541011e-02
1.3148175858433431e-01
1.0000000000000000e+00
2.9745185018799702e-01
-1.0221022227524368e-01
1.3148175858433431e-01
1.0000000000000000e+00
3.1463070229909817e-01
-1.0221022227524368e-01
1.2376699157531446e-01
1.0000000000000000e+00
3.3606167526266972e-01
-6.9424750746475139e-02
1.2027040569583958e-01
1.0000000000000000e+00
3.2785961234293381e-01
-6.9424750746475139e-02
1.5140769663040599e-01
1.0000000000000000e+00
2.5781610065422456e-01
-7.7384052329944053e-02
1.4248601449427267e-01
1.0000000000000000e+00
2.4382861533484856e-01
-7.7384052329944053e-02
1.3678876820259800e-01
1.0000000000000000e+00
2.1569725514672200e-01
-3.2900401854203620e-02
1.2268801263772955e-01
1.0000000000000000e+00
2.1941955310575167e-01
-1.0377182950942365e-01
1.0798332302139213e-01
1.0000000000000000e+00
2.4151074922809812e-01
1.2135843048126849e-01
1.0798332302139213e-01
1.0000000000000000e+00
2.3182170315811845e-01
-5.0183064767406860e-02
1.0949959673226883e-01
1.0000000000000000e+00
2.0955464839170190e-01
2.8956443539573273e-02
1.1445705101133397e-01
1.0000000000000000e+00
2.6506241587156865e-01
-1.4451737490162042e-03
1.1445705101133397e-01
1.0000000000000000e+00
3.1235583116466614e-01
-1.4451737490162042e-03
1.0648504991323759e-01
1.0000000000000000e+00
2.3610681378448817e-01
-4.7053630926893630e-02
1.0648504991323759e-01
1.0000000000000000e+00
2.9925162055695864e-01
4.3895563794693615e-05
1.0648504991323759e-01
1.0000000000000000e+00
3.3640172974372717e-01
3.7692697020502242e-01
1.1192119747639706e-01
1.0000000000000000e+00
3.4653564439321372e-01
3.3947273763151320e-01
1.0876513782196751e-01
1.0000000000000000e+00
3.4653564439321372e-01
3.9255115809173735e-01
8.9948129814649724e-02
1.0000000000000000e+00
3.3665530466640803e-01
2.7195899607868346e-01
8.1810903709913396e-02
1.0000000000000000e+00
3.5781138845885607e-01
5.0520990835757407e-01
8.1810903709913396e-02
1.0000000000000000e+00
3.5781138845885607e-01
9.4269790223552308e-02
9.9013192553604745e-02
1.0000000000000000e+00
3.6082846568132254e-01
1.6218194319189938e-01
9.9013192553604745e-02
1.0000000000000000e+00
3.9516707779074522e-01
1.4347466780127438e-01
9.8825950149978303e-02
1.0000000000000000e+00
3.1350145478899094e-01
4.3317380501212033e-01
9.8825950149978303e-02
1.0000000000000000e+00
3.1350145478899094e-01
2.6996867312373074e-01
9.3952492785240316e-02
1.0000000000000000e+00
2.9934798450375411e-01
4.9457414774478825e-01
9.3952492785240316e-02
1.0000000000000000e+00
3.1745261409486147e-01
4.9457414774478825e-01
1.0094308696344567e-01
1.0000000000000000e+00
3.1745261409486147e-01
3.5776514141143712e-01
7.9930475741923579e-02
1.0000000000000000e+00
3.1136191114018175e-01
3.6768804444254788e-01
9.6834483385384806e-02
1.0000000000000000e+00
2.3507535680363389e-01
3.6768804444254788e-01
8.5933283731640109e-02
1.0000000000000000e+00
3.1830408833155843e-01
3.3008827967823895e-01
8.5933283731640109e-02
1.0000000000000000e+00
3.3270209319124433e-01
3.8650335325182827e-01
6.4497346353084573e-02
1.0000000000000000e+00
2.9246258120218727e-01
3.0615310324610623e-01
7.9790065359622964e-02
1.0000000000000000e+00
2.9246258120218727e-01
3.1422435003587457e-01
7.9790065359622964e-02
1.0000000000000000e+00
3.1061351987699481e-01
2.3406645166942330e-01
7.9066399313808211e-02
1.0000000000000000e+00
2.7994031961242172e-01
2.8380720573732110e-01
7.2979598600716122e-02
1.0000000000000000e+00
2.7963660458152617e-01
4.1061758878895493e-01
6.6886670483574995e-02
1.0000000000000000e+00
2.5629020841842021e-01
4.9880169960924836e-01
3.7782285424248108e-02
1.0000000000000000e+00
2.5629020841842021e-01
3.9388457569548341e-01
7.9235248885310972e-03
1.0000000000000000e+00
1.8570372169887150e-01
5.1983842882582398e-01
5.6126248709119642e-03
1.0000000000000000e+00
2.1868200517309333e-01
6.1189755681225511e-01
5.6126248709119642e-03
1.0000000000000000e+00
2.2606149978054191e-01
4.9780940148302766e-01
5.6126248709119642e-03
1.0000000000000000e+00
2.5983432690662767e-01
6.5435962914743873e-01
5.6126248709119642e-03
1.0000000000000000e+00
2.9117004956168557e-01
6.5435962914743873e-01
2.4348736397994397e-04
1.0000000000000000e+00
2.9117004956168557e-01
6.6081997915425750e-01
2.4348736397994397e-04
1.0000000000000000e+00
2.9242996462670590e-01
6.3627146720209571e-01
1.1626036433801779e-02
1.0000000000000000e+00
2.9242996462670590e-01
6.0581453303420862e-01
1.1626036433801779e-02
1.0000000000000000e+00
2.0201513600585486e-01
6.0581453303420862e-01
1.3611538746692964e-02
1.0000000000000000e+00
2.6148454901812102e-01
6.0581453303420862e-01
7.1704028559110844e-03
1.0000000000000000e+00
2.7322080508855606e-01
6.0145535013252815e-01
7.1704028559110844e-03
1.0000000000000000e+00
2.6805066932973887e-01
3.9948565578633866e-01
3.4220129636309826e-03
1.0000000000000000e+00
2.4112347104636456e-01
6.7293611234599671e-01
3.4220129636309826e-03
1.0000000000000000e+00
2.4112347104636456e-01
4.3781808084422669e-01
2.7315865914636084e-02
1.0000000000000000e+00
2.1849519536880280e-01
3.8996631042646190e-01
2.8178657117598482e-02
1.0000000000000000e+00
1.8279470653322960e-01
1.2766035927306807e-01
3.0648394200318285e-02
1.0000000000000000e+00
1.9613666237381722e-01
1.2766035927306807e-01
4.3722797829025217e-02
1.0000000000000000e+00
1.9613666237381722e-01
3.2841870732227552e-03
1.8739306080453821e-02
1.0000000000000000e+00
1.9613666237381722e-01
4.2849690934490359e-01
1.8739306080453821e-02
1.0000000000000000e+00
2.3803724126008774e-01
5.1256896836530363e-01
1.8317724727160090e-02
1.0000000000000000e+00
2.1543365680662419e-01
5.5694398192536032e-01
3.9573741704884702e-03
1.0000000000000000e+00
2.2462464367089297e-01
7.3963800353776610e-01
3.0689729526704901e-02
1.0000000000000000e+00
2.3230674034965659e-01
6.3640136552821791e-01
1.5626606156649792e-02
1.0000000000000000e+00
2.4433145030451442e-01
8.0330562593262589e-01
7.2822660185124510e-03
1.0000000000000000e+00
2.9450515388560916e-01
8.0330562593262589e-01
9.3192659295823210e-03
1.0000000000000000e+00
3.4469300239396716e-01
8.0330562593262589e-01
1.1546308964091145e-02
1.0000000000000000e+00
3.3102051178974534e-01
3.6210783200185692e-01
1.1546308964091145e-02
1.0000000000000000e+00
3.3412764115308846e-01
3.3779640683751500e-01
1.7094340964752042e-02
1.0000000000000000e+00
2.7204141892542566e-01
4.4818519243817723e-01
3.3911357491808736e-02
1.0000000000000000e+00
2.2056790567984308e-01
4.4818519243817723e-01
2.5043126053708398e-02
1.0000000000000000e+00
2.7543971814264978e-01
5.6978769229572213e-01
2.5554443975045138e-02
1.0000000000000000e+00
3.0892511211385454e-01
8.1676924230378067e-01
2.8735870760931426e-02
1.0000000000000000e+00
2.9092101437089468e-01
8.5833688827078736e-01
9.1938341828722292e-03
1.0000000000000000e+00
2.3914925810930754e-01
8.5833688827078736e-01
1.9973729304103904e-02
1.0000000000000000e+00
2.8899496850607420e-01
7.1212158353846466e-01
1.8721536765872293e-02
1.0000000000000000e+00
2.7199728843805815e-01
7.9106859119456208e-01
2.0438053212194496e-02
1.0000000000000000e+00
2.7199728843805815e-01
8.2413770306702649e-01
3.4213303853823596e-02
1.0000000000000000e+00
2.5854186491159226e-01
7.5822815347310102e-01
3.4629630717176729e-03
1.0000000000000000e+00
3.3174117711422468e-01
8.0550023589130437e-01
3.4629630717176729e-03
1.0000000000000000e+00
3.7033057642219092e-01
4.9997287664409673e-01
3.3797063668237093e-02
1.0000000000000000e+00
3.3081617542592312e-01
8.7715211186405218e-01
2.4593897898660066e-02
1.0000000000000000e+00
2.7294696458665157e-01
8.7715211186405218e-01
1.9624721062348249e-02
1.0000000000000000e+00
2.7294696458665157e-01
9.0449501808579957e-01
1.9624721062348249e-02
1.0000000000000000e+00
2.7010191032712783e-01
6.3847373287972009e-01
1.9624721062348249e-02
1.0000000000000000e+00
2.2881055982833232e-01
8.6588850106891191e-01
1.6001421994508269e-02
1.0000000000000000e+00
2.1091431552594031e-01
8.3829593892987764e-01
2.4885073340476516e-02
1.0000000000000000e+00
2.7709183270161475e-01
8.3829593892987764e-01
5.6875400258945552e-03
1.0000000000000000e+00
2.9488009247978653e-01
8.3829593892987764e-01
6.0106623931573955e-03
1.0000000000000000e+00
2.2478943351705993e-01
7.1494218895059025e-01
6.0106623931573955e-03
1.0000000000000000e+00
2.7098119525288666e-01
5.9077690543454087e-01
3.9040747658793840e-02
1.0000000000000000e+00
2.7170411204969014e-01
4.5879219474118149e-01
5.5267423020188722e-02
1.0000000000000000e+00
2.0790306652014579e-01
8.8286308945935166e-01
5.5267423020188722e-02
1.0000000000000000e+00
1.9082326056485499e-01
7.4631159009259140e-01
1.6935481318716916e-02
1.0000000000000000e+00
2.3182652877693499e-01
6.9253152144920027e-01
1.7203251844989387e-03
1.0000000000000000e+00
2.7928253063981856e-01
3.8706455660831129e-01
6.9928547381209460e-03
1.0000000000000000e+00
2.6785310496160264e-01
4.7710123566757834e-01
2.2236193544017402e-03
1.0000000000000000e+00
2.8706125122079129e-01
7.9025868235003149e-01
2.2236193544017402e-03
1.0000000000000000e+00
3.2085291248330350e-01
9.2497988326322234e-01
2.2236193544017402e-03
1.0000000000000000e+00
3.4049132045873876e-01
7.7427163256179488e-01
2.9408762710886327e-03
1.0000000000000000e+00
3.5928066073500986e-01
4.4846802485953963e-01
2.9408762710886327e-03
1.0000000000000000e+00
3.8803897424185152e-01
1.5623090697299635e-01
1.3510766300817045e-02
1.0000000000000000e+00
3.8803897424185152e-01
-3.0075439234860779e-02
1.5955908551325115e-02
1.0000000000000000e+00
3.2895718886101122e-01
5.3376501707207358e-01
1.5955908551325115e-02
1.0000000000000000e+00
3.2545874988244350e-01
6.2461887581121123e-01
2.8748834833015713e-02
1.0000000000000000e+00
3.7160107701600964e-01
6.2461887581121123e-01
1.7448220729340824e-02
1.0000000000000000e+00
3.8462938174887995e-01
6.5904747719723678e-01
1.7448220729340824e-02
1.0000000000000000e+00
3.8865902826472620e-01
7.4280066347528195e-01
1.3835783211027297e-02
1.0000000000000000e+00
3.8958440597451727e-01
5.5454800396073556e-01
1.3835783211027297e-02
1.0000000000000000e+00
3.8818785785514365e-01
6.9895748912204003e-01
2.0166617831932632e-03
1.0000000000000000e+00
4.0911263464766989e-01
4.5471498488295770e-01
1.0448578839634570e-02
1.0000000000000000e+00
3.8239132407869647e-01
4.5471498488295770e-01
2.8765978386138591e-02
1.0000000000000000e+00
3.8239132407869647e-01
6.7961508526313996e-01
1.9689164218937072e-02
1.0000000000000000e+00
3.8239132407869647e-01
6.8498141064155793e-01
2.8322946840410146e-02
1.0000000000000000e+00
3.3837181310917686e-01
5.8678383963961100e-01
2.8322946840410146e-02
1.0000000000000000e+00
3.1305185372292499e-01
6.1007574411887622e-01
3.5167620611821326e-02
1.0000000000000000e+00
3.4160626812189321e-01
5.3288572492856479e-01
3.5167620611821326e-02
1.0000000000000000e+00
4.1911497099607686e-01
5.3288572492856479e-01
3.1644378650446447e-02
1.0000000000000000e+00
3.7329687496929864e-01
5.3288572492856479e-01
2.8046325642128500e-02
1.0000000000000000e+00
3.7329687496929864e-01
7.0707217815179324e-01
7.0898692137347785e-03
1.0000000000000000e+00
3.4588583551629881e-01
6.6303805845636821e-01
1.2910568715517434e-02
1.0000000000000000e+00
3.4588583551629881e-01
7.1783719423074221e-01
3.3753757378803817e-03
1.0000000000000000e+00
3.5977520786508421e-01
5.8725861857492423e-01
3.9398978478061286e-03
1.0000000000000000e+00
3.4945473067745070e-01
5.2424530337411857e-01
3.6990058505693701e-03
1.0000000000000000e+00
3.7515255987926821e-01
3.8488107572156882e-01
1.6773482570675569e-06
1.0000000000000000e+00
3.7428981861847888e-01
4.7168551596660113e-01
1.6773482570675569e-06
1.0000000000000000e+00
3.8373663979399453e-01
2.2839397775787806e-01
1.6773482570675569e-06
1.0000000000000000e+00
4.0144937629628430e-01
2.5717983233589625e-01
2.8768023839006451e-03
1.0000000000000000e+00
3.8260712246227513e-01
2.7168141702968573e-01
1.2787364459575179e-02
1.0000000000000000e+00
3.9201132352280865e-01
2.9581545877117610e-01
1.8322377036304238e-02
1.0000000000000000e+00
4.1715134824443112e-01
5.1920395928282237e-01
1.9388219145105245e-02
1.0000000000000000e+00
4.0596605469289671e-01
6.1490470754761195e-01
4.8395589612402978e-02
1.0000000000000000e+00
3.8565055285397420e-01
4.8034676003117061e-01
7.3378626177066031e-02
1.0000000000000000e+00
3.4144375477734457e-01
7.0486470150608516e-01
7.3139327818273592e-02
1.0000000000000000e+00
3.6741914325210701e-01
5.4359803187508082e-01
6.6266034504144478e-02
1.0000000000000000e+00
2.6680778623375545e-01
5.6945896173674559e-01
6.6266034504144478e-02
1.0000000000000000e+00
2.7729588891196499e-01
6.0344067799705958e-01
6.6266034504144478e-02
1.0000000000000000e+00
2.5066512687880049e-01
7.6010567533630824e-01
2.3130233173935699e-02
1.0000000000000000e+00
2.3905886213577787e-01
4.4339603769440150e-01
2.3130233173935699e-02
1.0000000000000000e+00
3.1689322243727247e-01
5.4566128763217425e-01
4.8280849659135816e-03
1.0000000000000000e+00
3.5385639841950933e-01
7.5296032639998889e-01
6.9901042224159715e-03
1.0000000000000000e+00
3.5385639841950933e-01
8.6096637162227130e-01
6.9901042224159715e-03
1.0000000000000000e+00
3.6602483193672697e-01
8.6875811477038956e-01
6.9901042224159715e-03
1.0000000000000000e+00
3.9363844755388300e-01
8.6875811477038956e-01
3.4312688985585260e-02
1.0000000000000000e+00
3.9363844755388300e-01
8.6669744250211811e-01
2.9492140056311178e-02
1.0000000000000000e+00
3.7858851316667597e-01
7.1341624555025196e-01
4.5573246453611826e-04
1.0000000000000000e+00
3.2174464377857248e-01
9.9838055555555916e-01
1.3266245841725754e-02
1.0000000000000000e+00
3.2174464377857248e-01
9.9838055555555916e-01
1.1301465339704442e-02
1.0000000000000000e+00
2.7412484986524532e-01
8.1740839292142486e-01
1.1301465339704442e-02
1.0000000000000000e+00
2.7412484986524532e-01
8.8145878144387102e-01
5.3217471089658352e-02
1.0000000000000000e+00
2.4104057280163715e-01
8.8145878144387102e-01
6.1171276007291886e-02
1.0000000000000000e+00
2.3313573403100918e-01
9.2022716604951715e-01
4.0070979950462493e-02
1.0000000000000000e+00
2.3360413771405319e-01
9.2022716604951715e-01
2.4799442944561156e-02
1.0000000000000000e+00
2.2983925316765408e-01
9.0264710203591680e-01
9.0712896561967460e-03
1.0000000000000000e+00
2.2983925316765408e-01
8.6226379663530683e-01
3.7903199917422858e-03
1.0000000000000000e+00
2.4848735418453316e-01
8.2247612790051794e-01
3.7903199917422858e-03
1.0000000000000000e+00
2.5964886687978606e-01
8.2247612790051794e-01
3.4953876493011626e-02
1.0000000000000000e+00
2.4720597818776469e-01
6.6731799558583593e-01
4.9266372901831779e-02
1.0000000000000000e+00
2.4720597818776469e-01
4.4901293122056818e-01
7.0938726050292167e-02
1.0000000000000000e+00
2.7717347109972934e-01
4.4901293122056818e-01
6.3611046505604896e-02
1.0000000000000000e+00
2.7886648468955855e-01
6.4843348764661646e-01
4.6796678659950408e-02
1.0000000000000000e+00
2.5459153756781916e-01
5.7013588749650812e-01
3.5113781319444093e-02
1.0000000000000000e+00
2.3294672060109178e-01
4.8891557731512880e-01
3.8638070087392840e-02
1.0000000000000000e+00
2.3294672060109178e-01
4.3052037038687563e-01
5.0520742697619858e-02
1.0000000000000000e+00
2.3294672060109178e-01
5.5705630385164118e-01
3.8207922516369286e-02
1.0000000000000000e+00
2.4999857197798292e-01
5.2306035884503221e-01
3.8207922516369286e-02
1.0000000000000000e+00
2.2612353663242857e-01
4.5030317433956957e-01
8.1100734336280289e-02
1.0000000000000000e+00
1.7920272301233808e-01
5.4329924450103140e-01
6.8199476379879775e-02
1.0000000000000000e+00
1.7920272301233808e-01
2.7123005852881765e-01
8.1178275089689556e-02
1.0000000000000000e+00
1.9009088135607044e-01
5.9625598091479337e-01
8.1178275089689556e-02
1.0000000000000000e+00
1.9009088135607044e-01
7.4410419214364087e-01
8.1178275089689556e-02
1.0000000000000000e+00
2.5486516922063629e-01
9.6999559599753415e-01
8.6009207800009313e-02
1.0000000000000000e+00
1.9478255479879181e-01
9.6999559599753415e-01
7.9302476173245373e-02
1.0000000000000000e+00
1.9591103079545746e-01
8.2919233340617216e-01
5.1673618530833187e-02
1.0000000000000000e+00
2.7928087445724259e-01
8.9824783105250394e-01
6.2631410932146969e-02
1.0000000000000000e+00
3.3191464147347460e-01
8.3359346587058103e-01
5.3920989310347500e-02
1.0000000000000000e+00
3.0199916525560866e-01
9.8668757874365842e-01
4.5838178521000805e-02
1.0000000000000000e+00
3.0926315723735343e-01
9.8693105516103974e-01
6.8601423328720990e-02
1.0000000000000000e+00
3.0244893072921286e-01
8.7380398747591248e-01
6.8601423328720990e-02
1.0000000000000000e+00
3.0244893072921286e-01
9.0464523744849434e-01
7.6493911888894650e-02
1.0000000000000000e+00
3.4248614175993453e-01
9.3883597788480988e-01
7.7317207971566382e-02
1.0000000000000000e+00
3.7489768680933366e-01
9.3883597788480988e-01
8.8909920224898520e-02
1.0000000000000000e+00
3.7489768680933366e-01
9.0448340338734856e-01
8.3882043058031264e-02
1.0000000000000000e+00
3.7489768680933366e-01
9.0448340338734856e-01
8.3336132964097920e-02
1.0000000000000000e+00
3.2602790002528081e-01
7.8845583212641945e-01
8.3131577695814918e-02
1.0000000000000000e+00
3.4200137858096014e-01
9.0482931894330254e-01
8.6516091941950868e-02
1.0000000000000000e+00
3.1972284945476304e-01
9.0482931894330254e-01
6.6250833093283723e-02
1.0000000000000000e+00
3.1426085443052898e-01
9.0924331669775715e-01
6.6250833093283723e-02
1.0000000000000000e+00
3.1426085443052898e-01
9.0924331669775715e-01
6.9679749598355989e-02
1.0000000000000000e+00
3.1561138671639810e-01
9.2096183896028383e-01
5.9600728032739858e-02
1.0000000000000000e+00
3.4167743664983163e-01
9.2096183896028383e-01
7.5033072316648464e-02
1.0000000000000000e+00
2.9467386943105112e-01
9.6887129619681223e-01
7.5033072316648464e-02
1.0000000000000000e+00
3.0123935830596338e-01
9.3964434768968208e-01
7.5033072316648464e-02
1.0000000000000000e+00
3.0123935830596338e-01
9.6394740585201366e-01
9.2341141709687213e-02
1.0000000000000000e+00
3.1062409286204229e-01
9.6394740585201366e-01
9.0523431012036304e-02
1.0000000000000000e+00
2.8076201123002420e-01
9.6394740585201366e-01
9.8753040358053545e-02
1.0000000000000000e+00
2.6746313092115770e-01
8.2358618620746715e-01
1.0861392289363037e-01
1.0000000000000000e+00
2.6746313092115770e-01
9.5230770092421158e-01
9.6534209900630663e-02
1.0000000000000000e+00
3.1479082261029134e-01
9.5230770092421158e-01
1.0698586666686649e-01
1.0000000000000000e+00
3.1479082261029134e-01
9.5230770092421158e-01
1.3058462854670549e-01
1.0000000000000000e+00
2.5330554884675394e-01
9.3870049603247030e-01
1.1997778829382921e-01
1.0000000000000000e+00
2.5330554884675394e-01
9.3870049603247030e-01
1.0953838982815112e-01
1.0000000000000000e+00
2.4378950991484771e-01
9.2671164013409002e-01
9.4263455357497583e-02
1.0000000000000000e+00
2.6636266433450828e-01
8.6615180578046425e-01
9.4263455357497583e-02
1.0000000000000000e+00
2.8157089561972271e-01
8.6615180578046425e-01
1.0729391918713416e-01
1.0000000000000000e+00
2.8157089561972271e-01
8.6615180578046425e-01
9.3532382968908201e-02
1.0000000000000000e+00
2.8157089561972271e-01
8.6615180578046425e-01
1.3202739820545728e-01
1.0000000000000000e+00
2.5726991989466796e-01
9.5338812079244240e-01
1.0124604717558439e-01
1.0000000000000000e+00
2.1250223838541160e-01
9.2553506400399788e-01
9.7675065619034718e-02
1.0000000000000000e+00
2.5141783528778205e-01
9.2553506400399788e-01
9.7675065619034718e-02
1.0000000000000000e+00
2.5141783528778205e-01
9.5052788574212177e-01
1.0674817312238927e-01
1.0000000000000000e+00
2.4290911205861221e-01
9.5052788574212177e-01
1.0198227280480976e-01
1.0000000000000000e+00
2.4290911205861221e-01
9.5052788574212177e-01
1.0198227280480976e-01
1.0000000000000000e+00
2.4290911205861221e-01
9.5052788574212177e-01
1.0394167445330138e-01
1.0000000000000000e+00
3.0798504785451541e-01
9.5052788574212177e-01
1.2317570589212889e-01
1.0000000000000000e+00
3.0016260784867654e-01
9.5103650079072399e-01
1.2620042787594909e-01
1.0000000000000000e+00
2.5845724534991632e-01
9.5103650079072399e-01
1.2423409695467169e-01
1.0000000000000000e+00
2.5845724534991632e-01
9.5103650079072399e-01
1.1668313002875264e-01
1.0000000000000000e+00
2.5449776514250289e-01
9.5103650079072399e-01
1.0760475962152893e-01
1.0000000000000000e+00
2.5449776514250289e-01
9.5103650079072399e-01
1.1052514716712947e-01
1.0000000000000000e+00
2.5762613774094234e-01
9.4955013615508510e-01
1.1038270363488889e-01
1.0000000000000000e+00
2.5762613774094234e-01
9.4955013615508510e-01
1.0082821598181224e-01
1.0000000000000000e+00
2.7882264256294320e-01
9.4955013615508510e-01
9.4474172721595528e-02
1.0000000000000000e+00
2.7882264256294320e-01
9.4955013615508510e-01
9.4474172721595528e-02
1.0000000000000000e+00
2.9294999032680380e-01
9.4955013615508510e-01
8.6383420544655087e-02
1.0000000000000000e+00
3.0199034880314457e-01
9.4955013615508510e-01
9.6285498155259552e-02
1.0000000000000000e+00
3.0199034880314457e-01
9.4955013615508510e-01
1.1887314721381015e-01
1.0000000000000000e+00
3.1793952033439155e-01
9.4955013615508510e-01
1.1162086766117907e-01
1.0000000000000000e+00
3.4456066180536027e-01
9.4955013615508510e-01
1.1396675513962007e-01
1.0000000000000000e+00
3.2117380898961301e-01
9.4955013615508510e-01
1.0883370371440149e-01
1.0000000000000000e+00
3.2099415500232453e-01
9.5167553510946168e-01
1.1473066549652911e-01
1.0000000000000000e+00
2.8599345263609166e-01
9.5167553510946168e-01
1.2569746052751041e-01
1.0000000000000000e+00
2.8599345263609166e-01
9.5167553510946168e-01
1.0894286866088121e-01
1.0000000000000000e+00
2.8599345263609166e-01
9.4768555036243929e-01
1.0894286866088121e-01
1.0000000000000000e+00
3.5189504500993962e-01
9.4768555036243929e-01
1.2531193265014051e-01
1.0000000000000000e+00
3.0981508221992726e-01
9.4768555036243929e-01
1.1117129133336900e-01
1.0000000000000000e+00
3.2422218330719943e-01
9.4768555036243929e-01
1.0045490426265358e-01
1.0000000000000000e+00
3.5482139371850963e-01
9.4768555036243929e-01
1.0905472515870540e-01
1.0000000000000000e+00
3.6234027332210417e-01
9.4768555036243929e-01
7.7405520256354499e-02
1.0000000000000000e+00
3.6234027332210417e-01
9.3752187250611319e-01
1.1865549325731306e-01
1.0000000000000000e+00
3.6249914298349495e-01
8.9112893997189535e-01
9.5900572261518824e-02
1.0000000000000000e+00
3.2698440084749336e-01
9.1233657991942896e-01
9.8944675068116772e-02
1.0000000000000000e+00
3.2698440084749336e-01
9.7020410320219530e-01
9.6071361454880821e-02
1.0000000000000000e+00
3.2723834524330186e-01
9.7020410320219530e-01
9.7992549657567429e-02
1.0000000000000000e+00
3.1553836698111581e-01
9.7020410320219530e-01
9.7992549657567429e-02
1.0000000000000000e+00
3.1091012405630636e-01
9.7020410320219530e-01
9.3247931457801747e-02
1.0000000000000000e+00
3.0125318346944141e-01
9.0558170101103319e-01
8.8752352174117255e-02
1.0000000000000000e+00
2.8411016678836631e-01
8.4339111244735254e-01
9.6159813467158961e-02
1.0000000000000000e+00
3.0173561042573738e-01
8.4339111244735254e-01
7.1632230894385862e-02
1.0000000000000000e+00
2.8672842653867292e-01
9.1286583191213144e-01
8.0576164887963819e-02
1.0000000000000000e+00
2.4484025915552365e-01
9.1286583191213144e-01
7.6746071230365920e-02
1.0000000000000000e+00
2.3598187924761760e-01
9.3446689418015016e-01
6.0436000938273060e-02
1.0000000000000000e+00
2.8801304609913814e-01
9.3446689418015016e-01
6.9303914329714167e-02
1.0000000000000000e+00
2.5563357253957975e-01
8.0720839968380464e-01
6.9303914329714167e-02
1.0000000000000000e+00
2.8379631271053540e-01
7.5273043608722223e-01
5.8241865954107630e-02
1.0000000000000000e+00
3.0727771479104149e-01
7.5273043608722223e-01
4.0542160517281878e-02
1.0000000000000000e+00
2.9614826473806488e-01
9.7814949548301233e-01
4.8904393224722731e-02
1.0000000000000000e+00
2.7149017616574156e-01
9.7814949548301233e-01
4.8904393224722731e-02
1.0000000000000000e+00
3.1648390456501829e-01
8.6719495004472269e-01
4.4861020411110508e-02
1.0000000000000000e+00
3.1744679641377616e-01
8.6719495004472269e-01
4.4861020411110508e-02
1.0000000000000000e+00
3.2916605491590190e-01
8.0445834195670618e-01
2.8313789873129713e-02
1.0000000000000000e+00
2.1174113750856804e-01
7.9920470521283282e-01
3.9958868532187330e-02
1.0000000000000000e+00
2.1174113750856804e-01
9.2462691098880900e-01
5.9765269404954302e-02
1.0000000000000000e+00
2.0328706615072178e-01
8.5364832908344401e-01
7.7398686094886648e-02
1.0000000000000000e+00
2.2918700445842433e-01
8.4119694393557443e-01
6.5964825807816374e-02
1.0000000000000000e+00
2.7676757071566271e-01
8.0661470901650323e-01
6.5964825807816374e-02
1.0000000000000000e+00
2.5968913939249205e-01
8.0661470901650323e-01
3.2818779007277477e-02
1.0000000000000000e+00
2.7231768351447272e-01
9.0153128181082143e-01
3.2818779007277477e-02
1.0000000000000000e+00
2.8132335488152194e-01
9.0538665389140083e-01
4.0505570948801028e-02
1.0000000000000000e+00
2.7866536723848867e-01
9.1074994874616100e-01
4.0505570948801028e-02
1.0000000000000000e+00
3.0696498761352586e-01
9.1074994874616100e-01
2.6796017431399810e-02
1.0000000000000000e+00
2.6852270747002649e-01
9.1074994874616100e-01
2.7345702874220001e-02
1.0000000000000000e+00
2.0081171179589319e-01
9.1074994874616100e-01
5.3389534943482864e-02
1.0000000000000000e+00
2.0081171179589319e-01
8.6532597911973430e-01
8.4813207045874583e-02
1.0000000000000000e+00
2.5486546084101747e-01
8.6532597911973430e-01
1.0006214970045446e-01
1.0000000000000000e+00
2.2418514294366787e-01
8.6532597911973430e-01
1.0390876897864698e-01
1.0000000000000000e+00
2.9201009035858760e-01
8.6532597911973430e-01
9.0636209242722976e-02
1.0000000000000000e+00
3.2274185591194282e-01
7.8826154691596462e-01
6.9681449451229560e-02
1.0000000000000000e+00
3.4713109354305516e-01
8.8526911211629344e-01
9.7697102122685897e-02
1.0000000000000000e+00
3.4713109354305516e-01
8.6352813725789024e-01
1.0969088378616332e-01
1.0000000000000000e+00
3.6472534905004750e-01
8.1168317298834158e-01
1.0969088378616332e-01
1.0000000000000000e+00
3.5105312573540459e-01
8.1168317298834158e-01
1.0969088378616332e-01
1.0000000000000000e+00
3.7704763519394646e-01
7.3103745530788733e-01
1.0969088378616332e-01
1.0000000000000000e+00
3.8432088312509904e-01
7.3103745530788733e-01
1.0877618427176683e-01
1.0000000000000000e+00
2.8953646500411878e-01
7.3103745530788733e-01
1.1469427310649960e-01
1.0000000000000000e+00
2.5514096678051601e-01
7.3103745530788733e-01
1.2423578836743443e-01
1.0000000000000000e+00
2.0367602542791019e-01
7.6508905242626501e-01
1.1261223222383021e-01
1.0000000000000000e+00
2.0367602542791019e-01
6.7424506198112799e-01
8.5996677989817250e-02
1.0000000000000000e+00
2.0367602542791019e-01
6.6511489606891705e-01
7.8551828868432927e-02
1.0000000000000000e+00
1.8375209071490417e-01
8.6512437618766858e-01
6.7593781284733701e-02
1.0000000000000000e+00
2.6470171757790695e-01
8.1616368859504296e-01
6.7593781284733701e-02
1.0000000000000000e+00
2.8532449626180778e-01
9.1910327940677239e-01
8.8329555473967480e-02
1.0000000000000000e+00
2.8734510099565114e-01
8.1692914820705487e-01
9.5144480008377719e-02
1.0000000000000000e+00
2.4507767414723958e-01
8.1692914820705487e-01
9.7004338407634783e-02
1.0000000000000000e+00
2.4840463987601424e-01
8.1692914820705487e-01
9.9824078155427265e-02
1.0000000000000000e+00
2.0428613117945815e-01
6.9901169992481305e-01
1.1496018409517317e-01
1.0000000000000000e+00
1.9592585168828691e-01
5.9538412250076367e-01
1.1479052739006190e-01
1.0000000000000000e+00
2.0252301484396185e-01
4.9477632499729229e-01
1.1479052739006190e-01
1.0000000000000000e+00
2.0252301484396185e-01
5.1190422258769108e-01
1.1479052739006190e-01
1.0000000000000000e+00
2.0306769780398781e-01
4.8934495605026318e-01
1.1479052739006190e-01
1.0000000000000000e+00
2.2940453722657139e-01
5.9218042127286030e-01
1.2065432943192034e-01
1.0000000000000000e+00
2.2940453722657139e-01
5.5878430388365818e-01
1.2590661156710892e-01
1.0000000000000000e+00
2.2940453722657139e-01
3.8613251752649380e-01
1.0470512393650322e-01
1.0000000000000000e+00
2.4642216063620026e-01
3.4730264886711670e-01
1.1538473866668253e-01
1.0000000000000000e+00
2.4712601232857878e-01
5.8926870643590523e-01
1.0307866312351732e-01
1.0000000000000000e+00
3.2222166772515948e-01
5.8926870643590523e-01
1.1083819042679577e-01
1.0000000000000000e+00
3.1061288491872574e-01
5.8926870643590523e-01
1.1083819042679577e-01
1.0000000000000000e+00
3.0865204647233213e-01
5.4900964319203927e-01
1.1518392409917622e-01
1.0000000000000000e+00
3.2343994021465505e-01
6.9833805381749703e-01
1.1610737164293139e-01
1.0000000000000000e+00
3.6850344330122198e-01
6.1887568205092980e-01
1.0498298053418009e-01
1.0000000000000000e+00
3.8794236011852945e-01
7.4916212975476815e-01
1.0498298053418009e-01
1.0000000000000000e+00
3.4431477017750467e-01
9.1222909807656838e-01
1.1620888231110482e-01
1.0000000000000000e+00
3.4431477017750467e-01
9.1222909807656838e-01
1.0210854467724173e-01
1.0000000000000000e+00
3.2811309896459306e-01
7.6938319734726979e-01
1.1754316371653883e-01
1.0000000000000000e+00
3.3616134092261518e-01
7.6938319734726979e-01
9.2396025800474013e-02
1.0000000000000000e+00
3.3616134092261518e-01
8.4957592185201070e-01
9.2396025800474013e-02
1.0000000000000000e+00
2.8868479967167104e-01
8.6636598962904832e-01
9.2396025800474013e-02
1.0000000000000000e+00
2.7801958505114044e-01
8.7353729638816735e-01
9.2396025800474013e-02
1.0000000000000000e+00
2.3987706970473255e-01
7.4050893816711327e-01
9.7398523961521710e-02
1.0000000000000000e+00
2.5130998563071216e-01
8.0083884667219540e-01
1.0058260082579407e-01
1.0000000000000000e+00
2.7667886983653034e-01
8.0083884667219540e-01
8.4421098486848201e-02
1.0000000000000000e+00
3.3217207934757198e-01
8.0083884667219540e-01
8.6207579144604529e-02
1.0000000000000000e+00
3.3217207934757198e-01
8.0083884667219540e-01
1.0649757892671230e-01
1.0000000000000000e+00
3.3217207934757198e-01
9.0225433926643750e-01
1.0349621591004732e-01
1.0000000000000000e+00
3.1036407534082855e-01
8.2206595219286105e-01
9.9859044792458440e-02
1.0000000000000000e+00
2.9834566485186542e-01
8.2206595219286105e-01
9.9859044792458440e-02
1.0000000000000000e+00
3.2008478824099029e-01
8.6476063258560321e-01
9.9859044792458440e-02
1.0000000000000000e+00
3.5060928795536483e-01
7.9409907288463732e-01
8.6034438478156949e-02
1.0000000000000000e+00
3.6057716641624893e-01
9.5749444789798877e-01
8.6532611712675567e-02
1.0000000000000000e+00
4.2444768022795643e-01
9.3845800958188197e-01
8.6532611712675567e-02
1.0000000000000000e+00
3.9950512196918453e-01
8.4679351277263781e-01
6.6498778607558484e-02
1.0000000000000000e+00
3.6835728433032955e-01
8.7903332799287459e-01
6.6498778607558484e-02
1.0000000000000000e+00
2.6163639720579113e-01
7.2131157010408065e-01
6.4318260257925863e-02
1.0000000000000000e+00
3.6936589381474505e-01
7.2131157010408065e-01
5.8572096830096121e-02
1.0000000000000000e+00
3.7376322296148601e-01
8.9262266546102187e-01
5.8572096830096121e-02
1.0000000000000000e+00
3.7144918159282270e-01
9.4404912083955428e-01
6.6683538338031645e-02
1.0000000000000000e+00
4.0260315012818637e-01
9.4404912083955428e-01
9.3162647994097347e-02
1.0000000000000000e+00
4.0260315012818637e-01
9.4404912083955428e-01
1.1028439419889080e-01
1.0000000000000000e+00
2.9840007588899198e-01
9.4404912083955428e-01
1.1028439419889080e-01
1.0000000000000000e+00
2.6515846770888629e-01
9.4404912083955428e-01
1.1028439419889080e-01
1.0000000000000000e+00
3.1192958426362338e-01
9.8350649602325579e-01
8.6399358311530228e-02
1.0000000000000000e+00
2.9242842715865436e-01
9.8350649602325579e-01
1.0314155238294231e-01
1.0000000000000000e+00
2.9388446059709850e-01
8.8284972026558539e-01
1.0314155238294231e-01
1.0000000000000000e+00
3.7153632637745204e-01
8.8284454436852688e-01
1.2211220003511014e-01
1.0000000000000000e+00
4.2296109326815667e-01
9.3656088726474995e-01
1.0304680317486825e-01
1.0000000000000000e+00
4.0717665456867280e-01
9.8429144674792046e-01
1.1681595202381911e-01
1.0000000000000000e+00
4.0692277714077818e-01
9.8429144674792046e-01
1.2464919257755580e-01
1.0000000000000000e+00
3.2921722620193350e-01
8.7942314648880715e-01
1.2464919257755580e-01
1.0000000000000000e+00
3.7102066884216356e-01
8.7942314648880715e-01
1.2464919257755580e-01
1.0000000000000000e+00
4.1544638825979519e-01
8.7942314648880715e-01
1.2464919257755580e-01
1.0000000000000000e+00
4.5857113479104328e-01
8.7942314648880715e-01
1.1639087684299054e-01
1.0000000000000000e+00
3.8180172241226273e-01
8.7942314648880715e-01
1.1680665771556276e-01
1.0000000000000000e+00
3.6227501447245913e-01
8.7942314648880715e-01
1.1680665771556276e-01
1.0000000000000000e+00
3.5804691219635743e-01
9.3721384683503861e-01
1.2620662684631723e-01
1.0000000000000000e+00
3.1010072359748619e-01
9.3721384683503861e-01
1.4075506736836585e-01
1.0000000000000000e+00
3.2337778953768748e-01
9.3721384683503861e-01
1.3734017757079753e-01
1.0000000000000000e+00
3.2837648510866302e-01
9.3721384683503861e-01
1.4809326247624310e-01
1.0000000000000000e+00
3.1356133434854883e-01
9.3721384683503861e-01
1.5649391712933036e-01
1.0000000000000000e+00
3.1531379623737621e-01
8.8753772282852883e-01
1.4647279542251679e-01
1.0000000000000000e+00
3.5688813375708150e-01
8.8753772282852883e-01
1.1214882696359607e-01
1.0000000000000000e+00
3.8750302473016518e-01
8.8753772282852883e-01
9.9902823589138712e-02
1.0000000000000000e+00
4.2183356786080139e-01
8.8753772282852883e-01
1.1196891499995443e-01
1.0000000000000000e+00
3.6925893703408974e-01
8.8753772282852883e-01
1.2646619512080404e-01
1.0000000000000000e+00
2.8570336809315222e-01
9.6994527185215706e-01
1.2495036099418255e-01
1.0000000000000000e+00
2.8570336809315222e-01
9.8618333356334920e-01
1.1283505454040321e-01
1.0000000000000000e+00
2.9723586289145487e-01
9.8618333356334920e-01
1.1283505454040321e-01
1.0000000000000000e+00
2.9146518519081610e-01
9.2850559405978861e-01
1.1283505454040321e-01
1.0000000000000000e+00
2.9235290987816143e-01
9.2850559405978861e-01
1.1839764916650208e-01
1.0000000000000000e+00
3.1300305268194961e-01
9.2850559405978861e-01
1.2024836640185865e-01
1.0000000000000000e+00
3.1300305268194961e-01
9.2850559405978861e-01
8.6271230385966624e-02
1.0000000000000000e+00
3.1300305268194961e-01
7.5314333491023722e-01
9.4034174711771334e-02
1.0000000000000000e+00
3.5045903986718940e-01
7.9584982447322550e-01
1.0187745957947525e-01
1.0000000000000000e+00
3.5045903986718940e-01
9.1699605636295023e-01
8.7161963128812636e-02
1.0000000000000000e+00
3.2342650527533578e-01
7.1204863317307177e-01
8.2800043535746659e-02
1.0000000000000000e+00
3.3747712844450461e-01
6.4518456734713259e-01
9.0586362195529069e-02
1.0000000000000000e+00
3.3747712844450461e-01
8.4330452062185945e-01
8.1865001637117962e-02
1.0000000000000000e+00
3.3599502356190669e-01
7.7959015049036684e-01
8.1865001637117962e-02
1.0000000000000000e+00
3.4083040100921380e-01
8.3097134359177294e-01
7.6879179738091330e-02
1.0000000000000000e+00
3.8384431829143750e-01
6.0067818887528124e-01
7.5774648510480325e-02
1.0000000000000000e+00
3.8384431829143750e-01
8.8575536027547064e-01
8.7768108867669503e-02
1.0000000000000000e+00
3.8384431829143750e-01
9.7835726305838766e-01
8.7768108867669503e-02
1.0000000000000000e+00
4.1686084350038755e-01
6.3799479059871378e-01
8.7768108867669503e-02
1.0000000000000000e+00
3.8472879440922725e-01
7.9257320627566519e-01
7.9377748355830113e-02
1.0000000000000000e+00
3.3300830559272754e-01
8.4221999362107458e-01
7.9377748355830113e-02
1.0000000000000000e+00
2.7021406540114867e-01
8.4221999362107458e-01
9.0899162278139989e-02
1.0000000000000000e+00
2.9439244973872292e-01
8.4221999362107458e-01
6.4586591259205739e-02
1.0000000000000000e+00
3.1182359340999710e-01
8.4221999362107458e-01
5.9426711923072140e-02
1.0000000000000000e+00
3.1904572896127092e-01
8.2645449150350037e-01
7.1619716523775856e-02
1.0000000000000000e+00
3.1178674097571957e-01
8.7967728931453171e-01
5.0770058813134233e-02
1.0000000000000000e+00
3.2654645662222492e-01
7.6253509629514160e-01
4.4690945702234308e-02
1.0000000000000000e+00
2.8579230974827396e-01
6.6676622120194229e-01
4.4690945702234308e-02
1.0000000000000000e+00
2.7993014636848557e-01
8.7457383660130295e-01
4.4690945702234308e-02
1.0000000000000000e+00
3.5075354571853268e-01
8.7457383660130295e-01
4.7650793618151943e-02
1.0000000000000000e+00
3.3086871444646704e-01
9.1181044889144691e-01
6.3002649047041337e-02
1.0000000000000000e+00
3.5550345941845762e-01
8.0690003143154176e-01
6.7329047065788905e-02
1.0000000000000000e+00
3.6423798273716557e-01
8.5525099517308267e-01
7.7736026425475280e-02
1.0000000000000000e+00
3.6423798273716557e-01
9.0442684249483141e-01
5.5830893135782822e-02
1.0000000000000000e+00
4.1967320437942135e-01
9.6992073164783510e-01
4.0919161430713280e-02
1.0000000000000000e+00
4.1967320437942135e-01
8.7596203716002496e-01
5.4537126823481663e-02
1.0000000000000000e+00
4.3710142090384352e-01
6.8794504137240442e-01
7.3935461870780705e-02
1.0000000000000000e+00
4.0214867582943725e-01
8.7041735978327783e-01
7.3935461870780705e-02
1.0000000000000000e+00
4.1811435362723159e-01
8.7041735978327783e-01
6.0610629559880613e-02
1.0000000000000000e+00
4.1811435362723159e-01
7.2427945168219598e-01
9.0211046335673450e-02
1.0000000000000000e+00
4.3298422890183019e-01
7.2427945168219598e-01
9.0211046335673450e-02
1.0000000000000000e+00
4.3298422890183019e-01
6.1200783730946573e-01
5.1040397433018803e-02
1.0000000000000000e+00
4.3321286486860799e-01
8.0933379711113962e-01
5.1040397433018803e-02
1.0000000000000000e+00
4.4602761390086698e-01
7.0133480386339220e-01
3.5452081297910332e-02
1.0000000000000000e+00
4.4602761390086698e-01
7.0133480386339220e-01
2.1669004461648433e-02
1.0000000000000000e+00
4.4686007844683218e-01
6.2119693265758547e-01
2.1669004461648433e-02
1.0000000000000000e+00
4.4686007844683218e-01
6.2119693265758547e-01
2.9169099754574268e-02
1.0000000000000000e+00
4.5980427107241439e-01
7.9004501228682789e-01
4.5921564451339214e-02
1.0000000000000000e+00
4.4215178694975066e-01
6.7838425611607822e-01
4.1998703847559660e-02
1.0000000000000000e+00
4.3844736107092785e-01
6.7838425611607822e-01
4.1998703847559660e-02
1.0000000000000000e+00
3.6937394990053463e-01
6.7838425611607822e-01
2.4694214458497732e-02
1.0000000000000000e+00
3.5416136933889675e-01
6.7274085109584125e-01
1.9063258427115648e-02
1.0000000000000000e+00
3.5416136933889675e-01
5.6999966179482731e-01
3.6481490242215364e-02
1.0000000000000000e+00
3.5416136933889675e-01
9.4292884742371830e-01
6.3574320520194738e-02
1.0000000000000000e+00
3.7033824874487209e-01
9.4292884742371830e-01
2.2435153252365558e-02
1.0000000000000000e+00
3.4056482283011746e-01
8.1159168159119877e-01
5.3143194294455021e-02
1.0000000000000000e+00
3.0503398045510721e-01
5.6886697982899936e-01
4.6826562727721899e-02
1.0000000000000000e+00
3.1211803253353310e-01
7.8728639011733326e-01
5.5795441265138357e-02
1.0000000000000000e+00
3.1211803253353310e-01
5.6046324645631107e-01
5.6317523587415486e-02
1.0000000000000000e+00
3.1211803253353310e-01
6.5599971500687393e-01
8.3818159531722336e-02
1.0000000000000000e+00
3.5813804884054434e-01
6.5599971500687393e-01
8.3818159531722336e-02
1.0000000000000000e+00
3.2774034921857265e-01
6.5599971500687393e-01
6.7835259716878205e-02
1.0000000000000000e+00
3.4520097111197856e-01
5.9737403554372581e-01
7.9456726554701596e-02
1.0000000000000000e+00
3.4520097111197856e-01
6.3338286293201240e-01
9.7317489620684205e-02
1.0000000000000000e+00
3.4520097111197856e-01
7.9040187460832390e-01
8.8029381644366800e-02
1.0000000000000000e+00
3.6590364795955566e-01
7.4204765123777183e-01
7.2320520703135549e-02
1.0000000000000000e+00
4.0063128654691127e-01
8.4849323195867332e-01
7.8694253053902208e-02
1.0000000000000000e+00
3.0415443458440450e-01
8.3798758828543218e-01
9.4478736456869661e-02
1.0000000000000000e+00
3.1763169203730968e-01
8.3798758828543218e-01
1.0612962819860738e-01
1.0000000000000000e+00
3.0018693801793006e-01
8.1462630027435812e-01
7.7976847591264664e-02
1.0000000000000000e+00
2.9031887312265781e-01
8.0383193449579271e-01
7.4738848081244647e-02
1.0000000000000000e+00
2.7238069509002116e-01
8.2285036103330644e-01
6.4315660914792239e-02
1.0000000000000000e+00
2.7305414620167312e-01
8.2285036103330644e-01
6.7367489099637856e-03
1.0000000000000000e+00
2.8466035238778886e-01
8.2285036103330644e-01
8.1503716645897617e-03
1.0000000000000000e+00
2.9567300248271522e-01
8.9247541831337007e-01
5.5045371001972376e-02
1.0000000000000000e+00
2.7424650359279212e-01
7.7971656577192339e-01
5.0871782062961279e-02
1.0000000000000000e+00
3.4431213512397107e-01
7.7971656577192339e-01
3.5277364833666502e-02
1.0000000000000000e+00
3.2452822476005849e-01
8.4642983929716142e-01
3.2570547948046147e-02
1.0000000000000000e+00
3.0577675438797769e-01
8.4642983929716142e-01
5.2473397750793516e-02
1.0000000000000000e+00
3.1546290963268575e-01
8.4642983929716142e-01
8.0670923751233636e-02
1.0000000000000000e+00
2.8886442840411064e-01
8.4642983929716142e-01
8.0670923751233636e-02
1.0000000000000000e+00
2.7881512627317306e-01
8.5638411579184326e-01
8.6314421438066780e-02
1.0000000000000000e+00
2.3548976354612705e-01
7.9630194281689914e-01
8.6314421438066780e-02
1.0000000000000000e+00
2.3548976354612705e-01
9.1377244194500240e-01
6.6798683546869575e-02
1.0000000000000000e+00
2.4584295995845196e-01
8.1721285035364422e-01
6.6798683546869575e-02
1.0000000000000000e+00
2.4674261186117974e-01
8.1721285035364422e-01
9.7373974800495922e-02
1.0000000000000000e+00
2.3607293248022643e-01
9.7188006391279491e-01
9.3268317228569209e-02
1.0000000000000000e+00
2.2289873670632687e-01
9.7188006391279491e-01
9.0830840927003442e-02
1.0000000000000000e+00
1.9949482665941787e-01
9.7188006391279491e-01
8.1672478583561747e-02
1.0000000000000000e+00
2.0778962136790824e-01
8.5787401398174556e-01
1.0467650380443272e-01
1.0000000000000000e+00
2.7864373387382102e-01
7.2563359936229976e-01
9.1937973513188331e-02
1.0000000000000000e+00
2.7963280170769167e-01
7.6280734365336689e-01
9.1937973513188331e-02
1.0000000000000000e+00
2.9054419189304781e-01
8.1679435391906741e-01
9.1937973513188331e-02
1.0000000000000000e+00
2.9098288146741424e-01
7.7301799078468325e-01
1.0330068028989670e-01
1.0000000000000000e+00
2.9624047027863298e-01
8.5930548180822375e-01
1.0191344795740631e-01
1.0000000000000000e+00
2.5313751297034059e-01
8.5930548180822375e-01
9.5336304046134024e-02
1.0000000000000000e+00
2.5313751297034059e-01
8.5930548180822375e-01
8.3395086228767901e-02
1.0000000000000000e+00
3.1911649452484880e-01
8.5930548180822375e-01
6.7916430998513966e-02
1.0000000000000000e+00
2.9461537757850920e-01
9.5892814119342806e-01
6.7916430998513966e-02
1.0000000000000000e+00
3.1348531148358916e-01
7.0884301365349534e-01
6.7916430998513966e-02
1.0000000000000000e+00
2.7986219353005026e-01
7.0884301365349534e-01
1.0743452282614496e-01
1.0000000000000000e+00
2.7693866812586521e-01
7.5777375922534707e-01
1.0859229322514918e-01
1.0000000000000000e+00
2.6845186171084379e-01
8.8409675882194283e-01
1.0714114038265732e-01
1.0000000000000000e+00
2.8337220628708337e-01
8.8409675882194283e-01
1.2487887917078522e-01
1.0000000000000000e+00
2.6628100746273731e-01
8.2238861397836449e-01
1.2820598995305088e-01
1.0000000000000000e+00
2.6015514335557555e-01
8.5941703469488862e-01
1.0135497851289299e-01
1.0000000000000000e+00
2.4926423667892550e-01
8.8201862891201022e-01
1.0878584720186379e-01
1.0000000000000000e+00
2.3404091051742171e-01
8.6749483962539675e-01
1.0878584720186379e-01
1.0000000000000000e+00
2.7714305198713873e-01
8.6749483962539675e-01
1.2696864723685619e-01
1.0000000000000000e+00
3.1511163399517272e-01
9.0608114321712496e-01
1.2696864723685619e-01
1.0000000000000000e+00
3.2334376000761722e-01
9.0608114321712496e-01
1.2696864723685619e-01
1.0000000000000000e+00
3.4642737419306968e-01
8.4420822133306506e-01
1.2696864723685619e-01
1.0000000000000000e+00
3.6549341762400900e-01
8.2319488484408798e-01
1.2696864723685619e-01
1.0000000000000000e+00
3.4484106199778353e-01
7.9970521587874832e-01
1.1705164320293304e-01
1.0000000000000000e+00
3.5087146460972463e-01
9.2290686924006882e-01
1.2930889788541433e-01
1.0000000000000000e+00
3.3215873446278010e-01
9.4449905786659660e-01
1.2282136117565867e-01
1.0000000000000000e+00
3.3999332077763711e-01
9.4449905786659660e-01
1.0470515058833596e-01
1.0000000000000000e+00
3.6343235187194978e-01
8.4313826743509712e-01
1.1670642427626488e-01
1.0000000000000000e+00
3.3561778292022382e-01
8.5861806958910170e-01
1.1087615264106032e-01
1.0000000000000000e+00
3.0970250293574964e-01
8.5861806958910170e-01
1.1968279199201104e-01
1.0000000000000000e+00
3.3560450924522911e-01
8.5861806958910170e-01
1.1968279199201104e-01
1.0000000000000000e+00
2.5991729637570415e-01
8.5861806958910170e-01
9.9275184445934861e-02
1.0000000000000000e+00
2.7936095362491642e-01
5.7369862139221373e-01
1.0761897510375318e-01
1.0000000000000000e+00
2.6724156448580061e-01
6.4611396580930891e-01
9.9347391747789948e-02
1.0000000000000000e+00
2.6724156448580061e-01
6.9582369007166567e-01
1.1345270334269342e-01
1.0000000000000000e+00
2.6724156448580061e-01
8.2933667875822725e-01
1.1227145802687344e-01
1.0000000000000000e+00
2.6724156448580061e-01
7.9740899350490513e-01
1.2391836766611275e-01
1.0000000000000000e+00
2.8388187000490461e-01
8.1300342656668367e-01
1.2391836766611275e-01
1.0000000000000000e+00
2.9540542224384581e-01
8.1300342656668367e-01
1.1894037423181769e-01
1.0000000000000000e+00
2.9540542224384581e-01
8.9601286329325380e-01
1.2087354983660814e-01
1.0000000000000000e+00
2.9601880811350156e-01
6.9864123143252077e-01
1.0656702134284612e-01
1.0000000000000000e+00
3.1546134591297914e-01
5.9841488968577328e-01
1.1380240425925192e-01
1.0000000000000000e+00
2.9202126428680231e-01
5.2018129002299252e-01
1.3091552036340770e-01
1.0000000000000000e+00
3.1203215682143082e-01
5.3911190401759090e-01
1.2726292980361220e-01
1.0000000000000000e+00
2.9098065124088635e-01
6.3344083648171368e-01
1.1918134836006400e-01
1.0000000000000000e+00
3.0152253826344122e-01
7.4845140349116268e-01
1.1364536674219605e-01
1.0000000000000000e+00
3.0152253826344122e-01
7.9544274058189335e-01
1.0937880637349051e-01
1.0000000000000000e+00
3.0152253826344122e-01
7.4657856594767513e-01
1.0937880637349051e-01
1.0000000000000000e+00
3.7409117837631811e-01
7.7850908707823696e-01
1.1206131946520370e-01
1.0000000000000000e+00
3.7409117837631811e-01
7.2157057669010105e-01
1.1148323514490810e-01
1.0000000000000000e+00
3.7409117837631811e-01
5.7432764783497992e-01
1.1257261014535513e-01
1.0000000000000000e+00
3.4083955754721273e-01
6.0764948293563070e-01
1.2011144659473982e-01
1.0000000000000000e+00
2.9497122737774362e-01
6.0764948293563070e-01
1.2011144659473982e-01
1.0000000000000000e+00
2.7269641841957082e-01
7.2035108894106092e-01
1.1566794454112139e-01
1.0000000000000000e+00
2.2200887344041575e-01
7.2035108894106092e-01
1.1566794454112139e-01
1.0000000000000000e+00
2.6163840732732524e-01
6.5430515646930876e-01
1.1031053750767794e-01
1.0000000000000000e+00
2.2945129611724724e-01
6.5430515646930876e-01
1.1836149520232764e-01
1.0000000000000000e+00
2.2945129611724724e-01
7.3678809791799726e-01
1.0749841690986839e-01
1.0000000000000000e+00
2.0112842131601383e-01
7.3678809791799726e-01
1.0749841690986839e-01
1.0000000000000000e+00
2.7665059823738147e-01
7.3678809791799726e-01
1.2631052290081468e-01
1.0000000000000000e+00
2.8527390673951913e-01
8.3759137630459013e-01
1.1755862808778372e-01
1.0000000000000000e+00
3.4578534677820016e-01
8.2858703114088716e-01
1.1755862808778372e-01
1.0000000000000000e+00
3.4578534677820016e-01
7.4961723960932436e-01
1.1019644071340051e-01
1.0000000000000000e+00
3.4108112283246328e-01
8.1307508625086489e-01
1.1019644071340051e-01
1.0000000000000000e+00
3.1112524025337507e-01
8.3481080577239486e-01
1.2415880546897140e-01
1.0000000000000000e+00
3.3606095329122354e-01
5.9824730203017684e-01
1.2415880546897140e-01
1.0000000000000000e+00
3.3606095329122354e-01
5.3785613298878165e-01
1.1588435922741380e-01
1.0000000000000000e+00
3.1292967029111196e-01
5.3785613298878165e-01
1.2282539182334629e-01
1.0000000000000000e+00
3.1292967029111196e-01
5.3289204210504981e-01
1.3623144134172660e-01
1.0000000000000000e+00
2.9003610737817098e-01
6.9131925076708289e-01
1.3623144134172660e-01
1.0000000000000000e+00
2.7503266397360449e-01
6.0264719397291633e-01
1.2859173008465630e-01
1.0000000000000000e+00
2.5303591627124433e-01
7.9930514961943122e-01
1.2859173008465630e-01
1.0000000000000000e+00
2.1533153790477400e-01
7.7879355222448798e-01
1.1402956472003323e-01
1.0000000000000000e+00
2.1710124078634863e-01
5.3632549316153022e-01
1.1402956472003323e-01
1.0000000000000000e+00
2.1710124078634863e-01
5.8961245909795257e-01
1.2656053790116173e-01
1.0000000000000000e+00
2.1710124078634863e-01
6.7115480199918243e-01
1.4474690594935280e-01
1.0000000000000000e+00
1.9153298276904707e-01
6.7115480199918243e-01
1.6448834032045168e-01
1.0000000000000000e+00
2.0633316903803234e-01
6.5231461756393405e-01
1.6448834032045168e-01
1.0000000000000000e+00
2.4983621879908924e-01
6.5231461756393405e-01
1.5464567911104721e-01
1.0000000000000000e+00
2.9123158499095325e-01
6.9872194275721999e-01
1.5421115924247031e-01
1.0000000000000000e+00
2.2711054913196449e-01
6.3524979100093337e-01
1.5421115924247031e-01
1.0000000000000000e+00
1.9616057656202202e-01
7.2693267211780044e-01
1.5411339459379858e-01
1.0000000000000000e+00
2.0715122718792145e-01
6.9383460030421706e-01
1.5411339459379858e-01
1.0000000000000000e+00
1.7260407006796186e-01
7.1781057984098884e-01
1.5411339459379858e-01
1.0000000000000000e+00
1.9687473264019673e-01
7.1781057984098884e-01
1.4680237780695504e-01
1.0000000000000000e+00
2.5066961303781454e-01
7.9737651467785331e-01
1.4680237780695504e-01
1.0000000000000000e+00
2.5267039195131247e-01
8.0245393028944823e-01
1.4680237780695504e-01
1.0000000000000000e+00
2.9008948013614599e-01
8.5556267088741156e-01
1.4260282731985396e-01
1.0000000000000000e+00
3.5462477758954947e-01
8.5556267088741156e-01
1.6878055959379024e-01
1.0000000000000000e+00
3.5514929892923419e-01
8.5556267088741156e-01
1.7872310142403192e-01
1.0000000000000000e+00
2.9251367967771102e-01
8.3397382943421694e-01
1.7206173195874042e-01
1.0000000000000000e+00
3.1344007138358165e-01
8.1357018722683283e-01
1.7240644709810338e-01
1.0000000000000000e+00
3.2190987731991072e-01
8.0149896050334068e-01
1.6968397444717309e-01
1.0000000000000000e+00
3.4983221705732603e-01
7.3418908173680397e-01
1.7086035243838749e-01
1.0000000000000000e+00
3.5090222788238634e-01
7.3418908173680397e-01
1.7086035243838749e-01
1.0000000000000000e+00
4.2273556833350767e-01
6.4782091955185028e-01
1.7086035243838749e-01
1.0000000000000000e+00
4.0195057933414091e-01
6.7685082721054646e-01
1.5254183390781006e-01
1.0000000000000000e+00
3.7626961265885939e-01
6.8656354098111483e-01
1.5254183390781006e-01
1.0000000000000000e+00
3.2484699805462469e-01
6.4983765108972880e-01
1.5254183390781006e-01
1.0000000000000000e+00
2.7327843402707686e-01
7.3098359330087992e-01
1.5145935977481029e-01
1.0000000000000000e+00
2.6867285390579809e-01
7.3098359330087992e-01
1.4804844439632914e-01
1.0000000000000000e+00
2.5562834386909117e-01
7.1096780969292017e-01
1.4804844439632914e-01
1.0000000000000000e+00
2.5562834386909117e-01
8.2000923229843470e-01
1.3916439165033123e-01
1.0000000000000000e+00
3.0002735574925055e-01
8.2000923229843470e-01
1.3916439165033123e-01
1.0000000000000000e+00
3.0002735574925055e-01
8.4732434971720072e-01
1.7008256095133445e-01
1.0000000000000000e+00
2.9007077423119654e-01
8.4732434971720072e-01
1.4040919321261069e-01
1.0000000000000000e+00
2.6863270645225157e-01
6.8675264044195505e-01
1.4040919321261069e-01
1.0000000000000000e+00
3.0745002274596800e-01
5.2496803625017496e-01
1.4040919321261069e-01
1.0000000000000000e+00
3.1906473190718998e-01
6.5991325004488322e-01
1.3938422990751176e-01
1.0000000000000000e+00
2.8831453035780896e-01
6.5991325004488322e-01
1.3938422990751176e-01
1.0000000000000000e+00
2.9405361526841034e-01
6.6797751075118872e-01
1.4746634499889522e-01
1.0000000000000000e+00
3.1640925557547916e-01
7.7746254837602469e-01
1.4746634499889522e-01
1.0000000000000000e+00
3.1640925557547916e-01
6.6162295153826567e-01
1.4555735351306109e-01
1.0000000000000000e+00
3.4356633500391354e-01
7.4505161753386351e-01
1.3284126413774400e-01
1.0000000000000000e+00
3.4356633500391354e-01
7.6870974971443506e-01
1.5861832327929049e-01
1.0000000000000000e+00
3.4356633500391354e-01
6.4309908522754999e-01
1.4552287013058274e-01
1.0000000000000000e+00
3.0134100952381004e-01
6.2727634681850764e-01
1.5187259810764997e-01
1.0000000000000000e+00
3.0134100952381004e-01
6.6891531439960095e-01
1.5187259810764997e-01
1.0000000000000000e+00
3.2993546613687386e-01
6.6891531439960095e-01
1.5435089218218534e-01
1.0000000000000000e+00
2.9012561702364792e-01
6.6891531439960095e-01
1.3208455831764920e-01
1.0000000000000000e+00
2.8227269203597416e-01
6.6891531439960095e-01
1.4349656605182870e-01
1.0000000000000000e+00
2.6714709793412794e-01
7.0900456773579212e-01
1.4349656605182870e-01
1.0000000000000000e+00
2.7945047450447191e-01
6.0360172557175251e-01
1.4279380249346330e-01
1.0000000000000000e+00
2.4879320637518276e-01
6.0360172557175251e-01
1.3843563380206658e-01
1.0000000000000000e+00
3.1301687863850702e-01
6.2311971726358029e-01
1.3843563380206658e-01
1.0000000000000000e+00
3.1026129095079114e-01
7.1378021853506657e-01
1.3843563380206658e-01
1.0000000000000000e+00
2.8954386940421273e-01
7.6405295895874592e-01
1.3361477194840743e-01
1.0000000000000000e+00
2.6625523817455132e-01
7.6705161275804135e-01
1.5565101704115702e-01
1.0000000000000000e+00
2.5561583236520846e-01
7.8610842934340330e-01
1.5565101704115702e-01
1.0000000000000000e+00
2.1082559887980779e-01
7.5572463756889197e-01
1.5565101704115702e-01
1.0000000000000000e+00
2.5948282246207555e-01
6.8797499107658955e-01
1.5565101704115702e-01
1.0000000000000000e+00
2.9288578600352366e-01
7.5759283619463536e-01
1.5565101704115702e-01
1.0000000000000000e+00
3.1522366179814298e-01
7.5759283619463536e-01
1.5742847271750404e-01
1.0000000000000000e+00
3.2615246492167671e-01
7.1552832218349072e-01
1.5742847271750404e-01
1.0000000000000000e+00
3.6162084209462364e-01
7.9483983459413143e-01
1.5645169135669901e-01
1.0000000000000000e+00
3.7223163674315174e-01
7.9483983459413143e-01
1.6444231285269095e-01
1.0000000000000000e+00
3.3358136153509577e-01
7.9483983459413143e-01
1.6326126299819632e-01
1.0000000000000000e+00
3.5958663894524534e-01
7.9483983459413143e-01
1.7160353583304866e-01
1.0000000000000000e+00
3.5007493811389168e-01
7.9483983459413143e-01
1.6295971844366475e-01
1.0000000000000000e+00
3.5665978965079148e-01
7.9483983459413143e-01
1.7311298038831635e-01
1.0000000000000000e+00
2.9459115219032128e-01
7.8806901377156469e-01
1.6824789235389515e-01
1.0000000000000000e+00
3.7012597880055864e-01
7.8806901377156469e-01
1.7061993835515066e-01
1.0000000000000000e+00
3.7012597880055864e-01
8.4339372840240689e-01
1.7726478289833947e-01
1.0000000000000000e+00
3.4999581387927492e-01
8.4339372840240689e-01
1.5208802308908387e-01
1.0000000000000000e+00
2.7981298704361279e-01
8.4339372840240689e-01
1.5208802308908387e-01
1.0000000000000000e+00
3.4681164015745480e-01
7.6299458023622724e-01
1.5132594342131822e-01
1.0000000000000000e+00
3.4483549914983769e-01
7.6686742485962900e-01
1.4931366034571736e-01
1.0000000000000000e+00
4.0519726633755226e-01
7.6686742485962900e-01
1.6277227877427547e-01
1.0000000000000000e+00
3.8408396005360146e-01
7.7242671887852343e-01
1.6626461642582624e-01
1.0000000000000000e+00
3.7276783221130927e-01
7.4142167161680850e-01
1.6626461642582624e-01
1.0000000000000000e+00
3.2381275676851828e-01
7.4142167161680850e-01
1.6582141671816542e-01
1.0000000000000000e+00
2.7441671312516291e-01
7.2964654400475415e-01
1.7662573088447286e-01
1.0000000000000000e+00
2.5323969133859237e-01
8.5763902499802502e-01
1.8902675010750725e-01
1.0000000000000000e+00
2.9183680386012156e-01
7.8504897936709317e-01
1.9180571282769276e-01
1.0000000000000000e+00
2.6157081507807334e-01
8.6270378067620190e-01
1.7084482726196482e-01
1.0000000000000000e+00
2.6157081507807334e-01
7.2955936382986697e-01
1.7084482726196482e-01
1.0000000000000000e+00
2.1358281382089217e-01
7.4443266357757243e-01
1.6250005871544315e-01
1.0000000000000000e+00
2.0450852353786786e-01
7.8217430928252729e-01
1.6250005871544315e-01
1.0000000000000000e+00
2.1728974868273099e-01
7.8217430928252729e-01
1.6250005871544315e-01
1.0000000000000000e+00
2.1396434711022039e-01
7.8987615977875980e-01
1.5634104883785083e-01
1.0000000000000000e+00
2.1396434711022039e-01
7.8987615977875980e-01
1.7753552919740512e-01
1.0000000000000000e+00
1.9917175298286338e-01
7.4365514194123539e-01
1.7753552919740512e-01
1.0000000000000000e+00
2.9021796336127181e-01
7.4365514194123539e-01
1.7872518796494885e-01
1.0000000000000000e+00
2.7081730900061984e-01
7.4365514194123539e-01
1.6284933064154072e-01
1.0000000000000000e+00
2.7242240341109891e-01
7.7046673794739040e-01
1.5259756736478491e-01
1.0000000000000000e+00
2.3092821178687473e-01
7.7046673794739040e-01
1.6196713440141364e-01
1.0000000000000000e+00
2.6027395328236480e-01
7.9151567121498378e-01
1.6196713440141364e-01
1.0000000000000000e+00
2.7088789207590480e-01
7.7612668884448799e-01
1.6284802259898468e-01
1.0000000000000000e+00
3.0574037817967792e-01
8.4568544340781959e-01
1.6284802259898468e-01
1.0000000000000000e+00
3.4762500164760013e-01
8.0238602919034752e-01
1.5434411803281589e-01
1.0000000000000000e+00
3.7105845598233600e-01
8.0238602919034752e-01
1.8173882953843756e-01
1.0000000000000000e+00
3.7105845598233600e-01
8.0238602919034752e-01
1.6574485187439902e-01
1.0000000000000000e+00
3.7105845598233600e-01
8.1277489339463505e-01
1.6595414483882676e-01
1.0000000000000000e+00
3.7105845598233600e-01
8.4065990479193720e-01
1.6672715334417487e-01
1.0000000000000000e+00
3.7105845598233600e-01
8.2885900841556581e-01
1.6253316599605794e-01
1.0000000000000000e+00
3.1681516891075034e-01
6.8437916742168459e-01
1.4980999670652861e-01
1.0000000000000000e+00
3.1681516891075034e-01
6.8437916742168459e-01
1.5661985484613294e-01
1.0000000000000000e+00
2.7786002292958756e-01
6.8437916742168459e-01
1.5661985484613294e-01
1.0000000000000000e+00
2.6175824723867436e-01
6.8437916742168459e-01
1.4734905549986477e-01
1.0000000000000000e+00
2.6175824723867436e-01
7.1541458883784803e-01
1.5115942095136459e-01
1.0000000000000000e+00
3.1147609822181721e-01
8.1594202437900099e-01
1.4054686051523502e-01
1.0000000000000000e+00
3.1021825406895687e-01
8.9386693903707060e-01
1.4730504841273839e-01
1.0000000000000000e+00
2.9345320906685401e-01
8.9386693903707060e-01
1.4099791261097605e-01
1.0000000000000000e+00
2.9696765119405200e-01
7.9687779167197736e-01
1.3563805899312908e-01
1.0000000000000000e+00
2.9696765119405200e-01
7.6780461290381941e-01
1.3563805899312908e-01
1.0000000000000000e+00
3.2684436739617695e-01
7.6780461290381941e-01
1.3563805899312908e-01
1.0000000000000000e+00
3.1244971902304997e-01
7.5494892199985775e-01
1.4760467490842755e-01
1.0000000000000000e+00
2.6437004116559137e-01
7.5494892199985775e-01
1.3641124206325228e-01
1.0000000000000000e+00
2.1357924138391127e-01
8.4841197778932842e-01
1.3740229186797703e-01
1.0000000000000000e+00
2.1357924138391127e-01
9.1994901796333584e-01
1.4771136221671666e-01
1.0000000000000000e+00
2.1357924138391127e-01
7.9831218769304546e-01
1.2976500135110880e-01
1.0000000000000000e+00
2.2357554427543391e-01
8.0774970775000843e-01
1.2976500135110880e-01
1.0000000000000000e+00
2.8099266505995502e-01
7.3067079161755832e-01
1.3298429431589509e-01
1.0000000000000000e+00
3.4484783626356830e-01
8.8840448533646854e-01
1.3298429431589509e-01
1.0000000000000000e+00
3.4484783626356830e-01
8.5312693615906032e-01
1.3497370992982949e-01
1.0000000000000000e+00
3.4484783626356830e-01
8.5312693615906032e-01
1.4853448140630687e-01
1.0000000000000000e+00
3.9193000169433390e-01
8.5312693615906032e-01
1.4546683709332908e-01
1.0000000000000000e+00
4.2774109998680387e-01
8.5312693615906032e-01
1.3851058249557580e-01
1.0000000000000000e+00
4.2774109998680387e-01
8.3570186843626293e-01
1.3735348101901079e-01
1.0000000000000000e+00
2.9766982411928211e-01
8.3570186843626293e-01
1.3735348101901079e-01
1.0000000000000000e+00
3.5304293818734322e-01
8.3570186843626293e-01
1.4940586243020559e-01
1.0000000000000000e+00
3.7651015296540891e-01
8.3570186843626293e-01
1.4940586243020559e-01
1.0000000000000000e+00
3.2930151596627866e-01
8.9588122864715847e-01
1.4250032894043441e-01
1.0000000000000000e+00
3.0206507295332585e-01
8.5272205670826229e-01
1.4250032894043441e-01
1.0000000000000000e+00
3.0206507295332585e-01
8.5272205670826229e-01
1.3515713751977498e-01
1.0000000000000000e+00
3.4167420202828680e-01
8.5272205670826229e-01
1.3515713751977498e-01
1.0000000000000000e+00
3.4167420202828680e-01
8.1866739740125927e-01
1.4963858795082385e-01
1.0000000000000000e+00
3.9454417841005807e-01
8.1866739740125927e-01
1.5448931731945093e-01
1.0000000000000000e+00
3.9454417841005807e-01
8.7995485638730320e-01
1.4453356654113347e-01
1.0000000000000000e+00
3.9454417841005807e-01
8.2964114522092136e-01
1.4277149643013443e-01
1.0000000000000000e+00
3.2708940075207238e-01
7.2278074597470554e-01
1.5709501224765743e-01
1.0000000000000000e+00
3.2708940075207238e-01
7.5355138074137362e-01
1.4470008201161588e-01
1.0000000000000000e+00
3.0289577555339520e-01
7.5355138074137362e-01
1.5002090064073170e-01
1.0000000000000000e+00
3.0289577555339520e-01
6.7526441256977709e-01
1.3111555109927620e-01
1.0000000000000000e+00
2.7379135463814919e-01
6.7526441256977709e-01
1.3111555109927620e-01
1.0000000000000000e+00
2.5164109517317002e-01
6.7316668833136650e-01
1.3111555109927620e-01
1.0000000000000000e+00
3.6008442480778058e-01
6.7316668833136650e-01
1.3111555109927620e-01
1.0000000000000000e+00
3.6008442480778058e-01
6.7088897319972607e-01
1.3111555109927620e-01
1.0000000000000000e+00
3.4805253063058217e-01
6.9446640441656204e-01
1.3111555109927620e-01
1.0000000000000000e+00
3.5335678894733746e-01
7.0841239931523892e-01
1.4697322664861756e-01
1.0000000000000000e+00
3.5335678894733746e-01
8.2930075170934292e-01
1.4452185734254497e-01
1.0000000000000000e+00
3.4938916385834773e-01
8.7647181915581318e-01
1.4545020259530472e-01
1.0000000000000000e+00
3.6023148343628009e-01
8.7647181915581318e-01
1.3469910676204788e-01
1.0000000000000000e+00
3.6023148343628009e-01
8.7647181915581318e-01
1.3471303997349648e-01
1.0000000000000000e+00
4.3086895541017611e-01
8.7647181915581318e-01
1.5301144660762700e-01
1.0000000000000000e+00
3.7566704869931300e-01
8.1708857955873104e-01
1.6208646937585625e-01
1.0000000000000000e+00
4.3499916986291964e-01
8.1708857955873104e-01
1.5424560408420118e-01
1.0000000000000000e+00
4.1317489145984609e-01
8.1708857955873104e-01
1.5424560408420118e-01
1.0000000000000000e+00
4.0024521815320213e-01
8.1708857955873104e-01
1.5516373342680934e-01
1.0000000000000000e+00
3.9789393857898858e-01
8.1708857955873104e-01
1.4531001858259740e-01
1.0000000000000000e+00
3.8696235406058577e-01
8.9019200930833908e-01
1.4531001858259740e-01
1.0000000000000000e+00
3.8138972024279383e-01
8.8857123666439297e-01
1.3284257557089629e-01
1.0000000000000000e+00
3.2727921555596140e-01
8.8857123666439297e-01
1.4543810291062298e-01
1.0000000000000000e+00
3.4247349935429838e-01
7.0128613748584034e-01
1.4543810291062298e-01
1.0000000000000000e+00
3.6069184529441145e-01
8.8428644874129536e-01
1.4543810291062298e-01
1.0000000000000000e+00
3.6069184529441145e-01
8.1090434120033028e-01
1.4543810291062298e-01
1.0000000000000000e+00
3.2569295528190878e-01
8.1090434120033028e-01
1.3725204197536411e-01
1.0000000000000000e+00
3.0529097827928808e-01
7.8602859602306130e-01
1.3725204197536411e-01
1.0000000000000000e+00
3.3773641648548391e-01
7.0204558447931054e-01
1.3725204197536411e-01
1.0000000000000000e+00
4.1667996509312388e-01
6.7404070162210705e-01
1.3454508096757534e-01
1.0000000000000000e+00
3.8997447839318511e-01
6.7404070162210705e-01
1.4002783936294916e-01
1.0000000000000000e+00
4.4254129821746346e-01
6.7404070162210705e-01
1.4020717930535509e-01
1.0000000000000000e+00
4.4254129821746346e-01
7.6570580565366986e-01
1.4837817959042920e-01
1.0000000000000000e+00
3.9723895664172915e-01
8.0969564282331707e-01
1.4131136117058529e-01
1.0000000000000000e+00
4.0457264507966784e-01
8.1013124081418941e-01
1.0397019488292469e-01
1.0000000000000000e+00
4.4083407881515768e-01
8.1013124081418941e-01
1.2179311383071079e-01
1.0000000000000000e+00
3.5404076042431143e-01
8.1013124081418941e-01
1.4248644019963874e-01
1.0000000000000000e+00
3.6554074740814713e-01
7.4021056684778164e-01
1.4248644019963874e-01
1.0000000000000000e+00
3.4696657663988617e-01
7.8348645329588185e-01
1.4666136605220570e-01
1.0000000000000000e+00
3.4696657663988617e-01
7.3253503203504811e-01
1.5840929904508128e-01
1.0000000000000000e+00
4.0047369140046385e-01
6.9848512619846592e-01
1.5840929904508128e-01
1.0000000000000000e+00
3.9305312965842631e-01
6.9848512619846592e-01
1.4421145438237770e-01
1.0000000000000000e+00
3.9495125912907270e-01
7.9131944239252339e-01
1.4487195079701676e-01
1.0000000000000000e+00
3.9495125912907270e-01
8.6547221005075703e-01
1.3130815345349445e-01
1.0000000000000000e+00
3.9340717344856557e-01
8.6547221005075703e-01
1.3783747022526993e-01
1.0000000000000000e+00
3.8619715393832621e-01
8.7544489693009386e-01
1.2232421496438517e-01
1.0000000000000000e+00
4.2643354553109702e-01
8.9338360581659804e-01
1.2941988715457453e-01
1.0000000000000000e+00
4.2643354553109702e-01
8.8882664678731094e-01
1.1250108452069296e-01
1.0000000000000000e+00
4.0773954521245059e-01
7.6805059699454437e-01
1.1250108452069296e-01
1.0000000000000000e+00
3.4826075191921291e-01
8.8162238983550201e-01
1.2310914387481942e-01
1.0000000000000000e+00
3.4826075191921291e-01
9.3930956808962951e-01
1.2693081115859284e-01
1.0000000000000000e+00
3.0892304982370433e-01
9.3930956808962951e-01
1.3180391788038148e-01
1.0000000000000000e+00
3.2800844823321995e-01
9.3930956808962951e-01
1.3180391788038148e-01
1.0000000000000000e+00
3.4673811075589356e-01
9.5871831750610004e-01
1.1806742585750951e-01
1.0000000000000000e+00
2.5618298490843472e-01
7.9573197936751972e-01
1.2201130361783041e-01
1.0000000000000000e+00
2.8448200458041129e-01
7.9573197936751972e-01
1.2970146927538051e-01
1.0000000000000000e+00
3.1854655953901556e-01
7.9573197936751972e-01
1.2970146927538051e-01
1.0000000000000000e+00
3.1854655953901556e-01
7.5581762841084132e-01
1.0073358444052471e-01
1.0000000000000000e+00
2.6328530630524938e-01
7.5581762841084132e-01
1.0314875253963007e-01
1.0000000000000000e+00
2.9018832745458667e-01
7.0371342724301944e-01
1.0314875253963007e-01
1.0000000000000000e+00
4.0408919008876865e-01
7.4633433943727145e-01
9.7413582909132379e-02
1.0000000000000000e+00
4.3358051499780004e-01
7.9659255867936740e-01
1.0178515007274880e-01
1.0000000000000000e+00
4.3358051499780004e-01
9.1637543862798343e-01
1.0323710036019518e-01
1.0000000000000000e+00
4.2779151259418313e-01
9.3079553352781663e-01
1.0323710036019518e-01
1.0000000000000000e+00
3.8679316176529710e-01
7.6218083309122453e-01
7.5501279446973490e-02
1.0000000000000000e+00
3.0666522963400666e-01
7.6218083309122453e-01
9.7751916859044718e-02
1.0000000000000000e+00
2.4883078553210680e-01
7.6218083309122453e-01
1.0857067909811347e-01
1.0000000000000000e+00
2.7472327698450272e-01
7.6218083309122453e-01
9.5911943360908913e-02
1.0000000000000000e+00
2.7746492044497018e-01
7.6218083309122453e-01
9.5940780150988281e-02
1.0000000000000000e+00
3.2798652888703828e-01
7.2968417586871515e-01
8.9578365697809637e-02
1.0000000000000000e+00
3.3602931515741830e-01
7.6179023640343080e-01
8.9982401137524426e-02
1.0000000000000000e+00
2.7826649115849023e-01
7.2073564859219919e-01
9.0942576085501492e-02
1.0000000000000000e+00
3.2510329203176980e-01
7.2073564859219919e-01
9.2023171973698914e-02
1.0000000000000000e+00
3.1761259692683552e-01
8.9619083138295541e-01
9.2023171973698914e-02
1.0000000000000000e+00
3.6961849699690674e-01
8.9619083138295541e-01
9.9728825060003579e-02
1.0000000000000000e+00
3.9308896954133843e-01
8.6967809585967193e-01
8.4881701995902836e-02
1.0000000000000000e+00
3.6651375624313687e-01
9.1318367974945436e-01
7.1882023965292752e-02
1.0000000000000000e+00
3.6625488954558705e-01
9.1318367974945436e-01
7.3192397621744454e-02
1.0000000000000000e+00
3.7758735301866864e-01
9.1318367974945436e-01
8.0133303092145503e-02
1.0000000000000000e+00
3.0655141654386853e-01
9.1318367974945436e-01
6.8446248793327391e-02
1.0000000000000000e+00
3.3282806831374501e-01
8.6087176384517083e-01
6.9408502045837372e-02
1.0000000000000000e+00
2.8780541582926844e-01
9.5402849646397958e-01
6.9408502045837372e-02
1.0000000000000000e+00
2.4471216290220354e-01
9.5402849646397958e-01
6.8988355889734954e-02
1.0000000000000000e+00
2.4471216290220354e-01
8.1936242705323825e-01
7.6225332997557849e-02
1.0000000000000000e+00
2.0001305653676127e-01
8.7475272914507518e-01
7.0739462762423932e-02
1.0000000000000000e+00
1.8810242335274552e-01
8.5874004563429485e-01
7.0739462762423932e-02
1.0000000000000000e+00
1.8810242335274552e-01
9.7961729293801914e-01
5.9952163859554708e-02
1.0000000000000000e+00
1.8810242335274552e-01
9.7999425416110175e-01
6.2463869131454408e-02
1.0000000000000000e+00
2.0602975892796849e-01
9.5987282877085822e-01
5.3026247560330808e-02
1.0000000000000000e+00
2.0512329707815979e-01
8.3862289411245006e-01
2.7484733402081907e-02
1.0000000000000000e+00
2.0796286421790455e-01
8.3862289411245006e-01
4.7333298952366709e-03
1.0000000000000000e+00
3.0457664015665387e-01
7.8054819253502505e-01
9.7983586837585568e-03
1.0000000000000000e+00
2.9629289931580161e-01
7.8054819253502505e-01
9.7983586837585568e-03
1.0000000000000000e+00
2.4797705016061400e-01
8.9064805952129977e-01
3.9281402505287111e-02
1.0000000000000000e+00
2.5415032568815832e-01
8.0966440585671084e-01
3.9281402505287111e-02
1.0000000000000000e+00
2.1882472585383539e-01
8.0966440585671084e-01
4.2164389766105592e-02
1.0000000000000000e+00
2.0170585499107574e-01
8.0966440585671084e-01
5.7440012484141767e-02
1.0000000000000000e+00
2.2491293740421270e-01
8.0966440585671084e-01
6.2509544450142562e-02
1.0000000000000000e+00
2.3996863667815660e-01
9.1330954429922717e-01
7.6876275497772872e-02
1.0000000000000000e+00
2.0467141424268220e-01
7.6069057357726710e-01
6.3627196732261360e-02
1.0000000000000000e+00
1.9521086257844900e-01
7.6069057357726710e-01
8.7442562240460098e-02
1.0000000000000000e+00
1.9521086257844900e-01
9.1036910933671611e-01
5.5773666734160066e-02
1.0000000000000000e+00
2.0126248397826885e-01
9.1036910933671611e-01
1.3712071487964272e-02
1.0000000000000000e+00
3.4981073965280984e-01
9.1036910933671611e-01
1.3712071487964272e-02
1.0000000000000000e+00
3.4981073965280984e-01
8.8166021553097385e-01
1.3120757279386885e-02
1.0000000000000000e+00
3.2810075455307697e-01
8.8166021553097385e-01
2.5722842928302958e-03
1.0000000000000000e+00
3.3902137321382497e-01
9.6660951074209156e-01
2.4285794448508091e-02
1.0000000000000000e+00
3.9039893555417393e-01
9.6660951074209156e-01
4.9164396923435993e-02
1.0000000000000000e+00
3.0906731928661202e-01
9.3493602346625271e-01
3.6158845972670384e-02
1.0000000000000000e+00
3.0748249138667916e-01
9.3493602346625271e-01
3.9585026892302699e-02
1.0000000000000000e+00
3.0441682217605148e-01
9.8261271338906231e-01
7.1317996343998380e-02
1.0000000000000000e+00
3.1151775866709386e-01
8.3170762579884472e-01
7.1558173507503375e-02
1.0000000000000000e+00
3.8179494838658457e-01
8.1237597499039116e-01
7.1558173507503375e-02
1.0000000000000000e+00
3.2362074430528764e-01
8.5784650702025833e-01
7.4762948550335273e-02
1.0000000000000000e+00
3.3664143512686451e-01
8.5784650702025833e-01
7.5828886585361466e-02
1.0000000000000000e+00
3.7666888217171390e-01
8.5784650702025833e-01
7.4682610438605912e-02
1.0000000000000000e+00
3.9033094661971290e-01
8.5784650702025833e-01
6.7461428678063817e-02
1.0000000000000000e+00
3.9033094661971290e-01
9.7666716683652344e-01
6.5076804335978955e-02
1.0000000000000000e+00
3.7318022603830059e-01
9.7666716683652344e-01
6.4167225349513024e-02
1.0000000000000000e+00
3.6956484670480449e-01
8.9115952994670811e-01
6.4167225349513024e-02
1.0000000000000000e+00
3.1066631277752776e-01
9.2032151218500080e-01
7.3770985321891636e-02
1.0000000000000000e+00
3.5138055806709190e-01
7.8426382239904346e-01
5.4888112785113186e-02
1.0000000000000000e+00
3.9381918668476601e-01
7.7532990943636837e-01
4.0558540576887459e-02
1.0000000000000000e+00
3.9893736628545184e-01
8.6181565295901241e-01
2.5282980257463783e-02
1.0000000000000000e+00
3.9567412467403074e-01
8.5428550994020047e-01
3.1101366353971094e-02
1.0000000000000000e+00
3.8665934124691148e-01
8.5428550994020047e-01
1.9726386142713159e-02
1.0000000000000000e+00
3.9512406600368877e-01
9.2268145238977017e-01
2.1442376973857313e-02
1.0000000000000000e+00
4.4267431142469604e-01
9.2268145238977017e-01
2.1442376973857313e-02
1.0000000000000000e+00
4.9139961841245849e-01
9.3747394965957942e-01
5.9689909185101420e-02
1.0000000000000000e+00
4.5597319918414314e-01
9.9819340618323626e-01
6.4937016426404148e-02
1.0000000000000000e+00
4.3772997203012665e-01
9.4921220155429187e-01
8.8149210869153172e-02
1.0000000000000000e+00
3.7778685110350807e-01
9.4921220155429187e-01
9.4453561114198670e-02
1.0000000000000000e+00
4.1993969919820984e-01
9.4921220155429187e-01
7.8486082138545021e-02
1.0000000000000000e+00
3.7529190032472570e-01
9.4921220155429187e-01
7.8486082138545021e-02
1.0000000000000000e+00
4.3789483777908345e-01
8.5174059929322543e-01
7.8486082138545021e-02
1.0000000000000000e+00
4.2815968192843457e-01
8.5174059929322543e-01
7.8486082138545021e-02
1.0000000000000000e+00
4.0868135899034996e-01
8.5174059929322543e-01
7.5447898701816007e-02
1.0000000000000000e+00
4.0868135899034996e-01
8.5174059929322543e-01
6.8837905879183814e-02
1.0000000000000000e+00
4.0868135899034996e-01
8.8924250068139377e-01
6.5642176772519156e-02
1.0000000000000000e+00
3.8526570595530529e-01
8.8924250068139377e-01
5.6551615352793738e-02
1.0000000000000000e+00
3.9509844182720144e-01
8.8924250068139377e-01
2.5370929268240139e-02
1.0000000000000000e+00
3.9063335870122273e-01
8.8924250068139377e-01
2.9239599936693117e-02
1.0000000000000000e+00
3.5768795673465092e-01
8.8924250068139377e-01
1.5538015979393527e-02
1.0000000000000000e+00
3.5776317862581664e-01
8.3837270705025735e-01
4.1430486011370227e-02
1.0000000000000000e+00
3.5392594894182139e-01
8.3837270705025735e-01
4.4603035430475280e-02
1.0000000000000000e+00
3.1942420264493876e-01
8.4690043112259450e-01
3.6229922779887125e-02
1.0000000000000000e+00
3.5360514743041449e-01
8.4690043112259450e-01
5.9294187807529375e-02
1.0000000000000000e+00
3.5360514743041449e-01
8.3150471808385196e-01
6.5661780414222881e-02
1.0000000000000000e+00
3.8453876597594672e-01
7.5898172022771182e-01
5.3712193266539976e-02
1.0000000000000000e+00
4.1518481446217947e-01
9.0719725998114886e-01
2.3620015353947088e-02
1.0000000000000000e+00
3.9335694068830662e-01
9.0719725998114886e-01
6.9743063012651652e-03
1.0000000000000000e+00
3.9378264451187306e-01
8.7892433131110015e-01
5.3699267440526888e-02
1.0000000000000000e+00
4.0066831836264782e-01
9.2109715813767257e-01
4.6780620113997862e-02
1.0000000000000000e+00
3.6764784434598141e-01
9.2109715813767257e-01
4.9142632045834467e-02
1.0000000000000000e+00
3.3664617964785748e-01
9.6571634585034194e-01
4.4558252085982963e-02
1.0000000000000000e+00
3.8638973234009200e-01
8.1036895388733687e-01
4.9012406141548559e-02
1.0000000000000000e+00
3.4969951582860404e-01
8.2654052289199176e-01
7.0499216084419891e-02
1.0000000000000000e+00
3.0944707801353388e-01
9.6640396924685779e-01
7.0499216084419891e-02
1.0000000000000000e+00
3.4727783277884328e-01
9.6640396924685779e-01
7.0499216084419891e-02
1.0000000000000000e+00
3.0281736850992047e-01
7.8690271886061969e-01
7.5199609966068670e-02
1.0000000000000000e+00
2.8268185593441331e-01
9.9224169869903567e-01
7.5199609966068670e-02
1.0000000000000000e+00
2.8916008780032598e-01
8.0896462817672732e-01
2.2523103625564977e-02
1.0000000000000000e+00
2.5373000568032467e-01
6.4383054842237475e-01
3.1700098299472734e-02
1.0000000000000000e+00
3.3446547049351238e-01
8.7726105322126391e-01
3.1700098299472734e-02
1.0000000000000000e+00
3.6794750052757763e-01
6.8236818854693415e-01
4.8820090358196899e-02
1.0000000000000000e+00
4.3045362304218315e-01
6.8236818854693415e-01
5.6356808048724338e-02
1.0000000000000000e+00
4.2474025055088305e-01
6.8236818854693415e-01
5.2046435763179466e-02
1.0000000000000000e+00
4.2177077322520518e-01
6.5616892409507277e-01
2.6232262951373264e-02
1.0000000000000000e+00
4.2177077322520518e-01
6.1877181512300017e-01
2.0262245432525083e-02
1.0000000000000000e+00
3.9638969614424013e-01
6.1877181512300017e-01
9.4809740493587702e-03
1.0000000000000000e+00
4.2944460488178038e-01
7.7090906483117583e-01
9.4809740493587702e-03
1.0000000000000000e+00
3.7847065865315699e-01
6.7191154827360156e-01
3.8284147501974508e-02
1.0000000000000000e+00
3.7115063574418627e-01
5.1872829665426257e-01
4.2309278965979025e-02
1.0000000000000000e+00
3.7115063574418627e-01
7.0093696788881066e-01
3.9183097071065709e-02
1.0000000000000000e+00
3.8347249569159203e-01
7.0093696788881066e-01
2.5416673271968171e-02
1.0000000000000000e+00
4.1461992541115933e-01
7.0093696788881066e-01
1.9976741046696112e-02
1.0000000000000000e+00
3.7165020683568173e-01
7.5663401969704869e-01
3.5685735167055532e-02
1.0000000000000000e+00
3.5878268906634503e-01
8.3068862595591786e-01
3.7520876963674232e-02
1.0000000000000000e+00
3.2570910731118374e-01
9.5574370064769032e-01
5.1046895090541944e-02
1.0000000000000000e+00
3.0407700196627729e-01
9.5574370064769032e-01
4.3006052257544503e-02
1.0000000000000000e+00
2.9525764051612668e-01
8.8003371694121602e-01
4.3006052257544503e-02
1.0000000000000000e+00
2.9318807458292895e-01
9.2779832557771447e-01
4.0120262414268359e-02
1.0000000000000000e+00
2.7020478060256892e-01
9.5874501244161370e-01
3.3554106712392673e-02
1.0000000000000000e+00
3.0641377156388216e-01
8.0558716730211022e-01
3.3554106712392673e-02
1.0000000000000000e+00
2.8696792384397440e-01
8.0558716730211022e-01
2.0049997367016181e-02
1.0000000000000000e+00
2.2334992790382557e-01
8.0558716730211022e-01
2.3229766165889010e-02
1.0000000000000000e+00
1.7210588136475735e-01
9.6972666160199883e-01
2.8071115253544554e-02
1.0000000000000000e+00
1.7210588136475735e-01
9.6972666160199883e-01
5.8752043632841811e-02
1.0000000000000000e+00
2.3996008284410664e-01
9.6972666160199883e-01
6.8451707595079347e-02
1.0000000000000000e+00
2.3936221100410648e-01
9.6972666160199883e-01
3.7228128285198614e-02
1.0000000000000000e+00
2.1992571376284786e-01
8.2020444647405388e-01
3.6323660979098782e-02
1.0000000000000000e+00
2.0645820166936346e-01
7.9520035945806744e-01
6.6883287387020096e-02
1.0000000000000000e+00
1.9584090545794197e-01
8.3563556560311558e-01
7.9299925820953354e-02
1.0000000000000000e+00
1.7935077011605927e-01
8.1530172788534405e-01
7.9299925820953354e-02
1.0000000000000000e+00
1.7935077011605927e-01
6.6044401066374125e-01
8.4371014026976332e-02
1.0000000000000000e+00
1.8122179251184889e-01
7.2770282315086665e-01
8.6013073270726159e-02
1.0000000000000000e+00
1.8122179251184889e-01
9.6135477410625758e-01
8.7717135169361860e-02
1.0000000000000000e+00
1.5974899757674166e-01
7.7117928551506343e-01
8.7717135169361860e-02
1.0000000000000000e+00
2.0463950935771891e-01
8.4907075451683345e-01
8.5419378674407631e-02
1.0000000000000000e+00
2.5342025821117886e-01
7.1804646836590114e-01
7.8337160835792452e-02
1.0000000000000000e+00
2.2424103160409459e-01
7.1804646836590114e-01
6.8839427980412871e-02
1.0000000000000000e+00
1.8679153759984501e-01
6.0597499148916545e-01
7.7635187621046930e-02
1.0000000000000000e+00
1.8679153759984501e-01
6.5111682439219298e-01
7.7635187621046930e-02
1.0000000000000000e+00
1.8334963455816933e-01
2.2691184157501998e-01
8.1927576533337265e-02
1.0000000000000000e+00
2.0377019703408905e-01
1.4022880667816939e-01
1.1227206928916755e-01
1.0000000000000000e+00
2.5379816725870796e-01
3.7291657404039147e-01
1.1227206928916755e-01
1.0000000000000000e+00
2.3932150755098291e-01
4.4985970613543036e-01
1.0403652904816452e-01
1.0000000000000000e+00
1.8015336621573397e-01
4.7522081845436337e-01
1.0403652904816452e-01
1.0000000000000000e+00
1.8657166607698628e-01
4.7522081845436337e-01
9.6860864630718857e-02
1.0000000000000000e+00
2.1387455895563789e-01
6.3071315401230099e-01
1.1429593289532247e-01
1.0000000000000000e+00
2.3234619110843369e-01
6.1962292754087689e-01
1.2437673840933028e-01
1.0000000000000000e+00
2.1285727530738541e-01
1.6673079543743374e-01
1.2437673840933028e-01
1.0000000000000000e+00
2.0462647829225489e-01
2.1064247787926438e-01
1.2437673840933028e-01
1.0000000000000000e+00
2.5234516713788935e-01
1.1552994550202134e-01
1.2560396067593727e-01
1.0000000000000000e+00
2.4786639589837023e-01
1.0934406789947393e-01
1.2633557666587192e-01
1.0000000000000000e+00
2.4009436139857598e-01
4.8884398220070624e-02
1.0788290437805015e-01
1.0000000000000000e+00
2.3448329003548452e-01
-1.2535014273635126e-02
1.0788290437805015e-01
1.0000000000000000e+00
2.3448329003548452e-01
-2.0885304276835082e-01
1.1102754345657784e-01
1.0000000000000000e+00
3.0847675682997533e-01
1.8877328289636397e-02
1.1102754345657784e-01
1.0000000000000000e+00
2.6530438246226140e-01
5.7949946178087020e-02
1.1102754345657784e-01
1.0000000000000000e+00
2.3815000573193856e-01
-1.2738229994665740e-01
1.1102754345657784e-01
1.0000000000000000e+00
2.3677110815441438e-01
-3.1243004565130827e-01
1.1102754345657784e-01
1.0000000000000000e+00
2.3333444752751120e-01
-2.3583225821148512e-01
1.1102754345657784e-01
1.0000000000000000e+00
2.3333444752751120e-01
7.2950259698518538e-02
1.2014177700067419e-01
1.0000000000000000e+00
2.3333444752751120e-01
-4.6770206736437059e-02
1.1053378859097618e-01
1.0000000000000000e+00
2.1963610201163419e-01
1.6743638451207521e-01
1.1400181686068434e-01
1.0000000000000000e+00
2.6988499126417764e-01
1.6743638451207521e-01
1.2499053755337852e-01
1.0000000000000000e+00
2.6865845712853798e-01
2.2603073073514723e-02
1.1940346101793009e-01
1.0000000000000000e+00
3.8702962714268097e-01
2.2603073073514723e-02
1.2950071322294432e-01
1.0000000000000000e+00
3.3971324729753860e-01
2.1058145995248201e-01
1.4366130835870761e-01
1.0000000000000000e+00
3.8891303333474525e-01
2.4129747311581018e-01
1.1267388917068499e-01
1.0000000000000000e+00
4.0958414020968803e-01
2.5686734388345944e-01
1.1439662056537825e-01
1.0000000000000000e+00
4.0958414020968803e-01
2.9995550433868634e-01
1.0773401837824392e-01
1.0000000000000000e+00
4.0739161920754441e-01
3.9341409723037946e-01
1.1648274250356960e-01
1.0000000000000000e+00
4.0739161920754441e-01
3.0660202386552560e-01
1.1648274250356960e-01
1.0000000000000000e+00
3.9657516245750912e-01
1.7183594635916966e-01
1.1983289653463769e-01
1.0000000000000000e+00
3.8859882512150534e-01
1.7183594635916966e-01
1.2467175293742228e-01
1.0000000000000000e+00
3.4083475292680987e-01
3.2611670412552529e-02
1.2467175293742228e-01
1.0000000000000000e+00
3.4083475292680987e-01
-4.7791687331664390e-02
1.2502587367808926e-01
1.0000000000000000e+00
3.4119466477676497e-01
1.1567442349387425e-01
1.2891609678073335e-01
1.0000000000000000e+00
3.9020983380868302e-01
8.4059840508234673e-02
1.2891609678073335e-01
1.0000000000000000e+00
3.9564360510229335e-01
1.9874068207336681e-01
1.2869467902957010e-01
1.0000000000000000e+00
3.7429149839698539e-01
1.8797216608418243e-01
1.2869467902957010e-01
1.0000000000000000e+00
3.8548274635940061e-01
2.6854065104616898e-01
1.2334401942817974e-01
1.0000000000000000e+00
4.2048919219195113e-01
1.7599819644583481e-01
1.2334401942817974e-01
1.0000000000000000e+00
2.7817917447208629e-01
1.7599819644583481e-01
1.1736844517319012e-01
1.0000000000000000e+00
2.8622980096514539e-01
1.9705996357333833e-02
1.3144950792221832e-01
1.0000000000000000e+00
2.7433383192072824e-01
2.0128150328291672e-01
1.3144950792221832e-01
1.0000000000000000e+00
3.1898541103254274e-01
2.1823770410610455e-01
1.3631917759804535e-01
1.0000000000000000e+00
2.4114161829601244e-01
2.3595339383227842e-01
1.3631917759804535e-01
1.0000000000000000e+00
2.4114161829601244e-01
2.9288139890177267e-01
1.3631917759804535e-01
1.0000000000000000e+00
2.0555036055992559e-01
2.2727030839068907e-01
1.3631917759804535e-01
1.0000000000000000e+00
3.2618727821062521e-01
6.2864575043749982e-02
1.2849096152959871e-01
1.0000000000000000e+00
2.7396317484925703e-01
-2.4591159566807574e-02
1.2303237607731032e-01
1.0000000000000000e+00
2.8600376431967334e-01
-2.4591159566807574e-02
1.3466779505862403e-01
1.0000000000000000e+00
3.4266601090456561e-01
-1.2562004153387529e-01
1.3578449680964011e-01
1.0000000000000000e+00
3.1786897738601283e-01
-1.4822093073980791e-01
1.3331268543871599e-01
1.0000000000000000e+00
2.7383056988145427e-01
-1.6685951177732927e-01
1.1619895396316904e-01
1.0000000000000000e+00
2.6365639043177680e-01
-1.5374621798055155e-01
1.3336293471539873e-01
1.0000000000000000e+00
2.7348580357755736e-01
4.3792373940777951e-02
1.4297596064890283e-01
1.0000000000000000e+00
2.7472234593841449e-01
4.3792373940777951e-02
1.2175386357731666e-01
1.0000000000000000e+00
3.2231642754885570e-01
-2.6332855715918368e-02
1.4604524714551415e-01
1.0000000000000000e+00
3.1678808091345445e-01
-2.3033476111249906e-01
1.3588197627715315e-01
1.0000000000000000e+00
3.2144227514180557e-01
7.3195127278995686e-02
1.3531437474913444e-01
1.0000000000000000e+00
3.7142443919691459e-01
8.2155746847820454e-02
1.3527813541251132e-01
1.0000000000000000e+00
3.3623989561709777e-01
2.1087747204346674e-01
1.3527813541251132e-01
1.0000000000000000e+00
3.3130001632633821e-01
2.1087747204346674e-01
1.1065894422600875e-01
1.0000000000000000e+00
3.2069478912416116e-01
2.1087747204346674e-01
1.0241671802024255e-01
1.0000000000000000e+00
3.2069478912416116e-01
2.1087747204346674e-01
8.4412288464511653e-02
1.0000000000000000e+00
3.3551936952534334e-01
1.8079289465440529e-01
9.7502643786276599e-02
1.0000000000000000e+00
3.3551936952534334e-01
4.1746018498433846e-01
1.2459013479193570e-01
1.0000000000000000e+00
4.0029762389275447e-01
2.3990196033610123e-01
1.2459013479193570e-01
1.0000000000000000e+00
4.3587615044924632e-01
2.8022858917011040e-01
1.2659076585797491e-01
1.0000000000000000e+00
4.2477067915859834e-01
1.8976523398650902e-01
1.2151206502122702e-01
1.0000000000000000e+00
4.0175789391759054e-01
3.0417094609929340e-01
1.3257976279957118e-01
1.0000000000000000e+00
4.0175789391759054e-01
2.2683560333443897e-01
1.1762326009003343e-01
1.0000000000000000e+00
3.9761985821786539e-01
6.1017254807484322e-02
1.1762326009003343e-01
1.0000000000000000e+00
3.6268169416251794e-01
9.4479823925030404e-02
6.9825413016508242e-02
1.0000000000000000e+00
2.8079876566442863e-01
-3.8003095916974372e-02
6.9825413016508242e-02
1.0000000000000000e+00
2.8569053026984648e-01
-3.8003095916974372e-02
5.3757921172211787e-02
1.0000000000000000e+00
2.8569053026984648e-01
-1.0129291985886080e-01
8.3953050276170393e-02
1.0000000000000000e+00
3.0154689873705820e-01
-1.6324842770354731e-01
8.8991813905442974e-02
1.0000000000000000e+00
2.9425030487726644e-01
1.7015616849494153e-02
9.1253087992220094e-02
1.0000000000000000e+00
2.8388173605452494e-01
6.8723063424658948e-02
9.1822066247834733e-02
1.0000000000000000e+00
3.2270760002683119e-01
1.1089417289240378e-01
9.1737265194672069e-02
1.0000000000000000e+00
3.2270760002683119e-01
-8.0261235381839935e-03
9.0709092057215890e-02
1.0000000000000000e+00
3.2877349161680058e-01
6.5966069207024747e-02
8.0560944004821500e-02
1.0000000000000000e+00
3.6781868578071908e-01
1.8954179689717465e-02
1.0375948712127181e-01
1.0000000000000000e+00
3.9268117078717069e-01
3.9679341341598051e-01
1.0375948712127181e-01
1.0000000000000000e+00
4.0347647347624616e-01
2.7603758449895399e-01
1.0375948712127181e-01
1.0000000000000000e+00
4.0562178061480836e-01
3.0485367539567965e-01
1.0375948712127181e-01
1.0000000000000000e+00
4.0567845934236857e-01
4.0123374641370946e-02
1.0145077384905787e-01
1.0000000000000000e+00
3.7727960095907065e-01
1.0758404570860880e-01
1.0961499625947224e-01
1.0000000000000000e+00
3.4923129984343859e-01
2.4973055857462900e-01
1.1602807140108096e-01
1.0000000000000000e+00
3.4923129984343859e-01
3.7847743693037050e-01
1.1602807140108096e-01
1.0000000000000000e+00
3.4923129984343859e-01
1.8787388268156069e-01
1.0807493424173342e-01
1.0000000000000000e+00
3.0337729201818320e-01
3.6100107196016329e-01
1.1685013027991997e-01
1.0000000000000000e+00
1.8580677257085654e-01
1.6576517882986086e-01
1.1685013027991997e-01
1.0000000000000000e+00
2.4595205196345660e-01
3.5597025740189570e-01
1.1499363709837096e-01
1.0000000000000000e+00
2.5940452971661898e-01
3.5597025740189570e-01
1.1499363709837096e-01
1.0000000000000000e+00
2.8199684330428454e-01
4.3606590616745966e-01
1.0640650023370879e-01
1.0000000000000000e+00
2.4950880593786451e-01
1.3349066066784876e-01
1.0640650023370879e-01
1.0000000000000000e+00
2.5995663589964124e-01
8.3724243075084859e-02
1.1264048856347697e-01
1.0000000000000000e+00
2.0806030965576383e-01
8.3724243075084859e-02
1.1901222788393395e-01
1.0000000000000000e+00
2.0806030965576383e-01
2.8880246493263262e-01
1.1699280854910510e-01
1.0000000000000000e+00
2.0806030965576383e-01
4.3311082150084990e-01
1.1699280854910510e-01
1.0000000000000000e+00
2.0806030965576383e-01
2.2191783364160078e-01
1.1105541153475540e-01
1.0000000000000000e+00
2.4173565617928716e-01
2.8008555944306868e-01
1.1105541153475540e-01
1.0000000000000000e+00
2.4766130828464838e-01
3.0700435999078768e-01
1.1394863519482212e-01
1.0000000000000000e+00
2.1754903782965584e-01
3.1736198204798716e-01
1.1394863519482212e-01
1.0000000000000000e+00
2.1754903782965584e-01
3.2921221989436167e-01
1.1677943858913975e-01
1.0000000000000000e+00
1.8528818915473266e-01
3.2921221989436167e-01
1.1012715650387006e-01
1.0000000000000000e+00
2.3140252771662517e-01
2.6539699218465107e-01
1.1012715650387006e-01
1.0000000000000000e+00
2.5307882222222133e-01
2.2690122432304638e-01
1.0300348084084587e-01
1.0000000000000000e+00
2.1677270898470624e-01
2.2690122432304638e-01
1.0300348084084587e-01
1.0000000000000000e+00
2.0734150608876689e-01
2.2690122432304638e-01
1.1458746846429901e-01
1.0000000000000000e+00
2.3228421149650558e-01
-9.0544597737061805e-02
1.1458746846429901e-01
1.0000000000000000e+00
2.6532520813742622e-01
1.0052202499700802e-01
1.1458746846429901e-01
1.0000000000000000e+00
2.5426963652824952e-01
2.2634392834497707e-01
1.0679884478114443e-01
1.0000000000000000e+00
3.0736243474638059e-01
2.1535671266956347e-01
9.9916822646184733e-02
1.0000000000000000e+00
2.7157455805098607e-01
2.0837349325847798e-02
1.0236441054977374e-01
1.0000000000000000e+00
2.9478669661438062e-01
1.7272063109321611e-01
1.0236441054977374e-01
1.0000000000000000e+00
2.9763110476886823e-01
5.3499085593266504e-01
1.0236441054977374e-01
1.0000000000000000e+00
3.3073209907269074e-01
6.9090322542233484e-01
1.1190812838859754e-01
1.0000000000000000e+00
