1
1000
1.1389867328636601e-01
1.0054653507488370e-01
1.0024121846616736e-01
9.3724328092431100e-02
1.0350665245546345e-01
1.0261262141868599e-01
9.9213141697196944e-02
1.0892166021598651e-01
1.0727738957114852e-01
9.8140227043432268e-02
9.2694041648516995e-02
9.8527842427062001e-02
1.0006244863550164e-01
1.1631383118530801e-01
1.1347791494177978e-01
1.0951785270178580e-01
1.1100010054671731e-01
1.1118172513099582e-01
1.2120963690399252e-01
1.2748208686483486e-01
1.1551808458511666e-01
1.1103491386417154e-01
1.1173556593400306e-01
1.1271347735950119e-01
1.1096156321716601e-01
1.1690331319327535e-01
1.2136014557944419e-01
1.1628805840296336e-01
1.3026476496662709e-01
1.3939810866284266e-01
1.5124671378106405e-01
1.7320473797325101e-01
1.7310960959584829e-01
1.4690528316337054e-01
1.5393287927191157e-01
1.8057889805338476e-01
1.6951368793390795e-01
1.7265226576262599e-01
1.8202603779477700e-01
1.5048881707573003e-01
1.5101680714143417e-01
1.5754546191159197e-01
1.4255765027148276e-01
1.4212884893427191e-01
1.4569310991419526e-01
1.3708816352274042e-01
1.2326525933077333e-01
1.1741010600293919e-01
1.3257080962978998e-01
1.3155541755669026e-01
1.1451399234583340e-01
1.1240471599341088e-01
1.2513105381807918e-01
1.1702673890331595e-01
1.2460333336740322e-01
1.0957584847557911e-01
1.1517659506973692e-01
1.1248849011743978e-01
1.3111776430501404e-01
1.1452049251731593e-01
1.2954336965534222e-01
1.0837730753735476e-01
1.0735437675072169e-01
1.1657936125328572e-01
1.1734539153981943e-01
1.0648658421676994e-01
1.0631435721194676e-01
1.0041598138593467e-01
1.0621482539181205e-01
1.1115280118992953e-01
9.6824341391785931e-02
9.7677319279053390e-02
1.0197755476800811e-01
1.0280265325237700e-01
1.0892758626329656e-01
1.4142368612895634e-01
1.0913746477199736e-01
1.2619023135362786e-01
1.0888887697915367e-01
1.0716683574946957e-01
1.1143849162337252e-01
1.2499163978383775e-01
1.2574402421861161e-01
1.1140293554989794e-01
1.1762736092356879e-01
1.1993845569328805e-01
1.1903272560004041e-01
1.0034453962520663e-01
9.7463121688534646e-02
1.3221842607829998e-01
1.0665984717013277e-01
1.0000367009323080e-01
1.0305890348112540e-01
1.0177222545531427e-01
9.9614729194951041e-02
1.3411267258771031e-01
1.2713504554496544e-01
1.1410866699774225e-01
1.1307566056392350e-01
1.1743610899662636e-01
1.1526341789241547e-01
1.5301654740226195e-01
1.6865456371388787e-01
1.8531224079462441e-01
1.3142546481782630e-01
1.5162309673876617e-01
1.2949642581240192e-01
1.4668523074028539e-01
1.5301145738217381e-01
1.3809188206749290e-01
1.1590292977792110e-01
1.1130943454929108e-01
1.2091016619856600e-01
1.0388345348133594e-01
1.0449205732758214e-01
1.0013742870416213e-01
1.1335967695734754e-01
1.0710260307615868e-01
1.1103182726529509e-01
1.0812248061602484e-01
1.1666858521380616e-01
1.1361580665041665e-01
1.2236774205853143e-01
1.0734526372834285e-01
1.1511795629796412e-01
1.2328770227295559e-01
1.1820416668999034e-01
1.1336373665689617e-01
1.2809627139419708e-01
1.1890481855539252e-01
1.3413164006595568e-01
1.2466137135713316e-01
1.3800833122561385e-01
1.2257342381237185e-01
1.2967412518800350e-01
1.2633607729063331e-01
1.1160118391985507e-01
1.1677818259276633e-01
1.3107601667675164e-01
1.2262457245243009e-01
1.7527489705241284e-01
1.6209249509649631e-01
1.4286958309305228e-01
1.4483664666498020e-01
1.4886046983241075e-01
1.7405718210948898e-01
1.5206012250142983e-01
1.4809279952532275e-01
1.4514645042730323e-01
1.5236516743706732e-01
1.6751101551982209e-01
1.5010387788261684e-01
1.6565681742951607e-01
1.5035735909314105e-01
1.4116716156774586e-01
1.5575799803603763e-01
2.0450294674659614e-01
2.0450294674659614e-01
1.7164686978332483e-01
1.6656193876451325e-01
1.6270086338654174e-01
1.6498862236256565e-01
2.2463704078692406e-01
1.8226224943169483e-01
1.6469311212287532e-01
2.8495633973259404e-01
1.6588770218866064e-01
1.6366842851736013e-01
1.7879651166246668e-01
1.8619269555029305e-01
1.6495283392238702e-01
1.7699676265924855e-01
2.0391073067185675e-01
2.5757117134431695e-01
2.4379546527591803e-01
2.1095856996449103e-01
2.2009365743824877e-01
2.4158039671639064e-01
2.4644905659737049e-01
2.1682597983718044e-01
2.4297738767231220e-01
2.2602126385094037e-01
2.2362469009576999e-01
1.7932239554879159e-01
1.7828908074000466e-01
1.7510048939402453e-01
2.0226475118048193e-01
2.0106252201188490e-01
2.1198755757290208e-01
1.8258858467389780e-01
1.8271375404258638e-01
1.9909730884847565e-01
1.9455220700564951e-01
1.9289315156777997e-01
1.8630631185994140e-01
1.6785610370671791e-01
1.5518400172686903e-01
1.5105946719906466e-01
1.9499030718991722e-01
1.9041197255914433e-01
1.8001681679554227e-01
1.6338358724376079e-01
1.5757263807290228e-01
1.6910205233181333e-01
2.0531863424258998e-01
1.6558054047365256e-01
1.5060411365071297e-01
1.6094924506220282e-01
1.5991504454009980e-01
1.5125818451982143e-01
1.5879005514055583e-01
1.6453406505386847e-01
1.4986895205791795e-01
1.7368554120704308e-01
1.6870663684163761e-01
1.5076480281296653e-01
1.4150106594590642e-01
1.4972321096743238e-01
1.4848070576983669e-01
1.5221671912405677e-01
1.5216984151413326e-01
1.5433092477568466e-01
1.5242783758249476e-01
1.7395057743245559e-01
1.7320674724486179e-01
2.0963095625796802e-01
1.5581786085938037e-01
1.4493469097309875e-01
1.9650077643861100e-01
1.4394548054025069e-01
1.5996529225821532e-01
1.2555893296564352e-01
1.5158369185460585e-01
1.4299761349632822e-01
1.3660273093268283e-01
1.4945136636083919e-01
1.4596796061879935e-01
1.4227929122734520e-01
1.6532783176611279e-01
1.5710155569427481e-01
1.3996607846846815e-01
1.4515155357377085e-01
1.5903066856424439e-01
1.6628154472793633e-01
1.5801280666683215e-01
1.8711577634193013e-01
2.4314613490058584e-01
2.0821247970555457e-01
1.5574079800665599e-01
2.0411684916012077e-01
1.9868695860308860e-01
2.0424787799864291e-01
1.9733582111034431e-01
2.5361925114209272e-01
2.9993435682582997e-01
1.8608701849989789e-01
1.7948721590843297e-01
1.7627790519438322e-01
1.5961555659149634e-01
1.4370069269375679e-01
1.3635631858747918e-01
1.5408004691362837e-01
1.5991308975850868e-01
1.4800878243152510e-01
1.5501380862194600e-01
1.5268721636877886e-01
1.3590548592675578e-01
1.3562185512184810e-01
1.3276401890615031e-01
1.4318737322203223e-01
1.5216464525754833e-01
1.8284218448211301e-01
1.8211081733131290e-01
2.5288442988673471e-01
2.1775376649162814e-01
2.2856428605642862e-01
1.9628323881474824e-01
2.0247654042546617e-01
1.9607712671109723e-01
1.8770883030160412e-01
1.8671071778091919e-01
1.8311949514300355e-01
1.5891468596171596e-01
1.6178987113148832e-01
1.7839202194597503e-01
1.6533378334776119e-01
1.5535982704729989e-01
1.8084517385858934e-01
1.6427441212708818e-01
1.8113231778617833e-01
1.7582292606215155e-01
1.6464692003919423e-01
1.8489021902434025e-01
1.8676793415874993e-01
1.8236454044655909e-01
1.6546773927006264e-01
1.6192962939143005e-01
1.7248801823073012e-01
1.9955030065707230e-01
1.9166235110000807e-01
1.7004209535724890e-01
1.7950928917073494e-01
1.7673787851402253e-01
1.8757869060990476e-01
1.8134449844844253e-01
1.6731823308624921e-01
1.6566907911931777e-01
1.8894818031156801e-01
2.0217834266737050e-01
1.9484288588685214e-01
2.0268362025752867e-01
1.6603040170871783e-01
1.5387058998839678e-01
1.4020880975842095e-01
1.2587209256973794e-01
2.1094578310339590e-01
1.2612367089468918e-01
1.2315870773244204e-01
1.2522700963331171e-01
1.4521239403197328e-01
1.1900045218975933e-01
1.1274479257838578e-01
1.0544373267892446e-01
1.0533274183954537e-01
1.0622972467973428e-01
1.0640866141222868e-01
1.1043215912473793e-01
1.1319733565889697e-01
1.1450282717057575e-01
1.1099837171870076e-01
1.1524088064464470e-01
1.1730232946819680e-01
1.1418972966410518e-01
1.1849115115045449e-01
1.1128549853881918e-01
1.4465205210011897e-01
1.5152525808289244e-01
1.6727266835340249e-01
1.5324983196320607e-01
1.7967195843215630e-01
1.8887507197136141e-01
1.9396151737586545e-01
1.4945018580790120e-01
1.6242215367233506e-01
1.7448556766009965e-01
1.6829643351529255e-01
1.7985629776848466e-01
1.5822105821522661e-01
1.5834587041692663e-01
1.6421568449246141e-01
1.5460401924512621e-01
1.3304548481310297e-01
1.2679591025538817e-01
1.4262352396038808e-01
1.7958175974975712e-01
1.7639906914344242e-01
1.2709253751801014e-01
1.3299100803225739e-01
1.4244898853356835e-01
1.3771164552290011e-01
1.3634254232008705e-01
1.4231088401649600e-01
1.5292116379351600e-01
1.3620832336789462e-01
1.2870438306953591e-01
1.5306607646577286e-01
2.1073987529434204e-01
1.9969079772595877e-01
2.0148931021501279e-01
2.0328907537097343e-01
1.7281553239028333e-01
1.6191111867838651e-01
1.5429869887752798e-01
1.2758058760674640e-01
1.2646773444494211e-01
1.2626863240735869e-01
1.3055160743642932e-01
1.3042191148339094e-01
1.2349503529293060e-01
1.2199452453920241e-01
1.1502390366011939e-01
1.4096347663282457e-01
1.5255054023969244e-01
1.2053060441356200e-01
1.1836441074787210e-01
1.1143177794019334e-01
1.3285030259424679e-01
1.4015089404344810e-01
1.3531129561940808e-01
1.4498510623339900e-01
1.2555701742179898e-01
1.2719027495873025e-01
1.2816258173052483e-01
1.4167680369117813e-01
1.5324741102227002e-01
1.6586925775133218e-01
1.9315868019983642e-01
1.5769636593216302e-01
2.6784635887236841e-01
2.3177825463244761e-01
2.2372608800272595e-01
1.6575901865016024e-01
1.6889005000392832e-01
2.5360379153678808e-01
1.4797775842120564e-01
1.8256657832019385e-01
1.7667013501563300e-01
1.3500195040173441e-01
1.4727519281194343e-01
1.6512568333376190e-01
1.5568637449756290e-01
1.6436381620784815e-01
1.5411728952581083e-01
1.8586799437222293e-01
2.5044467773194762e-01
1.8299977286469102e-01
1.5122065831304926e-01
1.7199309450416889e-01
1.6353609710112291e-01
1.6706545339716039e-01
1.4736470963439982e-01
1.6169370920474166e-01
1.5914335895310189e-01
1.3181876024964884e-01
1.3292316644979901e-01
1.3947036102732546e-01
1.3348565357973927e-01
1.2492795492957112e-01
1.3726201750021849e-01
1.4043645064778099e-01
1.3930768828583259e-01
1.5717009562007672e-01
1.4540561022822429e-01
1.4685227552594760e-01
1.4919557440773679e-01
1.6564901386204758e-01
2.2008287814366664e-01
2.2724320212010374e-01
2.1949634931638756e-01
1.6582914868369833e-01
1.6195446964226512e-01
2.2249035081096610e-01
1.3367669867488957e-01
1.5913053623048906e-01
1.6366146488664654e-01
1.8517731800517892e-01
1.8227152915116743e-01
2.2517994096418023e-01
3.1940569453973783e-01
2.0516225057611137e-01
1.8592012981482511e-01
1.7016039992225704e-01
1.8835000209350095e-01
1.8586801821804957e-01
1.9969151761929024e-01
1.7332671644772862e-01
1.8049311075892971e-01
1.8195045058033257e-01
1.8654070659281519e-01
1.7950229006109703e-01
1.9506853711666511e-01
1.7530359077673757e-01
1.7530359077673757e-01
1.9524272858952085e-01
1.7414639894811634e-01
1.9400139349519016e-01
1.7499394372087984e-01
1.7074505771355772e-01
1.8189533027219340e-01
1.8554948304073959e-01
2.3170205555837012e-01
1.3455699382816202e-01
1.4956788996497669e-01
1.3914639612597232e-01
1.4817852187708028e-01
1.3911997727625389e-01
1.4325589013934104e-01
1.6351182723602350e-01
1.7761896273686520e-01
1.8260233581808394e-01
1.7782675148959751e-01
1.7850142308309291e-01
1.5361401563689031e-01
1.7942721529346692e-01
1.5109506925119739e-01
1.4680578074362938e-01
1.2990317864162809e-01
1.2104786554249154e-01
1.1486308225352611e-01
1.3268175661314002e-01
1.2715822899993007e-01
1.3467435560444152e-01
1.4783530714069204e-01
1.4961110648675457e-01
1.2936645217678724e-01
1.4660204110039354e-01
1.4008799890989510e-01
1.5052387285877430e-01
1.5287390817990665e-01
1.6705853084455349e-01
1.8563942587745039e-01
1.5290018063394384e-01
1.3279224387009245e-01
1.5056594492703862e-01
1.6302573672530390e-01
1.5336768643425575e-01
1.7034720136038176e-01
1.7419213035601711e-01
1.8971943007895625e-01
1.4695381084315678e-01
1.4563848026713791e-01
1.6018538962448370e-01
1.6854025630831274e-01
2.6474200481915772e-01
1.6511511946481336e-01
1.4896994134494485e-01
1.6945824429394435e-01
1.7951290712215720e-01
1.4562322300912142e-01
1.3004849985990957e-01
1.3163230264691955e-01
1.5281617617958404e-01
1.8630545897387152e-01
1.7148225243523996e-01
1.6123261905881531e-01
1.7247890822850409e-01
1.2614278435442430e-01
1.2421360229061190e-01
1.2718524089721797e-01
1.2919917361908470e-01
1.2839838795843439e-01
1.3082607401543256e-01
1.3013682955309125e-01
1.3593472236440443e-01
1.3056842338821167e-01
1.3246194004594683e-01
1.5636377451039971e-01
1.3298857461871116e-01
1.3010900161595526e-01
1.5075097032857351e-01
1.6753973159171998e-01
1.7750509735717021e-01
2.3752112098861616e-01
1.5664394772397883e-01
1.8315185139282214e-01
1.2666666061773602e-01
1.2031088225210601e-01
1.1498235638492567e-01
1.2177827138858797e-01
1.3067210115809913e-01
1.1886205214785438e-01
1.3436281756499172e-01
1.3823532634888910e-01
1.1814875926911581e-01
1.2477354932973007e-01
1.2617184396331854e-01
1.2762747444963346e-01
1.3705043701261957e-01
1.1934154043274141e-01
1.1527621909245749e-01
1.1967422900125665e-01
1.5927793007938221e-01
1.2295729296902591e-01
1.2526705383465742e-01
1.2509543458385280e-01
1.3598438481460387e-01
1.3824112032288580e-01
1.4298493157849315e-01
1.5954436675541828e-01
1.5193833428473932e-01
1.7088998895414639e-01
1.6589431516312619e-01
1.6720124121489305e-01
1.4480239578231338e-01
1.6463283157654285e-01
1.4395583739165702e-01
1.5028846938002288e-01
1.6393538675270261e-01
1.5355658605261510e-01
1.3634840122797651e-01
1.3066069391682811e-01
1.4264677322596911e-01
1.5449202117845184e-01
1.6147742267781681e-01
1.7802507058145983e-01
2.0948540037909333e-01
1.5111644676609740e-01
1.3745571359608261e-01
1.4626596530056390e-01
1.6125463494251271e-01
1.8725948648229021e-01
1.6623340446798607e-01
1.4451968847168273e-01
1.5658936507934920e-01
1.6109365402477735e-01
1.5501592346115087e-01
1.6429068682439787e-01
1.9691017228851745e-01
1.7925807156245632e-01
1.8456750026981808e-01
1.8525962252862258e-01
1.8922035218741706e-01
1.7715618919094159e-01
1.7193481960384879e-01
1.4152367608728791e-01
1.3403187700905897e-01
1.5347217066220789e-01
1.8366442633529953e-01
1.7101611987855542e-01
1.6686706132848403e-01
1.7286119487296689e-01
1.9551504120058572e-01
2.2609400709050947e-01
1.8096609963548396e-01
1.9829896597969285e-01
2.2139077880188601e-01
3.5155812823631921e-01
3.0964126084220922e-01
2.9820068421210305e-01
3.2062517963069709e-01
2.3226244512149335e-01
2.4314599282946872e-01
2.4790354980615661e-01
1.4499889304454214e-01
1.4059470086322556e-01
1.6464334625832550e-01
1.4043498040352914e-01
2.2310368068297939e-01
2.1154783661845131e-01
1.6922915431133811e-01
1.6603203292526586e-01
1.6454634143664515e-01
1.8961403048293979e-01
1.7616149268377901e-01
1.5515074388926089e-01
1.4703603985690047e-01
1.3502759865771222e-01
1.4209567901405604e-01
2.0844584170230288e-01
2.0192072774588796e-01
2.1405636928726446e-01
2.4058349644886282e-01
1.5856568849491048e-01
1.7233603477298776e-01
1.9493717862426999e-01
1.9583613606725458e-01
1.7309510084925411e-01
3.2997868365550964e-01
2.1607703911421808e-01
2.1517830383369496e-01
1.8283993361949347e-01
1.5835097895093514e-01
1.4907821064932031e-01
2.6277878546009403e-01
1.4465021401910877e-01
1.7335192964523760e-01
1.7960890950221919e-01
1.8237801734311565e-01
2.2558429341004393e-01
2.3940963714415744e-01
2.4262904735813540e-01
2.2384930677731205e-01
1.5181618062652755e-01
1.4705142110214295e-01
1.4529642651807131e-01
1.5235420694814919e-01
1.6360651635457160e-01
2.0816380877956198e-01
1.7921894164489230e-01
1.8386925780593813e-01
1.7423270303064492e-01
1.7887432132400310e-01
1.9795700292721446e-01
3.9644460519796709e-01
4.6214514711120125e-01
4.5116067509908114e-01
2.7203459502156857e-01
2.4604175707057518e-01
2.4319969263760688e-01
2.3069622099159301e-01
1.8042401119824125e-01
1.6476627795627291e-01
2.0766108253697005e-01
1.8988100954167458e-01
1.6845187965320579e-01
1.6500298467495075e-01
1.6409868626854748e-01
1.6932528350257023e-01
1.7006412554603262e-01
1.7612056139778162e-01
1.8698810738972621e-01
1.9851884686704049e-01
2.0568165886050274e-01
2.1369795130807379e-01
2.0467738059779972e-01
2.2213417714063635e-01
2.0593224841445154e-01
2.0373095129108168e-01
4.0227000577723487e-01
2.7570941017864981e-01
3.0001131912951012e-01
3.2756188413583248e-01
3.6821644559085592e-01
2.3694798319536023e-01
2.2732935011409630e-01
2.2613433668601116e-01
1.9738960364583275e-01
2.6116878165733631e-01
2.5210740120182107e-01
2.3012383373423367e-01
2.6033640869968183e-01
2.6199747422048825e-01
2.9625755899003292e-01
2.9221460933038862e-01
3.0182965274278539e-01
2.6298217913893945e-01
2.7031992779293801e-01
3.0737171734546054e-01
3.0452042964752518e-01
3.2001762604963846e-01
3.3384902326210686e-01
3.7755585223659716e-01
3.9076175379683825e-01
2.0113076524752255e-01
1.7313864532861817e-01
1.6217354022924543e-01
1.6145557048007500e-01
1.3346931113008409e-01
1.2663600274381295e-01
1.2321400533884858e-01
1.2664869321649858e-01
1.3671507085484699e-01
1.7399693984752360e-01
1.7125198633016564e-01
1.6180178207868820e-01
1.7651123160388038e-01
1.5830996073617781e-01
1.4889413656612099e-01
1.6677970204666248e-01
1.3520726182590087e-01
1.3959553982093878e-01
1.3962207932339715e-01
1.6654734746545186e-01
1.6095629787970067e-01
1.2554228803701517e-01
1.2968710483603293e-01
1.5947075896537743e-01
1.5829771769622805e-01
1.4425176091526551e-01
1.6157310796899960e-01
1.6444254218844534e-01
1.4572146128471541e-01
1.5019240471774650e-01
1.5621202296391282e-01
1.6376212305521323e-01
1.5310073540274524e-01
1.5201964761145509e-01
1.5076659315883600e-01
1.4479105217951854e-01
1.4083714841528680e-01
1.3158101589993007e-01
1.2194418750432347e-01
1.3461467306939856e-01
1.2522697972177832e-01
1.2130495342410302e-01
1.3235173505152556e-01
1.2716822337384001e-01
1.2744696529196448e-01
1.3872549973985046e-01
1.5295337440158230e-01
2.2181137337240200e-01
2.1918585871463792e-01
1.4376288095668119e-01
1.4242494369142700e-01
1.5301429598905453e-01
1.4654561918606129e-01
1.6646988619841555e-01
2.8479728076824279e-01
3.3634215525068889e-01
1.6974127079832399e-01
1.5333297763964338e-01
1.7243278155821809e-01
1.8470836003339072e-01
1.9909422932790252e-01
1.3593805741825343e-01
1.3598911285501528e-01
1.6280458685367521e-01
1.8536924925983722e-01
1.5895316141750604e-01
1.6920922773038385e-01
1.6226761976181056e-01
2.6413215373309623e-01
2.5471497115845881e-01
1.9667447721476031e-01
1.7084594563064814e-01
1.4385464910043169e-01
1.6035901095437780e-01
1.5810039705513329e-01
1.7106756298316983e-01
1.5775235274550606e-01
1.4286193648170070e-01
1.3063597675095384e-01
1.1992293584108291e-01
1.2310251026769865e-01
1.5594501158364729e-01
1.6541733541127193e-01
1.6729794762780334e-01
1.6027535398604023e-01
1.7797939278173705e-01
1.5774608058414674e-01
2.2451535547762519e-01
1.5981724509071754e-01
1.4183030206142708e-01
1.3767905574116576e-01
1.4672426210891565e-01
1.2545104972064616e-01
1.1269659380713212e-01
1.2111762700656764e-01
1.1928754001645332e-01
1.1806682563065797e-01
1.1625150064588581e-01
1.1837804969721338e-01
1.1862624052224008e-01
1.2786679276374305e-01
1.5061976261478577e-01
1.3815052664458599e-01
1.1790469693649987e-01
1.5200942401225961e-01
1.5455468402088168e-01
1.4671912485690775e-01
1.5326928669512649e-01
2.3363672363758625e-01
1.3762293978936369e-01
1.2109786544727964e-01
1.2940562950588538e-01
1.1589500614014944e-01
1.1483208938470617e-01
1.1114514390965013e-01
1.2431160581555538e-01
1.0862694283496258e-01
1.0313325562242062e-01
1.1616599074465307e-01
1.1243133499187526e-01
1.3310505966959177e-01
1.3993243642820796e-01
1.3632334730652912e-01
1.2877573502160947e-01
1.3518823105384720e-01
1.3725162935983407e-01
1.2822519820082159e-01
1.4334367476434853e-01
1.4137474002747299e-01
1.4251906469742898e-01
1.4073004051745408e-01
1.2861251335208279e-01
1.2481249287380701e-01
1.1865714745971065e-01
1.3245483313712733e-01
1.2319452024842009e-01
1.1648104586611632e-01
1.1833252425593781e-01
1.1516078190643229e-01
1.1892147192770343e-01
1.1241373320815061e-01
1.0828968638969901e-01
1.1864425350943206e-01
1.1974225977698558e-01
1.1860499396010468e-01
1.2731466356062118e-01
1.4112519813801785e-01
1.2429837604743942e-01
1.2366933250539819e-01
1.2495236376632665e-01
1.1772206203349332e-01
1.3839165229561848e-01
1.3299757787684494e-01
1.2363208478691882e-01
1.2251836389953867e-01
1.2638878590975247e-01
1.3631462680765100e-01
1.3996647873349333e-01
1.3364468744797536e-01
1.3946136489110489e-01
1.4297955516759084e-01
1.5896651833278830e-01
1.7000491381144817e-01
1.7356754118169970e-01
1.6551506114555450e-01
1.6850346466782024e-01
1.7303276386532609e-01
1.6035951353759623e-01
2.4711204723845584e-01
2.1381844172032516e-01
2.3307350676245997e-01
1.9523238350699479e-01
2.4987059126900668e-01
2.3572686419697975e-01
2.3891003279278714e-01
2.1651252819808253e-01
2.0627715898482560e-01
2.0169009293812995e-01
3.0751295226346448e-01
2.4530729680398733e-01
2.2705475836201014e-01
3.7514129179697603e-01
3.6082396504128417e-01
3.8458545830376878e-01
3.1619909152505860e-01
1.7844669548423095e-01
2.4112283934717063e-01
2.2948283587458737e-01
2.2141747344867191e-01
2.3886796774481023e-01
2.2538753679557280e-01
2.5734556160118177e-01
2.1494914078164026e-01
1.8752851392005090e-01
2.7039032831514898e-01
2.7508500269053238e-01
2.9481558513641337e-01
2.8264152915498963e-01
2.5716889275553451e-01
2.9343133358214862e-01
1.6570695767196755e-01
1.6447534200079686e-01
1.7564137064497332e-01
1.8629664768265525e-01
1.8240222062892314e-01
2.1982508513959542e-01
1.9765184412841127e-01
1.7373122366977561e-01
1.6212189216704986e-01
1.5577035579116558e-01
1.4387530513859897e-01
1.7295826348785037e-01
2.2943508987750982e-01
1.7535145567813110e-01
1.5465101371006976e-01
1.8080521262708507e-01
1.5499234741931903e-01
1.5879739194818929e-01
1.5173813287891741e-01
1.4997447171023276e-01
1.4689492112153504e-01
1.3735275513751019e-01
1.2780392158729662e-01
1.2753195585032284e-01
1.7223151862601013e-01
1.4454484973922777e-01
1.7346981405988837e-01
2.4792711777024215e-01
3.0052813360487890e-01
1.6443209887577845e-01
1.2765259085087322e-01
1.4890408930605642e-01
2.5948470684299907e-01
1.3987130751076768e-01
1.5698349954636467e-01
1.7177914460432361e-01
1.7913732571008295e-01
1.5604651781112794e-01
1.5835726577019049e-01
1.6136744637505743e-01
1.7040076883844349e-01
1.3757523033582764e-01
1.3202248502773847e-01
1.3075406411062118e-01
1.4370336805035816e-01
1.4363136655655778e-01
1.4563095942608803e-01
1.4954093221064441e-01
1.5145561606524499e-01
1.9523942671623867e-01
1.8596962533570033e-01
1.8687689334931096e-01
1.5680834535088731e-01
1.4334951047145542e-01
1.5270629122200047e-01
1.3574718981429590e-01
1.2511517153230167e-01
1.3576985775572459e-01
1.2396554427389235e-01
1.4142268904594998e-01
1.3430163446756282e-01
1.3185422324479820e-01
1.3852385179456292e-01
1.4882690472440169e-01
1.5311612002906044e-01
1.8716812222043613e-01
2.0267342024355550e-01
2.0580936926204829e-01
1.7448511504780409e-01
2.1418822161635900e-01
2.1032334931727575e-01
2.1917074000444825e-01
2.1947744417647827e-01
1.9845866280998770e-01
2.0164961061168105e-01
2.4372337270042557e-01
2.5991302447517428e-01
