4
91
2.3081455717334620e-01
6.0550169196794745e-01
1.4065470370733238e-01
1.0000000000000000e+00
3.4170804650062792e-01
5.0814914346556184e-01
1.1984534802068084e-01
1.0000000000000000e+00
3.6619164946029059e-01
6.5089879596489486e-01
1.0615766769078619e-01
1.0000000000000000e+00
4.5711587555712185e-01
5.8683417194406506e-01
1.2933795851458854e-01
1.0000000000000000e+00
3.4535464399965576e-01
6.1760934306657878e-01
1.4262408436079568e-01
1.0000000000000000e+00
3.0282536556484274e-01
5.6950373579165903e-01
1.4212825381000585e-01
1.0000000000000000e+00
1.9029385084292016e-01
6.8811402660212484e-01
1.3353084014997876e-01
1.0000000000000000e+00
2.4455965548992253e-01
5.9480690960190263e-01
1.2931461214939191e-01
1.0000000000000000e+00
2.3462017002754010e-01
6.0276914857677188e-01
1.4477786737879797e-01
1.0000000000000000e+00
3.0804768233798541e-01
5.9816700072842655e-01
1.6203924846522569e-01
1.0000000000000000e+00
3.0158628901705242e-01
5.9896483125048694e-01
1.4943822451787128e-01
1.0000000000000000e+00
2.5436536810599364e-01
6.5844532607006845e-01
1.3288970153698756e-01
1.0000000000000000e+00
2.1805915894225336e-01
7.7175449851783928e-01
1.4047626381543524e-01
1.0000000000000000e+00
3.1043584860168494e-01
8.2495173827628610e-01
1.2899812193390972e-01
1.0000000000000000e+00
2.8359382557397339e-01
8.8441982881049630e-01
1.3738658000474971e-01
1.0000000000000000e+00
3.9106061174248907e-01
8.2806160875479695e-01
1.4116937854087155e-01
1.0000000000000000e+00
3.6826448100333664e-01
9.0355146878282544e-01
1.3086603442898195e-01
1.0000000000000000e+00
3.4222842128662023e-01
8.7748103045742032e-01
1.1229322784456600e-01
1.0000000000000000e+00
3.6320049605279792e-01
8.3978573807398793e-01
9.7064951936408767e-02
1.0000000000000000e+00
3.7394855321332443e-01
8.3997734558652160e-01
7.3835158174551913e-02
1.0000000000000000e+00
2.7898160541377592e-01
8.4511221262509939e-01
5.6991711502269032e-02
1.0000000000000000e+00
2.3862523805297542e-01
9.7100976753863510e-01
7.3928087931199121e-02
1.0000000000000000e+00
3.0462591578549336e-01
9.7565497892792341e-01
2.9757754567617672e-02
1.0000000000000000e+00
3.3047469007584596e-01
9.7922159141744491e-01
3.6931506281325716e-02
1.0000000000000000e+00
2.4614746173762114e-01
9.3119930584798571e-01
4.7331211313212412e-02
1.0000000000000000e+00
4.6653354401138358e-01
9.6101841579074976e-01
6.0829599995122413e-02
1.0000000000000000e+00
3.5517058289048009e-01
9.6084301602677447e-01
2.5657487709031562e-02
1.0000000000000000e+00
3.7602338265065782e-01
9.0295919075724673e-01
5.1672531200529198e-02
1.0000000000000000e+00
4.6341231558841400e-01
9.2932335052755666e-01
2.5415225328833918e-02
1.0000000000000000e+00
1.8098827498403125e-01
7.7748928298824471e-01
7.6116879495748441e-02
1.0000000000000000e+00
2.7501238952760332e-01
4.2072557970532221e-01
8.1170941728123586e-02
1.0000000000000000e+00
2.8587483492816546e-01
9.3502905625500721e-01
9.4712771558624814e-02
1.0000000000000000e+00
2.1268649463678457e-01
8.2878365447395486e-01
8.9473770898257504e-02
1.0000000000000000e+00
2.4188609462368049e-01
8.3198341411189181e-01
9.6951629083923768e-02
1.0000000000000000e+00
3.3080470556529917e-01
5.8344004545942885e-01
7.1346490772702970e-02
1.0000000000000000e+00
1.9916804763857954e-01
7.6232236400828701e-01
7.4207825831399538e-02
1.0000000000000000e+00
3.0178776238250293e-01
7.8746469840989453e-01
7.7038473403808899e-02
1.0000000000000000e+00
3.2601835212341257e-01
8.7853589384467345e-01
7.7648778996808693e-02
1.0000000000000000e+00
3.4998993696723346e-01
9.3022750979871494e-01
6.9489838334993698e-02
1.0000000000000000e+00
2.3445090394312729e-01
8.5682565076858741e-01
4.9417084939341299e-02
1.0000000000000000e+00
2.7631667103929658e-01
9.8626276581198913e-01
5.8743652608973213e-02
1.0000000000000000e+00
2.9342159668527756e-01
9.8811618527979594e-01
8.5364305834082194e-02
1.0000000000000000e+00
1.5698763034384910e-01
9.6245419104234320e-01
8.7316450617072411e-02
1.0000000000000000e+00
1.5422810898240868e-01
9.0010024849907500e-01
8.9981700138741877e-02
1.0000000000000000e+00
2.3330976080984556e-01
8.9941338692442518e-01
7.5819660405250039e-02
1.0000000000000000e+00
3.6908268637859010e-01
7.8107583462842745e-01
9.3521281805442419e-02
1.0000000000000000e+00
3.0620293203179472e-01
8.6174607263528746e-01
8.7085732976993319e-02
1.0000000000000000e+00
3.8658635135294617e-01
8.3084490695619029e-01
7.8910143832763430e-02
1.0000000000000000e+00
2.9723837788702667e-01
7.5800514766597193e-01
8.8458023402927216e-02
1.0000000000000000e+00
2.6314873175948605e-01
6.9068243189831269e-01
8.5561197037895914e-02
1.0000000000000000e+00
1.8788059984586880e-01
7.8966779469628823e-01
7.2925851932814117e-02
1.0000000000000000e+00
2.4750689484432087e-01
7.7236291112494659e-01
7.3988930967607308e-02
1.0000000000000000e+00
3.8622784798286602e-01
7.6518765090149832e-01
8.1755878947296884e-02
1.0000000000000000e+00
3.0728244604330257e-01
8.5243443863582802e-01
6.9917444406746659e-02
1.0000000000000000e+00
3.1172887803774074e-01
9.0858494954300117e-01
8.0304177046491537e-02
1.0000000000000000e+00
3.1409511976750082e-01
9.4043010657769632e-01
8.7471477546932880e-02
1.0000000000000000e+00
3.1431658478328472e-01
9.2092674968880606e-01
1.1492375055022422e-01
1.0000000000000000e+00
3.2824232993522173e-01
8.3784176174667668e-01
1.2100329369932297e-01
1.0000000000000000e+00
2.0389917172366268e-01
9.3553275287267756e-01
1.1482089464843739e-01
1.0000000000000000e+00
3.1454237822987352e-01
9.2695112664368939e-01
1.1632518113183324e-01
1.0000000000000000e+00
2.8331446081944023e-01
9.0504246901837182e-01
1.2361342463700567e-01
1.0000000000000000e+00
2.0674031942695592e-01
9.5620474264142108e-01
1.2398899238323793e-01
1.0000000000000000e+00
3.5259627730198417e-01
9.4954831058275890e-01
1.2562914852751420e-01
1.0000000000000000e+00
2.2189357252869968e-01
9.3081006871652794e-01
1.1607442600652576e-01
1.0000000000000000e+00
3.8302455164745197e-01
9.7560153713566256e-01
1.1485210261307657e-01
1.0000000000000000e+00
3.8719669812059010e-01
9.7093280170229268e-01
9.4457142078317707e-02
1.0000000000000000e+00
2.5363953860875199e-01
9.1310997119289827e-01
8.8147735246457165e-02
1.0000000000000000e+00
2.3388351675754393e-01
9.1985237410408449e-01
6.2214357685297733e-02
1.0000000000000000e+00
2.5803822402309606e-01
9.3890420531970453e-01
6.3066422846168285e-02
1.0000000000000000e+00
2.7466677485432456e-01
8.9914626253885221e-01
3.1467418093234306e-02
1.0000000000000000e+00
1.8768578041277806e-01
9.8033552521956158e-01
8.1260961387306457e-02
1.0000000000000000e+00
3.1049231918228770e-01
9.0603572966647339e-01
4.7533710746938601e-02
1.0000000000000000e+00
3.3226414008464644e-01
9.9047293046605778e-01
5.5851404116401687e-02
1.0000000000000000e+00
1.5286323921105804e-01
9.4598492745426488e-01
7.3300595422188058e-02
1.0000000000000000e+00
1.9019081331140342e-01
9.1365910180029464e-01
8.6316209177312031e-03
1.0000000000000000e+00
1.8373027215062621e-01
9.9004753211629581e-01
2.6759689977188833e-02
1.0000000000000000e+00
1.5714821805528345e-01
6.3228314790176232e-01
8.8389889698737539e-02
1.0000000000000000e+00
3.4644156646032798e-01
7.1332999855512758e-01
2.7303689870313980e-02
1.0000000000000000e+00
1.8847350588117706e-01
3.7454935339046647e-01
1.0711882159375824e-02
1.0000000000000000e+00
2.4330923844178187e-01
7.1618335846578707e-01
5.0773591164761461e-02
1.0000000000000000e+00
3.2945845687578412e-01
6.4192961727967490e-01
9.9379569886514224e-02
1.0000000000000000e+00
4.2015828277732226e-01
9.2832403829088439e-01
1.1377900828447310e-01
1.0000000000000000e+00
3.0405221726329046e-01
9.7982706765178595e-01
1.2668002980135498e-01
1.0000000000000000e+00
3.2472428060651737e-01
9.5073629119433467e-01
1.0290839588342351e-01
1.0000000000000000e+00
2.9399679063868689e-01
9.3059641397558157e-01
1.0391369073258830e-01
1.0000000000000000e+00
2.7470177270521390e-01
8.6093433848582213e-01
9.9962000805680878e-02
1.0000000000000000e+00
2.6876794801142978e-01
9.1038493295200174e-01
8.3542233840125851e-02
1.0000000000000000e+00
2.3118495537715944e-01
9.5725540311541413e-01
4.8064909160166286e-02
1.0000000000000000e+00
3.5792317967212739e-01
8.7552862481679772e-01
2.8690790340624522e-02
1.0000000000000000e+00
2.5674324137440863e-01
8.4946466849651192e-01
7.3918426807358634e-02
1.0000000000000000e+00
3.1295573761968853e-01
9.9858335598837589e-01
6.3534485981654149e-02
1.0000000000000000e+00
