3
1000
-5.5086661916630719e+00
-5.5086661916630719e+00
0.0000000000000000e+00
-5.5267146745335172e+00
-5.5267146745335172e+00
0.0000000000000000e+00
-5.2732975880178889e+00
-5.2732975880178889e+00
0.0000000000000000e+00
-5.7705459199571054e+00
-5.7705459199571054e+00
0.0000000000000000e+00
-6.6675899976180091e+00
-6.6675899976180091e+00
0.0000000000000000e+00
-6.5583543658063697e+00
-6.5583543658063697e+00
0.0000000000000000e+00
-6.4088731716703258e+00
-6.4088731716703258e+00
0.0000000000000000e+00
-5.2642396882638325e+00
-5.2642396882638325e+00
0.0000000000000000e+00
-5.3989843892725773e+00
-5.3989843892725773e+00
0.0000000000000000e+00
-6.0218384697378395e+00
-6.0218384697378395e+00
0.0000000000000000e+00
-5.1389198434722942e+00
-5.1389198434722942e+00
0.0000000000000000e+00
-5.4020010724796359e+00
-5.4020010724796359e+00
0.0000000000000000e+00
-5.7811982615716779e+00
-5.7811982615716779e+00
0.0000000000000000e+00
-5.8491981425834885e+00
-5.8491981425834885e+00
0.0000000000000000e+00
-6.1600127009009418e+00
-6.1600127009009418e+00
0.0000000000000000e+00
-6.3669609441905077e+00
-6.3669609441905077e+00
0.0000000000000000e+00
-6.0936958225456479e+00
-6.0936958225456479e+00
0.0000000000000000e+00
-6.3067140306141356e+00
-6.3067140306141356e+00
0.0000000000000000e+00
-6.0650681636857104e+00
-6.0650681636857104e+00
0.0000000000000000e+00
-5.7277775898559149e+00
-5.7277775898559149e+00
0.0000000000000000e+00
-5.9990831428815170e+00
-5.9990831428815170e+00
0.0000000000000000e+00
-6.1613543394728403e+00
-6.1613543394728403e+00
0.0000000000000000e+00
-6.2518366719669727e+00
-6.2518366719669727e+00
0.0000000000000000e+00
-5.6111611995713488e+00
-5.6111611995713488e+00
0.0000000000000000e+00
-5.5840718094038042e+00
-5.5840718094038042e+00
0.0000000000000000e+00
-5.5185432632119573e+00
-5.5185432632119573e+00
0.0000000000000000e+00
-6.5479275804470145e+00
-6.5479275804470145e+00
0.0000000000000000e+00
-6.2767615890305946e+00
-6.2767615890305946e+00
0.0000000000000000e+00
-6.6293914174510657e+00
-6.6293914174510657e+00
0.0000000000000000e+00
-7.5017728787678113e+00
-7.5017728787678113e+00
0.0000000000000000e+00
-6.9411121981408739e+00
-6.9411121981408739e+00
0.0000000000000000e+00
-7.0268950840792979e+00
-7.0268950840792979e+00
0.0000000000000000e+00
-8.7142644504902869e+00
-8.7142644504902869e+00
0.0000000000000000e+00
-5.0847518401544365e+00
-5.0847518401544365e+00
0.0000000000000000e+00
-6.4536400676649244e+00
-6.4536400676649244e+00
0.0000000000000000e+00
-6.0090771691072682e+00
-6.0090771691072682e+00
0.0000000000000000e+00
-6.0245955290759774e+00
-6.0245955290759774e+00
0.0000000000000000e+00
-6.3045629623581378e+00
-6.3045629623581378e+00
0.0000000000000000e+00
-5.9710693395934333e+00
-5.9710693395934333e+00
0.0000000000000000e+00
-6.6513874844831289e+00
-6.6513874844831289e+00
0.0000000000000000e+00
-6.8821591748438378e+00
-6.8821591748438378e+00
0.0000000000000000e+00
-7.5057497428944906e+00
-7.5057497428944906e+00
0.0000000000000000e+00
-7.9720726306674354e+00
-7.9720726306674354e+00
0.0000000000000000e+00
-7.5388261596530066e+00
-7.5388261596530066e+00
0.0000000000000000e+00
-8.4068614146520648e+00
-8.4068614146520648e+00
0.0000000000000000e+00
-8.4068614146520648e+00
-8.4068614146520648e+00
0.0000000000000000e+00
-8.5052754490265254e+00
-8.5052754490265254e+00
0.0000000000000000e+00
-8.7665533069377766e+00
-8.7665533069377766e+00
0.0000000000000000e+00
-1.1031366431096661e+01
-1.1031366431096661e+01
0.0000000000000000e+00
-9.5610604617577231e+00
-9.5610604617577231e+00
0.0000000000000000e+00
-7.6727717604745242e+00
-7.6727717604745242e+00
0.0000000000000000e+00
-8.6239454245551350e+00
-8.6239454245551350e+00
0.0000000000000000e+00
-8.6361055902673822e+00
-8.6361055902673822e+00
0.0000000000000000e+00
-7.6990967895498361e+00
-7.6990967895498361e+00
0.0000000000000000e+00
-9.4148769294490648e+00
-9.4148769294490648e+00
0.0000000000000000e+00
-8.5448219879402938e+00
-8.5448219879402938e+00
0.0000000000000000e+00
-8.7988986493286419e+00
-8.7988986493286419e+00
0.0000000000000000e+00
-8.4981820798418681e+00
-8.4981820798418681e+00
0.0000000000000000e+00
-8.9315069517936685e+00
-8.9315069517936685e+00
0.0000000000000000e+00
-1.0146349230998993e+01
-1.0146349230998993e+01
0.0000000000000000e+00
-1.0036392473780532e+01
-1.0036392473780532e+01
0.0000000000000000e+00
-1.1443025451705072e+01
-1.1443025451705072e+01
0.0000000000000000e+00
-9.2316404646070431e+00
-9.2316404646070431e+00
0.0000000000000000e+00
-7.2714775340361131e+00
-7.2714775340361131e+00
0.0000000000000000e+00
-6.0783341889043232e+00
-6.0783341889043232e+00
0.0000000000000000e+00
-7.0256856514278887e+00
-7.0256856514278887e+00
0.0000000000000000e+00
-5.4690199746549650e+00
-5.4690199746549650e+00
0.0000000000000000e+00
-5.4097014869939777e+00
-5.4097014869939777e+00
0.0000000000000000e+00
-5.2967293394283459e+00
-5.2967293394283459e+00
0.0000000000000000e+00
-5.5669505838449753e+00
-5.5669505838449753e+00
0.0000000000000000e+00
-5.6896657270363065e+00
-5.6896657270363065e+00
0.0000000000000000e+00
-8.6706007705515802e+00
-8.6706007705515802e+00
0.0000000000000000e+00
-5.8423141817674837e+00
-5.8423141817674837e+00
0.0000000000000000e+00
-5.4407686682689373e+00
-5.4407686682689373e+00
0.0000000000000000e+00
-5.7115020332450506e+00
-5.7115020332450506e+00
0.0000000000000000e+00
-5.9022315226350406e+00
-5.9022315226350406e+00
0.0000000000000000e+00
-7.4665068803702219e+00
-7.4665068803702219e+00
0.0000000000000000e+00
-7.8969423508911198e+00
-7.8969423508911198e+00
0.0000000000000000e+00
-5.4219908199944946e+00
-5.4219908199944946e+00
0.0000000000000000e+00
-5.1260160977124549e+00
-5.1260160977124549e+00
0.0000000000000000e+00
-5.7252942291066322e+00
-5.7252942291066322e+00
0.0000000000000000e+00
-6.2624040402903356e+00
-6.2624040402903356e+00
0.0000000000000000e+00
-6.6067729710060572e+00
-6.6067729710060572e+00
0.0000000000000000e+00
-7.2025807262917194e+00
-7.2025807262917194e+00
0.0000000000000000e+00
-6.0391423913645550e+00
-6.0391423913645550e+00
0.0000000000000000e+00
-6.3973077681101209e+00
-6.3973077681101209e+00
0.0000000000000000e+00
-6.3791221716022637e+00
-6.3791221716022637e+00
0.0000000000000000e+00
-5.4241765595256393e+00
-5.4241765595256393e+00
0.0000000000000000e+00
-5.3080011350640293e+00
-5.3080011350640293e+00
0.0000000000000000e+00
-5.4566375238025335e+00
-5.4566375238025335e+00
0.0000000000000000e+00
-5.5895429016367855e+00
-5.5895429016367855e+00
0.0000000000000000e+00
-5.7697736450859312e+00
-5.7697736450859312e+00
0.0000000000000000e+00
-5.4316100548983552e+00
-5.4316100548983552e+00
0.0000000000000000e+00
-5.3060021640302608e+00
-5.3060021640302608e+00
0.0000000000000000e+00
-5.5813710948439272e+00
-5.5813710948439272e+00
0.0000000000000000e+00
-5.6983039622971994e+00
-5.6983039622971994e+00
0.0000000000000000e+00
-5.9370992331020762e+00
-5.9370992331020762e+00
0.0000000000000000e+00
-5.8862057157000507e+00
-5.8862057157000507e+00
0.0000000000000000e+00
-5.4217711299588220e+00
-5.4217711299588220e+00
0.0000000000000000e+00
-6.7083651371030406e+00
-6.7083651371030406e+00
0.0000000000000000e+00
-6.6989452499455311e+00
-6.6989452499455311e+00
0.0000000000000000e+00
-5.9501394945552635e+00
-5.9501394945552635e+00
0.0000000000000000e+00
-5.6027281282570156e+00
-5.6027281282570156e+00
0.0000000000000000e+00
-5.4691417848025070e+00
-5.4691417848025070e+00
0.0000000000000000e+00
-5.2697378277335618e+00
-5.2697378277335618e+00
0.0000000000000000e+00
-6.1178707319295036e+00
-6.1178707319295036e+00
0.0000000000000000e+00
-6.0706343289418090e+00
-6.0706343289418090e+00
0.0000000000000000e+00
-1.0590736357992355e+01
-1.0590736357992355e+01
0.0000000000000000e+00
-1.0571468437971575e+01
-1.0571468437971575e+01
0.0000000000000000e+00
-1.1979196896577665e+01
-1.1979196896577665e+01
0.0000000000000000e+00
-1.0740750978001561e+01
-1.0740750978001561e+01
0.0000000000000000e+00
-1.1077732665334359e+01
-1.1077732665334359e+01
0.0000000000000000e+00
-1.2487984043819225e+01
-1.2487984043819225e+01
0.0000000000000000e+00
-1.0820964308664307e+01
-1.0820964308664307e+01
0.0000000000000000e+00
-5.3623232644295289e+00
-5.3623232644295289e+00
0.0000000000000000e+00
-5.0090549807326123e+00
-5.0090549807326123e+00
0.0000000000000000e+00
-5.6732775785881788e+00
-5.6732775785881788e+00
0.0000000000000000e+00
-6.5926713704643243e+00
-6.5926713704643243e+00
0.0000000000000000e+00
-6.1115451705240318e+00
-6.1115451705240318e+00
0.0000000000000000e+00
-5.8664567306930442e+00
-5.8664567306930442e+00
0.0000000000000000e+00
-7.4408354318638832e+00
-7.4408354318638832e+00
0.0000000000000000e+00
-6.3014035317929116e+00
-6.3014035317929116e+00
0.0000000000000000e+00
-6.1729725509984252e+00
-6.1729725509984252e+00
0.0000000000000000e+00
-6.5900977192595329e+00
-6.5900977192595329e+00
0.0000000000000000e+00
-6.4210246087292981e+00
-6.4210246087292981e+00
0.0000000000000000e+00
-6.5289706407064205e+00
-6.5289706407064205e+00
0.0000000000000000e+00
-6.7281032123842754e+00
-6.7281032123842754e+00
0.0000000000000000e+00
-6.8379662509575656e+00
-6.8379662509575656e+00
0.0000000000000000e+00
-5.8358229636253052e+00
-5.8358229636253052e+00
0.0000000000000000e+00
-5.6875950826724404e+00
-5.6875950826724404e+00
0.0000000000000000e+00
-5.2087014504565499e+00
-5.2087014504565499e+00
0.0000000000000000e+00
-5.2947784586346973e+00
-5.2947784586346973e+00
0.0000000000000000e+00
-5.5346134601040680e+00
-5.5346134601040680e+00
0.0000000000000000e+00
-5.3177686645203659e+00
-5.3177686645203659e+00
0.0000000000000000e+00
-7.3401700810828965e+00
-7.3401700810828965e+00
0.0000000000000000e+00
-5.6879433367223564e+00
-5.6879433367223564e+00
0.0000000000000000e+00
-5.8238292862963954e+00
-5.8238292862963954e+00
0.0000000000000000e+00
-5.2709243877898215e+00
-5.2709243877898215e+00
0.0000000000000000e+00
-5.7665457350567468e+00
-5.7665457350567468e+00
0.0000000000000000e+00
-5.8878631622054636e+00
-5.8878631622054636e+00
0.0000000000000000e+00
-5.2987253194159383e+00
-5.2987253194159383e+00
0.0000000000000000e+00
-5.1480440611177531e+00
-5.1480440611177531e+00
0.0000000000000000e+00
-5.5998337971063137e+00
-5.5998337971063137e+00
0.0000000000000000e+00
-6.1472366208786786e+00
-6.1472366208786786e+00
0.0000000000000000e+00
-6.9569495912829771e+00
-6.9569495912829771e+00
0.0000000000000000e+00
-5.9267319293211260e+00
-5.9267319293211260e+00
0.0000000000000000e+00
-5.6716066021155722e+00
-5.6716066021155722e+00
0.0000000000000000e+00
-5.2521399128383059e+00
-5.2521399128383059e+00
0.0000000000000000e+00
-5.5279458730385160e+00
-5.5279458730385160e+00
0.0000000000000000e+00
-5.0905709118401585e+00
-5.0905709118401585e+00
0.0000000000000000e+00
-4.9774089714464163e+00
-4.9774089714464163e+00
0.0000000000000000e+00
-5.5848470718512537e+00
-5.5848470718512537e+00
0.0000000000000000e+00
-6.2544472610190436e+00
-6.2544472610190436e+00
0.0000000000000000e+00
-6.4525423621571720e+00
-6.4525423621571720e+00
0.0000000000000000e+00
-5.4655434834792676e+00
-5.4655434834792676e+00
0.0000000000000000e+00
-5.3399702636963227e+00
-5.3399702636963227e+00
0.0000000000000000e+00
-5.2841209245515177e+00
-5.2841209245515177e+00
0.0000000000000000e+00
-5.3840968349927669e+00
-5.3840968349927669e+00
0.0000000000000000e+00
-5.8287209496281038e+00
-5.8287209496281038e+00
0.0000000000000000e+00
-6.7019755839957291e+00
-6.7019755839957291e+00
0.0000000000000000e+00
-6.6954571465663495e+00
-6.6954571465663495e+00
0.0000000000000000e+00
-6.6692554767471881e+00
-6.6692554767471881e+00
0.0000000000000000e+00
-5.0996397323290505e+00
-5.0996397323290505e+00
0.0000000000000000e+00
-5.1793594856606129e+00
-5.1793594856606129e+00
0.0000000000000000e+00
-5.3088232840047773e+00
-5.3088232840047773e+00
0.0000000000000000e+00
-5.1490901144929957e+00
-5.1490901144929957e+00
0.0000000000000000e+00
-5.1211897521611265e+00
-5.1211897521611265e+00
0.0000000000000000e+00
-6.0287737286969136e+00
-6.0287737286969136e+00
0.0000000000000000e+00
-5.3444349723760158e+00
-5.3444349723760158e+00
0.0000000000000000e+00
-5.6687505624669461e+00
-5.6687505624669461e+00
0.0000000000000000e+00
-5.4031013436898219e+00
-5.4031013436898219e+00
0.0000000000000000e+00
-5.7149422432285455e+00
-5.7149422432285455e+00
0.0000000000000000e+00
-5.5206064088344764e+00
-5.5206064088344764e+00
0.0000000000000000e+00
-5.7828603048714706e+00
-5.7828603048714706e+00
0.0000000000000000e+00
-6.1630726188371368e+00
-6.1630726188371368e+00
0.0000000000000000e+00
-5.5495336369029094e+00
-5.5495336369029094e+00
0.0000000000000000e+00
-5.7441325069836484e+00
-5.7441325069836484e+00
0.0000000000000000e+00
-6.7524460575568419e+00
-6.7524460575568419e+00
0.0000000000000000e+00
-6.7646652736750079e+00
-6.7646652736750079e+00
0.0000000000000000e+00
-7.3243509214599340e+00
-7.3243509214599340e+00
0.0000000000000000e+00
-7.3188626000056622e+00
-7.3188626000056622e+00
0.0000000000000000e+00
-5.4575906675230286e+00
-5.4575906675230286e+00
0.0000000000000000e+00
-5.2105047101708735e+00
-5.2105047101708735e+00
0.0000000000000000e+00
-5.5169137034930280e+00
-5.5169137034930280e+00
0.0000000000000000e+00
-5.6013548923485139e+00
-5.6013548923485139e+00
0.0000000000000000e+00
-5.8124501273594760e+00
-5.8124501273594760e+00
0.0000000000000000e+00
-5.1111732426670908e+00
-5.1111732426670908e+00
0.0000000000000000e+00
-5.8615379686583085e+00
-5.8615379686583085e+00
0.0000000000000000e+00
-5.7282249457795658e+00
-5.7282249457795658e+00
0.0000000000000000e+00
-6.0891660504272735e+00
-6.0891660504272735e+00
0.0000000000000000e+00
-5.6075949721697791e+00
-5.6075949721697791e+00
0.0000000000000000e+00
-5.5247422598027400e+00
-5.5247422598027400e+00
0.0000000000000000e+00
-6.5478664013857397e+00
-6.5478664013857397e+00
0.0000000000000000e+00
-5.3457625386663050e+00
-5.3457625386663050e+00
0.0000000000000000e+00
-5.6440976736071855e+00
-5.6440976736071855e+00
0.0000000000000000e+00
-5.6410473406747759e+00
-5.6410473406747759e+00
0.0000000000000000e+00
-5.5761547681677932e+00
-5.5761547681677932e+00
0.0000000000000000e+00
-5.5302053923884298e+00
-5.5302053923884298e+00
0.0000000000000000e+00
-5.9606799268990232e+00
-5.9606799268990232e+00
0.0000000000000000e+00
-6.3203729797128991e+00
-6.3203729797128991e+00
0.0000000000000000e+00
-6.2234949007839555e+00
-6.2234949007839555e+00
0.0000000000000000e+00
-5.7940674005156438e+00
-5.7940674005156438e+00
0.0000000000000000e+00
-5.5186288573840647e+00
-5.5186288573840647e+00
0.0000000000000000e+00
-5.7551616060214927e+00
-5.7551616060214927e+00
0.0000000000000000e+00
-5.9830933761463854e+00
-5.9830933761463854e+00
0.0000000000000000e+00
-5.9089088035344961e+00
-5.9089088035344961e+00
0.0000000000000000e+00
-5.8162476522991273e+00
-5.8162476522991273e+00
0.0000000000000000e+00
-5.6422252837933540e+00
-5.6422252837933540e+00
0.0000000000000000e+00
-5.6709864078949215e+00
-5.6709864078949215e+00
0.0000000000000000e+00
-5.8201584554907084e+00
-5.8201584554907084e+00
0.0000000000000000e+00
-5.7360037344083938e+00
-5.7360037344083938e+00
0.0000000000000000e+00
-5.5485357564806002e+00
-5.5485357564806002e+00
0.0000000000000000e+00
-6.0151220594028114e+00
-6.0151220594028114e+00
0.0000000000000000e+00
-5.9928868599715521e+00
-5.9928868599715521e+00
0.0000000000000000e+00
-5.8846027883423684e+00
-5.8846027883423684e+00
0.0000000000000000e+00
-5.1727464632965132e+00
-5.1727464632965132e+00
0.0000000000000000e+00
-5.1637244727543115e+00
-5.1637244727543115e+00
0.0000000000000000e+00
-5.4080450625549457e+00
-5.4080450625549457e+00
0.0000000000000000e+00
-5.6591161609877130e+00
-5.6591161609877130e+00
0.0000000000000000e+00
-5.3067427709063635e+00
-5.3067427709063635e+00
0.0000000000000000e+00
-5.4072809968070459e+00
-5.4072809968070459e+00
0.0000000000000000e+00
-6.6976874339779950e+00
-6.6976874339779950e+00
0.0000000000000000e+00
-6.4837093364852283e+00
-6.4837093364852283e+00
0.0000000000000000e+00
-6.7284216729935720e+00
-6.7284216729935720e+00
0.0000000000000000e+00
-6.5590273936963275e+00
-6.5590273936963275e+00
0.0000000000000000e+00
-6.9471055715406518e+00
-6.9471055715406518e+00
0.0000000000000000e+00
-6.9877753219886669e+00
-6.9877753219886669e+00
0.0000000000000000e+00
-6.9922378249674146e+00
-6.9922378249674146e+00
0.0000000000000000e+00
-6.9171635668750238e+00
-6.9171635668750238e+00
0.0000000000000000e+00
-6.9047526886930299e+00
-6.9047526886930299e+00
0.0000000000000000e+00
-6.8737716505621105e+00
-6.8737716505621105e+00
0.0000000000000000e+00
-6.9816516202947243e+00
-6.9816516202947243e+00
0.0000000000000000e+00
-7.2762183017651667e+00
-7.2762183017651667e+00
0.0000000000000000e+00
-7.2883895753630643e+00
-7.2883895753630643e+00
0.0000000000000000e+00
-7.8068761739076233e+00
-7.8068761739076233e+00
0.0000000000000000e+00
-7.0500065791393354e+00
-7.0500065791393354e+00
0.0000000000000000e+00
-7.1950440485754008e+00
-7.1950440485754008e+00
0.0000000000000000e+00
-7.5466740328539776e+00
-7.5466740328539776e+00
0.0000000000000000e+00
-5.1232247655914342e+00
-5.1232247655914342e+00
0.0000000000000000e+00
-5.2167193969027696e+00
-5.2167193969027696e+00
0.0000000000000000e+00
-5.4905085226682031e+00
-5.4905085226682031e+00
0.0000000000000000e+00
-6.5679308405153405e+00
-6.5679308405153405e+00
0.0000000000000000e+00
-6.4824255810573792e+00
-6.4824255810573792e+00
0.0000000000000000e+00
-6.9806534296775595e+00
-6.9806534296775595e+00
0.0000000000000000e+00
-7.0060513956348043e+00
-7.0060513956348043e+00
0.0000000000000000e+00
-7.8128873424587901e+00
-7.8128873424587901e+00
0.0000000000000000e+00
-9.3645962110377283e+00
-9.3645962110377283e+00
0.0000000000000000e+00
-8.7853575097308187e+00
-8.7853575097308187e+00
0.0000000000000000e+00
-7.3389870488963247e+00
-7.3389870488963247e+00
0.0000000000000000e+00
-5.7828597185245716e+00
-5.7828597185245716e+00
0.0000000000000000e+00
-6.1550026480354152e+00
-6.1550026480354152e+00
0.0000000000000000e+00
-5.8095002019811863e+00
-5.8095002019811863e+00
0.0000000000000000e+00
-6.1654153840619248e+00
-6.1654153840619248e+00
0.0000000000000000e+00
-5.7962360543330398e+00
-5.7962360543330398e+00
0.0000000000000000e+00
-6.1141966376140227e+00
-6.1141966376140227e+00
0.0000000000000000e+00
-6.6031811215293903e+00
-6.6031811215293903e+00
0.0000000000000000e+00
-6.4512272045029722e+00
-6.4512272045029722e+00
0.0000000000000000e+00
-7.0706396713085313e+00
-7.0706396713085313e+00
0.0000000000000000e+00
-7.0365669767775669e+00
-7.0365669767775669e+00
0.0000000000000000e+00
-6.9749049429689709e+00
-6.9749049429689709e+00
0.0000000000000000e+00
-7.3013238470559543e+00
-7.3013238470559543e+00
0.0000000000000000e+00
-1.0670306075441188e+01
-1.0670306075441188e+01
0.0000000000000000e+00
-7.7430052971185281e+00
-7.7430052971185281e+00
0.0000000000000000e+00
-7.7279713414257216e+00
-7.7279713414257216e+00
0.0000000000000000e+00
-8.4544627902153007e+00
-8.4544627902153007e+00
0.0000000000000000e+00
-8.2732216622254597e+00
-8.2732216622254597e+00
0.0000000000000000e+00
-7.4628787476104463e+00
-7.4628787476104463e+00
0.0000000000000000e+00
-7.5876274355712354e+00
-7.5876274355712354e+00
0.0000000000000000e+00
-6.1178243302086717e+00
-6.1178243302086717e+00
0.0000000000000000e+00
-5.5713986292130677e+00
-5.5713986292130677e+00
0.0000000000000000e+00
-5.7330884009583869e+00
-5.7330884009583869e+00
0.0000000000000000e+00
-6.4151808093786293e+00
-6.4151808093786293e+00
0.0000000000000000e+00
-6.4964166520636910e+00
-6.4964166520636910e+00
0.0000000000000000e+00
-6.4524467413552609e+00
-6.4524467413552609e+00
0.0000000000000000e+00
-7.1152415619479008e+00
-7.1152415619479008e+00
0.0000000000000000e+00
-7.1311255469350296e+00
-7.1311255469350296e+00
0.0000000000000000e+00
-6.2309995060519823e+00
-6.2309995060519823e+00
0.0000000000000000e+00
-5.7748444060521678e+00
-5.7748444060521678e+00
0.0000000000000000e+00
-6.1926690917327427e+00
-6.1926690917327427e+00
0.0000000000000000e+00
-5.5372360296976044e+00
-5.5372360296976044e+00
0.0000000000000000e+00
-6.1578672251660853e+00
-6.1578672251660853e+00
0.0000000000000000e+00
-6.1286525583635791e+00
-6.1286525583635791e+00
0.0000000000000000e+00
-5.9934218086829869e+00
-5.9934218086829869e+00
0.0000000000000000e+00
-5.3664870996106053e+00
-5.3664870996106053e+00
0.0000000000000000e+00
-5.1913092525694955e+00
-5.1913092525694955e+00
0.0000000000000000e+00
-5.1487949800867892e+00
-5.1487949800867892e+00
0.0000000000000000e+00
-5.2638003500989301e+00
-5.2638003500989301e+00
0.0000000000000000e+00
-5.6291591311154860e+00
-5.6291591311154860e+00
0.0000000000000000e+00
-5.8855471502553751e+00
-5.8855471502553751e+00
0.0000000000000000e+00
-6.0379145992080261e+00
-6.0379145992080261e+00
0.0000000000000000e+00
-6.0343458228324973e+00
-6.0343458228324973e+00
0.0000000000000000e+00
-7.4363826640057749e+00
-7.4363826640057749e+00
0.0000000000000000e+00
-6.8600840386302240e+00
-6.8600840386302240e+00
0.0000000000000000e+00
-6.5209606721654394e+00
-6.5209606721654394e+00
0.0000000000000000e+00
-6.8726897150585193e+00
-6.8726897150585193e+00
0.0000000000000000e+00
-6.4640052740145677e+00
-6.4640052740145677e+00
0.0000000000000000e+00
-6.2784625023646514e+00
-6.2784625023646514e+00
0.0000000000000000e+00
-6.7772547548882081e+00
-6.7772547548882081e+00
0.0000000000000000e+00
-6.3877732345598366e+00
-6.3877732345598366e+00
0.0000000000000000e+00
-6.3115463205437656e+00
-6.3115463205437656e+00
0.0000000000000000e+00
-6.3719396331907383e+00
-6.3719396331907383e+00
0.0000000000000000e+00
-5.7834454651998239e+00
-5.7834454651998239e+00
0.0000000000000000e+00
-5.8702332100269459e+00
-5.8702332100269459e+00
0.0000000000000000e+00
-6.1110256619530974e+00
-6.1110256619530974e+00
0.0000000000000000e+00
-5.6939312918482603e+00
-5.6939312918482603e+00
0.0000000000000000e+00
-6.0200647199024822e+00
-6.0200647199024822e+00
0.0000000000000000e+00
-5.8455104127167958e+00
-5.8455104127167958e+00
0.0000000000000000e+00
-6.7237454517260336e+00
-6.7237454517260336e+00
0.0000000000000000e+00
-5.8405864247171690e+00
-5.8405864247171690e+00
0.0000000000000000e+00
-6.3234735980309722e+00
-6.3234735980309722e+00
0.0000000000000000e+00
-6.4101797181818068e+00
-6.4101797181818068e+00
0.0000000000000000e+00
-6.0638999091076764e+00
-6.0638999091076764e+00
0.0000000000000000e+00
-5.6675479884590398e+00
-5.6675479884590398e+00
0.0000000000000000e+00
-6.0911793583935063e+00
-6.0911793583935063e+00
0.0000000000000000e+00
-6.2402203134839214e+00
-6.2402203134839214e+00
0.0000000000000000e+00
-5.9371344980401979e+00
-5.9371344980401979e+00
0.0000000000000000e+00
-6.0831090482281187e+00
-6.0831090482281187e+00
0.0000000000000000e+00
-6.3423095078971521e+00
-6.3423095078971521e+00
0.0000000000000000e+00
-6.7815722884311773e+00
-6.7815722884311773e+00
0.0000000000000000e+00
-6.3900517194851396e+00
-6.3900517194851396e+00
0.0000000000000000e+00
-5.9654778486758042e+00
-5.9654778486758042e+00
0.0000000000000000e+00
-7.5256854773238722e+00
-7.5256854773238722e+00
0.0000000000000000e+00
-9.2874823400582471e+00
-9.2874823400582471e+00
0.0000000000000000e+00
-5.7028992617947019e+00
-5.7028992617947019e+00
0.0000000000000000e+00
-6.9412323442500430e+00
-6.9412323442500430e+00
0.0000000000000000e+00
-8.0628579113610641e+00
-8.0628579113610641e+00
0.0000000000000000e+00
-6.4474845514273023e+00
-6.4474845514273023e+00
0.0000000000000000e+00
-6.7796552075768703e+00
-6.7796552075768703e+00
0.0000000000000000e+00
-6.3105021753369304e+00
-6.3105021753369304e+00
0.0000000000000000e+00
-6.6248225133848333e+00
-6.6248225133848333e+00
0.0000000000000000e+00
-7.4093637907847434e+00
-7.4093637907847434e+00
0.0000000000000000e+00
-7.7056989454279528e+00
-7.7056989454279528e+00
0.0000000000000000e+00
-7.7869560586395838e+00
-7.7869560586395838e+00
0.0000000000000000e+00
-7.8807386224895870e+00
-7.8807386224895870e+00
0.0000000000000000e+00
-8.4047876730452185e+00
-8.4047876730452185e+00
0.0000000000000000e+00
-6.2184258959262948e+00
-6.2184258959262948e+00
0.0000000000000000e+00
-6.1131950626254046e+00
-6.1131950626254046e+00
0.0000000000000000e+00
-6.3225181697537245e+00
-6.3225181697537245e+00
0.0000000000000000e+00
-6.4523979945482921e+00
-6.4523979945482921e+00
0.0000000000000000e+00
-7.2340955241719787e+00
-7.2340955241719787e+00
0.0000000000000000e+00
-7.2168644855069291e+00
-7.2168644855069291e+00
0.0000000000000000e+00
-8.3604335141995580e+00
-8.3604335141995580e+00
0.0000000000000000e+00
-7.5830448471669305e+00
-7.5830448471669305e+00
0.0000000000000000e+00
-7.5295926762862724e+00
-7.5295926762862724e+00
0.0000000000000000e+00
-7.6497184065052677e+00
-7.6497184065052677e+00
0.0000000000000000e+00
-8.2773450472251398e+00
-8.2773450472251398e+00
0.0000000000000000e+00
-8.0074408792452445e+00
-8.0074408792452445e+00
0.0000000000000000e+00
-8.2643082485709147e+00
-8.2643082485709147e+00
0.0000000000000000e+00
-9.5408036366066256e+00
-9.5408036366066256e+00
0.0000000000000000e+00
-9.4637542993994508e+00
-9.4637542993994508e+00
0.0000000000000000e+00
-9.1499958736877822e+00
-9.1499958736877822e+00
0.0000000000000000e+00
-8.3239023487323340e+00
-8.3239023487323340e+00
0.0000000000000000e+00
-7.9801818785699572e+00
-7.9801818785699572e+00
0.0000000000000000e+00
-7.8263029182344432e+00
-7.8263029182344432e+00
0.0000000000000000e+00
-7.9096393666519784e+00
-7.9096393666519784e+00
0.0000000000000000e+00
-8.0593242072087836e+00
-8.0593242072087836e+00
0.0000000000000000e+00
-7.7986803680965924e+00
-7.7986803680965924e+00
0.0000000000000000e+00
-8.6992212500277795e+00
-8.6992212500277795e+00
0.0000000000000000e+00
-7.4915740091855714e+00
-7.4915740091855714e+00
0.0000000000000000e+00
-8.4456711851745823e+00
-8.4456711851745823e+00
0.0000000000000000e+00
-7.1393919480899406e+00
-7.1393919480899406e+00
0.0000000000000000e+00
-6.4425497232849454e+00
-6.4425497232849454e+00
0.0000000000000000e+00
-6.6066905567859848e+00
-6.6066905567859848e+00
0.0000000000000000e+00
-6.3172445882255559e+00
-6.3172445882255559e+00
0.0000000000000000e+00
-6.3000876394137597e+00
-6.3000876394137597e+00
0.0000000000000000e+00
-6.6653954299569449e+00
-6.6653954299569449e+00
0.0000000000000000e+00
-6.4914997709985318e+00
-6.4914997709985318e+00
0.0000000000000000e+00
-6.2450859286700302e+00
-6.2450859286700302e+00
0.0000000000000000e+00
-6.2843505509290409e+00
-6.2843505509290409e+00
0.0000000000000000e+00
-6.3340481083439402e+00
-6.3340481083439402e+00
0.0000000000000000e+00
-6.2202540389287861e+00
-6.2202540389287861e+00
0.0000000000000000e+00
-6.2145621612403046e+00
-6.2145621612403046e+00
0.0000000000000000e+00
-6.2339660184672354e+00
-6.2339660184672354e+00
0.0000000000000000e+00
-6.3967867046502054e+00
-6.3967867046502054e+00
0.0000000000000000e+00
-5.0810574671642552e+00
-5.0810574671642552e+00
0.0000000000000000e+00
-6.0663542573455089e+00
-6.0663542573455089e+00
0.0000000000000000e+00
-6.3001458403374793e+00
-6.3001458403374793e+00
0.0000000000000000e+00
-6.1989782459576190e+00
-6.1989782459576190e+00
0.0000000000000000e+00
-5.5379912152346042e+00
-5.5379912152346042e+00
0.0000000000000000e+00
-5.5570784147915546e+00
-5.5570784147915546e+00
0.0000000000000000e+00
-5.7380250658202785e+00
-5.7380250658202785e+00
0.0000000000000000e+00
-5.7446621146913612e+00
-5.7446621146913612e+00
0.0000000000000000e+00
-5.7201326490873043e+00
-5.7201326490873043e+00
0.0000000000000000e+00
-5.7547703844659353e+00
-5.7547703844659353e+00
0.0000000000000000e+00
-5.3917993572167795e+00
-5.3917993572167795e+00
0.0000000000000000e+00
-5.3164698491074756e+00
-5.3164698491074756e+00
0.0000000000000000e+00
-6.1639049006494604e+00
-6.1639049006494604e+00
0.0000000000000000e+00
-7.0646028569394881e+00
-7.0646028569394881e+00
0.0000000000000000e+00
-6.8061903871630864e+00
-6.8061903871630864e+00
0.0000000000000000e+00
-5.5971789941167378e+00
-5.5971789941167378e+00
0.0000000000000000e+00
-5.6328905385729380e+00
-5.6328905385729380e+00
0.0000000000000000e+00
-5.2983134857923435e+00
-5.2983134857923435e+00
0.0000000000000000e+00
-5.5436942438146239e+00
-5.5436942438146239e+00
0.0000000000000000e+00
-5.8933585718600812e+00
-5.8933585718600812e+00
0.0000000000000000e+00
-5.7306200384566583e+00
-5.7306200384566583e+00
0.0000000000000000e+00
-6.4977460571616765e+00
-6.4977460571616765e+00
0.0000000000000000e+00
-6.3861938441469359e+00
-6.3861938441469359e+00
0.0000000000000000e+00
-5.8007390038880082e+00
-5.8007390038880082e+00
0.0000000000000000e+00
-6.2276447928762346e+00
-6.2276447928762346e+00
0.0000000000000000e+00
-6.6808276266582860e+00
-6.6808276266582860e+00
0.0000000000000000e+00
-7.8811012776259055e+00
-7.8811012776259055e+00
0.0000000000000000e+00
-8.7395962705294181e+00
-8.7395962705294181e+00
0.0000000000000000e+00
-8.0548026846499283e+00
-8.0548026846499283e+00
0.0000000000000000e+00
-8.3722536668867455e+00
-8.3722536668867455e+00
0.0000000000000000e+00
-8.2042457283036256e+00
-8.2042457283036256e+00
0.0000000000000000e+00
-7.2047365772099177e+00
-7.2047365772099177e+00
0.0000000000000000e+00
-7.1391655805185046e+00
-7.1391655805185046e+00
0.0000000000000000e+00
-7.1693472366818405e+00
-7.1693472366818405e+00
0.0000000000000000e+00
-7.0624929650590236e+00
-7.0624929650590236e+00
0.0000000000000000e+00
-6.9454324655477242e+00
-6.9454324655477242e+00
0.0000000000000000e+00
-6.6528453846351283e+00
-6.6528453846351283e+00
0.0000000000000000e+00
-6.5503092046046181e+00
-6.5503092046046181e+00
0.0000000000000000e+00
-6.3537454190860618e+00
-6.3537454190860618e+00
0.0000000000000000e+00
-6.3126738312186541e+00
-6.3126738312186541e+00
0.0000000000000000e+00
-6.4983779003141384e+00
-6.4983779003141384e+00
0.0000000000000000e+00
-5.3839093658289361e+00
-5.3839093658289361e+00
0.0000000000000000e+00
-5.2885745304160254e+00
-5.2885745304160254e+00
0.0000000000000000e+00
-5.8130744906918537e+00
-5.8130744906918537e+00
0.0000000000000000e+00
-5.7993158812371606e+00
-5.7993158812371606e+00
0.0000000000000000e+00
-6.2072514088903681e+00
-6.2072514088903681e+00
0.0000000000000000e+00
-6.5431093629631913e+00
-6.5431093629631913e+00
0.0000000000000000e+00
-6.0085729513983450e+00
-6.0085729513983450e+00
0.0000000000000000e+00
-6.1979661259578442e+00
-6.1979661259578442e+00
0.0000000000000000e+00
-5.2281538491355084e+00
-5.2281538491355084e+00
0.0000000000000000e+00
-5.7198962084198453e+00
-5.7198962084198453e+00
0.0000000000000000e+00
-5.7096629996889376e+00
-5.7096629996889376e+00
0.0000000000000000e+00
-7.0496003770026583e+00
-7.0496003770026583e+00
0.0000000000000000e+00
-6.8478222500736354e+00
-6.8478222500736354e+00
0.0000000000000000e+00
-5.9347813159330913e+00
-5.9347813159330913e+00
0.0000000000000000e+00
-6.3647325846248526e+00
-6.3647325846248526e+00
0.0000000000000000e+00
-6.1845518136275004e+00
-6.1845518136275004e+00
0.0000000000000000e+00
-6.8012046037748650e+00
-6.8012046037748650e+00
0.0000000000000000e+00
-6.0202299124421046e+00
-6.0202299124421046e+00
0.0000000000000000e+00
-6.0951815252630759e+00
-6.0951815252630759e+00
0.0000000000000000e+00
-6.1535270041092698e+00
-6.1535270041092698e+00
0.0000000000000000e+00
-6.0502634269872688e+00
-6.0502634269872688e+00
0.0000000000000000e+00
-5.8400252644159059e+00
-5.8400252644159059e+00
0.0000000000000000e+00
-5.8674329680888500e+00
-5.8674329680888500e+00
0.0000000000000000e+00
-5.8338625237760997e+00
-5.8338625237760997e+00
0.0000000000000000e+00
-7.0741730341637847e+00
-7.0741730341637847e+00
0.0000000000000000e+00
-7.0977261112610739e+00
-7.0977261112610739e+00
0.0000000000000000e+00
-7.1959898782135676e+00
-7.1959898782135676e+00
0.0000000000000000e+00
-6.1524001624878455e+00
-6.1524001624878455e+00
0.0000000000000000e+00
-6.2490578990085375e+00
-6.2490578990085375e+00
0.0000000000000000e+00
-5.7587531702771653e+00
-5.7587531702771653e+00
0.0000000000000000e+00
-5.6234658194144806e+00
-5.6234658194144806e+00
0.0000000000000000e+00
-5.7368851862440833e+00
-5.7368851862440833e+00
0.0000000000000000e+00
-5.7395409776620072e+00
-5.7395409776620072e+00
0.0000000000000000e+00
-5.7260060777861232e+00
-5.7260060777861232e+00
0.0000000000000000e+00
-6.0899818481214671e+00
-6.0899818481214671e+00
0.0000000000000000e+00
-6.2510760394864207e+00
-6.2510760394864207e+00
0.0000000000000000e+00
-5.9257641064060653e+00
-5.9257641064060653e+00
0.0000000000000000e+00
-5.8842960889685152e+00
-5.8842960889685152e+00
0.0000000000000000e+00
-6.2121177213955114e+00
-6.2121177213955114e+00
0.0000000000000000e+00
-6.2772323807751960e+00
-6.2772323807751960e+00
0.0000000000000000e+00
-5.9730929895895901e+00
-5.9730929895895901e+00
0.0000000000000000e+00
-7.3779399053589820e+00
-7.3779399053589820e+00
0.0000000000000000e+00
-6.9881119754002921e+00
-6.9881119754002921e+00
0.0000000000000000e+00
-6.5276736235456916e+00
-6.5276736235456916e+00
0.0000000000000000e+00
-6.4779738575283368e+00
-6.4779738575283368e+00
0.0000000000000000e+00
-6.6207083238204101e+00
-6.6207083238204101e+00
0.0000000000000000e+00
-6.5984150690516881e+00
-6.5984150690516881e+00
0.0000000000000000e+00
-7.3987741385289647e+00
-7.3987741385289647e+00
0.0000000000000000e+00
-6.7027872079164270e+00
-6.7027872079164270e+00
0.0000000000000000e+00
-6.9442619626569435e+00
-6.9442619626569435e+00
0.0000000000000000e+00
-6.5029843217949930e+00
-6.5029843217949930e+00
0.0000000000000000e+00
-6.7802105589439199e+00
-6.7802105589439199e+00
0.0000000000000000e+00
-6.4458028170597768e+00
-6.4458028170597768e+00
0.0000000000000000e+00
-6.4188879019477616e+00
-6.4188879019477616e+00
0.0000000000000000e+00
-6.4427884744099249e+00
-6.4427884744099249e+00
0.0000000000000000e+00
-6.3548790440721765e+00
-6.3548790440721765e+00
0.0000000000000000e+00
-6.6296132486212080e+00
-6.6296132486212080e+00
0.0000000000000000e+00
-6.6247674015956299e+00
-6.6247674015956299e+00
0.0000000000000000e+00
-7.0205198227058467e+00
-7.0205198227058467e+00
0.0000000000000000e+00
-7.0166517780680211e+00
-7.0166517780680211e+00
0.0000000000000000e+00
-6.9212235209452437e+00
-6.9212235209452437e+00
0.0000000000000000e+00
-6.7939573592331062e+00
-6.7939573592331062e+00
0.0000000000000000e+00
-6.3953000929260391e+00
-6.3953000929260391e+00
0.0000000000000000e+00
-6.4048895078699219e+00
-6.4048895078699219e+00
0.0000000000000000e+00
-6.0581453960804428e+00
-6.0581453960804428e+00
0.0000000000000000e+00
-6.2837667014759910e+00
-6.2837667014759910e+00
0.0000000000000000e+00
-6.6174100610174520e+00
-6.6174100610174520e+00
0.0000000000000000e+00
-6.9944111192988228e+00
-6.9944111192988228e+00
0.0000000000000000e+00
-7.4658607524581244e+00
-7.4658607524581244e+00
0.0000000000000000e+00
-6.7340764555421142e+00
-6.7340764555421142e+00
0.0000000000000000e+00
-6.2594876887996733e+00
-6.2594876887996733e+00
0.0000000000000000e+00
-6.3665615630783101e+00
-6.3665615630783101e+00
0.0000000000000000e+00
-6.1471175749447475e+00
-6.1471175749447475e+00
0.0000000000000000e+00
-6.1014541114321990e+00
-6.1014541114321990e+00
0.0000000000000000e+00
-6.0482689338781430e+00
-6.0482689338781430e+00
0.0000000000000000e+00
-5.6856192036407700e+00
-5.6856192036407700e+00
0.0000000000000000e+00
-5.6841158646138261e+00
-5.6841158646138261e+00
0.0000000000000000e+00
-5.6880510106676585e+00
-5.6880510106676585e+00
0.0000000000000000e+00
-5.7834354713986835e+00
-5.7834354713986835e+00
0.0000000000000000e+00
-6.0981578944309094e+00
-6.0981578944309094e+00
0.0000000000000000e+00
-5.8750348629560243e+00
-5.8750348629560243e+00
0.0000000000000000e+00
-5.7311602789414096e+00
-5.7311602789414096e+00
0.0000000000000000e+00
-5.6381623294195924e+00
-5.6381623294195924e+00
0.0000000000000000e+00
-5.6771941408387434e+00
-5.6771941408387434e+00
0.0000000000000000e+00
-5.6955296560848376e+00
-5.6955296560848376e+00
0.0000000000000000e+00
-5.4440585667254897e+00
-5.4440585667254897e+00
0.0000000000000000e+00
-5.5732070158320486e+00
-5.5732070158320486e+00
0.0000000000000000e+00
-6.1138514079859956e+00
-6.1138514079859956e+00
0.0000000000000000e+00
-5.6662418801117393e+00
-5.6662418801117393e+00
0.0000000000000000e+00
-5.4607682457397457e+00
-5.4607682457397457e+00
0.0000000000000000e+00
-5.4506723928142513e+00
-5.4506723928142513e+00
0.0000000000000000e+00
-5.5817529863464985e+00
-5.5817529863464985e+00
0.0000000000000000e+00
-5.7937220048379974e+00
-5.7937220048379974e+00
0.0000000000000000e+00
-5.8353443966856551e+00
-5.8353443966856551e+00
0.0000000000000000e+00
-5.6880711000362085e+00
-5.6880711000362085e+00
0.0000000000000000e+00
-6.0020072892987741e+00
-6.0020072892987741e+00
0.0000000000000000e+00
-5.5718105580717410e+00
-5.5718105580717410e+00
0.0000000000000000e+00
-5.5262908704155054e+00
-5.5262908704155054e+00
0.0000000000000000e+00
-5.5753446664850470e+00
-5.5753446664850470e+00
0.0000000000000000e+00
-5.5659301016648088e+00
-5.5659301016648088e+00
0.0000000000000000e+00
-5.8673274121690913e+00
-5.8673274121690913e+00
0.0000000000000000e+00
-5.6799320685900732e+00
-5.6799320685900732e+00
0.0000000000000000e+00
-5.8486863921690961e+00
-5.8486863921690961e+00
0.0000000000000000e+00
-6.8225237505057601e+00
-6.8225237505057601e+00
0.0000000000000000e+00
-7.3750069426986817e+00
-7.3750069426986817e+00
0.0000000000000000e+00
-6.9419527565672041e+00
-6.9419527565672041e+00
0.0000000000000000e+00
-6.0547706937799379e+00
-6.0547706937799379e+00
0.0000000000000000e+00
-6.4358594030815812e+00
-6.4358594030815812e+00
0.0000000000000000e+00
-7.0928128708818701e+00
-7.0928128708818701e+00
0.0000000000000000e+00
-6.8302389312407934e+00
-6.8302389312407934e+00
0.0000000000000000e+00
-6.7716532616188818e+00
-6.7716532616188818e+00
0.0000000000000000e+00
-6.3019383099236697e+00
-6.3019383099236697e+00
0.0000000000000000e+00
-6.7940387351841416e+00
-6.7940387351841416e+00
0.0000000000000000e+00
-5.8507400226628601e+00
-5.8507400226628601e+00
0.0000000000000000e+00
-5.6316806180645660e+00
-5.6316806180645660e+00
0.0000000000000000e+00
-5.9701224748966055e+00
-5.9701224748966055e+00
0.0000000000000000e+00
-5.9454819217892121e+00
-5.9454819217892121e+00
0.0000000000000000e+00
-5.3063604553899753e+00
-5.3063604553899753e+00
0.0000000000000000e+00
-5.6156757135972795e+00
-5.6156757135972795e+00
0.0000000000000000e+00
-5.7672741481500811e+00
-5.7672741481500811e+00
0.0000000000000000e+00
-6.9934544835254453e+00
-6.9934544835254453e+00
0.0000000000000000e+00
-6.5611300546450861e+00
-6.5611300546450861e+00
0.0000000000000000e+00
-6.5824161302739395e+00
-6.5824161302739395e+00
0.0000000000000000e+00
-8.9213340007597495e+00
-8.9213340007597495e+00
0.0000000000000000e+00
-6.6857599915527217e+00
-6.6857599915527217e+00
0.0000000000000000e+00
-5.5050104995550848e+00
-5.5050104995550848e+00
0.0000000000000000e+00
-5.0646469840157833e+00
-5.0646469840157833e+00
0.0000000000000000e+00
-5.1029411003369356e+00
-5.1029411003369356e+00
0.0000000000000000e+00
-5.7633981361134552e+00
-5.7633981361134552e+00
0.0000000000000000e+00
-5.2246564005835232e+00
-5.2246564005835232e+00
0.0000000000000000e+00
-5.0733305182290032e+00
-5.0733305182290032e+00
0.0000000000000000e+00
-5.4127332254959510e+00
-5.4127332254959510e+00
0.0000000000000000e+00
-5.9292900352739446e+00
-5.9292900352739446e+00
0.0000000000000000e+00
-5.6215544569339011e+00
-5.6215544569339011e+00
0.0000000000000000e+00
-5.4962849771731790e+00
-5.4962849771731790e+00
0.0000000000000000e+00
-5.4199638695199441e+00
-5.4199638695199441e+00
0.0000000000000000e+00
-5.3238383509095559e+00
-5.3238383509095559e+00
0.0000000000000000e+00
-5.5439847427986342e+00
-5.5439847427986342e+00
0.0000000000000000e+00
-5.1869556394744345e+00
-5.1869556394744345e+00
0.0000000000000000e+00
-5.3419735424185104e+00
-5.3419735424185104e+00
0.0000000000000000e+00
-5.0635635044216034e+00
-5.0635635044216034e+00
0.0000000000000000e+00
-5.4934570188128156e+00
-5.4934570188128156e+00
0.0000000000000000e+00
-6.0922803672311501e+00
-6.0922803672311501e+00
0.0000000000000000e+00
-6.3890456033845027e+00
-6.3890456033845027e+00
0.0000000000000000e+00
-5.2845886687648242e+00
-5.2845886687648242e+00
0.0000000000000000e+00
-5.5998583490980103e+00
-5.5998583490980103e+00
0.0000000000000000e+00
-8.2012972495255063e+00
-8.2012972495255063e+00
0.0000000000000000e+00
-7.0510039647638107e+00
-7.0510039647638107e+00
0.0000000000000000e+00
-6.6843917213356665e+00
-6.6843917213356665e+00
0.0000000000000000e+00
-6.5192602629181309e+00
-6.5192602629181309e+00
0.0000000000000000e+00
-5.3699760557980101e+00
-5.3699760557980101e+00
0.0000000000000000e+00
-5.1747100082797592e+00
-5.1747100082797592e+00
0.0000000000000000e+00
-5.1160276330359702e+00
-5.1160276330359702e+00
0.0000000000000000e+00
-5.2042331105057098e+00
-5.2042331105057098e+00
0.0000000000000000e+00
-5.4583511620102509e+00
-5.4583511620102509e+00
0.0000000000000000e+00
-5.8748618631004037e+00
-5.8748618631004037e+00
0.0000000000000000e+00
-6.0990021891641657e+00
-6.0990021891641657e+00
0.0000000000000000e+00
-5.9293337689766297e+00
-5.9293337689766297e+00
0.0000000000000000e+00
-6.3022897458459184e+00
-6.3022897458459184e+00
0.0000000000000000e+00
-6.8024874984627512e+00
-6.8024874984627512e+00
0.0000000000000000e+00
-8.7660808403898081e+00
-8.7660808403898081e+00
0.0000000000000000e+00
-6.6515641537623598e+00
-6.6515641537623598e+00
0.0000000000000000e+00
-6.4587615445694393e+00
-6.4587615445694393e+00
0.0000000000000000e+00
-6.2536029450229895e+00
-6.2536029450229895e+00
0.0000000000000000e+00
-6.2483375608767160e+00
-6.2483375608767160e+00
0.0000000000000000e+00
-6.3518425453157006e+00
-6.3518425453157006e+00
0.0000000000000000e+00
-6.3259994354513385e+00
-6.3259994354513385e+00
0.0000000000000000e+00
-6.3684176354174227e+00
-6.3684176354174227e+00
0.0000000000000000e+00
-6.6011054661301074e+00
-6.6011054661301074e+00
0.0000000000000000e+00
-7.3398466390110517e+00
-7.3398466390110517e+00
0.0000000000000000e+00
-6.5365916422586965e+00
-6.5365916422586965e+00
0.0000000000000000e+00
-6.0125214154483695e+00
-6.0125214154483695e+00
0.0000000000000000e+00
-6.8220387475606028e+00
-6.8220387475606028e+00
0.0000000000000000e+00
-7.5078225167888686e+00
-7.5078225167888686e+00
0.0000000000000000e+00
-7.0551296981481482e+00
-7.0551296981481482e+00
0.0000000000000000e+00
-6.3316157423797534e+00
-6.3316157423797534e+00
0.0000000000000000e+00
-6.6040995854047431e+00
-6.6040995854047431e+00
0.0000000000000000e+00
-7.7680643983928643e+00
-7.7680643983928643e+00
0.0000000000000000e+00
-8.6107594785147938e+00
-8.6107594785147938e+00
0.0000000000000000e+00
-9.3075401419375616e+00
-9.3075401419375616e+00
0.0000000000000000e+00
-8.6454032343647853e+00
-8.6454032343647853e+00
0.0000000000000000e+00
-7.0753331739883478e+00
-7.0753331739883478e+00
0.0000000000000000e+00
-6.1652751065086075e+00
-6.1652751065086075e+00
0.0000000000000000e+00
-6.4146587035560207e+00
-6.4146587035560207e+00
0.0000000000000000e+00
-5.5896306621878278e+00
-5.5896306621878278e+00
0.0000000000000000e+00
-5.6215736341586311e+00
-5.6215736341586311e+00
0.0000000000000000e+00
-5.4971302341440609e+00
-5.4971302341440609e+00
0.0000000000000000e+00
-5.7979404646490913e+00
-5.7979404646490913e+00
0.0000000000000000e+00
-5.6943261421270499e+00
-5.6943261421270499e+00
0.0000000000000000e+00
-5.9644636400395417e+00
-5.9644636400395417e+00
0.0000000000000000e+00
-6.0703334016466108e+00
-6.0703334016466108e+00
0.0000000000000000e+00
-5.7499798687416188e+00
-5.7499798687416188e+00
0.0000000000000000e+00
-5.6903410396321750e+00
-5.6903410396321750e+00
0.0000000000000000e+00
-5.5888275218204102e+00
-5.5888275218204102e+00
0.0000000000000000e+00
-5.9364330090487494e+00
-5.9364330090487494e+00
0.0000000000000000e+00
-5.9317076773243391e+00
-5.9317076773243391e+00
0.0000000000000000e+00
-7.1091819394050439e+00
-7.1091819394050439e+00
0.0000000000000000e+00
-7.1056983360456218e+00
-7.1056983360456218e+00
0.0000000000000000e+00
-5.0399179217207317e+00
-5.0399179217207317e+00
0.0000000000000000e+00
-5.3420514104483745e+00
-5.3420514104483745e+00
0.0000000000000000e+00
-5.6525270784180677e+00
-5.6525270784180677e+00
0.0000000000000000e+00
-5.8884988928942175e+00
-5.8884988928942175e+00
0.0000000000000000e+00
-5.6942470032459038e+00
-5.6942470032459038e+00
0.0000000000000000e+00
-5.2274769070226821e+00
-5.2274769070226821e+00
0.0000000000000000e+00
-5.1695184165434513e+00
-5.1695184165434513e+00
0.0000000000000000e+00
-6.0297932062503774e+00
-6.0297932062503774e+00
0.0000000000000000e+00
-5.3002672833298625e+00
-5.3002672833298625e+00
0.0000000000000000e+00
-5.4773045966261504e+00
-5.4773045966261504e+00
0.0000000000000000e+00
-5.3167889744555588e+00
-5.3167889744555588e+00
0.0000000000000000e+00
-5.3656293000283011e+00
-5.3656293000283011e+00
0.0000000000000000e+00
-5.3698956098381991e+00
-5.3698956098381991e+00
0.0000000000000000e+00
-6.7735131053802720e+00
-6.7735131053802720e+00
0.0000000000000000e+00
-5.8219247092422295e+00
-5.8219247092422295e+00
0.0000000000000000e+00
-5.9485044170582206e+00
-5.9485044170582206e+00
0.0000000000000000e+00
-7.0671941429078800e+00
-7.0671941429078800e+00
0.0000000000000000e+00
-6.1895301547624442e+00
-6.1895301547624442e+00
0.0000000000000000e+00
-6.7644379635335943e+00
-6.7644379635335943e+00
0.0000000000000000e+00
-7.2969395097962098e+00
-7.2969395097962098e+00
0.0000000000000000e+00
-8.3390917871354020e+00
-8.3390917871354020e+00
0.0000000000000000e+00
-8.1249935115872987e+00
-8.1249935115872987e+00
0.0000000000000000e+00
-7.3628913492660857e+00
-7.3628913492660857e+00
0.0000000000000000e+00
-6.0165375556511478e+00
-6.0165375556511478e+00
0.0000000000000000e+00
-6.4011117109543356e+00
-6.4011117109543356e+00
0.0000000000000000e+00
-4.9807713988220419e+00
-4.9807713988220419e+00
0.0000000000000000e+00
-4.9573472561233611e+00
-4.9573472561233611e+00
0.0000000000000000e+00
-5.1107343878731122e+00
-5.1107343878731122e+00
0.0000000000000000e+00
-5.3015038785864501e+00
-5.3015038785864501e+00
0.0000000000000000e+00
-5.5430205664995311e+00
-5.5430205664995311e+00
0.0000000000000000e+00
-5.9508303250922427e+00
-5.9508303250922427e+00
0.0000000000000000e+00
-6.1062966378631254e+00
-6.1062966378631254e+00
0.0000000000000000e+00
-5.1712231500806487e+00
-5.1712231500806487e+00
0.0000000000000000e+00
-5.0546149376283829e+00
-5.0546149376283829e+00
0.0000000000000000e+00
-5.0305926845485534e+00
-5.0305926845485534e+00
0.0000000000000000e+00
-5.4750434726694364e+00
-5.4750434726694364e+00
0.0000000000000000e+00
-5.3367675920374245e+00
-5.3367675920374245e+00
0.0000000000000000e+00
-5.2709764339053331e+00
-5.2709764339053331e+00
0.0000000000000000e+00
-5.2605331800699240e+00
-5.2605331800699240e+00
0.0000000000000000e+00
-6.1136012166586937e+00
-6.1136012166586937e+00
0.0000000000000000e+00
-9.5768773972151529e+00
-9.5768773972151529e+00
0.0000000000000000e+00
-1.1764123351482159e+01
-1.1764123351482159e+01
0.0000000000000000e+00
-5.8039778973208858e+00
-5.8039778973208858e+00
0.0000000000000000e+00
-6.5218143667232118e+00
-6.5218143667232118e+00
0.0000000000000000e+00
-6.7448395646017794e+00
-6.7448395646017794e+00
0.0000000000000000e+00
-5.8153080893479183e+00
-5.8153080893479183e+00
0.0000000000000000e+00
-4.9040406190781045e+00
-4.9040406190781045e+00
0.0000000000000000e+00
-5.5492587417710242e+00
-5.5492587417710242e+00
0.0000000000000000e+00
-5.4296913894572114e+00
-5.4296913894572114e+00
0.0000000000000000e+00
-5.9021786776020040e+00
-5.9021786776020040e+00
0.0000000000000000e+00
-6.3032278710400576e+00
-6.3032278710400576e+00
0.0000000000000000e+00
-6.4868225536176949e+00
-6.4868225536176949e+00
0.0000000000000000e+00
-5.7087317869101089e+00
-5.7087317869101089e+00
0.0000000000000000e+00
-5.6447991542923450e+00
-5.6447991542923450e+00
0.0000000000000000e+00
-7.4877875109903282e+00
-7.4877875109903282e+00
0.0000000000000000e+00
-7.3983011681010460e+00
-7.3983011681010460e+00
0.0000000000000000e+00
-5.8392476594829104e+00
-5.8392476594829104e+00
0.0000000000000000e+00
-6.0730957047508154e+00
-6.0730957047508154e+00
0.0000000000000000e+00
-6.5460851644040137e+00
-6.5460851644040137e+00
0.0000000000000000e+00
-6.7386601799575541e+00
-6.7386601799575541e+00
0.0000000000000000e+00
-6.3317688275456758e+00
-6.3317688275456758e+00
0.0000000000000000e+00
-6.4899472962606719e+00
-6.4899472962606719e+00
0.0000000000000000e+00
-6.5127734464707032e+00
-6.5127734464707032e+00
0.0000000000000000e+00
-5.2538858131965487e+00
-5.2538858131965487e+00
0.0000000000000000e+00
-5.6454306193311634e+00
-5.6454306193311634e+00
0.0000000000000000e+00
-7.0093499351733648e+00
-7.0093499351733648e+00
0.0000000000000000e+00
-7.0159152481529663e+00
-7.0159152481529663e+00
0.0000000000000000e+00
-6.5733487850436436e+00
-6.5733487850436436e+00
0.0000000000000000e+00
-5.3871715561543398e+00
-5.3871715561543398e+00
0.0000000000000000e+00
-7.5000604270445130e+00
-7.5000604270445130e+00
0.0000000000000000e+00
-6.6409893601383043e+00
-6.6409893601383043e+00
0.0000000000000000e+00
-6.6792725818053258e+00
-6.6792725818053258e+00
0.0000000000000000e+00
-5.7672080211432535e+00
-5.7672080211432535e+00
0.0000000000000000e+00
-5.4365186489941522e+00
-5.4365186489941522e+00
0.0000000000000000e+00
-6.0417510142249755e+00
-6.0417510142249755e+00
0.0000000000000000e+00
-7.8562414793361590e+00
-7.8562414793361590e+00
0.0000000000000000e+00
-7.3403424934066308e+00
-7.3403424934066308e+00
0.0000000000000000e+00
-6.7264360925509425e+00
-6.7264360925509425e+00
0.0000000000000000e+00
-5.6737514571222425e+00
-5.6737514571222425e+00
0.0000000000000000e+00
-6.1521597292884094e+00
-6.1521597292884094e+00
0.0000000000000000e+00
-6.3670903420398410e+00
-6.3670903420398410e+00
0.0000000000000000e+00
-6.6102954396602538e+00
-6.6102954396602538e+00
0.0000000000000000e+00
-7.4080300360570943e+00
-7.4080300360570943e+00
0.0000000000000000e+00
-7.5047654852835795e+00
-7.5047654852835795e+00
0.0000000000000000e+00
-8.5664843390588796e+00
-8.5664843390588796e+00
0.0000000000000000e+00
-6.7507523043214110e+00
-6.7507523043214110e+00
0.0000000000000000e+00
-6.7765410062072151e+00
-6.7765410062072151e+00
0.0000000000000000e+00
-6.1831968875548373e+00
-6.1831968875548373e+00
0.0000000000000000e+00
-5.2892895253220198e+00
-5.2892895253220198e+00
0.0000000000000000e+00
-5.4862251484813411e+00
-5.4862251484813411e+00
0.0000000000000000e+00
-5.4904469257255464e+00
-5.4904469257255464e+00
0.0000000000000000e+00
-5.1041831568423062e+00
-5.1041831568423062e+00
0.0000000000000000e+00
-5.3249745962735933e+00
-5.3249745962735933e+00
0.0000000000000000e+00
-5.3098558560090670e+00
-5.3098558560090670e+00
0.0000000000000000e+00
-5.8045008004312342e+00
-5.8045008004312342e+00
0.0000000000000000e+00
-6.3174212063669675e+00
-6.3174212063669675e+00
0.0000000000000000e+00
-5.8091733272759569e+00
-5.8091733272759569e+00
0.0000000000000000e+00
-8.6361176421366359e+00
-8.6361176421366359e+00
0.0000000000000000e+00
-7.7778651129910887e+00
-7.7778651129910887e+00
0.0000000000000000e+00
-7.0998135206638580e+00
-7.0998135206638580e+00
0.0000000000000000e+00
-5.6106625123202285e+00
-5.6106625123202285e+00
0.0000000000000000e+00
-7.2990492421601516e+00
-7.2990492421601516e+00
0.0000000000000000e+00
-7.1195625385575525e+00
-7.1195625385575525e+00
0.0000000000000000e+00
-7.4927599685050374e+00
-7.4927599685050374e+00
0.0000000000000000e+00
-7.4882228193133908e+00
-7.4882228193133908e+00
0.0000000000000000e+00
-8.6543741810843038e+00
-8.6543741810843038e+00
0.0000000000000000e+00
-8.0887084853824618e+00
-8.0887084853824618e+00
0.0000000000000000e+00
-7.9804059438657760e+00
-7.9804059438657760e+00
0.0000000000000000e+00
-9.3655634699871619e+00
-9.3655634699871619e+00
0.0000000000000000e+00
-6.4581826717525983e+00
-6.4581826717525983e+00
0.0000000000000000e+00
-6.1172227403728074e+00
-6.1172227403728074e+00
0.0000000000000000e+00
-6.6593782633520586e+00
-6.6593782633520586e+00
0.0000000000000000e+00
-5.3160582965915122e+00
-5.3160582965915122e+00
0.0000000000000000e+00
-5.5632004156593755e+00
-5.5632004156593755e+00
0.0000000000000000e+00
-5.7000815080924259e+00
-5.7000815080924259e+00
0.0000000000000000e+00
-5.2658173312958940e+00
-5.2658173312958940e+00
0.0000000000000000e+00
-5.2709314614457163e+00
-5.2709314614457163e+00
0.0000000000000000e+00
-5.1895267080285867e+00
-5.1895267080285867e+00
0.0000000000000000e+00
-5.1287864547135147e+00
-5.1287864547135147e+00
0.0000000000000000e+00
-5.2011638180847584e+00
-5.2011638180847584e+00
0.0000000000000000e+00
-5.0428597602402050e+00
-5.0428597602402050e+00
0.0000000000000000e+00
-5.0316423688217178e+00
-5.0316423688217178e+00
0.0000000000000000e+00
-5.4962676044781382e+00
-5.4962676044781382e+00
0.0000000000000000e+00
-5.0593534567463996e+00
-5.0593534567463996e+00
0.0000000000000000e+00
-5.1195274236589210e+00
-5.1195274236589210e+00
0.0000000000000000e+00
-5.6231787573698000e+00
-5.6231787573698000e+00
0.0000000000000000e+00
-5.8974277508330140e+00
-5.8974277508330140e+00
0.0000000000000000e+00
-6.1225743571699311e+00
-6.1225743571699311e+00
0.0000000000000000e+00
-7.5995313887297620e+00
-7.5995313887297620e+00
0.0000000000000000e+00
-5.8958269096668987e+00
-5.8958269096668987e+00
0.0000000000000000e+00
-5.5677953157334192e+00
-5.5677953157334192e+00
0.0000000000000000e+00
-7.3097073437686735e+00
-7.3097073437686735e+00
0.0000000000000000e+00
-5.3111619955778142e+00
-5.3111619955778142e+00
0.0000000000000000e+00
-6.3856210860106648e+00
-6.3856210860106648e+00
0.0000000000000000e+00
-7.1088654354473002e+00
-7.1088654354473002e+00
0.0000000000000000e+00
-7.1261525402767250e+00
-7.1261525402767250e+00
0.0000000000000000e+00
-6.4297691106890493e+00
-6.4297691106890493e+00
0.0000000000000000e+00
-6.7894537082772173e+00
-6.7894537082772173e+00
0.0000000000000000e+00
-6.6554456194206946e+00
-6.6554456194206946e+00
0.0000000000000000e+00
-7.7916684856098612e+00
-7.7916684856098612e+00
0.0000000000000000e+00
-6.9952072349897474e+00
-6.9952072349897474e+00
0.0000000000000000e+00
-7.4724869676230758e+00
-7.4724869676230758e+00
0.0000000000000000e+00
-6.1975960401571575e+00
-6.1975960401571575e+00
0.0000000000000000e+00
-5.5412500938127698e+00
-5.5412500938127698e+00
0.0000000000000000e+00
-5.8962639822790042e+00
-5.8962639822790042e+00
0.0000000000000000e+00
-5.4327272436806808e+00
-5.4327272436806808e+00
0.0000000000000000e+00
-5.2025607728702239e+00
-5.2025607728702239e+00
0.0000000000000000e+00
-5.0771024576266885e+00
-5.0771024576266885e+00
0.0000000000000000e+00
-5.3932676017957055e+00
-5.3932676017957055e+00
0.0000000000000000e+00
-6.5371950300462753e+00
-6.5371950300462753e+00
0.0000000000000000e+00
-5.6056955402228716e+00
-5.6056955402228716e+00
0.0000000000000000e+00
-5.8913804519563904e+00
-5.8913804519563904e+00
0.0000000000000000e+00
-5.3455222701320659e+00
-5.3455222701320659e+00
0.0000000000000000e+00
-5.7256497384516303e+00
-5.7256497384516303e+00
0.0000000000000000e+00
-5.2888255726677125e+00
-5.2888255726677125e+00
0.0000000000000000e+00
-6.1394624864022784e+00
-6.1394624864022784e+00
0.0000000000000000e+00
-5.8040905324527010e+00
-5.8040905324527010e+00
0.0000000000000000e+00
-6.4664753113426130e+00
-6.4664753113426130e+00
0.0000000000000000e+00
-5.5229377514674107e+00
-5.5229377514674107e+00
0.0000000000000000e+00
-7.1313063381404564e+00
-7.1313063381404564e+00
0.0000000000000000e+00
-5.6038419312004795e+00
-5.6038419312004795e+00
0.0000000000000000e+00
-5.4598877785414706e+00
-5.4598877785414706e+00
0.0000000000000000e+00
-5.1572188125970264e+00
-5.1572188125970264e+00
0.0000000000000000e+00
-5.1546002136787568e+00
-5.1546002136787568e+00
0.0000000000000000e+00
-6.7478760384913050e+00
-6.7478760384913050e+00
0.0000000000000000e+00
-6.6862400143135137e+00
-6.6862400143135137e+00
0.0000000000000000e+00
-6.6807273337226718e+00
-6.6807273337226718e+00
0.0000000000000000e+00
-5.6548038291860863e+00
-5.6548038291860863e+00
0.0000000000000000e+00
-5.4189077861678676e+00
-5.4189077861678676e+00
0.0000000000000000e+00
-5.4852954117619106e+00
-5.4852954117619106e+00
0.0000000000000000e+00
-5.6775103212383256e+00
-5.6775103212383256e+00
0.0000000000000000e+00
-6.1408108422361209e+00
-6.1408108422361209e+00
0.0000000000000000e+00
-7.1997030121062764e+00
-7.1997030121062764e+00
0.0000000000000000e+00
-7.7827074687497593e+00
-7.7827074687497593e+00
0.0000000000000000e+00
-6.0806619092343492e+00
-6.0806619092343492e+00
0.0000000000000000e+00
-6.4356449713038089e+00
-6.4356449713038089e+00
0.0000000000000000e+00
-9.7202577404059305e+00
-9.7202577404059305e+00
0.0000000000000000e+00
-1.0332119847333896e+01
-1.0332119847333896e+01
0.0000000000000000e+00
-1.0273756526522273e+01
-1.0273756526522273e+01
0.0000000000000000e+00
-7.1129308814236820e+00
-7.1129308814236820e+00
0.0000000000000000e+00
-6.5569282777677689e+00
-6.5569282777677689e+00
0.0000000000000000e+00
-6.0846526701912573e+00
-6.0846526701912573e+00
0.0000000000000000e+00
-5.8613827104350271e+00
-5.8613827104350271e+00
0.0000000000000000e+00
-7.5882149521385092e+00
-7.5882149521385092e+00
0.0000000000000000e+00
-5.0911566554548520e+00
-5.0911566554548520e+00
0.0000000000000000e+00
-5.2140437126280537e+00
-5.2140437126280537e+00
0.0000000000000000e+00
-6.0368719457405442e+00
-6.0368719457405442e+00
0.0000000000000000e+00
-5.9829164961202004e+00
-5.9829164961202004e+00
0.0000000000000000e+00
-6.7701196568722910e+00
-6.7701196568722910e+00
0.0000000000000000e+00
-5.2623257999342110e+00
-5.2623257999342110e+00
0.0000000000000000e+00
-5.5225268719852352e+00
-5.5225268719852352e+00
0.0000000000000000e+00
-5.0939898973849678e+00
-5.0939898973849678e+00
0.0000000000000000e+00
-5.4174323861986373e+00
-5.4174323861986373e+00
0.0000000000000000e+00
-5.5791169991863399e+00
-5.5791169991863399e+00
0.0000000000000000e+00
-5.2852716940328648e+00
-5.2852716940328648e+00
0.0000000000000000e+00
-5.3041382552132381e+00
-5.3041382552132381e+00
0.0000000000000000e+00
-5.7255330826167317e+00
-5.7255330826167317e+00
0.0000000000000000e+00
-5.0005054473699699e+00
-5.0005054473699699e+00
0.0000000000000000e+00
-5.6598328305080452e+00
-5.6598328305080452e+00
0.0000000000000000e+00
-5.6064192051184083e+00
-5.6064192051184083e+00
0.0000000000000000e+00
-5.2331012356007101e+00
-5.2331012356007101e+00
0.0000000000000000e+00
-6.8257493894356394e+00
-6.8257493894356394e+00
0.0000000000000000e+00
-6.6952270345260079e+00
-6.6952270345260079e+00
0.0000000000000000e+00
-7.5046552856270168e+00
-7.5046552856270168e+00
0.0000000000000000e+00
-6.1176263002400724e+00
-6.1176263002400724e+00
0.0000000000000000e+00
-5.6998446379479564e+00
-5.6998446379479564e+00
0.0000000000000000e+00
-5.3996506919709821e+00
-5.3996506919709821e+00
0.0000000000000000e+00
-5.5337033799622271e+00
-5.5337033799622271e+00
0.0000000000000000e+00
-5.6513910472267934e+00
-5.6513910472267934e+00
0.0000000000000000e+00
-5.5560641944246374e+00
-5.5560641944246374e+00
0.0000000000000000e+00
-5.0956804029076714e+00
-5.0956804029076714e+00
0.0000000000000000e+00
-7.3184346229398125e+00
-7.3184346229398125e+00
0.0000000000000000e+00
-5.3096905695657215e+00
-5.3096905695657215e+00
0.0000000000000000e+00
-5.2191115091954803e+00
-5.2191115091954803e+00
0.0000000000000000e+00
-5.2283055768524243e+00
-5.2283055768524243e+00
0.0000000000000000e+00
-5.5230946633092639e+00
-5.5230946633092639e+00
0.0000000000000000e+00
-7.0577206876071159e+00
-7.0577206876071159e+00
0.0000000000000000e+00
-5.6032125782536131e+00
-5.6032125782536131e+00
0.0000000000000000e+00
-5.6328705205519061e+00
-5.6328705205519061e+00
0.0000000000000000e+00
-5.5158154536762209e+00
-5.5158154536762209e+00
0.0000000000000000e+00
-5.6944778922958434e+00
-5.6944778922958434e+00
0.0000000000000000e+00
-5.8850295176517058e+00
-5.8850295176517058e+00
0.0000000000000000e+00
-6.9122177667521036e+00
-6.9122177667521036e+00
0.0000000000000000e+00
-5.2070276010874368e+00
-5.2070276010874368e+00
0.0000000000000000e+00
-5.4179500981011710e+00
-5.4179500981011710e+00
0.0000000000000000e+00
-6.1778516743234473e+00
-6.1778516743234473e+00
0.0000000000000000e+00
-7.0613431080081810e+00
-7.0613431080081810e+00
0.0000000000000000e+00
-7.1945450022678639e+00
-7.1945450022678639e+00
0.0000000000000000e+00
-6.3045175357579888e+00
-6.3045175357579888e+00
0.0000000000000000e+00
-6.0141586322192371e+00
-6.0141586322192371e+00
0.0000000000000000e+00
-5.1996741195474314e+00
-5.1996741195474314e+00
0.0000000000000000e+00
-5.5152884636513351e+00
-5.5152884636513351e+00
0.0000000000000000e+00
-5.7221612270393551e+00
-5.7221612270393551e+00
0.0000000000000000e+00
-5.6717472844887773e+00
-5.6717472844887773e+00
0.0000000000000000e+00
-7.2932351461760652e+00
-7.2932351461760652e+00
0.0000000000000000e+00
-5.1957872435123580e+00
-5.1957872435123580e+00
0.0000000000000000e+00
-5.4771108119359573e+00
-5.4771108119359573e+00
0.0000000000000000e+00
-5.5427755719206813e+00
-5.5427755719206813e+00
0.0000000000000000e+00
-5.1901763733719140e+00
-5.1901763733719140e+00
0.0000000000000000e+00
-6.1122250042943591e+00
-6.1122250042943591e+00
0.0000000000000000e+00
-6.1144153552279690e+00
-6.1144153552279690e+00
0.0000000000000000e+00
-6.1863268132550839e+00
-6.1863268132550839e+00
0.0000000000000000e+00
-6.6134027303039051e+00
-6.6134027303039051e+00
0.0000000000000000e+00
-7.2811006787770669e+00
-7.2811006787770669e+00
0.0000000000000000e+00
-7.3189651343090194e+00
-7.3189651343090194e+00
0.0000000000000000e+00
-6.3815985658108740e+00
-6.3815985658108740e+00
0.0000000000000000e+00
-6.4396744783604802e+00
-6.4396744783604802e+00
0.0000000000000000e+00
-6.0885813726392684e+00
-6.0885813726392684e+00
0.0000000000000000e+00
-7.0569215511858445e+00
-7.0569215511858445e+00
0.0000000000000000e+00
-5.6521163700013668e+00
-5.6521163700013668e+00
0.0000000000000000e+00
-5.3536359654979337e+00
-5.3536359654979337e+00
0.0000000000000000e+00
-5.3512926216158601e+00
-5.3512926216158601e+00
0.0000000000000000e+00
-8.3066000582041752e+00
-8.3066000582041752e+00
0.0000000000000000e+00
-7.8412209255063061e+00
-7.8412209255063061e+00
0.0000000000000000e+00
-7.9087176891349067e+00
-7.9087176891349067e+00
0.0000000000000000e+00
-7.1377905626775231e+00
-7.1377905626775231e+00
0.0000000000000000e+00
-8.5116257240234336e+00
-8.5116257240234336e+00
0.0000000000000000e+00
-8.5293243260195606e+00
-8.5293243260195606e+00
0.0000000000000000e+00
-8.4904609900079855e+00
-8.4904609900079855e+00
0.0000000000000000e+00
-8.7745124391143108e+00
-8.7745124391143108e+00
0.0000000000000000e+00
-7.1618514696574618e+00
-7.1618514696574618e+00
0.0000000000000000e+00
-7.1618514696574618e+00
-7.1618514696574618e+00
0.0000000000000000e+00
-6.9828699804160195e+00
-6.9828699804160195e+00
0.0000000000000000e+00
-7.3204955599020112e+00
-7.3204955599020112e+00
0.0000000000000000e+00
-6.8339195193158186e+00
-6.8339195193158186e+00
0.0000000000000000e+00
-7.0959699952278523e+00
-7.0959699952278523e+00
0.0000000000000000e+00
-6.3716867076381760e+00
-6.3716867076381760e+00
0.0000000000000000e+00
-8.5306761821792012e+00
-8.5306761821792012e+00
0.0000000000000000e+00
-1.1131603387528299e+01
-1.1131603387528299e+01
0.0000000000000000e+00
-9.9569976942751914e+00
-9.9569976942751914e+00
0.0000000000000000e+00
-1.0012449836622334e+01
-1.0012449836622334e+01
0.0000000000000000e+00
-1.0248148636683062e+01
-1.0248148636683062e+01
0.0000000000000000e+00
-9.2793816962507503e+00
-9.2793816962507503e+00
0.0000000000000000e+00
-8.5002539687838414e+00
-8.5002539687838414e+00
0.0000000000000000e+00
-9.3569035703538255e+00
-9.3569035703538255e+00
0.0000000000000000e+00
-9.2403857965117560e+00
-9.2403857965117560e+00
0.0000000000000000e+00
-7.0769800003853902e+00
-7.0769800003853902e+00
0.0000000000000000e+00
-6.8719605379950046e+00
-6.8719605379950046e+00
0.0000000000000000e+00
-7.2683166298304283e+00
-7.2683166298304283e+00
0.0000000000000000e+00
-5.0902039920700011e+00
-5.0902039920700011e+00
0.0000000000000000e+00
-5.1127275070102360e+00
-5.1127275070102360e+00
0.0000000000000000e+00
-6.4405709430220295e+00
-6.4405709430220295e+00
0.0000000000000000e+00
-6.0648063107255075e+00
-6.0648063107255075e+00
0.0000000000000000e+00
-6.0384629019911369e+00
-6.0384629019911369e+00
0.0000000000000000e+00
-6.0335905165838941e+00
-6.0335905165838941e+00
0.0000000000000000e+00
-6.7174044273820854e+00
-6.7174044273820854e+00
0.0000000000000000e+00
-7.8748215964806967e+00
-7.8748215964806967e+00
0.0000000000000000e+00
-1.0335553963172716e+01
-1.0335553963172716e+01
0.0000000000000000e+00
-8.5596216668772644e+00
-8.5596216668772644e+00
0.0000000000000000e+00
-6.1612695178003847e+00
-6.1612695178003847e+00
0.0000000000000000e+00
-5.1603531431805996e+00
-5.1603531431805996e+00
0.0000000000000000e+00
-5.6408535589452784e+00
-5.6408535589452784e+00
0.0000000000000000e+00
-6.6287526165585327e+00
-6.6287526165585327e+00
0.0000000000000000e+00
-6.8195442388791676e+00
-6.8195442388791676e+00
0.0000000000000000e+00
-5.4079109759565185e+00
-5.4079109759565185e+00
0.0000000000000000e+00
-5.6064894028875418e+00
-5.6064894028875418e+00
0.0000000000000000e+00
-5.5518209162719874e+00
-5.5518209162719874e+00
0.0000000000000000e+00
-5.6956881498001506e+00
-5.6956881498001506e+00
0.0000000000000000e+00
-5.6814180829657168e+00
-5.6814180829657168e+00
0.0000000000000000e+00
-5.5825450918410962e+00
-5.5825450918410962e+00
0.0000000000000000e+00
-5.2417321287265830e+00
-5.2417321287265830e+00
0.0000000000000000e+00
-5.4631663317929089e+00
-5.4631663317929089e+00
0.0000000000000000e+00
-5.7337564540726369e+00
-5.7337564540726369e+00
0.0000000000000000e+00
-5.8647563528583913e+00
-5.8647563528583913e+00
0.0000000000000000e+00
-6.5361982782939076e+00
-6.5361982782939076e+00
0.0000000000000000e+00
-6.3284190970649847e+00
-6.3284190970649847e+00
0.0000000000000000e+00
-6.0191845992494972e+00
-6.0191845992494972e+00
0.0000000000000000e+00
-5.9408505628615496e+00
-5.9408505628615496e+00
0.0000000000000000e+00
-5.8610266116060457e+00
-5.8610266116060457e+00
0.0000000000000000e+00
-5.4523993629418959e+00
-5.4523993629418959e+00
0.0000000000000000e+00
-6.3311238251188078e+00
-6.3311238251188078e+00
0.0000000000000000e+00
-6.3061994435879445e+00
-6.3061994435879445e+00
0.0000000000000000e+00
-5.3691632479833569e+00
-5.3691632479833569e+00
0.0000000000000000e+00
-5.2299609414813144e+00
-5.2299609414813144e+00
0.0000000000000000e+00
-5.3859601626168043e+00
-5.3859601626168043e+00
0.0000000000000000e+00
-5.1433499788167758e+00
-5.1433499788167758e+00
0.0000000000000000e+00
-6.2979043948686213e+00
-6.2979043948686213e+00
0.0000000000000000e+00
-9.1782030794081670e+00
-9.1782030794081670e+00
0.0000000000000000e+00
-8.1759680735430234e+00
-8.1759680735430234e+00
0.0000000000000000e+00
-7.5748314857675529e+00
-7.5748314857675529e+00
0.0000000000000000e+00
-7.9477898105741813e+00
-7.9477898105741813e+00
0.0000000000000000e+00
-7.3100383498571606e+00
-7.3100383498571606e+00
0.0000000000000000e+00
-5.2190115059509647e+00
-5.2190115059509647e+00
0.0000000000000000e+00
-6.3664405578856069e+00
-6.3664405578856069e+00
0.0000000000000000e+00
-6.6306472821393818e+00
-6.6306472821393818e+00
0.0000000000000000e+00
-6.1176174582326688e+00
-6.1176174582326688e+00
0.0000000000000000e+00
-5.9261512843699435e+00
-5.9261512843699435e+00
0.0000000000000000e+00
-7.8083300454578426e+00
-7.8083300454578426e+00
0.0000000000000000e+00
-7.7499585778502382e+00
-7.7499585778502382e+00
0.0000000000000000e+00
-7.3364694606929977e+00
-7.3364694606929977e+00
0.0000000000000000e+00
-7.4273170910802682e+00
-7.4273170910802682e+00
0.0000000000000000e+00
-7.3019816373523536e+00
-7.3019816373523536e+00
0.0000000000000000e+00
-5.1312656186889685e+00
-5.1312656186889685e+00
0.0000000000000000e+00
-5.1907544705887698e+00
-5.1907544705887698e+00
0.0000000000000000e+00
-5.0717126779398223e+00
-5.0717126779398223e+00
0.0000000000000000e+00
-5.7705812737768296e+00
-5.7705812737768296e+00
0.0000000000000000e+00
-9.0143331254182471e+00
-9.0143331254182471e+00
0.0000000000000000e+00
-9.1555832872629423e+00
-9.1555832872629423e+00
0.0000000000000000e+00
-1.0608334643044628e+01
-1.0608334643044628e+01
0.0000000000000000e+00
-1.0703575430064920e+01
-1.0703575430064920e+01
0.0000000000000000e+00
-1.0314709097322419e+01
-1.0314709097322419e+01
0.0000000000000000e+00
-7.1598774556178029e+00
-7.1598774556178029e+00
0.0000000000000000e+00
-6.4880803227794663e+00
-6.4880803227794663e+00
0.0000000000000000e+00
-6.9927999024537524e+00
-6.9927999024537524e+00
0.0000000000000000e+00
-6.9720119553906246e+00
-6.9720119553906246e+00
0.0000000000000000e+00
-8.1044483014001578e+00
-8.1044483014001578e+00
0.0000000000000000e+00
-8.1694670580054076e+00
-8.1694670580054076e+00
0.0000000000000000e+00
-8.6082888453604873e+00
-8.6082888453604873e+00
0.0000000000000000e+00
-5.4535530049620284e+00
-5.4535530049620284e+00
0.0000000000000000e+00
-6.8398925940471926e+00
-6.8398925940471926e+00
0.0000000000000000e+00
-7.6176606129806128e+00
-7.6176606129806128e+00
0.0000000000000000e+00
-5.5871964997729870e+00
-5.5871964997729870e+00
0.0000000000000000e+00
-5.9321878861799124e+00
-5.9321878861799124e+00
0.0000000000000000e+00
-5.1419555915615396e+00
-5.1419555915615396e+00
0.0000000000000000e+00
-5.1373911101449732e+00
-5.1373911101449732e+00
0.0000000000000000e+00
-5.2289860931100476e+00
-5.2289860931100476e+00
0.0000000000000000e+00
-5.4515328163842138e+00
-5.4515328163842138e+00
0.0000000000000000e+00
-5.4044073415506002e+00
-5.4044073415506002e+00
0.0000000000000000e+00
-8.6036091351953061e+00
-8.6036091351953061e+00
0.0000000000000000e+00
-8.2035563986496349e+00
-8.2035563986496349e+00
0.0000000000000000e+00
-8.6375698754154620e+00
-8.6375698754154620e+00
0.0000000000000000e+00
-6.6927463182592204e+00
-6.6927463182592204e+00
0.0000000000000000e+00
-6.7235875431116323e+00
-6.7235875431116323e+00
0.0000000000000000e+00
-5.5634642323433017e+00
-5.5634642323433017e+00
0.0000000000000000e+00
-6.6043241409257831e+00
-6.6043241409257831e+00
0.0000000000000000e+00
-8.2232776166941637e+00
-8.2232776166941637e+00
0.0000000000000000e+00
-9.9523500918953332e+00
-9.9523500918953332e+00
0.0000000000000000e+00
-5.9866132726380590e+00
-5.9866132726380590e+00
0.0000000000000000e+00
-6.2817178462375294e+00
-6.2817178462375294e+00
0.0000000000000000e+00
-6.9302072136375639e+00
-6.9302072136375639e+00
0.0000000000000000e+00
-6.8901076707035322e+00
-6.8901076707035322e+00
0.0000000000000000e+00
-6.2715756173484802e+00
-6.2715756173484802e+00
0.0000000000000000e+00
-6.2077400252683699e+00
-6.2077400252683699e+00
0.0000000000000000e+00
-5.3208353984356238e+00
-5.3208353984356238e+00
0.0000000000000000e+00
-5.2902783936577995e+00
-5.2902783936577995e+00
0.0000000000000000e+00
-7.8412277381851130e+00
-7.8412277381851130e+00
0.0000000000000000e+00
-8.1024614033125175e+00
-8.1024614033125175e+00
0.0000000000000000e+00
-8.0376725085936602e+00
-8.0376725085936602e+00
0.0000000000000000e+00
-8.0298343975054607e+00
-8.0298343975054607e+00
0.0000000000000000e+00
-6.8288708779015250e+00
-6.8288708779015250e+00
0.0000000000000000e+00
-5.4027016213962842e+00
-5.4027016213962842e+00
0.0000000000000000e+00
-6.3525088344426424e+00
-6.3525088344426424e+00
0.0000000000000000e+00
-5.5905311748663609e+00
-5.5905311748663609e+00
0.0000000000000000e+00
-5.1990684519058163e+00
-5.1990684519058163e+00
0.0000000000000000e+00
-5.0982888307230771e+00
-5.0982888307230771e+00
0.0000000000000000e+00
-5.0840878216191605e+00
-5.0840878216191605e+00
0.0000000000000000e+00
-7.7843587033294810e+00
-7.7843587033294810e+00
0.0000000000000000e+00
