3
1000
-6.8550087608901471e+00
-6.8550087608901471e+00
0.0000000000000000e+00
-7.0140793842642992e+00
-7.0140793842642992e+00
0.0000000000000000e+00
-6.7393712782290418e+00
-6.7393712782290418e+00
0.0000000000000000e+00
-6.5058466922694320e+00
-6.5058466922694320e+00
0.0000000000000000e+00
-8.6815830338442481e+00
-8.6815830338442481e+00
0.0000000000000000e+00
-7.4848510894129205e+00
-7.4848510894129205e+00
0.0000000000000000e+00
-7.7259162524388127e+00
-7.7259162524388127e+00
0.0000000000000000e+00
-8.5397243541031376e+00
-8.5397243541031376e+00
0.0000000000000000e+00
-6.2513838207129631e+00
-6.2513838207129631e+00
0.0000000000000000e+00
-6.1173735221602312e+00
-6.1173735221602312e+00
0.0000000000000000e+00
-6.7444470408876684e+00
-6.7444470408876684e+00
0.0000000000000000e+00
-7.9163707360205411e+00
-7.9163707360205411e+00
0.0000000000000000e+00
-7.2927275228516253e+00
-7.2927275228516253e+00
0.0000000000000000e+00
-6.7653711655945123e+00
-6.7653711655945123e+00
0.0000000000000000e+00
-7.0098538460298503e+00
-7.0098538460298503e+00
0.0000000000000000e+00
-6.1617091842860470e+00
-6.1617091842860470e+00
0.0000000000000000e+00
-5.8620710100450060e+00
-5.8620710100450060e+00
0.0000000000000000e+00
-5.9250377930764691e+00
-5.9250377930764691e+00
0.0000000000000000e+00
-9.3010906369709687e+00
-9.3010906369709687e+00
0.0000000000000000e+00
-7.5118972808558464e+00
-7.5118972808558464e+00
0.0000000000000000e+00
-6.8324830268997019e+00
-6.8324830268997019e+00
0.0000000000000000e+00
-6.2723190343427362e+00
-6.2723190343427362e+00
0.0000000000000000e+00
-6.5084173229342532e+00
-6.5084173229342532e+00
0.0000000000000000e+00
-6.7399638628460909e+00
-6.7399638628460909e+00
0.0000000000000000e+00
-6.5541125699721006e+00
-6.5541125699721006e+00
0.0000000000000000e+00
-6.5407678507408473e+00
-6.5407678507408473e+00
0.0000000000000000e+00
-6.1516097547802904e+00
-6.1516097547802904e+00
0.0000000000000000e+00
-6.1893181636443089e+00
-6.1893181636443089e+00
0.0000000000000000e+00
-6.5533496529515514e+00
-6.5533496529515514e+00
0.0000000000000000e+00
-6.1332264169072603e+00
-6.1332264169072603e+00
0.0000000000000000e+00
-5.9451417380685543e+00
-5.9451417380685543e+00
0.0000000000000000e+00
-5.9220002644024063e+00
-5.9220002644024063e+00
0.0000000000000000e+00
-6.6254438329229899e+00
-6.6254438329229899e+00
0.0000000000000000e+00
-6.9103448957566238e+00
-6.9103448957566238e+00
0.0000000000000000e+00
-6.1417517723228610e+00
-6.1417517723228610e+00
0.0000000000000000e+00
-6.5087554908529857e+00
-6.5087554908529857e+00
0.0000000000000000e+00
-6.4958985362618913e+00
-6.4958985362618913e+00
0.0000000000000000e+00
-6.9095555997157883e+00
-6.9095555997157883e+00
0.0000000000000000e+00
-6.1329183920639210e+00
-6.1329183920639210e+00
0.0000000000000000e+00
-5.9052966356553149e+00
-5.9052966356553149e+00
0.0000000000000000e+00
-5.9062521234344700e+00
-5.9062521234344700e+00
0.0000000000000000e+00
-6.2939317633880787e+00
-6.2939317633880787e+00
0.0000000000000000e+00
-5.7777746302903896e+00
-5.7777746302903896e+00
0.0000000000000000e+00
-6.0094164350091690e+00
-6.0094164350091690e+00
0.0000000000000000e+00
-5.8803769261428833e+00
-5.8803769261428833e+00
0.0000000000000000e+00
-5.7069500044005217e+00
-5.7069500044005217e+00
0.0000000000000000e+00
-6.2001042929079127e+00
-6.2001042929079127e+00
0.0000000000000000e+00
-5.6808519433344049e+00
-5.6808519433344049e+00
0.0000000000000000e+00
-5.6720998533389224e+00
-5.6720998533389224e+00
0.0000000000000000e+00
-5.8518939815681259e+00
-5.8518939815681259e+00
0.0000000000000000e+00
-5.8686871293751794e+00
-5.8686871293751794e+00
0.0000000000000000e+00
-5.9517155568800204e+00
-5.9517155568800204e+00
0.0000000000000000e+00
-7.3741245236455875e+00
-7.3741245236455875e+00
0.0000000000000000e+00
-8.2304674804163191e+00
-8.2304674804163191e+00
0.0000000000000000e+00
-7.1796679515769082e+00
-7.1796679515769082e+00
0.0000000000000000e+00
-6.7884453079605915e+00
-6.7884453079605915e+00
0.0000000000000000e+00
-6.7118978210209619e+00
-6.7118978210209619e+00
0.0000000000000000e+00
-6.4760470457061006e+00
-6.4760470457061006e+00
0.0000000000000000e+00
-6.4273528790814698e+00
-6.4273528790814698e+00
0.0000000000000000e+00
-6.4275196832248014e+00
-6.4275196832248014e+00
0.0000000000000000e+00
-6.4252325433258450e+00
-6.4252325433258450e+00
0.0000000000000000e+00
-6.4246754949696436e+00
-6.4246754949696436e+00
0.0000000000000000e+00
-6.9645656992695510e+00
-6.9645656992695510e+00
0.0000000000000000e+00
-6.4675819890094566e+00
-6.4675819890094566e+00
0.0000000000000000e+00
-6.4350500259230445e+00
-6.4350500259230445e+00
0.0000000000000000e+00
-6.4434460397925086e+00
-6.4434460397925086e+00
0.0000000000000000e+00
-6.5806896588413810e+00
-6.5806896588413810e+00
0.0000000000000000e+00
-6.5854344611533477e+00
-6.5854344611533477e+00
0.0000000000000000e+00
-6.7985893414051262e+00
-6.7985893414051262e+00
0.0000000000000000e+00
-7.2356523205159800e+00
-7.2356523205159800e+00
0.0000000000000000e+00
-7.1626532890461769e+00
-7.1626532890461769e+00
0.0000000000000000e+00
-7.0406180170918722e+00
-7.0406180170918722e+00
0.0000000000000000e+00
-7.0398961894461909e+00
-7.0398961894461909e+00
0.0000000000000000e+00
-6.6042237068720677e+00
-6.6042237068720677e+00
0.0000000000000000e+00
-6.8295697728835218e+00
-6.8295697728835218e+00
0.0000000000000000e+00
-6.7419497140467666e+00
-6.7419497140467666e+00
0.0000000000000000e+00
-6.6562189501746669e+00
-6.6562189501746669e+00
0.0000000000000000e+00
-6.5159455632909946e+00
-6.5159455632909946e+00
0.0000000000000000e+00
-6.3928796412315618e+00
-6.3928796412315618e+00
0.0000000000000000e+00
-6.6503315482607199e+00
-6.6503315482607199e+00
0.0000000000000000e+00
-6.5512460512324475e+00
-6.5512460512324475e+00
0.0000000000000000e+00
-6.5678947795189568e+00
-6.5678947795189568e+00
0.0000000000000000e+00
-6.4160726174797222e+00
-6.4160726174797222e+00
0.0000000000000000e+00
-6.7219889824512560e+00
-6.7219889824512560e+00
0.0000000000000000e+00
-6.3829414491767320e+00
-6.3829414491767320e+00
0.0000000000000000e+00
-6.4432559443100859e+00
-6.4432559443100859e+00
0.0000000000000000e+00
-6.3842958388264908e+00
-6.3842958388264908e+00
0.0000000000000000e+00
-6.5486512790234501e+00
-6.5486512790234501e+00
0.0000000000000000e+00
-6.3699523137268734e+00
-6.3699523137268734e+00
0.0000000000000000e+00
-5.7248867340523679e+00
-5.7248867340523679e+00
0.0000000000000000e+00
-5.7163797416719433e+00
-5.7163797416719433e+00
0.0000000000000000e+00
-5.8116481159905273e+00
-5.8116481159905273e+00
0.0000000000000000e+00
-5.8750845569468924e+00
-5.8750845569468924e+00
0.0000000000000000e+00
-6.1864467935927721e+00
-6.1864467935927721e+00
0.0000000000000000e+00
-5.8358266106643288e+00
-5.8358266106643288e+00
0.0000000000000000e+00
-5.7305462420422426e+00
-5.7305462420422426e+00
0.0000000000000000e+00
-5.7337568011779325e+00
-5.7337568011779325e+00
0.0000000000000000e+00
-5.7332372363303543e+00
-5.7332372363303543e+00
0.0000000000000000e+00
-6.0434079378393495e+00
-6.0434079378393495e+00
0.0000000000000000e+00
-6.2315713478083925e+00
-6.2315713478083925e+00
0.0000000000000000e+00
-5.7466448593079473e+00
-5.7466448593079473e+00
0.0000000000000000e+00
-5.7354314995029210e+00
-5.7354314995029210e+00
0.0000000000000000e+00
-6.1014058941057465e+00
-6.1014058941057465e+00
0.0000000000000000e+00
-5.7616488563821839e+00
-5.7616488563821839e+00
0.0000000000000000e+00
-5.9933015117688937e+00
-5.9933015117688937e+00
0.0000000000000000e+00
-6.5375975122062364e+00
-6.5375975122062364e+00
0.0000000000000000e+00
-6.5268410088554560e+00
-6.5268410088554560e+00
0.0000000000000000e+00
-6.0273414510653929e+00
-6.0273414510653929e+00
0.0000000000000000e+00
-5.7824219464194906e+00
-5.7824219464194906e+00
0.0000000000000000e+00
-5.7968536168850981e+00
-5.7968536168850981e+00
0.0000000000000000e+00
-5.7272337404045963e+00
-5.7272337404045963e+00
0.0000000000000000e+00
-5.8295816529170192e+00
-5.8295816529170192e+00
0.0000000000000000e+00
-5.9328649862465896e+00
-5.9328649862465896e+00
0.0000000000000000e+00
-6.1312661812269846e+00
-6.1312661812269846e+00
0.0000000000000000e+00
-6.5504878892444562e+00
-6.5504878892444562e+00
0.0000000000000000e+00
-6.6567463541745475e+00
-6.6567463541745475e+00
0.0000000000000000e+00
-5.8571902811886201e+00
-5.8571902811886201e+00
0.0000000000000000e+00
-5.8135164007843603e+00
-5.8135164007843603e+00
0.0000000000000000e+00
-6.2172953729643297e+00
-6.2172953729643297e+00
0.0000000000000000e+00
-6.3734701878177802e+00
-6.3734701878177802e+00
0.0000000000000000e+00
-6.4299189395646836e+00
-6.4299189395646836e+00
0.0000000000000000e+00
-6.4548903831181041e+00
-6.4548903831181041e+00
0.0000000000000000e+00
-6.4529410450042795e+00
-6.4529410450042795e+00
0.0000000000000000e+00
-6.7789654631472285e+00
-6.7789654631472285e+00
0.0000000000000000e+00
-6.3636976666420741e+00
-6.3636976666420741e+00
0.0000000000000000e+00
-6.3552421764731690e+00
-6.3552421764731690e+00
0.0000000000000000e+00
-6.3479901018769462e+00
-6.3479901018769462e+00
0.0000000000000000e+00
-5.9084513838287611e+00
-5.9084513838287611e+00
0.0000000000000000e+00
-5.7846197413027776e+00
-5.7846197413027776e+00
0.0000000000000000e+00
-5.9431973961733036e+00
-5.9431973961733036e+00
0.0000000000000000e+00
-6.9122716386770886e+00
-6.9122716386770886e+00
0.0000000000000000e+00
-6.2460497409054252e+00
-6.2460497409054252e+00
0.0000000000000000e+00
-6.2638665524891382e+00
-6.2638665524891382e+00
0.0000000000000000e+00
-6.0392220086264956e+00
-6.0392220086264956e+00
0.0000000000000000e+00
-6.0487523982993103e+00
-6.0487523982993103e+00
0.0000000000000000e+00
-6.1866956332190526e+00
-6.1866956332190526e+00
0.0000000000000000e+00
-6.0962379641832856e+00
-6.0962379641832856e+00
0.0000000000000000e+00
-6.3938283329984564e+00
-6.3938283329984564e+00
0.0000000000000000e+00
-6.3638865375469642e+00
-6.3638865375469642e+00
0.0000000000000000e+00
-6.5522278457904557e+00
-6.5522278457904557e+00
0.0000000000000000e+00
-6.7820763284242958e+00
-6.7820763284242958e+00
0.0000000000000000e+00
-6.5013419474818246e+00
-6.5013419474818246e+00
0.0000000000000000e+00
-6.6007095205271433e+00
-6.6007095205271433e+00
0.0000000000000000e+00
-6.9402327484830106e+00
-6.9402327484830106e+00
0.0000000000000000e+00
-6.8335944666836212e+00
-6.8335944666836212e+00
0.0000000000000000e+00
-7.5153732805052140e+00
-7.5153732805052140e+00
0.0000000000000000e+00
-7.0924149509412819e+00
-7.0924149509412819e+00
0.0000000000000000e+00
-6.8882852683006162e+00
-6.8882852683006162e+00
0.0000000000000000e+00
-6.4687875617710970e+00
-6.4687875617710970e+00
0.0000000000000000e+00
-6.4468861531708033e+00
-6.4468861531708033e+00
0.0000000000000000e+00
-5.8726442161360080e+00
-5.8726442161360080e+00
0.0000000000000000e+00
-5.9850254799257803e+00
-5.9850254799257803e+00
0.0000000000000000e+00
-5.8634592552773306e+00
-5.8634592552773306e+00
0.0000000000000000e+00
-6.0937461056233433e+00
-6.0937461056233433e+00
0.0000000000000000e+00
-6.0988168919151331e+00
-6.0988168919151331e+00
0.0000000000000000e+00
-6.3029171223997942e+00
-6.3029171223997942e+00
0.0000000000000000e+00
-6.6293565674192934e+00
-6.6293565674192934e+00
0.0000000000000000e+00
-6.6185077670928578e+00
-6.6185077670928578e+00
0.0000000000000000e+00
-6.4463399010262084e+00
-6.4463399010262084e+00
0.0000000000000000e+00
-5.9616843182248376e+00
-5.9616843182248376e+00
0.0000000000000000e+00
-5.9651029083850400e+00
-5.9651029083850400e+00
0.0000000000000000e+00
-5.8698657794738072e+00
-5.8698657794738072e+00
0.0000000000000000e+00
-6.0896895286790418e+00
-6.0896895286790418e+00
0.0000000000000000e+00
-6.5054027788722255e+00
-6.5054027788722255e+00
0.0000000000000000e+00
-6.1416294587896374e+00
-6.1416294587896374e+00
0.0000000000000000e+00
-6.1026653075523933e+00
-6.1026653075523933e+00
0.0000000000000000e+00
-5.9067968033720142e+00
-5.9067968033720142e+00
0.0000000000000000e+00
-5.9088529147595557e+00
-5.9088529147595557e+00
0.0000000000000000e+00
-5.7283330470807048e+00
-5.7283330470807048e+00
0.0000000000000000e+00
-5.6539172589635598e+00
-5.6539172589635598e+00
0.0000000000000000e+00
-5.8797472620818594e+00
-5.8797472620818594e+00
0.0000000000000000e+00
-6.6707253354292950e+00
-6.6707253354292950e+00
0.0000000000000000e+00
-6.1419560374249986e+00
-6.1419560374249986e+00
0.0000000000000000e+00
-5.6896272970114152e+00
-5.6896272970114152e+00
0.0000000000000000e+00
-5.6871886704900847e+00
-5.6871886704900847e+00
0.0000000000000000e+00
-5.8899308512339115e+00
-5.8899308512339115e+00
0.0000000000000000e+00
-6.0194756843872277e+00
-6.0194756843872277e+00
0.0000000000000000e+00
-5.7473133768093252e+00
-5.7473133768093252e+00
0.0000000000000000e+00
-5.5952978486855596e+00
-5.5952978486855596e+00
0.0000000000000000e+00
-6.7396119491774513e+00
-6.7396119491774513e+00
0.0000000000000000e+00
-6.7677436784900111e+00
-6.7677436784900111e+00
0.0000000000000000e+00
-7.3111516812218120e+00
-7.3111516812218120e+00
0.0000000000000000e+00
-7.2564594591641374e+00
-7.2564594591641374e+00
0.0000000000000000e+00
-7.2535948784117625e+00
-7.2535948784117625e+00
0.0000000000000000e+00
-6.8293820676038770e+00
-6.8293820676038770e+00
0.0000000000000000e+00
-6.9853450510762523e+00
-6.9853450510762523e+00
0.0000000000000000e+00
-6.2219430405078988e+00
-6.2219430405078988e+00
0.0000000000000000e+00
-4.9557326765326124e+00
-4.9557326765326124e+00
0.0000000000000000e+00
-5.3038930686237089e+00
-5.3038930686237089e+00
0.0000000000000000e+00
-5.4717973135033988e+00
-5.4717973135033988e+00
0.0000000000000000e+00
-5.1546693223774351e+00
-5.1546693223774351e+00
0.0000000000000000e+00
-4.9420018208689802e+00
-4.9420018208689802e+00
0.0000000000000000e+00
-5.0279588489234932e+00
-5.0279588489234932e+00
0.0000000000000000e+00
-5.2555923849888533e+00
-5.2555923849888533e+00
0.0000000000000000e+00
-6.1254127513471763e+00
-6.1254127513471763e+00
0.0000000000000000e+00
-5.8022061837789476e+00
-5.8022061837789476e+00
0.0000000000000000e+00
-5.7764145737822918e+00
-5.7764145737822918e+00
0.0000000000000000e+00
-5.6532660847703946e+00
-5.6532660847703946e+00
0.0000000000000000e+00
-5.0889810420696291e+00
-5.0889810420696291e+00
0.0000000000000000e+00
-5.6822088455868913e+00
-5.6822088455868913e+00
0.0000000000000000e+00
-5.6678842359512087e+00
-5.6678842359512087e+00
0.0000000000000000e+00
-5.4994308329581836e+00
-5.4994308329581836e+00
0.0000000000000000e+00
-6.0529685892043137e+00
-6.0529685892043137e+00
0.0000000000000000e+00
-5.4221349411628808e+00
-5.4221349411628808e+00
0.0000000000000000e+00
-5.6697442674837149e+00
-5.6697442674837149e+00
0.0000000000000000e+00
-5.3690121018878125e+00
-5.3690121018878125e+00
0.0000000000000000e+00
-5.2477722791889816e+00
-5.2477722791889816e+00
0.0000000000000000e+00
-5.2637280356262588e+00
-5.2637280356262588e+00
0.0000000000000000e+00
-5.3669883446840263e+00
-5.3669883446840263e+00
0.0000000000000000e+00
-5.2029051354594440e+00
-5.2029051354594440e+00
0.0000000000000000e+00
-5.6613222628979889e+00
-5.6613222628979889e+00
0.0000000000000000e+00
-5.6393738335237753e+00
-5.6393738335237753e+00
0.0000000000000000e+00
-8.0149681972004068e+00
-8.0149681972004068e+00
0.0000000000000000e+00
-6.5461310869598881e+00
-6.5461310869598881e+00
0.0000000000000000e+00
-5.7981521939466276e+00
-5.7981521939466276e+00
0.0000000000000000e+00
-5.6581305704996980e+00
-5.6581305704996980e+00
0.0000000000000000e+00
-5.0813956912339719e+00
-5.0813956912339719e+00
0.0000000000000000e+00
-5.1127034141471137e+00
-5.1127034141471137e+00
0.0000000000000000e+00
-5.0122854764568165e+00
-5.0122854764568165e+00
0.0000000000000000e+00
-7.8966526261893328e+00
-7.8966526261893328e+00
0.0000000000000000e+00
-5.7251943262638090e+00
-5.7251943262638090e+00
0.0000000000000000e+00
-5.9028321602671703e+00
-5.9028321602671703e+00
0.0000000000000000e+00
-5.4346612756610497e+00
-5.4346612756610497e+00
0.0000000000000000e+00
-5.3710981796090493e+00
-5.3710981796090493e+00
0.0000000000000000e+00
-5.3812107241486551e+00
-5.3812107241486551e+00
0.0000000000000000e+00
-5.3812107241486551e+00
-5.3812107241486551e+00
0.0000000000000000e+00
-5.3981185876661986e+00
-5.3981185876661986e+00
0.0000000000000000e+00
-6.4096925516384884e+00
-6.4096925516384884e+00
0.0000000000000000e+00
-6.8235713234127289e+00
-6.8235713234127289e+00
0.0000000000000000e+00
-6.6735139101126428e+00
-6.6735139101126428e+00
0.0000000000000000e+00
-5.8531883386529699e+00
-5.8531883386529699e+00
0.0000000000000000e+00
-5.3736631441103544e+00
-5.3736631441103544e+00
0.0000000000000000e+00
-5.4865020776482449e+00
-5.4865020776482449e+00
0.0000000000000000e+00
-5.5058809738443468e+00
-5.5058809738443468e+00
0.0000000000000000e+00
-5.7549978031631710e+00
-5.7549978031631710e+00
0.0000000000000000e+00
-5.9896862078629853e+00
-5.9896862078629853e+00
0.0000000000000000e+00
-5.9896862078629853e+00
-5.9896862078629853e+00
0.0000000000000000e+00
-6.5631679835348695e+00
-6.5631679835348695e+00
0.0000000000000000e+00
-5.8507316175668356e+00
-5.8507316175668356e+00
0.0000000000000000e+00
-5.4972690811381888e+00
-5.4972690811381888e+00
0.0000000000000000e+00
-5.3963399260101834e+00
-5.3963399260101834e+00
0.0000000000000000e+00
-5.5438827334950425e+00
-5.5438827334950425e+00
0.0000000000000000e+00
-5.4251961035731471e+00
-5.4251961035731471e+00
0.0000000000000000e+00
-5.4131485511211990e+00
-5.4131485511211990e+00
0.0000000000000000e+00
-5.2442259960302353e+00
-5.2442259960302353e+00
0.0000000000000000e+00
-5.0883420214514414e+00
-5.0883420214514414e+00
0.0000000000000000e+00
-5.0472647989669328e+00
-5.0472647989669328e+00
0.0000000000000000e+00
-5.4337983772790643e+00
-5.4337983772790643e+00
0.0000000000000000e+00
-4.9759562295091433e+00
-4.9759562295091433e+00
0.0000000000000000e+00
-5.4873684635578659e+00
-5.4873684635578659e+00
0.0000000000000000e+00
-5.2814874203177737e+00
-5.2814874203177737e+00
0.0000000000000000e+00
-7.8345258755232070e+00
-7.8345258755232070e+00
0.0000000000000000e+00
-5.2600037521184246e+00
-5.2600037521184246e+00
0.0000000000000000e+00
-7.1604222678943570e+00
-7.1604222678943570e+00
0.0000000000000000e+00
-5.0175294889394824e+00
-5.0175294889394824e+00
0.0000000000000000e+00
-5.3266134462988992e+00
-5.3266134462988992e+00
0.0000000000000000e+00
-5.3535293250059288e+00
-5.3535293250059288e+00
0.0000000000000000e+00
-5.3131248473637518e+00
-5.3131248473637518e+00
0.0000000000000000e+00
-5.2664150459531722e+00
-5.2664150459531722e+00
0.0000000000000000e+00
-4.9248532818435704e+00
-4.9248532818435704e+00
0.0000000000000000e+00
-5.6143593284672697e+00
-5.6143593284672697e+00
0.0000000000000000e+00
-6.3598975951105805e+00
-6.3598975951105805e+00
0.0000000000000000e+00
-5.1376548322954765e+00
-5.1376548322954765e+00
0.0000000000000000e+00
-5.5765844461420837e+00
-5.5765844461420837e+00
0.0000000000000000e+00
-6.6741801108056595e+00
-6.6741801108056595e+00
0.0000000000000000e+00
-5.7297063612683665e+00
-5.7297063612683665e+00
0.0000000000000000e+00
-6.5389483389928929e+00
-6.5389483389928929e+00
0.0000000000000000e+00
-8.0834961168519577e+00
-8.0834961168519577e+00
0.0000000000000000e+00
-8.8180662110548713e+00
-8.8180662110548713e+00
0.0000000000000000e+00
-5.6344345712172190e+00
-5.6344345712172190e+00
0.0000000000000000e+00
-5.7054835507518540e+00
-5.7054835507518540e+00
0.0000000000000000e+00
-6.0930304561731123e+00
-6.0930304561731123e+00
0.0000000000000000e+00
-6.0969210329495009e+00
-6.0969210329495009e+00
0.0000000000000000e+00
-7.8733297607228181e+00
-7.8733297607228181e+00
0.0000000000000000e+00
-7.9280777616400382e+00
-7.9280777616400382e+00
0.0000000000000000e+00
-5.8757247648941178e+00
-5.8757247648941178e+00
0.0000000000000000e+00
-6.3530904518846549e+00
-6.3530904518846549e+00
0.0000000000000000e+00
-5.5170793507927591e+00
-5.5170793507927591e+00
0.0000000000000000e+00
-5.2463033745749010e+00
-5.2463033745749010e+00
0.0000000000000000e+00
-6.4927700757293341e+00
-6.4927700757293341e+00
0.0000000000000000e+00
-6.1621223892121026e+00
-6.1621223892121026e+00
0.0000000000000000e+00
-5.8577752476835201e+00
-5.8577752476835201e+00
0.0000000000000000e+00
-5.8795317955717818e+00
-5.8795317955717818e+00
0.0000000000000000e+00
-6.3243620284170774e+00
-6.3243620284170774e+00
0.0000000000000000e+00
-6.3758908645017334e+00
-6.3758908645017334e+00
0.0000000000000000e+00
-6.2857919973948464e+00
-6.2857919973948464e+00
0.0000000000000000e+00
-5.9157800908056286e+00
-5.9157800908056286e+00
0.0000000000000000e+00
-6.0376453427225174e+00
-6.0376453427225174e+00
0.0000000000000000e+00
-5.6853071494032195e+00
-5.6853071494032195e+00
0.0000000000000000e+00
-5.2375061442490889e+00
-5.2375061442490889e+00
0.0000000000000000e+00
-7.0250555949007607e+00
-7.0250555949007607e+00
0.0000000000000000e+00
-5.3342039672503958e+00
-5.3342039672503958e+00
0.0000000000000000e+00
-5.5401688036963179e+00
-5.5401688036963179e+00
0.0000000000000000e+00
-5.9195612283011743e+00
-5.9195612283011743e+00
0.0000000000000000e+00
-5.7735093063824543e+00
-5.7735093063824543e+00
0.0000000000000000e+00
-7.1363369727272756e+00
-7.1363369727272756e+00
0.0000000000000000e+00
-7.2177228799901236e+00
-7.2177228799901236e+00
0.0000000000000000e+00
-6.7203221008785139e+00
-6.7203221008785139e+00
0.0000000000000000e+00
-5.4449175343785106e+00
-5.4449175343785106e+00
0.0000000000000000e+00
-5.8487734747858724e+00
-5.8487734747858724e+00
0.0000000000000000e+00
-7.4989235291412903e+00
-7.4989235291412903e+00
0.0000000000000000e+00
-8.2814080282837743e+00
-8.2814080282837743e+00
0.0000000000000000e+00
-1.0363046450209774e+01
-1.0363046450209774e+01
0.0000000000000000e+00
-8.7808169014925070e+00
-8.7808169014925070e+00
0.0000000000000000e+00
-7.8469088141103951e+00
-7.8469088141103951e+00
0.0000000000000000e+00
-5.9931581473519380e+00
-5.9931581473519380e+00
0.0000000000000000e+00
-6.1356127478168485e+00
-6.1356127478168485e+00
0.0000000000000000e+00
-5.9210575782956383e+00
-5.9210575782956383e+00
0.0000000000000000e+00
-5.8793730536481039e+00
-5.8793730536481039e+00
0.0000000000000000e+00
-6.0510370485195661e+00
-6.0510370485195661e+00
0.0000000000000000e+00
-6.2829024396542188e+00
-6.2829024396542188e+00
0.0000000000000000e+00
-6.1901653423698484e+00
-6.1901653423698484e+00
0.0000000000000000e+00
-6.3068148617861315e+00
-6.3068148617861315e+00
0.0000000000000000e+00
-5.5768716601827055e+00
-5.5768716601827055e+00
0.0000000000000000e+00
-5.8101475317965434e+00
-5.8101475317965434e+00
0.0000000000000000e+00
-7.3779560601781835e+00
-7.3779560601781835e+00
0.0000000000000000e+00
-7.1707674207856646e+00
-7.1707674207856646e+00
0.0000000000000000e+00
-5.7956985554412430e+00
-5.7956985554412430e+00
0.0000000000000000e+00
-5.2947934490199557e+00
-5.2947934490199557e+00
0.0000000000000000e+00
-5.2238711314551960e+00
-5.2238711314551960e+00
0.0000000000000000e+00
-5.4323845019499721e+00
-5.4323845019499721e+00
0.0000000000000000e+00
-5.2868415776821349e+00
-5.2868415776821349e+00
0.0000000000000000e+00
-5.6090696595285809e+00
-5.6090696595285809e+00
0.0000000000000000e+00
-5.9800348182505303e+00
-5.9800348182505303e+00
0.0000000000000000e+00
-6.6659142205394861e+00
-6.6659142205394861e+00
0.0000000000000000e+00
-6.9482759106404810e+00
-6.9482759106404810e+00
0.0000000000000000e+00
-5.5670619932644634e+00
-5.5670619932644634e+00
0.0000000000000000e+00
-6.1187271325396164e+00
-6.1187271325396164e+00
0.0000000000000000e+00
-6.7694025425870628e+00
-6.7694025425870628e+00
0.0000000000000000e+00
-6.8719287771580255e+00
-6.8719287771580255e+00
0.0000000000000000e+00
-5.0958261164863519e+00
-5.0958261164863519e+00
0.0000000000000000e+00
-6.4906699900826084e+00
-6.4906699900826084e+00
0.0000000000000000e+00
-5.6940639666055812e+00
-5.6940639666055812e+00
0.0000000000000000e+00
-5.5969819540671839e+00
-5.5969819540671839e+00
0.0000000000000000e+00
-5.6765683136557534e+00
-5.6765683136557534e+00
0.0000000000000000e+00
-5.9321879616868323e+00
-5.9321879616868323e+00
0.0000000000000000e+00
-5.4751563232107197e+00
-5.4751563232107197e+00
0.0000000000000000e+00
-5.3760755969322886e+00
-5.3760755969322886e+00
0.0000000000000000e+00
-5.3490022209463213e+00
-5.3490022209463213e+00
0.0000000000000000e+00
-5.2341846672762298e+00
-5.2341846672762298e+00
0.0000000000000000e+00
-5.5997963595109610e+00
-5.5997963595109610e+00
0.0000000000000000e+00
-6.7335515684859235e+00
-6.7335515684859235e+00
0.0000000000000000e+00
-7.4150635935776226e+00
-7.4150635935776226e+00
0.0000000000000000e+00
-7.4216254459218742e+00
-7.4216254459218742e+00
0.0000000000000000e+00
-7.2212174833066083e+00
-7.2212174833066083e+00
0.0000000000000000e+00
-7.2908792484659095e+00
-7.2908792484659095e+00
0.0000000000000000e+00
-8.0313090814096899e+00
-8.0313090814096899e+00
0.0000000000000000e+00
-8.0070977482623267e+00
-8.0070977482623267e+00
0.0000000000000000e+00
-7.9744120202540030e+00
-7.9744120202540030e+00
0.0000000000000000e+00
-6.8384036485732125e+00
-6.8384036485732125e+00
0.0000000000000000e+00
-6.9541804769378590e+00
-6.9541804769378590e+00
0.0000000000000000e+00
-5.0681610008157136e+00
-5.0681610008157136e+00
0.0000000000000000e+00
-5.1659532350510755e+00
-5.1659532350510755e+00
0.0000000000000000e+00
-6.6818311136628479e+00
-6.6818311136628479e+00
0.0000000000000000e+00
-5.8136357195806223e+00
-5.8136357195806223e+00
0.0000000000000000e+00
-5.9578225795719799e+00
-5.9578225795719799e+00
0.0000000000000000e+00
-6.8119338200617934e+00
-6.8119338200617934e+00
0.0000000000000000e+00
-6.3944824265672491e+00
-6.3944824265672491e+00
0.0000000000000000e+00
-6.9015123478550189e+00
-6.9015123478550189e+00
0.0000000000000000e+00
-7.3915903962771035e+00
-7.3915903962771035e+00
0.0000000000000000e+00
-6.7575451984232604e+00
-6.7575451984232604e+00
0.0000000000000000e+00
-7.1177608613170076e+00
-7.1177608613170076e+00
0.0000000000000000e+00
-6.1831868959464380e+00
-6.1831868959464380e+00
0.0000000000000000e+00
-7.5988652700527828e+00
-7.5988652700527828e+00
0.0000000000000000e+00
-5.7536979996908340e+00
-5.7536979996908340e+00
0.0000000000000000e+00
-5.4887043873153729e+00
-5.4887043873153729e+00
0.0000000000000000e+00
-5.9078897071068281e+00
-5.9078897071068281e+00
0.0000000000000000e+00
-6.2516667045129841e+00
-6.2516667045129841e+00
0.0000000000000000e+00
-6.0088590802813284e+00
-6.0088590802813284e+00
0.0000000000000000e+00
-7.2232816243433264e+00
-7.2232816243433264e+00
0.0000000000000000e+00
-8.8122026523143724e+00
-8.8122026523143724e+00
0.0000000000000000e+00
-6.3303753899284247e+00
-6.3303753899284247e+00
0.0000000000000000e+00
-5.7175126843812309e+00
-5.7175126843812309e+00
0.0000000000000000e+00
-5.9089312918126335e+00
-5.9089312918126335e+00
0.0000000000000000e+00
-6.2743146423953098e+00
-6.2743146423953098e+00
0.0000000000000000e+00
-5.9416739586304814e+00
-5.9416739586304814e+00
0.0000000000000000e+00
-6.3288523820970770e+00
-6.3288523820970770e+00
0.0000000000000000e+00
-6.3221397099539693e+00
-6.3221397099539693e+00
0.0000000000000000e+00
-6.3073585031706028e+00
-6.3073585031706028e+00
0.0000000000000000e+00
-5.1597889626235567e+00
-5.1597889626235567e+00
0.0000000000000000e+00
-5.2609919939993732e+00
-5.2609919939993732e+00
0.0000000000000000e+00
-5.3544812242785831e+00
-5.3544812242785831e+00
0.0000000000000000e+00
-6.4694040174787739e+00
-6.4694040174787739e+00
0.0000000000000000e+00
-8.3929070835729149e+00
-8.3929070835729149e+00
0.0000000000000000e+00
-5.2277310862015369e+00
-5.2277310862015369e+00
0.0000000000000000e+00
-5.7558320763904662e+00
-5.7558320763904662e+00
0.0000000000000000e+00
-5.6415068621665512e+00
-5.6415068621665512e+00
0.0000000000000000e+00
-6.0284391173946359e+00
-6.0284391173946359e+00
0.0000000000000000e+00
-5.4673328293756889e+00
-5.4673328293756889e+00
0.0000000000000000e+00
-5.4334041046176234e+00
-5.4334041046176234e+00
0.0000000000000000e+00
-5.7071507386984504e+00
-5.7071507386984504e+00
0.0000000000000000e+00
-7.8192567564703310e+00
-7.8192567564703310e+00
0.0000000000000000e+00
-5.9204372646524366e+00
-5.9204372646524366e+00
0.0000000000000000e+00
-6.7449328868760254e+00
-6.7449328868760254e+00
0.0000000000000000e+00
-6.7878202147526370e+00
-6.7878202147526370e+00
0.0000000000000000e+00
-5.7171872089991416e+00
-5.7171872089991416e+00
0.0000000000000000e+00
-5.2494861776233614e+00
-5.2494861776233614e+00
0.0000000000000000e+00
-5.0235976900573789e+00
-5.0235976900573789e+00
0.0000000000000000e+00
-5.8293442375546434e+00
-5.8293442375546434e+00
0.0000000000000000e+00
-6.1364174629636787e+00
-6.1364174629636787e+00
0.0000000000000000e+00
-5.4585611631066486e+00
-5.4585611631066486e+00
0.0000000000000000e+00
-6.8374221720365469e+00
-6.8374221720365469e+00
0.0000000000000000e+00
-7.0230711964520358e+00
-7.0230711964520358e+00
0.0000000000000000e+00
-7.6049638646508555e+00
-7.6049638646508555e+00
0.0000000000000000e+00
-5.0125478452624170e+00
-5.0125478452624170e+00
0.0000000000000000e+00
-5.2215706741223116e+00
-5.2215706741223116e+00
0.0000000000000000e+00
-5.1357564777803244e+00
-5.1357564777803244e+00
0.0000000000000000e+00
-5.6917060570158053e+00
-5.6917060570158053e+00
0.0000000000000000e+00
-6.0796859216190491e+00
-6.0796859216190491e+00
0.0000000000000000e+00
-5.3313649962495280e+00
-5.3313649962495280e+00
0.0000000000000000e+00
-6.2378014566635986e+00
-6.2378014566635986e+00
0.0000000000000000e+00
-6.2835059531927362e+00
-6.2835059531927362e+00
0.0000000000000000e+00
-7.9572764751457097e+00
-7.9572764751457097e+00
0.0000000000000000e+00
-6.4073100771084990e+00
-6.4073100771084990e+00
0.0000000000000000e+00
-6.3245968418991625e+00
-6.3245968418991625e+00
0.0000000000000000e+00
-7.4048666823914049e+00
-7.4048666823914049e+00
0.0000000000000000e+00
-7.7369345462879870e+00
-7.7369345462879870e+00
0.0000000000000000e+00
-8.8735035162119971e+00
-8.8735035162119971e+00
0.0000000000000000e+00
-6.8470004236269526e+00
-6.8470004236269526e+00
0.0000000000000000e+00
-8.4009744256857939e+00
-8.4009744256857939e+00
0.0000000000000000e+00
-8.7219508730915898e+00
-8.7219508730915898e+00
0.0000000000000000e+00
-9.9271183404448191e+00
-9.9271183404448191e+00
0.0000000000000000e+00
-9.7388762535102842e+00
-9.7388762535102842e+00
0.0000000000000000e+00
-7.7607451908887519e+00
-7.7607451908887519e+00
0.0000000000000000e+00
-8.4047677066593156e+00
-8.4047677066593156e+00
0.0000000000000000e+00
-7.5370725232568692e+00
-7.5370725232568692e+00
0.0000000000000000e+00
-6.5835388569613134e+00
-6.5835388569613134e+00
0.0000000000000000e+00
-6.4771723352393424e+00
-6.4771723352393424e+00
0.0000000000000000e+00
-6.4663698023314984e+00
-6.4663698023314984e+00
0.0000000000000000e+00
-6.5433911734201393e+00
-6.5433911734201393e+00
0.0000000000000000e+00
-6.5791516658625815e+00
-6.5791516658625815e+00
0.0000000000000000e+00
-6.2083208988184460e+00
-6.2083208988184460e+00
0.0000000000000000e+00
-6.1268224903740682e+00
-6.1268224903740682e+00
0.0000000000000000e+00
-6.0940373780389496e+00
-6.0940373780389496e+00
0.0000000000000000e+00
-6.2025493037924448e+00
-6.2025493037924448e+00
0.0000000000000000e+00
-7.4586458381220453e+00
-7.4586458381220453e+00
0.0000000000000000e+00
-5.5454428913799738e+00
-5.5454428913799738e+00
0.0000000000000000e+00
-5.7108021652830381e+00
-5.7108021652830381e+00
0.0000000000000000e+00
-5.7360257935828942e+00
-5.7360257935828942e+00
0.0000000000000000e+00
-5.6926166423210276e+00
-5.6926166423210276e+00
0.0000000000000000e+00
-5.2983215625746682e+00
-5.2983215625746682e+00
0.0000000000000000e+00
-5.6734211929504443e+00
-5.6734211929504443e+00
0.0000000000000000e+00
-6.1370457469741648e+00
-6.1370457469741648e+00
0.0000000000000000e+00
-5.3015397015999213e+00
-5.3015397015999213e+00
0.0000000000000000e+00
-5.9871874346563168e+00
-5.9871874346563168e+00
0.0000000000000000e+00
-5.2059997645296692e+00
-5.2059997645296692e+00
0.0000000000000000e+00
-5.0357049203719146e+00
-5.0357049203719146e+00
0.0000000000000000e+00
-5.3143983484192256e+00
-5.3143983484192256e+00
0.0000000000000000e+00
-7.2900179300220156e+00
-7.2900179300220156e+00
0.0000000000000000e+00
-7.2337398606477201e+00
-7.2337398606477201e+00
0.0000000000000000e+00
-5.6297285813827669e+00
-5.6297285813827669e+00
0.0000000000000000e+00
-6.0216207541580964e+00
-6.0216207541580964e+00
0.0000000000000000e+00
-6.8512990981768738e+00
-6.8512990981768738e+00
0.0000000000000000e+00
-6.5996091687325187e+00
-6.5996091687325187e+00
0.0000000000000000e+00
-5.6930022615408191e+00
-5.6930022615408191e+00
0.0000000000000000e+00
-4.9312255154937468e+00
-4.9312255154937468e+00
0.0000000000000000e+00
-4.9019553938995202e+00
-4.9019553938995202e+00
0.0000000000000000e+00
-4.9864123173863240e+00
-4.9864123173863240e+00
0.0000000000000000e+00
-5.5342537049619045e+00
-5.5342537049619045e+00
0.0000000000000000e+00
-5.5144022757065319e+00
-5.5144022757065319e+00
0.0000000000000000e+00
-5.4509581652653676e+00
-5.4509581652653676e+00
0.0000000000000000e+00
-5.7522613336827382e+00
-5.7522613336827382e+00
0.0000000000000000e+00
-5.8626743808241510e+00
-5.8626743808241510e+00
0.0000000000000000e+00
-5.9551873749786299e+00
-5.9551873749786299e+00
0.0000000000000000e+00
-6.1950625261867920e+00
-6.1950625261867920e+00
0.0000000000000000e+00
-6.7839265678488285e+00
-6.7839265678488285e+00
0.0000000000000000e+00
-5.8850451734787637e+00
-5.8850451734787637e+00
0.0000000000000000e+00
-5.5591575983454167e+00
-5.5591575983454167e+00
0.0000000000000000e+00
-4.9877570878989168e+00
-4.9877570878989168e+00
0.0000000000000000e+00
-5.3842713805199294e+00
-5.3842713805199294e+00
0.0000000000000000e+00
-5.1824932025130943e+00
-5.1824932025130943e+00
0.0000000000000000e+00
-5.1960174267021255e+00
-5.1960174267021255e+00
0.0000000000000000e+00
-5.3030791427159212e+00
-5.3030791427159212e+00
0.0000000000000000e+00
-5.8434793616636505e+00
-5.8434793616636505e+00
0.0000000000000000e+00
-6.5459554141408134e+00
-6.5459554141408134e+00
0.0000000000000000e+00
-6.6919119158289968e+00
-6.6919119158289968e+00
0.0000000000000000e+00
-6.0846690027287220e+00
-6.0846690027287220e+00
0.0000000000000000e+00
-5.8156556760551394e+00
-5.8156556760551394e+00
0.0000000000000000e+00
-5.6058660117009387e+00
-5.6058660117009387e+00
0.0000000000000000e+00
-5.5204199674118763e+00
-5.5204199674118763e+00
0.0000000000000000e+00
-6.4707258897162960e+00
-6.4707258897162960e+00
0.0000000000000000e+00
-5.3787538532051942e+00
-5.3787538532051942e+00
0.0000000000000000e+00
-5.2037747322448178e+00
-5.2037747322448178e+00
0.0000000000000000e+00
-5.4405279295675184e+00
-5.4405279295675184e+00
0.0000000000000000e+00
-5.7887485701365531e+00
-5.7887485701365531e+00
0.0000000000000000e+00
-5.7204226787925219e+00
-5.7204226787925219e+00
0.0000000000000000e+00
-5.7470687519642238e+00
-5.7470687519642238e+00
0.0000000000000000e+00
-6.1697934514079025e+00
-6.1697934514079025e+00
0.0000000000000000e+00
-6.7007355864129190e+00
-6.7007355864129190e+00
0.0000000000000000e+00
-6.4119434622160156e+00
-6.4119434622160156e+00
0.0000000000000000e+00
-6.4555301671689156e+00
-6.4555301671689156e+00
0.0000000000000000e+00
-6.3604095903593958e+00
-6.3604095903593958e+00
0.0000000000000000e+00
-6.7938439977279312e+00
-6.7938439977279312e+00
0.0000000000000000e+00
-5.3770192389705738e+00
-5.3770192389705738e+00
0.0000000000000000e+00
-5.2957486525815218e+00
-5.2957486525815218e+00
0.0000000000000000e+00
-5.1609759663745436e+00
-5.1609759663745436e+00
0.0000000000000000e+00
-5.2577826368530092e+00
-5.2577826368530092e+00
0.0000000000000000e+00
-5.8681838187029083e+00
-5.8681838187029083e+00
0.0000000000000000e+00
-8.1764951324874939e+00
-8.1764951324874939e+00
0.0000000000000000e+00
-7.0019337168440332e+00
-7.0019337168440332e+00
0.0000000000000000e+00
-5.0892396565224240e+00
-5.0892396565224240e+00
0.0000000000000000e+00
-5.4051583466847779e+00
-5.4051583466847779e+00
0.0000000000000000e+00
-5.4349596384778263e+00
-5.4349596384778263e+00
0.0000000000000000e+00
-5.4328460600306112e+00
-5.4328460600306112e+00
0.0000000000000000e+00
-5.2391167460303336e+00
-5.2391167460303336e+00
0.0000000000000000e+00
-5.9170463751042410e+00
-5.9170463751042410e+00
0.0000000000000000e+00
-5.1206214530116601e+00
-5.1206214530116601e+00
0.0000000000000000e+00
-5.5701688022301452e+00
-5.5701688022301452e+00
0.0000000000000000e+00
-6.9046055750808382e+00
-6.9046055750808382e+00
0.0000000000000000e+00
-6.4840502975785093e+00
-6.4840502975785093e+00
0.0000000000000000e+00
-5.3148871383978600e+00
-5.3148871383978600e+00
0.0000000000000000e+00
-5.1331238479230619e+00
-5.1331238479230619e+00
0.0000000000000000e+00
-5.3967861627390050e+00
-5.3967861627390050e+00
0.0000000000000000e+00
-5.3275129685115576e+00
-5.3275129685115576e+00
0.0000000000000000e+00
-5.6762130973516163e+00
-5.6762130973516163e+00
0.0000000000000000e+00
-5.7481136077588291e+00
-5.7481136077588291e+00
0.0000000000000000e+00
-7.4950527177059927e+00
-7.4950527177059927e+00
0.0000000000000000e+00
-6.3326380651902134e+00
-6.3326380651902134e+00
0.0000000000000000e+00
-6.1762044800607416e+00
-6.1762044800607416e+00
0.0000000000000000e+00
-5.2088875674894961e+00
-5.2088875674894961e+00
0.0000000000000000e+00
-5.7225788436254845e+00
-5.7225788436254845e+00
0.0000000000000000e+00
-5.2284119143731251e+00
-5.2284119143731251e+00
0.0000000000000000e+00
-5.6735630420444751e+00
-5.6735630420444751e+00
0.0000000000000000e+00
-5.5253208948941923e+00
-5.5253208948941923e+00
0.0000000000000000e+00
-5.9431754469732612e+00
-5.9431754469732612e+00
0.0000000000000000e+00
-5.7419252782914718e+00
-5.7419252782914718e+00
0.0000000000000000e+00
-5.6367738851402986e+00
-5.6367738851402986e+00
0.0000000000000000e+00
-5.7664479085656435e+00
-5.7664479085656435e+00
0.0000000000000000e+00
-5.3098612147154185e+00
-5.3098612147154185e+00
0.0000000000000000e+00
-5.5687570048906361e+00
-5.5687570048906361e+00
0.0000000000000000e+00
-5.9395716103130392e+00
-5.9395716103130392e+00
0.0000000000000000e+00
-5.8871091668467468e+00
-5.8871091668467468e+00
0.0000000000000000e+00
-5.5011403537903734e+00
-5.5011403537903734e+00
0.0000000000000000e+00
-5.2594408493945473e+00
-5.2594408493945473e+00
0.0000000000000000e+00
-5.8296084294159112e+00
-5.8296084294159112e+00
0.0000000000000000e+00
-5.6463376632783069e+00
-5.6463376632783069e+00
0.0000000000000000e+00
-5.1487977940218670e+00
-5.1487977940218670e+00
0.0000000000000000e+00
-6.0693524129778220e+00
-6.0693524129778220e+00
0.0000000000000000e+00
-6.5838620574234517e+00
-6.5838620574234517e+00
0.0000000000000000e+00
-6.0610236042556984e+00
-6.0610236042556984e+00
0.0000000000000000e+00
-5.7044303081500622e+00
-5.7044303081500622e+00
0.0000000000000000e+00
-7.2506658775963686e+00
-7.2506658775963686e+00
0.0000000000000000e+00
-7.2995107165565454e+00
-7.2995107165565454e+00
0.0000000000000000e+00
-7.0463148100265913e+00
-7.0463148100265913e+00
0.0000000000000000e+00
-5.4825021834779548e+00
-5.4825021834779548e+00
0.0000000000000000e+00
-5.2509051775360005e+00
-5.2509051775360005e+00
0.0000000000000000e+00
-5.7759861191116784e+00
-5.7759861191116784e+00
0.0000000000000000e+00
-6.4107618059409592e+00
-6.4107618059409592e+00
0.0000000000000000e+00
-6.0522830745450911e+00
-6.0522830745450911e+00
0.0000000000000000e+00
-6.8336294803884350e+00
-6.8336294803884350e+00
0.0000000000000000e+00
-6.1319872031128231e+00
-6.1319872031128231e+00
0.0000000000000000e+00
-6.2114783638044795e+00
-6.2114783638044795e+00
0.0000000000000000e+00
-5.1712022582203465e+00
-5.1712022582203465e+00
0.0000000000000000e+00
-5.4504994415798933e+00
-5.4504994415798933e+00
0.0000000000000000e+00
-7.3489309408508365e+00
-7.3489309408508365e+00
0.0000000000000000e+00
-9.5798992512758598e+00
-9.5798992512758598e+00
0.0000000000000000e+00
-7.5000939249704626e+00
-7.5000939249704626e+00
0.0000000000000000e+00
-7.4998687905641805e+00
-7.4998687905641805e+00
0.0000000000000000e+00
-6.9733884635506360e+00
-6.9733884635506360e+00
0.0000000000000000e+00
-7.9703991394052487e+00
-7.9703991394052487e+00
0.0000000000000000e+00
-7.9795679184959569e+00
-7.9795679184959569e+00
0.0000000000000000e+00
-1.1160202796421760e+01
-1.1160202796421760e+01
0.0000000000000000e+00
-7.8985318781955103e+00
-7.8985318781955103e+00
0.0000000000000000e+00
-5.6267149904656968e+00
-5.6267149904656968e+00
0.0000000000000000e+00
-5.1769256372753700e+00
-5.1769256372753700e+00
0.0000000000000000e+00
-5.2972551462115183e+00
-5.2972551462115183e+00
0.0000000000000000e+00
-5.3456142736768459e+00
-5.3456142736768459e+00
0.0000000000000000e+00
-5.3281059153750379e+00
-5.3281059153750379e+00
0.0000000000000000e+00
-6.8774616009036587e+00
-6.8774616009036587e+00
0.0000000000000000e+00
-6.7125938258050875e+00
-6.7125938258050875e+00
0.0000000000000000e+00
-7.9732734123743469e+00
-7.9732734123743469e+00
0.0000000000000000e+00
-7.0901097769100643e+00
-7.0901097769100643e+00
0.0000000000000000e+00
-5.4658762116762247e+00
-5.4658762116762247e+00
0.0000000000000000e+00
-7.2193504009985450e+00
-7.2193504009985450e+00
0.0000000000000000e+00
-5.1259897153200882e+00
-5.1259897153200882e+00
0.0000000000000000e+00
-5.1089846298712498e+00
-5.1089846298712498e+00
0.0000000000000000e+00
-5.0547924335702676e+00
-5.0547924335702676e+00
0.0000000000000000e+00
-5.3523760605163213e+00
-5.3523760605163213e+00
0.0000000000000000e+00
-5.0711799529393993e+00
-5.0711799529393993e+00
0.0000000000000000e+00
-5.5226403820876646e+00
-5.5226403820876646e+00
0.0000000000000000e+00
-6.1830835354880653e+00
-6.1830835354880653e+00
0.0000000000000000e+00
-5.3340032015644985e+00
-5.3340032015644985e+00
0.0000000000000000e+00
-5.5307206029899785e+00
-5.5307206029899785e+00
0.0000000000000000e+00
-5.2366749277047155e+00
-5.2366749277047155e+00
0.0000000000000000e+00
-5.1033427893409105e+00
-5.1033427893409105e+00
0.0000000000000000e+00
-6.0509978590362898e+00
-6.0509978590362898e+00
0.0000000000000000e+00
-5.1939208236621228e+00
-5.1939208236621228e+00
0.0000000000000000e+00
-5.3618371982465547e+00
-5.3618371982465547e+00
0.0000000000000000e+00
-5.5977224669994552e+00
-5.5977224669994552e+00
0.0000000000000000e+00
-6.0637631674233390e+00
-6.0637631674233390e+00
0.0000000000000000e+00
-5.7073668362379930e+00
-5.7073668362379930e+00
0.0000000000000000e+00
-5.6523650092899196e+00
-5.6523650092899196e+00
0.0000000000000000e+00
-6.5785664985609715e+00
-6.5785664985609715e+00
0.0000000000000000e+00
-5.7586676103370351e+00
-5.7586676103370351e+00
0.0000000000000000e+00
-5.2301071646874018e+00
-5.2301071646874018e+00
0.0000000000000000e+00
-5.7491478575143127e+00
-5.7491478575143127e+00
0.0000000000000000e+00
-5.7611621221047473e+00
-5.7611621221047473e+00
0.0000000000000000e+00
-4.9438233375327520e+00
-4.9438233375327520e+00
0.0000000000000000e+00
-4.9710150313145025e+00
-4.9710150313145025e+00
0.0000000000000000e+00
-5.2709177257540523e+00
-5.2709177257540523e+00
0.0000000000000000e+00
-5.4470358868777531e+00
-5.4470358868777531e+00
0.0000000000000000e+00
-5.8349848411927017e+00
-5.8349848411927017e+00
0.0000000000000000e+00
-5.3672450617355931e+00
-5.3672450617355931e+00
0.0000000000000000e+00
-6.3384466127063721e+00
-6.3384466127063721e+00
0.0000000000000000e+00
-5.2599281151646835e+00
-5.2599281151646835e+00
0.0000000000000000e+00
-5.7361334316609245e+00
-5.7361334316609245e+00
0.0000000000000000e+00
-5.1922192717132409e+00
-5.1922192717132409e+00
0.0000000000000000e+00
-5.7429760956934066e+00
-5.7429760956934066e+00
0.0000000000000000e+00
-6.5830584737529776e+00
-6.5830584737529776e+00
0.0000000000000000e+00
-5.9214494380030915e+00
-5.9214494380030915e+00
0.0000000000000000e+00
-5.6710495603144135e+00
-5.6710495603144135e+00
0.0000000000000000e+00
-5.9217432627057409e+00
-5.9217432627057409e+00
0.0000000000000000e+00
-6.0081750671698924e+00
-6.0081750671698924e+00
0.0000000000000000e+00
-6.2749831022100384e+00
-6.2749831022100384e+00
0.0000000000000000e+00
-5.9480781387579986e+00
-5.9480781387579986e+00
0.0000000000000000e+00
-6.2240375098461520e+00
-6.2240375098461520e+00
0.0000000000000000e+00
-5.8320776355940822e+00
-5.8320776355940822e+00
0.0000000000000000e+00
-6.2898826266766301e+00
-6.2898826266766301e+00
0.0000000000000000e+00
-7.4561967404033123e+00
-7.4561967404033123e+00
0.0000000000000000e+00
-7.2739197183202844e+00
-7.2739197183202844e+00
0.0000000000000000e+00
-6.0452188615086744e+00
-6.0452188615086744e+00
0.0000000000000000e+00
-6.1408280901529917e+00
-6.1408280901529917e+00
0.0000000000000000e+00
-6.4275183076414164e+00
-6.4275183076414164e+00
0.0000000000000000e+00
-6.1136276906599480e+00
-6.1136276906599480e+00
0.0000000000000000e+00
-5.9256980351373603e+00
-5.9256980351373603e+00
0.0000000000000000e+00
-5.8783267528239005e+00
-5.8783267528239005e+00
0.0000000000000000e+00
-6.6315803058901768e+00
-6.6315803058901768e+00
0.0000000000000000e+00
-7.5916276184759113e+00
-7.5916276184759113e+00
0.0000000000000000e+00
-6.8005698041811478e+00
-6.8005698041811478e+00
0.0000000000000000e+00
-5.9785425144789643e+00
-5.9785425144789643e+00
0.0000000000000000e+00
-5.6929064226639010e+00
-5.6929064226639010e+00
0.0000000000000000e+00
-5.7872454918186165e+00
-5.7872454918186165e+00
0.0000000000000000e+00
-5.2143703295983279e+00
-5.2143703295983279e+00
0.0000000000000000e+00
-5.3276164063286471e+00
-5.3276164063286471e+00
0.0000000000000000e+00
-5.1219498664264052e+00
-5.1219498664264052e+00
0.0000000000000000e+00
-5.3915275917825252e+00
-5.3915275917825252e+00
0.0000000000000000e+00
-9.5463335808423793e+00
-9.5463335808423793e+00
0.0000000000000000e+00
-6.4329436871288497e+00
-6.4329436871288497e+00
0.0000000000000000e+00
-6.4676115679155792e+00
-6.4676115679155792e+00
0.0000000000000000e+00
-6.7404950559817172e+00
-6.7404950559817172e+00
0.0000000000000000e+00
-6.1773221306581405e+00
-6.1773221306581405e+00
0.0000000000000000e+00
-7.3217408154607426e+00
-7.3217408154607426e+00
0.0000000000000000e+00
-7.4344733159827587e+00
-7.4344733159827587e+00
0.0000000000000000e+00
-7.4779886560512496e+00
-7.4779886560512496e+00
0.0000000000000000e+00
-7.4960276093875464e+00
-7.4960276093875464e+00
0.0000000000000000e+00
-6.4771060359471821e+00
-6.4771060359471821e+00
0.0000000000000000e+00
-5.2488760343962397e+00
-5.2488760343962397e+00
0.0000000000000000e+00
-6.1048176182935521e+00
-6.1048176182935521e+00
0.0000000000000000e+00
-6.1923180602104910e+00
-6.1923180602104910e+00
0.0000000000000000e+00
-5.5086269547389737e+00
-5.5086269547389737e+00
0.0000000000000000e+00
-5.7999846694315780e+00
-5.7999846694315780e+00
0.0000000000000000e+00
-5.8914010014894638e+00
-5.8914010014894638e+00
0.0000000000000000e+00
-5.6296935988218646e+00
-5.6296935988218646e+00
0.0000000000000000e+00
-6.0533090798810845e+00
-6.0533090798810845e+00
0.0000000000000000e+00
-6.1313892099406688e+00
-6.1313892099406688e+00
0.0000000000000000e+00
-7.3405977789505243e+00
-7.3405977789505243e+00
0.0000000000000000e+00
-5.9641620585987400e+00
-5.9641620585987400e+00
0.0000000000000000e+00
-5.7370601845272216e+00
-5.7370601845272216e+00
0.0000000000000000e+00
-6.6851295631194230e+00
-6.6851295631194230e+00
0.0000000000000000e+00
-5.3665704336739841e+00
-5.3665704336739841e+00
0.0000000000000000e+00
-5.2259517642949245e+00
-5.2259517642949245e+00
0.0000000000000000e+00
-6.1556834235331621e+00
-6.1556834235331621e+00
0.0000000000000000e+00
-6.3315166721204861e+00
-6.3315166721204861e+00
0.0000000000000000e+00
-6.5596758183598993e+00
-6.5596758183598993e+00
0.0000000000000000e+00
-6.5744299695560491e+00
-6.5744299695560491e+00
0.0000000000000000e+00
-5.1526463342102957e+00
-5.1526463342102957e+00
0.0000000000000000e+00
-6.3613609995605298e+00
-6.3613609995605298e+00
0.0000000000000000e+00
-5.4972470377074272e+00
-5.4972470377074272e+00
0.0000000000000000e+00
-5.5645109195512870e+00
-5.5645109195512870e+00
0.0000000000000000e+00
-4.9715979181672791e+00
-4.9715979181672791e+00
0.0000000000000000e+00
-5.2806956816036577e+00
-5.2806956816036577e+00
0.0000000000000000e+00
-5.4347516658846011e+00
-5.4347516658846011e+00
0.0000000000000000e+00
-5.2190742241962518e+00
-5.2190742241962518e+00
0.0000000000000000e+00
-6.0911095031690774e+00
-6.0911095031690774e+00
0.0000000000000000e+00
-5.9827440034959203e+00
-5.9827440034959203e+00
0.0000000000000000e+00
-5.7866651340836892e+00
-5.7866651340836892e+00
0.0000000000000000e+00
-7.8436350479516150e+00
-7.8436350479516150e+00
0.0000000000000000e+00
-5.1380697082842053e+00
-5.1380697082842053e+00
0.0000000000000000e+00
-5.2080343427712590e+00
-5.2080343427712590e+00
0.0000000000000000e+00
-5.5857799155440455e+00
-5.5857799155440455e+00
0.0000000000000000e+00
-5.6228622632435767e+00
-5.6228622632435767e+00
0.0000000000000000e+00
-5.7767315324354094e+00
-5.7767315324354094e+00
0.0000000000000000e+00
-5.9621383572137034e+00
-5.9621383572137034e+00
0.0000000000000000e+00
-5.9789609197551812e+00
-5.9789609197551812e+00
0.0000000000000000e+00
-5.7181176662865729e+00
-5.7181176662865729e+00
0.0000000000000000e+00
-5.2665387554112026e+00
-5.2665387554112026e+00
0.0000000000000000e+00
-6.1294677919844300e+00
-6.1294677919844300e+00
0.0000000000000000e+00
-6.9829365654449713e+00
-6.9829365654449713e+00
0.0000000000000000e+00
-5.6983865816024348e+00
-5.6983865816024348e+00
0.0000000000000000e+00
-5.6975011865895553e+00
-5.6975011865895553e+00
0.0000000000000000e+00
-6.6966128153624283e+00
-6.6966128153624283e+00
0.0000000000000000e+00
-6.7141025269248384e+00
-6.7141025269248384e+00
0.0000000000000000e+00
-7.2976853541238320e+00
-7.2976853541238320e+00
0.0000000000000000e+00
-6.7847321286764739e+00
-6.7847321286764739e+00
0.0000000000000000e+00
-6.5787487895467365e+00
-6.5787487895467365e+00
0.0000000000000000e+00
-6.3383266517668284e+00
-6.3383266517668284e+00
0.0000000000000000e+00
-5.8053832863239627e+00
-5.8053832863239627e+00
0.0000000000000000e+00
-6.1891266142740724e+00
-6.1891266142740724e+00
0.0000000000000000e+00
-5.1774469531766520e+00
-5.1774469531766520e+00
0.0000000000000000e+00
-5.5647312603894106e+00
-5.5647312603894106e+00
0.0000000000000000e+00
-6.7622238153121987e+00
-6.7622238153121987e+00
0.0000000000000000e+00
-5.5301062437786221e+00
-5.5301062437786221e+00
0.0000000000000000e+00
-5.4478862655555158e+00
-5.4478862655555158e+00
0.0000000000000000e+00
-5.2118986383996084e+00
-5.2118986383996084e+00
0.0000000000000000e+00
-5.7331062170714553e+00
-5.7331062170714553e+00
0.0000000000000000e+00
-7.5134590187286889e+00
-7.5134590187286889e+00
0.0000000000000000e+00
-6.7141710088907240e+00
-6.7141710088907240e+00
0.0000000000000000e+00
-7.8487008445402697e+00
-7.8487008445402697e+00
0.0000000000000000e+00
-6.8801725675947640e+00
-6.8801725675947640e+00
0.0000000000000000e+00
-6.1809612297286662e+00
-6.1809612297286662e+00
0.0000000000000000e+00
-1.0465469282698660e+01
-1.0465469282698660e+01
0.0000000000000000e+00
-8.6567205907906928e+00
-8.6567205907906928e+00
0.0000000000000000e+00
-5.5650277148927216e+00
-5.5650277148927216e+00
0.0000000000000000e+00
-5.3719208357388952e+00
-5.3719208357388952e+00
0.0000000000000000e+00
-5.2403211826071532e+00
-5.2403211826071532e+00
0.0000000000000000e+00
-5.8194968866642078e+00
-5.8194968866642078e+00
0.0000000000000000e+00
-6.7855944530297929e+00
-6.7855944530297929e+00
0.0000000000000000e+00
-6.0434711991489412e+00
-6.0434711991489412e+00
0.0000000000000000e+00
-5.9189760576925856e+00
-5.9189760576925856e+00
0.0000000000000000e+00
-7.6645771154653843e+00
-7.6645771154653843e+00
0.0000000000000000e+00
-5.8186154592247279e+00
-5.8186154592247279e+00
0.0000000000000000e+00
-5.9470967335240559e+00
-5.9470967335240559e+00
0.0000000000000000e+00
-6.7038055862820780e+00
-6.7038055862820780e+00
0.0000000000000000e+00
-7.6432609509282825e+00
-7.6432609509282825e+00
0.0000000000000000e+00
-8.3750417878937657e+00
-8.3750417878937657e+00
0.0000000000000000e+00
-5.4986265486906598e+00
-5.4986265486906598e+00
0.0000000000000000e+00
-6.4807706875130924e+00
-6.4807706875130924e+00
0.0000000000000000e+00
-6.1269704844244171e+00
-6.1269704844244171e+00
0.0000000000000000e+00
-6.2082162225564801e+00
-6.2082162225564801e+00
0.0000000000000000e+00
-7.6709936127896894e+00
-7.6709936127896894e+00
0.0000000000000000e+00
-5.1849598326527246e+00
-5.1849598326527246e+00
0.0000000000000000e+00
-5.4746997485444471e+00
-5.4746997485444471e+00
0.0000000000000000e+00
-5.5174073325378821e+00
-5.5174073325378821e+00
0.0000000000000000e+00
-5.5100657308100836e+00
-5.5100657308100836e+00
0.0000000000000000e+00
-5.5062149505071174e+00
-5.5062149505071174e+00
0.0000000000000000e+00
-5.8799568318897668e+00
-5.8799568318897668e+00
0.0000000000000000e+00
-6.6812144283916517e+00
-6.6812144283916517e+00
0.0000000000000000e+00
-6.8851714544502833e+00
-6.8851714544502833e+00
0.0000000000000000e+00
-7.7093825005986361e+00
-7.7093825005986361e+00
0.0000000000000000e+00
-7.7995092045428462e+00
-7.7995092045428462e+00
0.0000000000000000e+00
-6.1511221177620881e+00
-6.1511221177620881e+00
0.0000000000000000e+00
-5.2673446353504678e+00
-5.2673446353504678e+00
0.0000000000000000e+00
-5.9484872198920646e+00
-5.9484872198920646e+00
0.0000000000000000e+00
-5.2456947599726726e+00
-5.2456947599726726e+00
0.0000000000000000e+00
-5.2360212714079379e+00
-5.2360212714079379e+00
0.0000000000000000e+00
-5.4220911405470726e+00
-5.4220911405470726e+00
0.0000000000000000e+00
-5.3122490947654040e+00
-5.3122490947654040e+00
0.0000000000000000e+00
-5.4056231846100413e+00
-5.4056231846100413e+00
0.0000000000000000e+00
-5.4565862568391239e+00
-5.4565862568391239e+00
0.0000000000000000e+00
-5.3286469853684224e+00
-5.3286469853684224e+00
0.0000000000000000e+00
-5.8906962261156206e+00
-5.8906962261156206e+00
0.0000000000000000e+00
-6.0144193813001507e+00
-6.0144193813001507e+00
0.0000000000000000e+00
-6.4172809882162865e+00
-6.4172809882162865e+00
0.0000000000000000e+00
-6.3303251271052421e+00
-6.3303251271052421e+00
0.0000000000000000e+00
-6.0716166071789806e+00
-6.0716166071789806e+00
0.0000000000000000e+00
-6.2667679541853296e+00
-6.2667679541853296e+00
0.0000000000000000e+00
-6.2625356237799474e+00
-6.2625356237799474e+00
0.0000000000000000e+00
-6.6384464292491092e+00
-6.6384464292491092e+00
0.0000000000000000e+00
-6.9495732207472045e+00
-6.9495732207472045e+00
0.0000000000000000e+00
-6.3303048832616966e+00
-6.3303048832616966e+00
0.0000000000000000e+00
-6.9307703491346793e+00
-6.9307703491346793e+00
0.0000000000000000e+00
-7.1928699038772033e+00
-7.1928699038772033e+00
0.0000000000000000e+00
-6.5400182610261179e+00
-6.5400182610261179e+00
0.0000000000000000e+00
-6.4954113403901772e+00
-6.4954113403901772e+00
0.0000000000000000e+00
-6.2848781113601282e+00
-6.2848781113601282e+00
0.0000000000000000e+00
-6.8628465836239867e+00
-6.8628465836239867e+00
0.0000000000000000e+00
-7.1841704963197106e+00
-7.1841704963197106e+00
0.0000000000000000e+00
-6.7818725048587547e+00
-6.7818725048587547e+00
0.0000000000000000e+00
-6.7718979405561219e+00
-6.7718979405561219e+00
0.0000000000000000e+00
-5.9264431827953183e+00
-5.9264431827953183e+00
0.0000000000000000e+00
-6.0503112574642159e+00
-6.0503112574642159e+00
0.0000000000000000e+00
-6.3523359958993142e+00
-6.3523359958993142e+00
0.0000000000000000e+00
-5.9786815102568909e+00
-5.9786815102568909e+00
0.0000000000000000e+00
-5.5683043439608984e+00
-5.5683043439608984e+00
0.0000000000000000e+00
-5.4367114352196859e+00
-5.4367114352196859e+00
0.0000000000000000e+00
-6.0252779651639132e+00
-6.0252779651639132e+00
0.0000000000000000e+00
-6.6043181157841309e+00
-6.6043181157841309e+00
0.0000000000000000e+00
-6.0713209409320212e+00
-6.0713209409320212e+00
0.0000000000000000e+00
-6.8134544732589895e+00
-6.8134544732589895e+00
0.0000000000000000e+00
-6.1395617423280120e+00
-6.1395617423280120e+00
0.0000000000000000e+00
-6.1269979221118716e+00
-6.1269979221118716e+00
0.0000000000000000e+00
-6.0690621925075625e+00
-6.0690621925075625e+00
0.0000000000000000e+00
-6.0670345839291864e+00
-6.0670345839291864e+00
0.0000000000000000e+00
-5.7982309388271567e+00
-5.7982309388271567e+00
0.0000000000000000e+00
-5.2585017959374234e+00
-5.2585017959374234e+00
0.0000000000000000e+00
-5.1831490815999262e+00
-5.1831490815999262e+00
0.0000000000000000e+00
-5.0475142010078322e+00
-5.0475142010078322e+00
0.0000000000000000e+00
-5.3016803499373077e+00
-5.3016803499373077e+00
0.0000000000000000e+00
-6.1144319902924815e+00
-6.1144319902924815e+00
0.0000000000000000e+00
-5.2102290388207848e+00
-5.2102290388207848e+00
0.0000000000000000e+00
-5.3098178440722874e+00
-5.3098178440722874e+00
0.0000000000000000e+00
-5.7167798389865254e+00
-5.7167798389865254e+00
0.0000000000000000e+00
-5.8367979152233165e+00
-5.8367979152233165e+00
0.0000000000000000e+00
-5.7200301792012187e+00
-5.7200301792012187e+00
0.0000000000000000e+00
-5.5466695796419216e+00
-5.5466695796419216e+00
0.0000000000000000e+00
-5.6011039236430449e+00
-5.6011039236430449e+00
0.0000000000000000e+00
-5.0477009817281289e+00
-5.0477009817281289e+00
0.0000000000000000e+00
-7.2724255860265679e+00
-7.2724255860265679e+00
0.0000000000000000e+00
-8.5546213100999484e+00
-8.5546213100999484e+00
0.0000000000000000e+00
-7.1898388637061874e+00
-7.1898388637061874e+00
0.0000000000000000e+00
-7.1088670364366031e+00
-7.1088670364366031e+00
0.0000000000000000e+00
-7.1919758465178774e+00
-7.1919758465178774e+00
0.0000000000000000e+00
-6.6183779076049660e+00
-6.6183779076049660e+00
0.0000000000000000e+00
-7.7924588680011659e+00
-7.7924588680011659e+00
0.0000000000000000e+00
-8.9251926237856090e+00
-8.9251926237856090e+00
0.0000000000000000e+00
-7.4222236024172243e+00
-7.4222236024172243e+00
0.0000000000000000e+00
-7.2288425859020453e+00
-7.2288425859020453e+00
0.0000000000000000e+00
-6.5734332534228788e+00
-6.5734332534228788e+00
0.0000000000000000e+00
-6.4285105599042289e+00
-6.4285105599042289e+00
0.0000000000000000e+00
-5.6894974085151979e+00
-5.6894974085151979e+00
0.0000000000000000e+00
-6.9656872164417569e+00
-6.9656872164417569e+00
0.0000000000000000e+00
-6.7313516346030262e+00
-6.7313516346030262e+00
0.0000000000000000e+00
-6.2635171449271176e+00
-6.2635171449271176e+00
0.0000000000000000e+00
-6.2214629025795061e+00
-6.2214629025795061e+00
0.0000000000000000e+00
-6.0737868236084491e+00
-6.0737868236084491e+00
0.0000000000000000e+00
-5.7970067257109772e+00
-5.7970067257109772e+00
0.0000000000000000e+00
-6.3627640542221551e+00
-6.3627640542221551e+00
0.0000000000000000e+00
-6.2178155588392130e+00
-6.2178155588392130e+00
0.0000000000000000e+00
-6.0482099027968994e+00
-6.0482099027968994e+00
0.0000000000000000e+00
-5.6638712574152512e+00
-5.6638712574152512e+00
0.0000000000000000e+00
-5.5543655024582925e+00
-5.5543655024582925e+00
0.0000000000000000e+00
-5.5032515333993519e+00
-5.5032515333993519e+00
0.0000000000000000e+00
-5.2678064133765368e+00
-5.2678064133765368e+00
0.0000000000000000e+00
-5.2844887995289884e+00
-5.2844887995289884e+00
0.0000000000000000e+00
-6.2438677343462263e+00
-6.2438677343462263e+00
0.0000000000000000e+00
-6.7461588750270796e+00
-6.7461588750270796e+00
0.0000000000000000e+00
-6.5668689064131502e+00
-6.5668689064131502e+00
0.0000000000000000e+00
-5.9504757432387274e+00
-5.9504757432387274e+00
0.0000000000000000e+00
-6.0709307965368824e+00
-6.0709307965368824e+00
0.0000000000000000e+00
-5.6159862047271769e+00
-5.6159862047271769e+00
0.0000000000000000e+00
-5.4417380827374897e+00
-5.4417380827374897e+00
0.0000000000000000e+00
-6.0060638412612963e+00
-6.0060638412612963e+00
0.0000000000000000e+00
-5.7326675355371162e+00
-5.7326675355371162e+00
0.0000000000000000e+00
-5.5090075086084695e+00
-5.5090075086084695e+00
0.0000000000000000e+00
-5.7075899755194044e+00
-5.7075899755194044e+00
0.0000000000000000e+00
-5.7508022473632998e+00
-5.7508022473632998e+00
0.0000000000000000e+00
-5.7174963507059022e+00
-5.7174963507059022e+00
0.0000000000000000e+00
-5.7125828657966951e+00
-5.7125828657966951e+00
0.0000000000000000e+00
-5.8561412314125896e+00
-5.8561412314125896e+00
0.0000000000000000e+00
-5.8692728262462364e+00
-5.8692728262462364e+00
0.0000000000000000e+00
-6.0885683892531715e+00
-6.0885683892531715e+00
0.0000000000000000e+00
-7.0973439550197011e+00
-7.0973439550197011e+00
0.0000000000000000e+00
-6.9449179760355761e+00
-6.9449179760355761e+00
0.0000000000000000e+00
-6.9972293241656018e+00
-6.9972293241656018e+00
0.0000000000000000e+00
-7.0747252547715913e+00
-7.0747252547715913e+00
0.0000000000000000e+00
-6.7277079393287966e+00
-6.7277079393287966e+00
0.0000000000000000e+00
-7.2063263767219823e+00
-7.2063263767219823e+00
0.0000000000000000e+00
-6.2435974241367207e+00
-6.2435974241367207e+00
0.0000000000000000e+00
-6.2605835704271380e+00
-6.2605835704271380e+00
0.0000000000000000e+00
-6.2439793996535657e+00
-6.2439793996535657e+00
0.0000000000000000e+00
-6.4936592309194276e+00
-6.4936592309194276e+00
0.0000000000000000e+00
-6.9836912706056804e+00
-6.9836912706056804e+00
0.0000000000000000e+00
-6.2675157529401249e+00
-6.2675157529401249e+00
0.0000000000000000e+00
-6.1326634526100392e+00
-6.1326634526100392e+00
0.0000000000000000e+00
-5.9067217109296424e+00
-5.9067217109296424e+00
0.0000000000000000e+00
-5.8427935508273681e+00
-5.8427935508273681e+00
0.0000000000000000e+00
-5.7724198632875838e+00
-5.7724198632875838e+00
0.0000000000000000e+00
-5.8148612920737115e+00
-5.8148612920737115e+00
0.0000000000000000e+00
-5.9345370993603579e+00
-5.9345370993603579e+00
0.0000000000000000e+00
-5.8348909299679601e+00
-5.8348909299679601e+00
0.0000000000000000e+00
-5.5283184994851062e+00
-5.5283184994851062e+00
0.0000000000000000e+00
-5.9508904334068902e+00
-5.9508904334068902e+00
0.0000000000000000e+00
-6.7819857020496963e+00
-6.7819857020496963e+00
0.0000000000000000e+00
-6.6440150648677756e+00
-6.6440150648677756e+00
0.0000000000000000e+00
-5.8462032568483746e+00
-5.8462032568483746e+00
0.0000000000000000e+00
-5.7078664451478884e+00
-5.7078664451478884e+00
0.0000000000000000e+00
-5.8678845525410566e+00
-5.8678845525410566e+00
0.0000000000000000e+00
-6.1662263661769083e+00
-6.1662263661769083e+00
0.0000000000000000e+00
-6.8189210884954701e+00
-6.8189210884954701e+00
0.0000000000000000e+00
-7.0830858969435226e+00
-7.0830858969435226e+00
0.0000000000000000e+00
-7.4128411509392560e+00
-7.4128411509392560e+00
0.0000000000000000e+00
-6.2553942006216623e+00
-6.2553942006216623e+00
0.0000000000000000e+00
-6.8752226868299786e+00
-6.8752226868299786e+00
0.0000000000000000e+00
-6.7499459681826055e+00
-6.7499459681826055e+00
0.0000000000000000e+00
-6.0264620236865358e+00
-6.0264620236865358e+00
0.0000000000000000e+00
-5.2541154186811774e+00
-5.2541154186811774e+00
0.0000000000000000e+00
-5.8012644516377003e+00
-5.8012644516377003e+00
0.0000000000000000e+00
-6.2997545956399064e+00
-6.2997545956399064e+00
0.0000000000000000e+00
-6.2196590638807967e+00
-6.2196590638807967e+00
0.0000000000000000e+00
-8.9244784684098164e+00
-8.9244784684098164e+00
0.0000000000000000e+00
-9.0791814709197709e+00
-9.0791814709197709e+00
0.0000000000000000e+00
-7.2659032016717688e+00
-7.2659032016717688e+00
0.0000000000000000e+00
-5.7393768715204629e+00
-5.7393768715204629e+00
0.0000000000000000e+00
-6.5789352775059022e+00
-6.5789352775059022e+00
0.0000000000000000e+00
-6.7117029184655834e+00
-6.7117029184655834e+00
0.0000000000000000e+00
-6.3387355926382334e+00
-6.3387355926382334e+00
0.0000000000000000e+00
-6.5821618437651006e+00
-6.5821618437651006e+00
0.0000000000000000e+00
-7.2703571268957177e+00
-7.2703571268957177e+00
0.0000000000000000e+00
-7.1845238411286161e+00
-7.1845238411286161e+00
0.0000000000000000e+00
-7.2394115808799713e+00
-7.2394115808799713e+00
0.0000000000000000e+00
-7.3433766675346250e+00
-7.3433766675346250e+00
0.0000000000000000e+00
-7.8755857196086847e+00
-7.8755857196086847e+00
0.0000000000000000e+00
-6.0905318187907937e+00
-6.0905318187907937e+00
0.0000000000000000e+00
-6.7063908095460132e+00
-6.7063908095460132e+00
0.0000000000000000e+00
-5.7923341713852512e+00
-5.7923341713852512e+00
0.0000000000000000e+00
-5.7659669308899337e+00
-5.7659669308899337e+00
0.0000000000000000e+00
-6.3211978941263469e+00
-6.3211978941263469e+00
0.0000000000000000e+00
-7.3247721020529912e+00
-7.3247721020529912e+00
0.0000000000000000e+00
-6.8618968846176935e+00
-6.8618968846176935e+00
0.0000000000000000e+00
-6.2054352900039387e+00
-6.2054352900039387e+00
0.0000000000000000e+00
-6.1426941538344488e+00
-6.1426941538344488e+00
0.0000000000000000e+00
-6.2028512942342022e+00
-6.2028512942342022e+00
0.0000000000000000e+00
-5.6321652605796428e+00
-5.6321652605796428e+00
0.0000000000000000e+00
-6.3380541587661465e+00
-6.3380541587661465e+00
0.0000000000000000e+00
-6.7166659211878166e+00
-6.7166659211878166e+00
0.0000000000000000e+00
-6.5659256356151730e+00
-6.5659256356151730e+00
0.0000000000000000e+00
-6.8827719114286028e+00
-6.8827719114286028e+00
0.0000000000000000e+00
-7.0921695636438891e+00
-7.0921695636438891e+00
0.0000000000000000e+00
-7.7264819257090096e+00
-7.7264819257090096e+00
0.0000000000000000e+00
-7.4604676001282426e+00
-7.4604676001282426e+00
0.0000000000000000e+00
-7.0493481159489511e+00
-7.0493481159489511e+00
0.0000000000000000e+00
-6.5782444236909887e+00
-6.5782444236909887e+00
0.0000000000000000e+00
-6.2115317295311572e+00
-6.2115317295311572e+00
0.0000000000000000e+00
-6.0927698359408762e+00
-6.0927698359408762e+00
0.0000000000000000e+00
-6.5626213672472566e+00
-6.5626213672472566e+00
0.0000000000000000e+00
-5.8128227584697916e+00
-5.8128227584697916e+00
0.0000000000000000e+00
-6.4377545595488348e+00
-6.4377545595488348e+00
0.0000000000000000e+00
-6.3209178807985200e+00
-6.3209178807985200e+00
0.0000000000000000e+00
-6.0374203292565234e+00
-6.0374203292565234e+00
0.0000000000000000e+00
-6.1946277848386506e+00
-6.1946277848386506e+00
0.0000000000000000e+00
-6.7459605904308715e+00
-6.7459605904308715e+00
0.0000000000000000e+00
-5.6473749690051358e+00
-5.6473749690051358e+00
0.0000000000000000e+00
-5.9885590442281504e+00
-5.9885590442281504e+00
0.0000000000000000e+00
-5.7078333187666574e+00
-5.7078333187666574e+00
0.0000000000000000e+00
-5.8313998707247272e+00
-5.8313998707247272e+00
0.0000000000000000e+00
-6.0858702361957739e+00
-6.0858702361957739e+00
0.0000000000000000e+00
-6.3976941474499354e+00
-6.3976941474499354e+00
0.0000000000000000e+00
-6.4944191304243555e+00
-6.4944191304243555e+00
0.0000000000000000e+00
-5.5521451040505507e+00
-5.5521451040505507e+00
0.0000000000000000e+00
-5.8443063977336545e+00
-5.8443063977336545e+00
0.0000000000000000e+00
-5.5512884444235331e+00
-5.5512884444235331e+00
0.0000000000000000e+00
-6.2066888038031793e+00
-6.2066888038031793e+00
0.0000000000000000e+00
-6.2046727514768403e+00
-6.2046727514768403e+00
0.0000000000000000e+00
-7.0095710998997340e+00
-7.0095710998997340e+00
0.0000000000000000e+00
-6.1722275909717270e+00
-6.1722275909717270e+00
0.0000000000000000e+00
-6.7926740088265847e+00
-6.7926740088265847e+00
0.0000000000000000e+00
-7.1708532069495776e+00
-7.1708532069495776e+00
0.0000000000000000e+00
-6.8597075843316784e+00
-6.8597075843316784e+00
0.0000000000000000e+00
-6.4042905767293767e+00
-6.4042905767293767e+00
0.0000000000000000e+00
-6.8769341030882902e+00
-6.8769341030882902e+00
0.0000000000000000e+00
-7.3277526764303937e+00
-7.3277526764303937e+00
0.0000000000000000e+00
-8.1911372410904910e+00
-8.1911372410904910e+00
0.0000000000000000e+00
-1.0457492224432166e+01
-1.0457492224432166e+01
0.0000000000000000e+00
-5.9235638148846848e+00
-5.9235638148846848e+00
0.0000000000000000e+00
-7.0701339850344862e+00
-7.0701339850344862e+00
0.0000000000000000e+00
-6.2820035473835469e+00
-6.2820035473835469e+00
0.0000000000000000e+00
-6.5011071997310319e+00
-6.5011071997310319e+00
0.0000000000000000e+00
-7.1053121587322394e+00
-7.1053121587322394e+00
0.0000000000000000e+00
-7.9236675367016698e+00
-7.9236675367016698e+00
0.0000000000000000e+00
-7.3367824341159160e+00
-7.3367824341159160e+00
0.0000000000000000e+00
-8.0102779140730824e+00
-8.0102779140730824e+00
0.0000000000000000e+00
-6.7161059966578698e+00
-6.7161059966578698e+00
0.0000000000000000e+00
-6.9610140003189933e+00
-6.9610140003189933e+00
0.0000000000000000e+00
-7.5928761663611981e+00
-7.5928761663611981e+00
0.0000000000000000e+00
-7.3977137979933474e+00
-7.3977137979933474e+00
0.0000000000000000e+00
-8.6452148503628479e+00
-8.6452148503628479e+00
0.0000000000000000e+00
-6.6531616474798172e+00
-6.6531616474798172e+00
0.0000000000000000e+00
-6.6544677112252595e+00
-6.6544677112252595e+00
0.0000000000000000e+00
-6.0800076548611255e+00
-6.0800076548611255e+00
0.0000000000000000e+00
-6.0117652047753039e+00
-6.0117652047753039e+00
0.0000000000000000e+00
-6.1124081627291069e+00
-6.1124081627291069e+00
0.0000000000000000e+00
-6.2389698848538799e+00
-6.2389698848538799e+00
0.0000000000000000e+00
-6.6464910574023630e+00
-6.6464910574023630e+00
0.0000000000000000e+00
-6.3300958290403884e+00
-6.3300958290403884e+00
0.0000000000000000e+00
-7.2682747854625944e+00
-7.2682747854625944e+00
0.0000000000000000e+00
-6.9951402695690090e+00
-6.9951402695690090e+00
0.0000000000000000e+00
-7.1067958516212233e+00
-7.1067958516212233e+00
0.0000000000000000e+00
-6.8328115086903232e+00
-6.8328115086903232e+00
0.0000000000000000e+00
-6.4431917720535603e+00
-6.4431917720535603e+00
0.0000000000000000e+00
-6.4800328906348623e+00
-6.4800328906348623e+00
0.0000000000000000e+00
-6.7514335142840292e+00
-6.7514335142840292e+00
0.0000000000000000e+00
-6.1791567463050665e+00
-6.1791567463050665e+00
0.0000000000000000e+00
-6.4740522675095349e+00
-6.4740522675095349e+00
0.0000000000000000e+00
-6.9740310635900826e+00
-6.9740310635900826e+00
0.0000000000000000e+00
-5.9160226817239563e+00
-5.9160226817239563e+00
0.0000000000000000e+00
-5.8303094385157310e+00
-5.8303094385157310e+00
0.0000000000000000e+00
-6.3046319351699367e+00
-6.3046319351699367e+00
0.0000000000000000e+00
-5.9136930346527778e+00
-5.9136930346527778e+00
0.0000000000000000e+00
-5.7933729677982395e+00
-5.7933729677982395e+00
0.0000000000000000e+00
-6.3322827368263930e+00
-6.3322827368263930e+00
0.0000000000000000e+00
-6.2152596500213670e+00
-6.2152596500213670e+00
0.0000000000000000e+00
-6.6015728045237516e+00
-6.6015728045237516e+00
0.0000000000000000e+00
-6.1820958433204822e+00
-6.1820958433204822e+00
0.0000000000000000e+00
-5.8330377225274139e+00
-5.8330377225274139e+00
0.0000000000000000e+00
-5.5924960645482518e+00
-5.5924960645482518e+00
0.0000000000000000e+00
-5.9295899062577409e+00
-5.9295899062577409e+00
0.0000000000000000e+00
-5.9334770013353113e+00
-5.9334770013353113e+00
0.0000000000000000e+00
-6.4777624853955569e+00
-6.4777624853955569e+00
0.0000000000000000e+00
-5.8516370569995164e+00
-5.8516370569995164e+00
0.0000000000000000e+00
-6.0172119203284185e+00
-6.0172119203284185e+00
0.0000000000000000e+00
-6.3900437748315957e+00
-6.3900437748315957e+00
0.0000000000000000e+00
-6.1553646412564067e+00
-6.1553646412564067e+00
0.0000000000000000e+00
-7.8378293653194415e+00
-7.8378293653194415e+00
0.0000000000000000e+00
-6.0537870536215976e+00
-6.0537870536215976e+00
0.0000000000000000e+00
-5.9748537275438718e+00
-5.9748537275438718e+00
0.0000000000000000e+00
-5.8912519821896723e+00
-5.8912519821896723e+00
0.0000000000000000e+00
-5.9431951599713155e+00
-5.9431951599713155e+00
0.0000000000000000e+00
-5.8146745996312514e+00
-5.8146745996312514e+00
0.0000000000000000e+00
-6.8172378165672818e+00
-6.8172378165672818e+00
0.0000000000000000e+00
-7.7396572248272033e+00
-7.7396572248272033e+00
0.0000000000000000e+00
