4
1000
2.6598955732987406e-01
9.6377284550617337e-01
6.0568390709795500e-02
1.0000000000000000e+00
2.4825236662508132e-01
9.6377284550617337e-01
5.5875759867467428e-02
1.0000000000000000e+00
2.6198869566650274e-01
9.7052151947791576e-01
5.5875759867467428e-02
1.0000000000000000e+00
2.6198869566650274e-01
9.3227611347610950e-01
5.8307355565466429e-02
1.0000000000000000e+00
2.6198869566650274e-01
9.4805273279125690e-01
6.4060525333025004e-02
1.0000000000000000e+00
2.7909958171875360e-01
8.2596670701677799e-01
6.4060525333025004e-02
1.0000000000000000e+00
2.6332635986835840e-01
5.9501298382456302e-01
9.0340850239135767e-02
1.0000000000000000e+00
2.6038612420887830e-01
5.9501298382456302e-01
7.3025544469692255e-02
1.0000000000000000e+00
2.0062539628924014e-01
7.2722472860987186e-01
7.3025544469692255e-02
1.0000000000000000e+00
2.2234744667292716e-01
7.2722472860987186e-01
7.6704500771575118e-02
1.0000000000000000e+00
2.1814222350002410e-01
9.8431938007051945e-01
7.9323068789653922e-02
1.0000000000000000e+00
2.4859183090956094e-01
9.8431938007051945e-01
2.5894968367629195e-02
1.0000000000000000e+00
2.5575507381216767e-01
9.5461961678738594e-01
2.4545219324045325e-02
1.0000000000000000e+00
2.5575507381216767e-01
9.5153185031886101e-01
2.2845676580891455e-02
1.0000000000000000e+00
2.5575507381216767e-01
9.7298804163510799e-01
2.2561836468503321e-02
1.0000000000000000e+00
2.7977741644934895e-01
9.7298804163510799e-01
1.0333649294898356e-02
1.0000000000000000e+00
2.7977741644934895e-01
9.7298804163510799e-01
2.7767145486996020e-02
1.0000000000000000e+00
3.1077859499708893e-01
9.7298804163510799e-01
3.7163173260614718e-02
1.0000000000000000e+00
3.2645618305758717e-01
9.7298804163510799e-01
2.1019594224617327e-02
1.0000000000000000e+00
3.3977002599493744e-01
9.9542357638056278e-01
2.8703070657775248e-02
1.0000000000000000e+00
4.0776229622059645e-01
9.9542357638056278e-01
2.8703070657775248e-02
1.0000000000000000e+00
3.7164143829357954e-01
9.9542357638056278e-01
5.3474137040302600e-02
1.0000000000000000e+00
3.3970723517921897e-01
9.9542357638056278e-01
5.3474137040302600e-02
1.0000000000000000e+00
3.9172988089484306e-01
9.9542357638056278e-01
5.5523478256054665e-02
1.0000000000000000e+00
3.8933836955328616e-01
9.9542357638056278e-01
7.5234867229573871e-02
1.0000000000000000e+00
4.1603090528150233e-01
9.9542357638056278e-01
4.9250891495012189e-02
1.0000000000000000e+00
4.3342574786146315e-01
9.9542357638056278e-01
4.8907973255245457e-02
1.0000000000000000e+00
4.0739867936571272e-01
9.1706852200950384e-01
4.5931658624886046e-02
1.0000000000000000e+00
4.1378380225722822e-01
8.4494412928397655e-01
6.1710265382407675e-02
1.0000000000000000e+00
3.9649163054053815e-01
8.4494412928397655e-01
5.6879825923806498e-02
1.0000000000000000e+00
3.4254698695366415e-01
8.4494412928397655e-01
5.6879825923806498e-02
1.0000000000000000e+00
3.4560055129912826e-01
9.0669591962869167e-01
5.6879825923806498e-02
1.0000000000000000e+00
3.1919409923938247e-01
8.8776505790228843e-01
6.6668648306495021e-02
1.0000000000000000e+00
4.0783654742625686e-01
8.8776505790228843e-01
6.6668648306495021e-02
1.0000000000000000e+00
4.5471908787948223e-01
8.8776505790228843e-01
8.3928627927070926e-02
1.0000000000000000e+00
5.4390824290675255e-01
8.8776505790228843e-01
8.1444293294316600e-02
1.0000000000000000e+00
5.4390824290675255e-01
9.7775363228793144e-01
8.9916080968669126e-02
1.0000000000000000e+00
5.4390824290675255e-01
8.9093985460276603e-01
9.7533757133624027e-02
1.0000000000000000e+00
5.0310432801705929e-01
8.3856812171216011e-01
1.1244558010830588e-01
1.0000000000000000e+00
5.0798196888280245e-01
6.3520135037178993e-01
1.1130573673754043e-01
1.0000000000000000e+00
4.6592430754316183e-01
6.3520135037178993e-01
1.0354957686386115e-01
1.0000000000000000e+00
4.6592430754316183e-01
7.5371989659543037e-01
8.6844065726018022e-02
1.0000000000000000e+00
4.7463720694867106e-01
9.1427560947413444e-01
8.6844065726018022e-02
1.0000000000000000e+00
4.5484814637092086e-01
8.8943098537201881e-01
6.2296216875529359e-02
1.0000000000000000e+00
5.1318802156237098e-01
7.9307499579663276e-01
9.7874758333182404e-02
1.0000000000000000e+00
4.6782695998189183e-01
7.9673281293871701e-01
9.7874758333182404e-02
1.0000000000000000e+00
4.2106888287452193e-01
8.7110693827780783e-01
9.7874758333182404e-02
1.0000000000000000e+00
4.5129743097567143e-01
8.7110693827780783e-01
9.9405820980882714e-02
1.0000000000000000e+00
4.5315682930157664e-01
9.9724295065316260e-01
1.0106024102888114e-01
1.0000000000000000e+00
4.1757834372327807e-01
9.7986655943605006e-01
1.0106024102888114e-01
1.0000000000000000e+00
4.1757834372327807e-01
9.7986655943605006e-01
1.0981172652564056e-01
1.0000000000000000e+00
3.0984806311533930e-01
9.3871729337188303e-01
1.0981172652564056e-01
1.0000000000000000e+00
3.0984806311533930e-01
7.8235861175271570e-01
7.8309632405853341e-02
1.0000000000000000e+00
2.9504743167416336e-01
7.8235861175271570e-01
7.8309632405853341e-02
1.0000000000000000e+00
2.9703714903661194e-01
7.8235861175271570e-01
7.0669621728575299e-02
1.0000000000000000e+00
2.9703714903661194e-01
9.0828761160883009e-01
7.1433167152554239e-02
1.0000000000000000e+00
3.4166555684277000e-01
8.4587524906310141e-01
9.9306888126284326e-02
1.0000000000000000e+00
3.1767708081969204e-01
9.0800970122727453e-01
1.1518803536191627e-01
1.0000000000000000e+00
3.7328879926570835e-01
9.1602745634081661e-01
1.0820415005318865e-01
1.0000000000000000e+00
3.5719253886708202e-01
9.1602745634081661e-01
9.6297766494080866e-02
1.0000000000000000e+00
3.1097466889985981e-01
9.1602745634081661e-01
1.0493003944166049e-01
1.0000000000000000e+00
3.0803938415118637e-01
9.1602745634081661e-01
1.1260084104023918e-01
1.0000000000000000e+00
2.7454734519341173e-01
8.8944650982084572e-01
1.1260084104023918e-01
1.0000000000000000e+00
2.7089948132851305e-01
8.1079975311222374e-01
8.5978404099569167e-02
1.0000000000000000e+00
2.8646573571239742e-01
8.5489823837342560e-01
9.8092296572849597e-02
1.0000000000000000e+00
3.2534212672834428e-01
8.5489823837342560e-01
1.0169505811527416e-01
1.0000000000000000e+00
3.1507431583230527e-01
9.0847676042976677e-01
1.0169505811527416e-01
1.0000000000000000e+00
3.3984928538774284e-01
8.7609069217505753e-01
9.4452568509132112e-02
1.0000000000000000e+00
3.9434546937917503e-01
9.1553739253940880e-01
1.0258638317927762e-01
1.0000000000000000e+00
3.9434546937917503e-01
8.4690993819895088e-01
9.5928451225609029e-02
1.0000000000000000e+00
3.9434546937917503e-01
8.7130320985379517e-01
9.5928451225609029e-02
1.0000000000000000e+00
3.9434546937917503e-01
8.4532959182324707e-01
1.1077951099023267e-01
1.0000000000000000e+00
3.7287704793487819e-01
8.4532959182324707e-01
1.1077951099023267e-01
1.0000000000000000e+00
3.5201938201424809e-01
9.2346566338601410e-01
1.0355843342140361e-01
1.0000000000000000e+00
3.1554890175101491e-01
9.2346566338601410e-01
6.9692229100019182e-02
1.0000000000000000e+00
3.1838230772626730e-01
8.3578588236632645e-01
1.0008858348473951e-01
1.0000000000000000e+00
3.1445859822196098e-01
8.3578588236632645e-01
1.0008858348473951e-01
1.0000000000000000e+00
3.5070194381040665e-01
8.3376959856177568e-01
1.0006554163292095e-01
1.0000000000000000e+00
2.9613738630649777e-01
8.3376959856177568e-01
1.0362377966985151e-01
1.0000000000000000e+00
2.4382251997229787e-01
8.3376959856177568e-01
1.0980743257559880e-01
1.0000000000000000e+00
2.8804024805066319e-01
7.9118638258005380e-01
1.1368419547679878e-01
1.0000000000000000e+00
2.5190008927819463e-01
8.5194213088179827e-01
1.0954850251901008e-01
1.0000000000000000e+00
3.7832355250355931e-01
8.5194213088179827e-01
1.1383610024231530e-01
1.0000000000000000e+00
3.4644174536441597e-01
8.7891720380212068e-01
1.1664974727782465e-01
1.0000000000000000e+00
2.8228912463163169e-01
9.5928730401719808e-01
1.1664974727782465e-01
1.0000000000000000e+00
2.4351674791176947e-01
8.7438352969984412e-01
1.1664974727782465e-01
1.0000000000000000e+00
1.5420834634204539e-01
9.4538348918358683e-01
1.1664974727782465e-01
1.0000000000000000e+00
1.7990294862755718e-01
9.2256644093940854e-01
1.1664974727782465e-01
1.0000000000000000e+00
1.8191493367993417e-01
8.4404431009243130e-01
1.1173791662904478e-01
1.0000000000000000e+00
1.3946901699745240e-01
8.1776790232906937e-01
1.0235052128437019e-01
1.0000000000000000e+00
1.5867387382530751e-01
8.1776790232906937e-01
8.8220302398531208e-02
1.0000000000000000e+00
1.7508881045722546e-01
8.1776790232906937e-01
9.7808654803066025e-02
1.0000000000000000e+00
1.4991731634580674e-01
8.3926717103968262e-01
1.0189199020269371e-01
1.0000000000000000e+00
1.4600198967599454e-01
8.3926717103968262e-01
8.6880597668914566e-02
1.0000000000000000e+00
1.4964411542968037e-01
8.3926717103968262e-01
9.3963074880866776e-02
1.0000000000000000e+00
1.4964411542968037e-01
8.1411856138656735e-01
1.0229304936829067e-01
1.0000000000000000e+00
1.4964411542968037e-01
7.6393611082385182e-01
1.0901399926397062e-01
1.0000000000000000e+00
1.4964411542968037e-01
7.4779593763450980e-01
1.0130021130780734e-01
1.0000000000000000e+00
1.4964411542968037e-01
7.4779593763450980e-01
1.3224731447289742e-01
1.0000000000000000e+00
1.5437478241727831e-01
7.4779593763450980e-01
1.2228995530049361e-01
1.0000000000000000e+00
1.5437478241727831e-01
7.9479583171705603e-01
1.4145462323094762e-01
1.0000000000000000e+00
1.0917641264603617e-01
7.9479583171705603e-01
1.4145462323094762e-01
1.0000000000000000e+00
1.0416602292315247e-01
6.5319179562429786e-01
1.2616453160180754e-01
1.0000000000000000e+00
1.2129975431815865e-01
6.5319179562429786e-01
1.4020947021081157e-01
1.0000000000000000e+00
1.1708689988807919e-01
6.5319179562429786e-01
1.3099099512792237e-01
1.0000000000000000e+00
1.4251368814365151e-01
6.5319179562429786e-01
1.2037550009436018e-01
1.0000000000000000e+00
2.0279355482415440e-01
6.5319179562429786e-01
1.0644591509944804e-01
1.0000000000000000e+00
2.0279355482415440e-01
6.7411576088561564e-01
1.0752433658226437e-01
1.0000000000000000e+00
2.4327964470938923e-01
6.8314776446713954e-01
1.2228736866845794e-01
1.0000000000000000e+00
2.6179539547518971e-01
7.9786874603523761e-01
1.2228736866845794e-01
1.0000000000000000e+00
2.9371708021716358e-01
7.9786874603523761e-01
1.2228736866845794e-01
1.0000000000000000e+00
2.9371708021716358e-01
8.6368726071013957e-01
1.2228736866845794e-01
1.0000000000000000e+00
2.9371708021716358e-01
8.6368726071013957e-01
1.3078640419289514e-01
1.0000000000000000e+00
2.9371708021716358e-01
7.6493607711090594e-01
1.3078640419289514e-01
1.0000000000000000e+00
2.2435942427472355e-01
7.2340690005221409e-01
1.2760097225427672e-01
1.0000000000000000e+00
1.9328511269048931e-01
7.2340690005221409e-01
1.2760097225427672e-01
1.0000000000000000e+00
2.0380668756769182e-01
7.0488343234756035e-01
1.2760097225427672e-01
1.0000000000000000e+00
2.3862108909742119e-01
7.0488343234756035e-01
1.1585013865724250e-01
1.0000000000000000e+00
2.9501456390352132e-01
7.3903046395280403e-01
1.1585013865724250e-01
1.0000000000000000e+00
3.1130464649976375e-01
8.1967984731891197e-01
1.2073372694894716e-01
1.0000000000000000e+00
3.1130464649976375e-01
8.8630491342046303e-01
1.2158033694604456e-01
1.0000000000000000e+00
3.1335789798976066e-01
9.4132800247170967e-01
1.1195060494819700e-01
1.0000000000000000e+00
3.3261289722503307e-01
8.6846472169854683e-01
1.4187303936805620e-01
1.0000000000000000e+00
3.3261289722503307e-01
8.1094184737303299e-01
1.0473227134671106e-01
1.0000000000000000e+00
3.1457423274622442e-01
8.1094184737303299e-01
1.1715544859644070e-01
1.0000000000000000e+00
1.8696045358882429e-01
8.1094184737303299e-01
1.2380306405711963e-01
1.0000000000000000e+00
1.1231156108186724e-01
6.6801079116412443e-01
1.2380306405711963e-01
1.0000000000000000e+00
1.0733668036044719e-01
6.7352658776217145e-01
1.2380306405711963e-01
1.0000000000000000e+00
1.5756631807670374e-01
6.7352658776217145e-01
1.0421233840052083e-01
1.0000000000000000e+00
1.8964574325144667e-01
7.1427687151008290e-01
1.0421233840052083e-01
1.0000000000000000e+00
1.3429153968826313e-01
7.4663051111274403e-01
1.1679277319226458e-01
1.0000000000000000e+00
1.6756264518261332e-01
7.4145651688450021e-01
9.5584313680865313e-02
1.0000000000000000e+00
2.2299244000822682e-01
7.4145651688450021e-01
1.0064443137262061e-01
1.0000000000000000e+00
2.4986383763388176e-01
7.4031450888724071e-01
1.0064443137262061e-01
1.0000000000000000e+00
3.1949960512355347e-01
6.3475773772806865e-01
1.2046889524672225e-01
1.0000000000000000e+00
2.7787573707536239e-01
7.2507630019099456e-01
1.0951047792796090e-01
1.0000000000000000e+00
2.9509106909171123e-01
7.0494837789447051e-01
1.0951047792796090e-01
1.0000000000000000e+00
2.4041482319370289e-01
7.0494837789447051e-01
1.0677210038293197e-01
1.0000000000000000e+00
2.8709924944922705e-01
8.9047682015807372e-01
1.1371957354012921e-01
1.0000000000000000e+00
3.0965899422079701e-01
7.4264026908786041e-01
1.1371957354012921e-01
1.0000000000000000e+00
3.3367862298399587e-01
7.2319624117226344e-01
1.2868252996586307e-01
1.0000000000000000e+00
3.1883003494948525e-01
6.6102781436056834e-01
1.1314896349094852e-01
1.0000000000000000e+00
3.1883003494948525e-01
5.7188589415163738e-01
1.0680066043742045e-01
1.0000000000000000e+00
3.7483646280378480e-01
6.1209059423417789e-01
8.3193790055793221e-02
1.0000000000000000e+00
3.7483646280378480e-01
6.1209059423417789e-01
1.2823035091159909e-01
1.0000000000000000e+00
2.9687908782869954e-01
6.1209059423417789e-01
1.5494494222102731e-01
1.0000000000000000e+00
3.0066011312663932e-01
7.1325356057495815e-01
1.5494494222102731e-01
1.0000000000000000e+00
2.7836487211533267e-01
6.9523946857661945e-01
1.5494494222102731e-01
1.0000000000000000e+00
2.4324596069999416e-01
7.3014377346844417e-01
1.5565566707400649e-01
1.0000000000000000e+00
2.0626326978452880e-01
6.7634386486024600e-01
1.2564878061411947e-01
1.0000000000000000e+00
2.0626326978452880e-01
8.2058121925801975e-01
1.4442552521823018e-01
1.0000000000000000e+00
1.8196254691355307e-01
8.0859696129919034e-01
1.4442552521823018e-01
1.0000000000000000e+00
1.8196254691355307e-01
6.1387838433147413e-01
1.4442552521823018e-01
1.0000000000000000e+00
2.6078387072556097e-01
6.1387838433147413e-01
1.3937530189750760e-01
1.0000000000000000e+00
3.0338754600160200e-01
6.3027150566340429e-01
1.5455918165853291e-01
1.0000000000000000e+00
3.6303212402634699e-01
7.5977149243117315e-01
1.5455918165853291e-01
1.0000000000000000e+00
4.0863475578152020e-01
7.5977149243117315e-01
1.2462425968724347e-01
1.0000000000000000e+00
3.8550794138353695e-01
8.4644052768708211e-01
1.2462425968724347e-01
1.0000000000000000e+00
4.1466331612099339e-01
8.4644052768708211e-01
1.4316529958623506e-01
1.0000000000000000e+00
4.8565669487942387e-01
7.7194953347207051e-01
1.4316529958623506e-01
1.0000000000000000e+00
4.8565669487942387e-01
7.3725227229879242e-01
1.2734836331683255e-01
1.0000000000000000e+00
4.8565669487942387e-01
7.5878960230038506e-01
1.2716324178209107e-01
1.0000000000000000e+00
3.6860016863573719e-01
7.5878960230038506e-01
1.3008158251350324e-01
1.0000000000000000e+00
3.7447647787411142e-01
6.9381594248698097e-01
1.2841047630818139e-01
1.0000000000000000e+00
3.6500607095439364e-01
6.9381594248698097e-01
1.3427997548305939e-01
1.0000000000000000e+00
3.9146423376877237e-01
9.1941076107905251e-01
1.3427997548305939e-01
1.0000000000000000e+00
4.2751773856360842e-01
9.2233620174811226e-01
1.3427997548305939e-01
1.0000000000000000e+00
3.7952508814413477e-01
9.2233620174811226e-01
1.3979404634037565e-01
1.0000000000000000e+00
4.1975533999283243e-01
7.6605265131802303e-01
1.3979404634037565e-01
1.0000000000000000e+00
3.7009507454712320e-01
7.5222607525647622e-01
1.5135428849780511e-01
1.0000000000000000e+00
3.6642565498840440e-01
7.4288980905548674e-01
1.4676157087260436e-01
1.0000000000000000e+00
4.0548179219257463e-01
7.4288980905548674e-01
1.2828307440677236e-01
1.0000000000000000e+00
3.8923790599000085e-01
7.8915560488239866e-01
1.2663676245310854e-01
1.0000000000000000e+00
3.4685236089643467e-01
7.8915560488239866e-01
1.3719263351695191e-01
1.0000000000000000e+00
3.2806725534391035e-01
6.2913948540226561e-01
1.3719263351695191e-01
1.0000000000000000e+00
3.3608138388734687e-01
7.1093087886110884e-01
1.2315888940529476e-01
1.0000000000000000e+00
3.0102483383160461e-01
6.7704832051531416e-01
1.2855934193530630e-01
1.0000000000000000e+00
3.2810395690393079e-01
6.7704832051531416e-01
1.5337422657930802e-01
1.0000000000000000e+00
3.2771667327978093e-01
6.6597076329053384e-01
1.5337422657930802e-01
1.0000000000000000e+00
3.3761748161413152e-01
5.9672764512361032e-01
1.2255534511232327e-01
1.0000000000000000e+00
2.8425287992939730e-01
5.9672764512361032e-01
1.3175327126109551e-01
1.0000000000000000e+00
3.1740589604959268e-01
6.8523981245816690e-01
1.2267662380063485e-01
1.0000000000000000e+00
3.2063423401922364e-01
6.2740501771331769e-01
1.3564204964959573e-01
1.0000000000000000e+00
2.9963663336019408e-01
5.6605662042857152e-01
1.3564204964959573e-01
1.0000000000000000e+00
3.0268157156314146e-01
5.2378711486817342e-01
1.0385123528712939e-01
1.0000000000000000e+00
2.5359046714510214e-01
6.7161519462824804e-01
1.1735262889587830e-01
1.0000000000000000e+00
2.2511721052359235e-01
6.7161519462824804e-01
1.1693108415520329e-01
1.0000000000000000e+00
2.4251230269800317e-01
6.7669420326710683e-01
1.3729932679152626e-01
1.0000000000000000e+00
2.4251230269800317e-01
6.2537017847062093e-01
1.1334531855127353e-01
1.0000000000000000e+00
2.4251230269800317e-01
5.7259596521616918e-01
1.3461650077542800e-01
1.0000000000000000e+00
2.4251230269800317e-01
5.2909825472743255e-01
1.3860254928758878e-01
1.0000000000000000e+00
2.4207903161658351e-01
6.6834706916124564e-01
1.3860254928758878e-01
1.0000000000000000e+00
3.0537294313324992e-01
7.4573871596367103e-01
1.4042323299972850e-01
1.0000000000000000e+00
2.5159159019602839e-01
7.4573871596367103e-01
1.2492469816525045e-01
1.0000000000000000e+00
2.3187289476408068e-01
7.8596503018052322e-01
1.2773433376160029e-01
1.0000000000000000e+00
2.1229376453919713e-01
7.8596503018052322e-01
1.2870275539635259e-01
1.0000000000000000e+00
1.7396911835311357e-01
7.9071710128919226e-01
1.1302949984847147e-01
1.0000000000000000e+00
2.3174195220707361e-01
7.2551499922410589e-01
1.1942632457530636e-01
1.0000000000000000e+00
2.4915921480641146e-01
7.2551499922410589e-01
1.2152252610130745e-01
1.0000000000000000e+00
2.7286007606670637e-01
7.7415536959306341e-01
1.2152252610130745e-01
1.0000000000000000e+00
3.0430462935254354e-01
7.5671303887502295e-01
1.3263782470776278e-01
1.0000000000000000e+00
3.2431223222300787e-01
7.7068053428665739e-01
1.3263782470776278e-01
1.0000000000000000e+00
3.0711406448170919e-01
7.7068053428665739e-01
1.3263782470776278e-01
1.0000000000000000e+00
3.3426282347426195e-01
7.7068053428665739e-01
1.2008732914282519e-01
1.0000000000000000e+00
2.8812928849146147e-01
7.6309430655674082e-01
1.2847958396478135e-01
1.0000000000000000e+00
2.6850096860215444e-01
7.6309430655674082e-01
1.2247209142251450e-01
1.0000000000000000e+00
3.3791851231143255e-01
7.6309430655674082e-01
1.5227524769316006e-01
1.0000000000000000e+00
2.9976961571736638e-01
7.2423796412185770e-01
1.4388432745645333e-01
1.0000000000000000e+00
3.3986450914306943e-01
7.2423796412185770e-01
1.3357103914777327e-01
1.0000000000000000e+00
2.8096337612731759e-01
7.2423796412185770e-01
1.3357103914777327e-01
1.0000000000000000e+00
2.8248495697988574e-01
7.2423796412185770e-01
1.3121398650864649e-01
1.0000000000000000e+00
2.8443364632329349e-01
7.4431682807044131e-01
1.1484695338467646e-01
1.0000000000000000e+00
3.1796236483859275e-01
7.5069763474748474e-01
1.0156505015502262e-01
1.0000000000000000e+00
3.0999814028399442e-01
7.5069763474748474e-01
9.9877368386933091e-02
1.0000000000000000e+00
3.4875098437549923e-01
6.9785317369387490e-01
9.9877368386933091e-02
1.0000000000000000e+00
3.4875098437549923e-01
9.4825786688015801e-01
8.1186748012532922e-02
1.0000000000000000e+00
2.9722954759853337e-01
7.4809600003645760e-01
1.0752695882283661e-01
1.0000000000000000e+00
2.5359202358885113e-01
7.4809600003645760e-01
9.6021971102436515e-02
1.0000000000000000e+00
2.7834915552301709e-01
8.0586225130246025e-01
9.6865554184751096e-02
1.0000000000000000e+00
2.6197165014235679e-01
8.6391127072856766e-01
1.0210302887307990e-01
1.0000000000000000e+00
2.6197165014235679e-01
9.4932785314158541e-01
1.0316790770330045e-01
1.0000000000000000e+00
2.9335978157831732e-01
9.4932785314158541e-01
9.8638904183735582e-02
1.0000000000000000e+00
2.3960287213338916e-01
9.4932785314158541e-01
1.2262019784711811e-01
1.0000000000000000e+00
2.3960287213338916e-01
6.7515980136231524e-01
1.1302546378747139e-01
1.0000000000000000e+00
2.1613029852522914e-01
6.7515980136231524e-01
1.1302546378747139e-01
1.0000000000000000e+00
3.0738654682426159e-01
6.7515980136231524e-01
1.0563887110502038e-01
1.0000000000000000e+00
2.9622357008992140e-01
6.7515980136231524e-01
1.2033715764582667e-01
1.0000000000000000e+00
3.3281743196783964e-01
6.2414857801632029e-01
8.9182948829238745e-02
1.0000000000000000e+00
3.7650169288752977e-01
6.4940627534524542e-01
8.9182948829238745e-02
1.0000000000000000e+00
4.3559086086241905e-01
6.4940627534524542e-01
9.1269160756473872e-02
1.0000000000000000e+00
3.9786289291004096e-01
8.5211053733364683e-01
9.1269160756473872e-02
1.0000000000000000e+00
3.9536309739122544e-01
9.6727647130028349e-01
8.8733730274816486e-02
1.0000000000000000e+00
4.0252815660568331e-01
9.6727647130028349e-01
1.0127564370222900e-01
1.0000000000000000e+00
3.8308413614066694e-01
7.0945240799919707e-01
1.0602602073513481e-01
1.0000000000000000e+00
3.8308413614066694e-01
7.5681791697279555e-01
1.1843273313306782e-01
1.0000000000000000e+00
3.5869948480757330e-01
6.5423752610222441e-01
1.0688295764439318e-01
1.0000000000000000e+00
3.5869948480757330e-01
6.7327169385389429e-01
1.1362040545382115e-01
1.0000000000000000e+00
4.1934498128028963e-01
6.7327169385389429e-01
9.5311833448340627e-02
1.0000000000000000e+00
3.9923849057885263e-01
7.4589345660642725e-01
9.5311833448340627e-02
1.0000000000000000e+00
3.9923849057885263e-01
7.4514864069060427e-01
9.9217238622350129e-02
1.0000000000000000e+00
3.7323687512906645e-01
7.4514864069060427e-01
1.1722345908228818e-01
1.0000000000000000e+00
3.4229125742348288e-01
7.0398533773259264e-01
1.3014112344999376e-01
1.0000000000000000e+00
3.3524533043163274e-01
7.8379859459237200e-01
1.1324716413682837e-01
1.0000000000000000e+00
3.3524533043163274e-01
7.2049308997229677e-01
1.1324716413682837e-01
1.0000000000000000e+00
3.2719946334617589e-01
7.2049308997229677e-01
1.1137135218186814e-01
1.0000000000000000e+00
3.2719946334617589e-01
6.5762074720696551e-01
1.1137135218186814e-01
1.0000000000000000e+00
3.1425155008690808e-01
7.2386630308465105e-01
9.9242717803554120e-02
1.0000000000000000e+00
3.2661406494224821e-01
6.5126569253043276e-01
1.0541566864876586e-01
1.0000000000000000e+00
3.5050066545153413e-01
6.7764443960622889e-01
1.0120576883955437e-01
1.0000000000000000e+00
3.5050066545153413e-01
6.8241836559609514e-01
1.0120576883955437e-01
1.0000000000000000e+00
3.6605707074994598e-01
6.8241836559609514e-01
1.2449508796735245e-01
1.0000000000000000e+00
3.6605707074994598e-01
6.3286183830932718e-01
1.2509644455449234e-01
1.0000000000000000e+00
3.6956044550532852e-01
6.0151358750299555e-01
1.2509644455449234e-01
1.0000000000000000e+00
3.6956044550532852e-01
4.3524081316427332e-01
1.2236230056905698e-01
1.0000000000000000e+00
3.6970229808429167e-01
7.0411508586839777e-01
1.4028043188327502e-01
1.0000000000000000e+00
3.7669462967386380e-01
7.0411508586839777e-01
1.4028043188327502e-01
1.0000000000000000e+00
4.0181809175481931e-01
4.8684863057569605e-01
1.3701327615590345e-01
1.0000000000000000e+00
4.0181809175481931e-01
4.8684863057569605e-01
1.2667015385986816e-01
1.0000000000000000e+00
3.1562481146028176e-01
4.5109259021119219e-01
1.2550336453305136e-01
1.0000000000000000e+00
3.4264316294064656e-01
5.2272797059849840e-01
1.2152890958996068e-01
1.0000000000000000e+00
3.5091717518588439e-01
5.2903323304490191e-01
1.2393743270249616e-01
1.0000000000000000e+00
3.3021177701374427e-01
5.2903323304490191e-01
1.1178618814037691e-01
1.0000000000000000e+00
2.8633464105149642e-01
5.5931640100316149e-01
1.1178618814037691e-01
1.0000000000000000e+00
2.8633464105149642e-01
6.5522686821059328e-01
9.9586198431188683e-02
1.0000000000000000e+00
3.2242288231572047e-01
6.5522686821059328e-01
9.1237704012291948e-02
1.0000000000000000e+00
3.2242288231572047e-01
6.5522686821059328e-01
1.0451326307256750e-01
1.0000000000000000e+00
3.2242288231572047e-01
6.6814065501675945e-01
1.1739777270586274e-01
1.0000000000000000e+00
2.8946130048205987e-01
6.6814065501675945e-01
1.0643920730681203e-01
1.0000000000000000e+00
2.9411270167400971e-01
9.3919980303035122e-01
1.0643920730681203e-01
1.0000000000000000e+00
3.1236411049684421e-01
9.3919980303035122e-01
4.1850958577106218e-02
1.0000000000000000e+00
3.2602014649381772e-01
6.9779862240538937e-01
7.3710745525295357e-02
1.0000000000000000e+00
3.1232229876985684e-01
9.4448576644645077e-01
7.9685108129615406e-02
1.0000000000000000e+00
3.1232229876985684e-01
8.1147271171794277e-01
8.8457852926785568e-02
1.0000000000000000e+00
2.8900610632916823e-01
8.1147271171794277e-01
9.3660950985486130e-02
1.0000000000000000e+00
2.8900610632916823e-01
7.8232528791413647e-01
7.0301426899368386e-02
1.0000000000000000e+00
2.7028799220641986e-01
8.2468107119784695e-01
7.2971430699089984e-02
1.0000000000000000e+00
2.6181052136888638e-01
7.2559922338114125e-01
7.2971430699089984e-02
1.0000000000000000e+00
2.3752548429837361e-01
7.7648167461738926e-01
8.9837002659896831e-02
1.0000000000000000e+00
3.1123480352761135e-01
7.7648167461738926e-01
8.6793579718778352e-02
1.0000000000000000e+00
3.1579756353238508e-01
8.0262797289178711e-01
8.6793579718778352e-02
1.0000000000000000e+00
2.8175531316736624e-01
7.6172391661093575e-01
8.0486096300865034e-02
1.0000000000000000e+00
2.3432144604811356e-01
7.6172391661093575e-01
8.0486096300865034e-02
1.0000000000000000e+00
2.5391548604892478e-01
7.6172391661093575e-01
8.4623148058290104e-02
1.0000000000000000e+00
2.5871671469138846e-01
7.8161581289605242e-01
8.4623148058290104e-02
1.0000000000000000e+00
2.7904923551903948e-01
7.8161581289605242e-01
6.8279410105878929e-02
1.0000000000000000e+00
2.2224118479715571e-01
6.7092857193783861e-01
4.1310530480677704e-02
1.0000000000000000e+00
2.5745414489136920e-01
9.6856102776364428e-01
3.7641546082431893e-02
1.0000000000000000e+00
2.8222685598956332e-01
9.6856102776364428e-01
8.4353675459260563e-02
1.0000000000000000e+00
2.7066234884040341e-01
8.9224077445105654e-01
8.4353675459260563e-02
1.0000000000000000e+00
3.9340451372044072e-01
9.0762251858250242e-01
7.4693200503224949e-02
1.0000000000000000e+00
3.5138344619844020e-01
9.6058611441985708e-01
6.6770139475102047e-02
1.0000000000000000e+00
3.5487765836950302e-01
9.3558485676185232e-01
7.8749377721669594e-02
1.0000000000000000e+00
3.8114282693203450e-01
9.3558485676185232e-01
7.5306151037784735e-02
1.0000000000000000e+00
3.5796349374066949e-01
9.3558485676185232e-01
7.5306151037784735e-02
1.0000000000000000e+00
3.5522651411082506e-01
8.5072216913686138e-01
7.5306151037784735e-02
1.0000000000000000e+00
3.5522651411082506e-01
8.5072216913686138e-01
6.7367953107441286e-02
1.0000000000000000e+00
3.5389782227065325e-01
7.5812964663491589e-01
6.3852518656040053e-02
1.0000000000000000e+00
3.0044142174955368e-01
6.4964749441132885e-01
6.3852518656040053e-02
1.0000000000000000e+00
2.9787574819710017e-01
8.3749241997138602e-01
6.3852518656040053e-02
1.0000000000000000e+00
2.9787574819710017e-01
8.5928592328564268e-01
6.3852518656040053e-02
1.0000000000000000e+00
3.6501591763880015e-01
6.9313963000313383e-01
6.3852518656040053e-02
1.0000000000000000e+00
3.6501591763880015e-01
6.8283442278043371e-01
5.4943210304463724e-02
1.0000000000000000e+00
4.3371575157578945e-01
6.8283442278043371e-01
5.4943210304463724e-02
1.0000000000000000e+00
4.9362487457182169e-01
8.7534574289456946e-01
5.4943210304463724e-02
1.0000000000000000e+00
4.9362487457182169e-01
8.3015861977473837e-01
6.7673150309110502e-02
1.0000000000000000e+00
5.0159330963577986e-01
8.3015861977473837e-01
6.0283218835229496e-02
1.0000000000000000e+00
4.9403911241751075e-01
9.8072904777363878e-01
4.4410870735282520e-02
1.0000000000000000e+00
4.9403911241751075e-01
9.7370059658424002e-01
4.1948872943157772e-02
1.0000000000000000e+00
4.9403911241751075e-01
7.7426113058463675e-01
4.1948872943157772e-02
1.0000000000000000e+00
4.9194888742130161e-01
7.2010556478635412e-01
2.0050171156162838e-02
1.0000000000000000e+00
4.8186726001512170e-01
5.5178122837678534e-01
3.1016504716808418e-02
1.0000000000000000e+00
4.5950476331125856e-01
5.7296559084788901e-01
4.2501731169159035e-02
1.0000000000000000e+00
3.7803037715565324e-01
5.7296559084788901e-01
4.0939799369061808e-02
1.0000000000000000e+00
4.0242137964304447e-01
6.3480815906659704e-01
6.6884958044374804e-02
1.0000000000000000e+00
3.7877235207196236e-01
6.0586228464380842e-01
8.6972909838641504e-02
1.0000000000000000e+00
3.5528841632839203e-01
4.6212152634398085e-01
8.6972909838641504e-02
1.0000000000000000e+00
3.7457046489652157e-01
4.6264318386674863e-01
8.3321764924312453e-02
1.0000000000000000e+00
3.6832614866506219e-01
3.5024358342052442e-01
8.5836736344481329e-02
1.0000000000000000e+00
3.7119334907691837e-01
3.4074558606953365e-01
5.4369953785771946e-02
1.0000000000000000e+00
3.7119334907691837e-01
5.8590697786421519e-01
5.7057341419840674e-02
1.0000000000000000e+00
3.5538468667726875e-01
5.8590697786421519e-01
7.0675535917962412e-02
1.0000000000000000e+00
3.6753361690279007e-01
6.8023181250900966e-01
7.0675535917962412e-02
1.0000000000000000e+00
3.3809638600286007e-01
6.4969547382206660e-01
6.7579863917762856e-02
1.0000000000000000e+00
3.2150877098973751e-01
6.4969547382206660e-01
7.2560912788594584e-02
1.0000000000000000e+00
3.4083465318616391e-01
6.0440984657616359e-01
7.2560912788594584e-02
1.0000000000000000e+00
3.2127389516170979e-01
6.0440984657616359e-01
7.9925633826042036e-02
1.0000000000000000e+00
2.9785740952428341e-01
5.6883724323124629e-01
7.9925633826042036e-02
1.0000000000000000e+00
2.9220005468886256e-01
6.8874950996250850e-01
7.9925633826042036e-02
1.0000000000000000e+00
2.3598732398312450e-01
7.3725857316167098e-01
8.8853991449559550e-02
1.0000000000000000e+00
2.9623924912374378e-01
6.7845123736769897e-01
1.1224149898507677e-01
1.0000000000000000e+00
3.0442775384943843e-01
8.4675344246788886e-01
1.1224149898507677e-01
1.0000000000000000e+00
2.6135591575365424e-01
7.6544022727175620e-01
1.1224149898507677e-01
1.0000000000000000e+00
3.0286492472004056e-01
7.8081725797965196e-01
1.1224149898507677e-01
1.0000000000000000e+00
2.9185060848902822e-01
9.7597482175915506e-01
1.2690575965561948e-01
1.0000000000000000e+00
2.9185060848902822e-01
9.5192927987664011e-01
1.2255799430304251e-01
1.0000000000000000e+00
3.0522115500133395e-01
7.9836204302846459e-01
9.7830053743655304e-02
1.0000000000000000e+00
2.2257690103214145e-01
7.9836204302846459e-01
9.7185749536129157e-02
1.0000000000000000e+00
2.2257690103214145e-01
7.9972757705836561e-01
9.3721582529815356e-02
1.0000000000000000e+00
2.5385756762187839e-01
7.9972757705836561e-01
9.9987788101407210e-02
1.0000000000000000e+00
2.8096283943813205e-01
8.2452948139398363e-01
9.9517730971547286e-02
1.0000000000000000e+00
2.6137481042604804e-01
6.1834679291932848e-01
1.1990189503294460e-01
1.0000000000000000e+00
2.5461350213225842e-01
6.8818694101064470e-01
8.6383573220791737e-02
1.0000000000000000e+00
2.3857411201532841e-01
6.8818694101064470e-01
1.1546862332497768e-01
1.0000000000000000e+00
2.2463895771142006e-01
8.1292498604743746e-01
8.3460391940298001e-02
1.0000000000000000e+00
2.2463895771142006e-01
6.3801344604580668e-01
9.7422245399775426e-02
1.0000000000000000e+00
1.7801531794901848e-01
6.3801344604580668e-01
1.0119951257829599e-01
1.0000000000000000e+00
1.4444095659490586e-01
6.1951524325995710e-01
1.1722234564249448e-01
1.0000000000000000e+00
1.7937929946418762e-01
5.6499849194078711e-01
1.1722234564249448e-01
1.0000000000000000e+00
2.0785036701198578e-01
5.9991363370209005e-01
1.2952429915194444e-01
1.0000000000000000e+00
2.0785036701198578e-01
4.8607048326521185e-01
1.1899845648904375e-01
1.0000000000000000e+00
2.9717484879728318e-01
3.9078251579194334e-01
1.1899845648904375e-01
1.0000000000000000e+00
2.6665047388013363e-01
3.8414635396911767e-01
1.3211701039572291e-01
1.0000000000000000e+00
2.9272312689062119e-01
5.0902717634453443e-01
1.3978373466406993e-01
1.0000000000000000e+00
2.4961748737331391e-01
5.0902717634453443e-01
1.3545927612458400e-01
1.0000000000000000e+00
2.6722493615415033e-01
6.8696076496853498e-01
1.3545927612458400e-01
1.0000000000000000e+00
2.0811853219237264e-01
6.8696076496853498e-01
1.3165979015057019e-01
1.0000000000000000e+00
2.1619724842202004e-01
6.7139839361771014e-01
1.0962642098193101e-01
1.0000000000000000e+00
2.3960798221122559e-01
5.0998922418220904e-01
9.8656713006766955e-02
1.0000000000000000e+00
2.3960798221122559e-01
6.4300431478186515e-01
1.0559945737359158e-01
1.0000000000000000e+00
2.3960798221122559e-01
4.2848858404322532e-01
9.2568757977551291e-02
1.0000000000000000e+00
2.6199642556201752e-01
4.0249720953288493e-01
8.4925819687759946e-02
1.0000000000000000e+00
2.4876937723200854e-01
3.4797738857450899e-01
1.0062650361678607e-01
1.0000000000000000e+00
2.5911846371781166e-01
4.8386874042334971e-01
9.2267242759680818e-02
1.0000000000000000e+00
2.4446549556631680e-01
4.0927653752150950e-01
8.8276347644841741e-02
1.0000000000000000e+00
2.4446549556631680e-01
4.7287444762769160e-01
9.6284205244137416e-02
1.0000000000000000e+00
2.4955976930976931e-01
5.9422497443738398e-01
9.6284205244137416e-02
1.0000000000000000e+00
2.4955976930976931e-01
5.9793910376611170e-01
1.1031904179717458e-01
1.0000000000000000e+00
2.6227806359128181e-01
5.9793910376611170e-01
9.2038348583719204e-02
1.0000000000000000e+00
2.6227806359128181e-01
6.3643238313379702e-01
9.7813911071261833e-02
1.0000000000000000e+00
2.5572783629939977e-01
5.6050661105546173e-01
9.7813911071261833e-02
1.0000000000000000e+00
2.5587505255424503e-01
6.2824010748299774e-01
9.7813911071261833e-02
1.0000000000000000e+00
2.4993457612180237e-01
7.5853381950291809e-01
9.7813911071261833e-02
1.0000000000000000e+00
2.3033289205812935e-01
6.3257956776651558e-01
9.7813911071261833e-02
1.0000000000000000e+00
2.4088113163196567e-01
6.6730878773960289e-01
1.0453749288453765e-01
1.0000000000000000e+00
2.0353706520580772e-01
6.6730878773960289e-01
9.9799954948230157e-02
1.0000000000000000e+00
2.7561356001132253e-01
5.8821683648857293e-01
9.9799954948230157e-02
1.0000000000000000e+00
2.4636937551730398e-01
5.2805138651165184e-01
1.0400145824414722e-01
1.0000000000000000e+00
2.0968153155007485e-01
5.7152319971355614e-01
1.0389092193972829e-01
1.0000000000000000e+00
2.6290068230190400e-01
4.8066921058925804e-01
1.0389092193972829e-01
1.0000000000000000e+00
3.4632709822216157e-01
4.8066921058925804e-01
1.2285938115846876e-01
1.0000000000000000e+00
3.6282648159721020e-01
4.8066921058925804e-01
1.2661300671343270e-01
1.0000000000000000e+00
3.3187628457852725e-01
4.8066921058925804e-01
1.2453015849050644e-01
1.0000000000000000e+00
3.1674459869572047e-01
6.8054955724510369e-01
1.1352112646736714e-01
1.0000000000000000e+00
3.0006079482444648e-01
6.6343572076293644e-01
1.1352112646736714e-01
1.0000000000000000e+00
3.0006079482444648e-01
4.6254268932971176e-01
1.1352112646736714e-01
1.0000000000000000e+00
3.1586093003460292e-01
4.4637969035538849e-01
1.2328984718360517e-01
1.0000000000000000e+00
2.8689982103713874e-01
5.1219703901442704e-01
1.2328984718360517e-01
1.0000000000000000e+00
3.0108555326768283e-01
3.6138081822427925e-01
1.2412428147681567e-01
1.0000000000000000e+00
3.2991890157171611e-01
4.1026016596588311e-01
1.2057761209607634e-01
1.0000000000000000e+00
2.7520983586617831e-01
2.2176552276941952e-01
1.2057761209607634e-01
1.0000000000000000e+00
2.0363435896177862e-01
2.2176552276941952e-01
1.2055304380655799e-01
1.0000000000000000e+00
2.0363435896177862e-01
2.1032565778004941e-01
1.3043735934943471e-01
1.0000000000000000e+00
1.6874571891565893e-01
2.1032565778004941e-01
1.0082029364011760e-01
1.0000000000000000e+00
1.7706321368058298e-01
4.4900995962671009e-01
8.8100373735051113e-02
1.0000000000000000e+00
1.7706321368058298e-01
4.8931741811684337e-01
8.8100373735051113e-02
1.0000000000000000e+00
1.7706321368058298e-01
4.7411261782399383e-01
8.7885417529014381e-02
1.0000000000000000e+00
1.9746744134062055e-01
4.7068570115952757e-01
8.7885417529014381e-02
1.0000000000000000e+00
2.0574234486156229e-01
4.8046028920798567e-01
8.7885417529014381e-02
1.0000000000000000e+00
2.0574234486156229e-01
4.3445297264843252e-01
9.1784287612517806e-02
1.0000000000000000e+00
1.9015802875691179e-01
4.2654291474609640e-01
9.4749106462677452e-02
1.0000000000000000e+00
2.5657066204183820e-01
5.8942820066004065e-01
9.4749106462677452e-02
1.0000000000000000e+00
2.6447079914686356e-01
6.3241785046993759e-01
9.4749106462677452e-02
1.0000000000000000e+00
2.6447079914686356e-01
5.0040098307072189e-01
6.7865312467893096e-02
1.0000000000000000e+00
2.6453564391084683e-01
5.2295075011788872e-01
5.0980553399404022e-02
1.0000000000000000e+00
2.6308411062308323e-01
6.9312060465454128e-01
5.0980553399404022e-02
1.0000000000000000e+00
3.4083153382488263e-01
6.9312060465454128e-01
5.0980553399404022e-02
1.0000000000000000e+00
4.1738990024276745e-01
7.2820263569592503e-01
5.8473075009806058e-02
1.0000000000000000e+00
4.5970401615448964e-01
8.4171626185416248e-01
6.0118190213961503e-02
1.0000000000000000e+00
5.1055372581430447e-01
8.8291511898278263e-01
6.0118190213961503e-02
1.0000000000000000e+00
5.1055372581430447e-01
6.8707800870179203e-01
8.4054084695799253e-02
1.0000000000000000e+00
4.9685706459530365e-01
8.6409967606305149e-01
5.3596319831831357e-02
1.0000000000000000e+00
4.9685706459530365e-01
8.4816088554798630e-01
4.1640429551171115e-02
1.0000000000000000e+00
4.9685706459530365e-01
6.6477306959568527e-01
4.1640429551171115e-02
1.0000000000000000e+00
4.7206178941377175e-01
6.6477306959568527e-01
3.4301671458797506e-02
1.0000000000000000e+00
4.6143014059015286e-01
7.8076893118559387e-01
3.4301671458797506e-02
1.0000000000000000e+00
4.8517989069767964e-01
7.8076893118559387e-01
2.3134075713733188e-02
1.0000000000000000e+00
4.6868448942512941e-01
7.9006179822026756e-01
3.5533221115747443e-02
1.0000000000000000e+00
4.7483139443755817e-01
6.9061808129190472e-01
3.5533221115747443e-02
1.0000000000000000e+00
4.4570137844965529e-01
6.4219815916731027e-01
3.1726866172084561e-02
1.0000000000000000e+00
4.5480613601938558e-01
6.4403379596187738e-01
3.9151618865707866e-02
1.0000000000000000e+00
4.3754209024444890e-01
6.5862803118652669e-01
1.9384601063484302e-02
1.0000000000000000e+00
4.5153262843922448e-01
7.5716555821127263e-01
1.9384601063484302e-02
1.0000000000000000e+00
3.9640359364528877e-01
7.0642040999955502e-01
3.1066540538722626e-02
1.0000000000000000e+00
3.0946798406620246e-01
6.4417114811367360e-01
3.1066540538722626e-02
1.0000000000000000e+00
2.8963746432526705e-01
5.8957844185060826e-01
3.7690198890322796e-02
1.0000000000000000e+00
2.8963746432526705e-01
7.5211911978549328e-01
3.7690198890322796e-02
1.0000000000000000e+00
2.7626096666170952e-01
6.6710308337933388e-01
4.8725927158648125e-02
1.0000000000000000e+00
2.4942214413857755e-01
6.4969436968094674e-01
5.8772842309826961e-02
1.0000000000000000e+00
2.8732204902297553e-01
6.4969436968094674e-01
5.7277520330080739e-02
1.0000000000000000e+00
3.1880004112571214e-01
6.4969436968094674e-01
4.1956709258647612e-02
1.0000000000000000e+00
3.3834222485273813e-01
5.3632351527339783e-01
4.1956709258647612e-02
1.0000000000000000e+00
3.5716044171675776e-01
5.3632351527339783e-01
7.1494412925949297e-02
1.0000000000000000e+00
2.6060372232421969e-01
5.3632351527339783e-01
5.4772389438858232e-02
1.0000000000000000e+00
2.7725092335566615e-01
7.0241908500320283e-01
4.2301914972176752e-02
1.0000000000000000e+00
2.9857588876001273e-01
5.8927783886319962e-01
6.7748107799252472e-02
1.0000000000000000e+00
3.1292030462026332e-01
6.3754417518503037e-01
6.7748107799252472e-02
1.0000000000000000e+00
2.8503995821773742e-01
8.4539917627698746e-01
6.7748107799252472e-02
1.0000000000000000e+00
3.4320137896537517e-01
6.8088965447968808e-01
4.7633285486062965e-02
1.0000000000000000e+00
3.5227817357480262e-01
6.8088965447968808e-01
1.9511309653444192e-02
1.0000000000000000e+00
3.4802001821771000e-01
6.8088965447968808e-01
4.2628429099841020e-02
1.0000000000000000e+00
3.7069051167890166e-01
8.6882293554372159e-01
5.4052432268781564e-02
1.0000000000000000e+00
4.0925788707062338e-01
8.6882293554372159e-01
6.3294527554808161e-02
1.0000000000000000e+00
3.8091663285121058e-01
8.4433691329904836e-01
6.5389857130048773e-02
1.0000000000000000e+00
3.2189442743509744e-01
8.4433691329904836e-01
6.5389857130048773e-02
1.0000000000000000e+00
3.1851615910380815e-01
7.8221838302561086e-01
5.8164052167830965e-02
1.0000000000000000e+00
3.0463085384070610e-01
7.8221838302561086e-01
4.7289751671178243e-02
1.0000000000000000e+00
2.5725680650174354e-01
7.8221838302561086e-01
5.2705823630367382e-02
1.0000000000000000e+00
2.5011825528889631e-01
7.8221838302561086e-01
4.8827311676268442e-02
1.0000000000000000e+00
2.9681918737441038e-01
4.4583872180082840e-01
4.8827311676268442e-02
1.0000000000000000e+00
2.7709926259666418e-01
4.5707595567801040e-01
8.1221501063828333e-02
1.0000000000000000e+00
2.6436085291169320e-01
5.3006562064983886e-01
8.1221501063828333e-02
1.0000000000000000e+00
2.6436085291169320e-01
5.4739856566884559e-01
8.0804337817517086e-02
1.0000000000000000e+00
2.3076633680574332e-01
5.3301634719246072e-01
8.0804337817517086e-02
1.0000000000000000e+00
3.1673038694970046e-01
2.3504333277815026e-01
9.2580171372082992e-02
1.0000000000000000e+00
3.1673038694970046e-01
1.6885007997625512e-01
7.2564521408912702e-02
1.0000000000000000e+00
2.9608501438013946e-01
1.9030468990677041e-01
7.2365398123201891e-02
1.0000000000000000e+00
2.8389294948391353e-01
1.9030468990677041e-01
8.2651100657221838e-02
1.0000000000000000e+00
2.4904581662229930e-01
2.0729916436248463e-01
8.1299724127438827e-02
1.0000000000000000e+00
2.8505067005716000e-01
2.6240937677794141e-01
9.0985572035697265e-02
1.0000000000000000e+00
2.7128568608276282e-01
2.3719950286322278e-01
8.7048377446171804e-02
1.0000000000000000e+00
3.3816481046341096e-01
4.0666818325989884e-01
8.7048377446171804e-02
1.0000000000000000e+00
3.6637464016638432e-01
4.0666818325989884e-01
8.3283243770983978e-02
1.0000000000000000e+00
3.4637731068067978e-01
2.9324887400143784e-01
9.3038273114052578e-02
1.0000000000000000e+00
3.4134867215760778e-01
3.8275646125548524e-01
5.9266068111446663e-02
1.0000000000000000e+00
2.2234115923055242e-01
3.8275646125548524e-01
1.1371381005765216e-01
1.0000000000000000e+00
2.2513151901074480e-01
4.8100821381085557e-01
1.1371381005765216e-01
1.0000000000000000e+00
2.8411844080545734e-01
4.4824329470866364e-01
1.1371381005765216e-01
1.0000000000000000e+00
3.0913857823469471e-01
4.4824329470866364e-01
7.7364858077180548e-02
1.0000000000000000e+00
2.7019549241521190e-01
6.8390982864075345e-01
9.1205145302501484e-02
1.0000000000000000e+00
2.6846530555047821e-01
7.4045837284647864e-01
9.1205145302501484e-02
1.0000000000000000e+00
2.6846530555047821e-01
4.0149626122438353e-01
9.8879340174880787e-02
1.0000000000000000e+00
2.8894609805428217e-01
3.9299425283097666e-01
6.0185954044845863e-02
1.0000000000000000e+00
2.8763759018619339e-01
4.3598868125700396e-01
6.8327339436200424e-02
1.0000000000000000e+00
3.2579508119960110e-01
6.0453330153250140e-01
6.8327339436200424e-02
1.0000000000000000e+00
3.1880904802818577e-01
5.2335931626730603e-01
8.7517470191505714e-02
1.0000000000000000e+00
3.1880904802818577e-01
3.8887867597513837e-01
8.7684230949071212e-02
1.0000000000000000e+00
3.2989387748528998e-01
4.9618562576943082e-01
8.7684230949071212e-02
1.0000000000000000e+00
3.1979707278077285e-01
4.9618562576943082e-01
8.7684230949071212e-02
1.0000000000000000e+00
3.0146933555369060e-01
5.7191193462931555e-01
8.7684230949071212e-02
1.0000000000000000e+00
2.4948175832395236e-01
4.9086146602057856e-01
9.2147456086513563e-02
1.0000000000000000e+00
3.0899945109848659e-01
3.0272998461150569e-01
1.0862439458751397e-01
1.0000000000000000e+00
3.6506925894644837e-01
3.8346923688077372e-01
9.6311180922475620e-02
1.0000000000000000e+00
3.7645441758212428e-01
3.3835986056947154e-01
1.1241783674367981e-01
1.0000000000000000e+00
3.1099689657565932e-01
3.4014054188155574e-01
1.1241783674367981e-01
1.0000000000000000e+00
3.2668374757048468e-01
3.5381737896823329e-01
1.0318777903476076e-01
1.0000000000000000e+00
3.7883289809104781e-01
3.8059071996831340e-01
8.2889504800823494e-02
1.0000000000000000e+00
2.8319338428553920e-01
4.9287651279591960e-01
1.0112534284153299e-01
1.0000000000000000e+00
2.8319338428553920e-01
5.5245888406061572e-01
1.0703344556995945e-01
1.0000000000000000e+00
2.7363214174982886e-01
5.4271737565868539e-01
9.8722578562137647e-02
1.0000000000000000e+00
2.7363214174982886e-01
5.9179579546325844e-01
1.1324681395226435e-01
1.0000000000000000e+00
2.9605340304550509e-01
5.9179579546325844e-01
1.1324681395226435e-01
1.0000000000000000e+00
2.4510316642698626e-01
3.7397126188152474e-01
1.1324681395226435e-01
1.0000000000000000e+00
2.4510316642698626e-01
5.7111715605133218e-01
1.1983071973108964e-01
1.0000000000000000e+00
2.4510316642698626e-01
6.4194657733314675e-01
1.2582713200854415e-01
1.0000000000000000e+00
2.2806403691646437e-01
6.4194657733314675e-01
1.2582713200854415e-01
1.0000000000000000e+00
2.8874038438078742e-01
5.9703233545296830e-01
1.1868036548285091e-01
1.0000000000000000e+00
3.0694986226734500e-01
5.5551729803555649e-01
1.0047826553372943e-01
1.0000000000000000e+00
2.6145887839373927e-01
4.3823460941785020e-01
8.6194416840135096e-02
1.0000000000000000e+00
3.3604729267534594e-01
4.3823460941785020e-01
8.6594160920049040e-02
1.0000000000000000e+00
3.2959288310956936e-01
5.6269163159304303e-01
9.2064246809150069e-02
1.0000000000000000e+00
2.7830012839984875e-01
7.6187829939299268e-01
1.1784298279699215e-01
1.0000000000000000e+00
3.3301690731894951e-01
7.8957938855164689e-01
1.1784298279699215e-01
1.0000000000000000e+00
3.5556897473287563e-01
6.4965828681015414e-01
1.1430162474889585e-01
1.0000000000000000e+00
3.7574346315813045e-01
6.4965828681015414e-01
1.3087950185317823e-01
1.0000000000000000e+00
4.1318322297883014e-01
8.0356231504702014e-01
1.3087950185317823e-01
1.0000000000000000e+00
4.1318322297883014e-01
8.7080890858196658e-01
1.3575926008079478e-01
1.0000000000000000e+00
4.2544670541536789e-01
7.6701469892286700e-01
1.3575926008079478e-01
1.0000000000000000e+00
4.2544670541536789e-01
6.5555144274258059e-01
1.3575926008079478e-01
1.0000000000000000e+00
4.3941136029314976e-01
6.5081869564601225e-01
1.2931931814555356e-01
1.0000000000000000e+00
3.0377147485268097e-01
6.5081869564601225e-01
1.1655257599804827e-01
1.0000000000000000e+00
2.6802189414155464e-01
9.2002999536343855e-01
1.1254434710745045e-01
1.0000000000000000e+00
2.6316244712796788e-01
7.1016679457970899e-01
1.1254434710745045e-01
1.0000000000000000e+00
3.2766648520481567e-01
7.1016679457970899e-01
1.2858834075186679e-01
1.0000000000000000e+00
2.8835184405323844e-01
7.1016679457970899e-01
1.2926399059970209e-01
1.0000000000000000e+00
2.6282005104002337e-01
7.4996594093390745e-01
1.0613127895076105e-01
1.0000000000000000e+00
2.6282005104002337e-01
8.0101044229813856e-01
1.0613127895076105e-01
1.0000000000000000e+00
2.6282005104002337e-01
7.5217671536374842e-01
1.1968179889399835e-01
1.0000000000000000e+00
2.8273519593057017e-01
5.7710765146184717e-01
1.1968179889399835e-01
1.0000000000000000e+00
2.6120067479786258e-01
6.1684628326911484e-01
1.2313650040332505e-01
1.0000000000000000e+00
2.7564445928436498e-01
6.1684628326911484e-01
1.1427658474449345e-01
1.0000000000000000e+00
2.6706458952975254e-01
7.7216518421191727e-01
1.1427658474449345e-01
1.0000000000000000e+00
2.2147468057227115e-01
7.1284864221233879e-01
1.1427658474449345e-01
1.0000000000000000e+00
2.2147468057227115e-01
7.0526141470763837e-01
1.1433135017532550e-01
1.0000000000000000e+00
2.3898745466721039e-01
7.0526141470763837e-01
1.2064353141713582e-01
1.0000000000000000e+00
2.7756222441092859e-01
7.6221748611424123e-01
1.1009781759012185e-01
1.0000000000000000e+00
2.9173649764851461e-01
8.2896187326405202e-01
1.1009781759012185e-01
1.0000000000000000e+00
2.5297281063393484e-01
8.2896187326405202e-01
1.1541418403166973e-01
1.0000000000000000e+00
2.5297281063393484e-01
6.7143944448325787e-01
1.2414979955892705e-01
1.0000000000000000e+00
2.2222482248906772e-01
8.0969675567466770e-01
1.3432468122582578e-01
1.0000000000000000e+00
1.9567083216969650e-01
7.7351926390547310e-01
1.3432468122582578e-01
1.0000000000000000e+00
2.1019163377349059e-01
7.7351926390547310e-01
1.3269319662604176e-01
1.0000000000000000e+00
2.0511830480535309e-01
6.4997012291569267e-01
1.0058056467923962e-01
1.0000000000000000e+00
2.5042176281857564e-01
6.4997012291569267e-01
1.0058056467923962e-01
1.0000000000000000e+00
3.2362384011793210e-01
7.8891231988091026e-01
1.1234208415507965e-01
1.0000000000000000e+00
3.3916987048286273e-01
6.5164911311585461e-01
1.1234208415507965e-01
1.0000000000000000e+00
3.7647695036429241e-01
5.3543972533661877e-01
1.0112345996558361e-01
1.0000000000000000e+00
3.7647695036429241e-01
5.9628198605496441e-01
9.2229477778437291e-02
1.0000000000000000e+00
3.9603885310060605e-01
5.9628198605496441e-01
8.7253594022604380e-02
1.0000000000000000e+00
3.8468416361428126e-01
6.4857011004351084e-01
9.6124977056297217e-02
1.0000000000000000e+00
3.8468416361428126e-01
5.3745969100855295e-01
1.1071487255057946e-01
1.0000000000000000e+00
3.8468416361428126e-01
4.6316693066619341e-01
1.1583244306630150e-01
1.0000000000000000e+00
3.8468416361428126e-01
6.1176278158091013e-01
1.2056406838482872e-01
1.0000000000000000e+00
3.4458646131969317e-01
6.1176278158091013e-01
1.2056406838482872e-01
1.0000000000000000e+00
3.4458646131969317e-01
7.2146234749816363e-01
8.7587639639514242e-02
1.0000000000000000e+00
3.5838484531558379e-01
5.5493522523902361e-01
8.7587639639514242e-02
1.0000000000000000e+00
3.8767106971062049e-01
4.5089846192859118e-01
8.2393504163610493e-02
1.0000000000000000e+00
3.8767106971062049e-01
5.1115148975513880e-01
9.2983814372109924e-02
1.0000000000000000e+00
3.4758113092101439e-01
5.1160340099595492e-01
1.0833428841679052e-01
1.0000000000000000e+00
3.2972429460204467e-01
4.4599823742173617e-01
1.0720810929442451e-01
1.0000000000000000e+00
3.7079451652533635e-01
4.4599823742173617e-01
1.2520649465395764e-01
1.0000000000000000e+00
3.6440696521020755e-01
4.4599823742173617e-01
1.2520649465395764e-01
1.0000000000000000e+00
3.5438499553418978e-01
3.5267063318751757e-01
1.1894857319666699e-01
1.0000000000000000e+00
3.5438499553418978e-01
3.5267063318751757e-01
1.1211813224608705e-01
1.0000000000000000e+00
3.5438499553418978e-01
4.6656975238583986e-01
1.1370894482488439e-01
1.0000000000000000e+00
3.0161941005206927e-01
4.6272966610267763e-01
1.1370894482488439e-01
1.0000000000000000e+00
3.0161941005206927e-01
3.9487332077696924e-01
1.0489596037323282e-01
1.0000000000000000e+00
3.1349215610242709e-01
4.9960359157994394e-01
1.0489596037323282e-01
1.0000000000000000e+00
3.3805523393965586e-01
4.0492287250235681e-01
1.0489596037323282e-01
1.0000000000000000e+00
3.5305689974046572e-01
6.0955453636124735e-01
1.0489596037323282e-01
1.0000000000000000e+00
2.6867335988498553e-01
4.8749586166813974e-01
1.0077298881615207e-01
1.0000000000000000e+00
2.7062951075203046e-01
4.8749586166813974e-01
1.1605350470299527e-01
1.0000000000000000e+00
2.1033979999191388e-01
3.8081993507221346e-01
1.1461920821702734e-01
1.0000000000000000e+00
1.4091514842874631e-01
4.4860059553757314e-01
1.2922869501298920e-01
1.0000000000000000e+00
1.3212993508494719e-01
4.4860059553757314e-01
1.2991730636813373e-01
1.0000000000000000e+00
1.2318248721129521e-01
4.2958679394796495e-01
1.3394619897835583e-01
1.0000000000000000e+00
1.0888013476795777e-01
4.1422813916578893e-01
1.3319241419330866e-01
1.0000000000000000e+00
9.3645100950368487e-02
4.6798465186730032e-01
1.1725308164850504e-01
1.0000000000000000e+00
1.0237016016907319e-01
5.6868422480765735e-01
1.1974957283482582e-01
1.0000000000000000e+00
1.0237016016907319e-01
6.4580089303199206e-01
1.2146765984025479e-01
1.0000000000000000e+00
7.2991940661438548e-02
2.6835369768086825e-01
1.2146765984025479e-01
1.0000000000000000e+00
8.0640701579966390e-02
2.9348884599749003e-01
1.3681264001306773e-01
1.0000000000000000e+00
1.5300310636229142e-01
2.3372551293578003e-01
1.3681264001306773e-01
1.0000000000000000e+00
1.9458700577087029e-01
2.8807722644414757e-01
1.4891591820296526e-01
1.0000000000000000e+00
1.8493202189273461e-01
1.9088147447910164e-01
1.4267898498892465e-01
1.0000000000000000e+00
2.3279369483060464e-01
4.7836655990686272e-01
1.4267898498892465e-01
1.0000000000000000e+00
2.6790127507700845e-01
4.7836655990686272e-01
1.3654535574696638e-01
1.0000000000000000e+00
1.3919885433568879e-01
4.7836655990686272e-01
1.4430537385724165e-01
1.0000000000000000e+00
1.0733517236366197e-01
4.7836655990686272e-01
1.4091366351440229e-01
1.0000000000000000e+00
1.0733517236366197e-01
3.1412718498613690e-01
1.4091366351440229e-01
1.0000000000000000e+00
1.3256525784089490e-01
2.9765722209122036e-01
1.4731134715348163e-01
1.0000000000000000e+00
1.8667654111339971e-01
3.1956068479921673e-01
1.5016371625333705e-01
1.0000000000000000e+00
2.1036462276532575e-01
3.5873499193694447e-01
1.5016371625333705e-01
1.0000000000000000e+00
2.1036462276532575e-01
7.6525088935159191e-02
1.2935514244109073e-01
1.0000000000000000e+00
2.0209531556173488e-01
1.5199728736188267e-01
1.3587523585974851e-01
1.0000000000000000e+00
1.6375749255820438e-01
2.9615992733743046e-01
1.3587523585974851e-01
1.0000000000000000e+00
7.1941952922486507e-02
2.9615992733743046e-01
1.2126395184404828e-01
1.0000000000000000e+00
6.0564215065085136e-02
2.9615992733743046e-01
1.1661552436507919e-01
1.0000000000000000e+00
6.0564215065085136e-02
2.9615992733743046e-01
1.3619055607214250e-01
1.0000000000000000e+00
6.0564215065085136e-02
4.7670411872677509e-01
1.3619055607214250e-01
1.0000000000000000e+00
6.0564215065085136e-02
4.7670411872677509e-01
1.5035350256457605e-01
1.0000000000000000e+00
6.6692192343168699e-02
4.7670411872677509e-01
1.5581763171448984e-01
1.0000000000000000e+00
1.0060842731326147e-01
3.7152614998631184e-01
1.3973869903802552e-01
1.0000000000000000e+00
9.8133484835841500e-02
2.4200306641869251e-01
1.4028866696262413e-01
1.0000000000000000e+00
1.1343068164131864e-01
2.5228129881434147e-01
1.6625642697417789e-01
1.0000000000000000e+00
1.1343068164131864e-01
2.5228129881434147e-01
1.4331272770741635e-01
1.0000000000000000e+00
1.4796420093915685e-01
4.4128050464205448e-01
1.3880580538043433e-01
1.0000000000000000e+00
1.7777185421726927e-01
2.9503998295404021e-01
1.3880580538043433e-01
1.0000000000000000e+00
1.8184446078083738e-01
2.9503998295404021e-01
1.4452342831154966e-01
1.0000000000000000e+00
2.4897070881269201e-01
1.5487248585559432e-01
1.4452342831154966e-01
1.0000000000000000e+00
2.9106778186104521e-01
1.5487248585559432e-01
1.5391707422768378e-01
1.0000000000000000e+00
2.9106778186104521e-01
2.7791609005071227e-01
1.3961255878766679e-01
1.0000000000000000e+00
2.7165155206165537e-01
2.2712966562248771e-01
1.4156100156342291e-01
1.0000000000000000e+00
2.9908939730665907e-01
3.2791135595180099e-01
1.4076557362077438e-01
1.0000000000000000e+00
3.1206370517901405e-01
3.3271082625724380e-01
1.4529683513192140e-01
1.0000000000000000e+00
3.4539171774230226e-01
3.3271082625724380e-01
1.5000906658915483e-01
1.0000000000000000e+00
2.8570380783929750e-01
3.3271082625724380e-01
1.5725689500195586e-01
1.0000000000000000e+00
2.5416739704377278e-01
1.7498827860690658e-01
1.5725689500195586e-01
1.0000000000000000e+00
2.5416739704377278e-01
2.1356164426542823e-01
1.4854787967724406e-01
1.0000000000000000e+00
2.4570379290088340e-01
2.0320457727648322e-01
1.4596296360341512e-01
1.0000000000000000e+00
1.9584578904613181e-01
1.6315073654986922e-01
1.4596296360341512e-01
1.0000000000000000e+00
1.7949568515467718e-01
3.3944925055839126e-01
1.4596296360341512e-01
1.0000000000000000e+00
2.1954575588750913e-01
2.6224353788420562e-01
1.5018102971462213e-01
1.0000000000000000e+00
2.1954575588750913e-01
1.8499814597889785e-01
1.3893044905362331e-01
1.0000000000000000e+00
2.0331300283140763e-01
1.8499814597889785e-01
1.3198067273569905e-01
1.0000000000000000e+00
1.7737627169407233e-01
1.3675989834591751e-01
1.3198067273569905e-01
1.0000000000000000e+00
2.2045058897055014e-01
-3.2762536313384327e-03
1.4171901650352084e-01
1.0000000000000000e+00
2.2045058897055014e-01
-4.1307842871174172e-02
1.1992606918884122e-01
1.0000000000000000e+00
2.2832817072338685e-01
-3.6295840097591237e-02
1.1992606918884122e-01
1.0000000000000000e+00
2.8488711314565762e-01
-3.6295840097591237e-02
1.1992606918884122e-01
1.0000000000000000e+00
2.6871778630010112e-01
2.9794993107207124e-01
1.1992606918884122e-01
1.0000000000000000e+00
3.0610726587764248e-01
3.5336503987200563e-01
1.3002361662311160e-01
1.0000000000000000e+00
3.3778296504459604e-01
2.6962326322682206e-01
1.2605154679713451e-01
1.0000000000000000e+00
2.9592340515517890e-01
1.3809209917671983e-01
1.2605154679713451e-01
1.0000000000000000e+00
2.9103302845322787e-01
3.7125295447185680e-02
1.2605154679713451e-01
1.0000000000000000e+00
2.9052809096464216e-01
1.4999284450896089e-01
1.2605154679713451e-01
1.0000000000000000e+00
2.9435736529120504e-01
2.4406631146557634e-01
1.2605154679713451e-01
1.0000000000000000e+00
2.9895727458932697e-01
-5.5075445724651173e-02
1.2375650953126752e-01
1.0000000000000000e+00
2.9895727458932697e-01
8.1890048878267452e-02
1.1605869911236369e-01
1.0000000000000000e+00
3.5171725164690315e-01
-5.3179008467122868e-02
1.4992185987157428e-01
1.0000000000000000e+00
3.4394314053059816e-01
-6.6032362682744816e-02
1.4992185987157428e-01
1.0000000000000000e+00
3.4394314053059816e-01
1.8413370330818002e-01
1.4992185987157428e-01
1.0000000000000000e+00
3.0225065449775457e-01
2.5525728096254174e-01
1.3597817651552760e-01
1.0000000000000000e+00
2.9567653691918849e-01
2.5525728096254174e-01
1.1221773505767488e-01
1.0000000000000000e+00
3.1112717284412383e-01
2.5525728096254174e-01
1.3663750842770242e-01
1.0000000000000000e+00
3.0506965337843894e-01
2.5525728096254174e-01
1.3663750842770242e-01
1.0000000000000000e+00
3.3610774862171411e-01
2.3090198119170968e-01
1.3663750842770242e-01
1.0000000000000000e+00
2.9500203492642640e-01
2.3090198119170968e-01
1.3853916807656788e-01
1.0000000000000000e+00
3.0829928542078733e-01
3.8265606244094674e-01
1.4131754429636204e-01
1.0000000000000000e+00
3.3432424167693853e-01
4.0624285531230275e-01
1.1198606321213447e-01
1.0000000000000000e+00
3.7385028513671159e-01
5.9771979642100637e-01
1.1198606321213447e-01
1.0000000000000000e+00
3.5255219607205390e-01
5.9771979642100637e-01
1.3438764566180908e-01
1.0000000000000000e+00
3.4643051034362315e-01
3.3883781027980153e-01
1.4081593139653706e-01
1.0000000000000000e+00
2.8334155126066207e-01
2.5408905041404073e-01
1.3344199305956864e-01
1.0000000000000000e+00
2.5638558535428047e-01
2.1652771574445073e-01
1.3441781515812182e-01
1.0000000000000000e+00
2.6606519293562769e-01
2.1652771574445073e-01
1.4088703135585093e-01
1.0000000000000000e+00
2.6606519293562769e-01
3.1939918217249219e-01
1.3206229757142865e-01
1.0000000000000000e+00
2.8011953045205473e-01
2.8574090492911641e-01
1.3989053785426223e-01
1.0000000000000000e+00
2.9080318619088530e-01
2.1357490909285848e-01
1.4196717951072060e-01
1.0000000000000000e+00
3.1519036699609160e-01
3.2463890356011693e-01
1.3081973444295728e-01
1.0000000000000000e+00
3.1519036699609160e-01
2.2596528097055857e-01
1.3049613593702816e-01
1.0000000000000000e+00
3.0346973665581345e-01
5.1223271479830190e-02
1.3049613593702816e-01
1.0000000000000000e+00
3.4601568949000239e-01
4.5778420241549656e-02
1.3049613593702816e-01
1.0000000000000000e+00
3.1136383634583353e-01
1.1283319857902829e-01
1.3049613593702816e-01
1.0000000000000000e+00
1.7824302387015223e-01
7.2539717378094837e-02
1.3049613593702816e-01
1.0000000000000000e+00
1.8305900000558495e-01
1.2136416551657025e-01
1.4301093274352752e-01
1.0000000000000000e+00
1.8305900000558495e-01
1.1889749225229029e-01
1.4301093274352752e-01
1.0000000000000000e+00
1.8235756387292668e-01
1.1889749225229029e-01
1.4288076139437181e-01
1.0000000000000000e+00
1.9964628410815521e-01
1.1889749225229029e-01
1.5130890473174077e-01
1.0000000000000000e+00
1.9486014801367446e-01
7.2567219100892588e-02
1.3613528232472163e-01
1.0000000000000000e+00
2.2273407155006453e-01
7.5164739228785082e-02
1.3613528232472163e-01
1.0000000000000000e+00
3.1019043945997282e-01
1.3255667076446120e-01
1.4208588130222780e-01
1.0000000000000000e+00
3.0608135299115702e-01
1.3255667076446120e-01
1.4170235102446896e-01
1.0000000000000000e+00
3.1029473408415242e-01
1.1243905262090270e-01
1.2678980802102160e-01
1.0000000000000000e+00
2.6471427944778725e-01
6.1763418326154396e-02
1.2678980802102160e-01
1.0000000000000000e+00
2.5111005944489762e-01
6.1763418326154396e-02
1.2678980802102160e-01
1.0000000000000000e+00
2.5111005944489762e-01
6.1763418326154396e-02
1.3157984670633596e-01
1.0000000000000000e+00
2.9488319321825429e-01
2.5138535858131950e-01
1.3157984670633596e-01
1.0000000000000000e+00
2.9981937981500550e-01
3.6251777173019950e-01
1.1498370450372022e-01
1.0000000000000000e+00
2.9244270385532900e-01
1.5892145545221870e-01
1.4068568367893022e-01
1.0000000000000000e+00
3.1853955262630507e-01
1.7044670269824569e-01
1.2905484028542560e-01
1.0000000000000000e+00
3.3455351204901262e-01
-5.0054334616288498e-02
1.3144645896190923e-01
1.0000000000000000e+00
2.6546331239222809e-01
4.1010545054450676e-02
1.3144645896190923e-01
1.0000000000000000e+00
2.6517228148003369e-01
1.1848756433464591e-01
1.3533602152401727e-01
1.0000000000000000e+00
3.1459886132796555e-01
1.1271496391855185e-01
1.1836211794670817e-01
1.0000000000000000e+00
3.8652715756614953e-01
2.1723858169279997e-01
1.1836211794670817e-01
1.0000000000000000e+00
4.2506476043780594e-01
4.2488769344054167e-01
1.1195099392589328e-01
1.0000000000000000e+00
4.4790651946385651e-01
4.2488769344054167e-01
1.1168140584286448e-01
1.0000000000000000e+00
4.4790651946385651e-01
2.6231295890174811e-01
8.6916240320169896e-02
1.0000000000000000e+00
4.4790651946385651e-01
3.0428857980296020e-01
8.8164931492974580e-02
1.0000000000000000e+00
4.3050465657432824e-01
1.8348803948611025e-01
8.8164931492974580e-02
1.0000000000000000e+00
4.0200615412612706e-01
4.8735303990542933e-02
1.2204067814545852e-01
1.0000000000000000e+00
4.1336228250582963e-01
-1.4916980452835515e-02
9.9903869306763232e-02
1.0000000000000000e+00
4.1336228250582963e-01
6.7481623962521997e-03
1.1932666912125570e-01
1.0000000000000000e+00
4.0712760173772722e-01
-1.0419440995901819e-01
1.3161869659470540e-01
1.0000000000000000e+00
3.9421896048878580e-01
-1.9548512231558557e-01
1.4969817488836271e-01
1.0000000000000000e+00
4.0902178891991525e-01
-1.1318240296095605e-01
1.4969817488836271e-01
1.0000000000000000e+00
4.0657614142691045e-01
3.5207743011415049e-02
1.4969817488836271e-01
1.0000000000000000e+00
3.9423058892424478e-01
-2.3226142469793554e-01
1.4969817488836271e-01
1.0000000000000000e+00
3.7703338230784311e-01
2.4208756349980876e-02
1.4969817488836271e-01
1.0000000000000000e+00
3.5520549130450263e-01
2.4208756349980876e-02
1.5406019436577481e-01
1.0000000000000000e+00
3.7534054194401278e-01
6.1649525724351451e-02
1.7285236260304374e-01
1.0000000000000000e+00
4.2248885531734004e-01
-4.9592053331434682e-02
1.5774431787813228e-01
1.0000000000000000e+00
4.4836308446537032e-01
1.8665573322214191e-01
1.5774431787813228e-01
1.0000000000000000e+00
4.2723245884116068e-01
1.8665573322214191e-01
1.5774431787813228e-01
1.0000000000000000e+00
4.2723245884116068e-01
3.3543336712755267e-01
1.6489249265814579e-01
1.0000000000000000e+00
4.0417963976796045e-01
1.8834677659906451e-01
1.7346793117994821e-01
1.0000000000000000e+00
4.1815647541369572e-01
2.3462169379927222e-01
1.8158922421807802e-01
1.0000000000000000e+00
2.9539419024075642e-01
2.3462169379927222e-01
1.7308494060362137e-01
1.0000000000000000e+00
3.1423690531227066e-01
2.6437281579710548e-01
1.7308494060362137e-01
1.0000000000000000e+00
2.7971775073382332e-01
1.1621687882579868e-01
1.7441413256401575e-01
1.0000000000000000e+00
3.3001360658380463e-01
1.9403826766647403e-01
1.6728889600435651e-01
1.0000000000000000e+00
3.1598685204806998e-01
2.1715516918338840e-01
1.5842298821607984e-01
1.0000000000000000e+00
3.4646961454126313e-01
2.1715516918338840e-01
1.5842298821607984e-01
1.0000000000000000e+00
3.4646961454126313e-01
2.9220609501935546e-01
1.6553153500954068e-01
1.0000000000000000e+00
3.6318495858284905e-01
2.9220609501935546e-01
1.7269936607281125e-01
1.0000000000000000e+00
3.8528513897034600e-01
1.7549388990737502e-01
1.7269936607281125e-01
1.0000000000000000e+00
3.9659806888374760e-01
1.7132530589587991e-01
1.6847514904166019e-01
1.0000000000000000e+00
3.0939812015566304e-01
1.3373362873680894e-01
1.6847514904166019e-01
1.0000000000000000e+00
3.0520347960117533e-01
2.1664536227472131e-01
1.7358850858236111e-01
1.0000000000000000e+00
2.7183825976970866e-01
-4.5667735440656498e-02
1.6027134175474203e-01
1.0000000000000000e+00
2.7325906243930831e-01
-1.1296525741927321e-01
1.6082862690618641e-01
1.0000000000000000e+00
2.7325906243930831e-01
-5.6142149074003056e-02
1.8012646366205445e-01
1.0000000000000000e+00
2.8040211380283608e-01
2.3833089042455402e-03
1.8250148430761329e-01
1.0000000000000000e+00
2.9996054165820851e-01
2.3833089042455402e-03
1.7452352134805552e-01
1.0000000000000000e+00
3.1739441596727147e-01
-8.5576315922662571e-02
1.7452352134805552e-01
1.0000000000000000e+00
3.0387077678750529e-01
-5.9721339074894741e-02
1.7943771285590629e-01
1.0000000000000000e+00
3.1245392572890296e-01
-1.6074861916713412e-01
1.8589121112254361e-01
1.0000000000000000e+00
3.1245392572890296e-01
-7.5124594895169094e-02
1.8589121112254361e-01
1.0000000000000000e+00
3.1245392572890296e-01
-2.5060246097855265e-01
1.7958249998864631e-01
1.0000000000000000e+00
2.9833727807562127e-01
-1.0213708835653956e-01
1.7388955698934297e-01
1.0000000000000000e+00
2.7746728167693391e-01
-1.0254630916751917e-01
1.9719267319542269e-01
1.0000000000000000e+00
2.6335226476948037e-01
-1.6741289296187456e-01
1.9719267319542269e-01
1.0000000000000000e+00
2.4746620573858991e-01
7.3315462982282087e-02
1.7129319402974943e-01
1.0000000000000000e+00
2.1567343559871688e-01
7.3315462982282087e-02
1.8611412271511654e-01
1.0000000000000000e+00
3.1311526836651637e-01
7.3315462982282087e-02
1.8611412271511654e-01
1.0000000000000000e+00
3.1311526836651637e-01
-2.2164133661426599e-01
1.8604184559317219e-01
1.0000000000000000e+00
2.6904259936708286e-01
-2.4583166190423067e-01
1.9539931568087923e-01
1.0000000000000000e+00
2.4795092211860492e-01
-1.9990125768817957e-01
1.9584245467794972e-01
1.0000000000000000e+00
2.0104888768690898e-01
-1.9990125768817957e-01
1.7259627906842070e-01
1.0000000000000000e+00
1.9865170249539688e-01
-1.9990125768817957e-01
1.7259627906842070e-01
1.0000000000000000e+00
2.1975164057511165e-01
-1.9990125768817957e-01
1.7259627906842070e-01
1.0000000000000000e+00
1.3067712576884105e-01
-2.4687869572080667e-01
1.8418934988094407e-01
1.0000000000000000e+00
1.2880320032417103e-01
-7.0136333862319544e-02
1.9214673480255443e-01
1.0000000000000000e+00
1.2880320032417103e-01
-2.4050393984653051e-01
1.9214673480255443e-01
1.0000000000000000e+00
1.2880320032417103e-01
-1.5308483974076803e-01
1.9832890294728714e-01
1.0000000000000000e+00
1.3716737483917996e-01
-1.8431301275268153e-02
1.9832890294728714e-01
1.0000000000000000e+00
1.4370556944339796e-01
-3.4625771502032832e-02
1.9785717319118704e-01
1.0000000000000000e+00
1.1304496811061426e-01
-2.0566083774901922e-01
1.8749427426027979e-01
1.0000000000000000e+00
1.5109554515510126e-01
-2.0566083774901922e-01
1.8037470363433386e-01
1.0000000000000000e+00
1.5109554515510126e-01
6.3852583942934915e-02
2.0113511945473875e-01
1.0000000000000000e+00
1.5109554515510126e-01
-1.2335956660099323e-01
1.9569817654210056e-01
1.0000000000000000e+00
1.1106822756408974e-01
-1.2335956660099323e-01
1.8060547395962204e-01
1.0000000000000000e+00
1.2658562441646382e-01
-4.5687800319865302e-02
2.0620960838514293e-01
1.0000000000000000e+00
1.2658562441646382e-01
2.8084050398320404e-03
2.0083621845933522e-01
1.0000000000000000e+00
1.5747879655390307e-01
6.5025236411020204e-02
2.0083621845933522e-01
1.0000000000000000e+00
1.5254787658631130e-01
-3.2708320813253478e-02
1.9138974559846247e-01
1.0000000000000000e+00
1.9161116262256428e-01
8.8907856447622224e-02
1.6616680336537684e-01
1.0000000000000000e+00
1.9161116262256428e-01
1.4813560945913240e-02
1.8916695568132127e-01
1.0000000000000000e+00
2.1852022526144310e-01
1.4813560945913240e-02
1.8159350988808001e-01
1.0000000000000000e+00
2.1513247327237650e-01
1.5948957572691147e-01
2.0234767769816245e-01
1.0000000000000000e+00
2.6055404194920584e-01
1.5948957572691147e-01
1.9302370169552888e-01
1.0000000000000000e+00
2.8237038129299208e-01
6.3455216120928970e-03
1.9302370169552888e-01
1.0000000000000000e+00
2.4786312342911287e-01
-9.7977044107392386e-02
1.9302370169552888e-01
1.0000000000000000e+00
2.4786312342911287e-01
-2.1486388565972403e-02
1.9302370169552888e-01
1.0000000000000000e+00
2.9662976996331736e-01
1.4043424832634632e-01
1.8755900385131100e-01
1.0000000000000000e+00
3.0064686690747067e-01
1.2338734599761669e-01
1.8755900385131100e-01
1.0000000000000000e+00
3.2753032096951529e-01
1.2338734599761669e-01
1.7612920413066604e-01
1.0000000000000000e+00
3.2753032096951529e-01
-3.3487286884337220e-03
1.7502431050215819e-01
1.0000000000000000e+00
3.3071421599305495e-01
2.9150106194429104e-01
1.7502431050215819e-01
1.0000000000000000e+00
2.9376776283896788e-01
2.9150106194429104e-01
1.6399858172790119e-01
1.0000000000000000e+00
3.2723119994915351e-01
7.6238335995003625e-02
1.6729260401607463e-01
1.0000000000000000e+00
3.3922672225452288e-01
4.6265523834154054e-02
1.6731957791180321e-01
1.0000000000000000e+00
3.1673299847460612e-01
4.6265523834154054e-02
1.6731957791180321e-01
1.0000000000000000e+00
2.7488711430049761e-01
1.1605117092840378e-01
1.6612564006627509e-01
1.0000000000000000e+00
2.7488711430049761e-01
-2.8118457691743926e-02
1.6612564006627509e-01
1.0000000000000000e+00
2.0768404705739840e-01
1.0767374141141817e-02
1.7014308579073259e-01
1.0000000000000000e+00
2.1958013112015351e-01
7.2716122493148294e-03
1.8019296347902128e-01
1.0000000000000000e+00
2.3226196924514397e-01
-9.2652696929871992e-02
1.8019296347902128e-01
1.0000000000000000e+00
2.0323227951593026e-01
-4.2161833308637098e-02
1.8019296347902128e-01
1.0000000000000000e+00
2.2822047071821316e-01
-1.8242580797523256e-01
1.6660095590905258e-01
1.0000000000000000e+00
2.3278810204936917e-01
-1.6138220373541112e-01
1.7443944539681980e-01
1.0000000000000000e+00
2.3278810204936917e-01
-8.4010017849504903e-02
1.8008058683753916e-01
1.0000000000000000e+00
2.3278810204936917e-01
2.0497798379510646e-01
1.8008058683753916e-01
1.0000000000000000e+00
3.1393280373885091e-01
2.0317756170406942e-01
1.8008058683753916e-01
1.0000000000000000e+00
3.4643475972114857e-01
2.0317756170406942e-01
1.8495935600058147e-01
1.0000000000000000e+00
3.5014296211301144e-01
2.0317756170406942e-01
1.8495935600058147e-01
1.0000000000000000e+00
3.7247616685925777e-01
1.0795948440209036e-01
1.8368092356522539e-01
1.0000000000000000e+00
3.2957418989388998e-01
2.3910550558939581e-01
1.8368092356522539e-01
1.0000000000000000e+00
2.5650757811962421e-01
1.5025792801752691e-01
1.8368092356522539e-01
1.0000000000000000e+00
3.1033342778681572e-01
1.7049346650019293e-01
1.8368092356522539e-01
1.0000000000000000e+00
2.8522757515310104e-01
2.9306987086310987e-01
1.8368092356522539e-01
1.0000000000000000e+00
2.8865141158456709e-01
1.1205925205722456e-01
1.9321832983096102e-01
1.0000000000000000e+00
2.9537273121530916e-01
2.6672087023034696e-01
1.9583723871310213e-01
1.0000000000000000e+00
3.2032955174798872e-01
1.6248775431886320e-01
2.0975754028459051e-01
1.0000000000000000e+00
2.7757780177051927e-01
8.0783376190811440e-02
2.0830158833687165e-01
1.0000000000000000e+00
2.3473858593496288e-01
8.0783376190811440e-02
2.0830158833687165e-01
1.0000000000000000e+00
2.3473858593496288e-01
1.1216717744246130e-01
1.9393074456875184e-01
1.0000000000000000e+00
2.1222326664718594e-01
9.1326461825519845e-02
1.9880693117429474e-01
1.0000000000000000e+00
1.8736241750883664e-01
1.4393420610576912e-02
1.9880693117429474e-01
1.0000000000000000e+00
1.6042966668027248e-01
6.9278966356068894e-02
1.9880693117429474e-01
1.0000000000000000e+00
1.3581203150096144e-01
2.3042779136449143e-02
1.9880693117429474e-01
1.0000000000000000e+00
1.4762272544902544e-01
-7.6002781558781818e-02
1.9880693117429474e-01
1.0000000000000000e+00
1.1635649063390474e-01
8.4062914084643170e-02
1.9880693117429474e-01
1.0000000000000000e+00
1.6594095014733057e-01
2.0877960575744514e-01
1.9880693117429474e-01
1.0000000000000000e+00
1.6547564232604373e-01
1.4195449156686668e-01
1.9880693117429474e-01
1.0000000000000000e+00
2.1396850330637562e-01
1.6103386012837295e-01
2.1103781080146292e-01
1.0000000000000000e+00
1.2765380648778546e-01
1.6103386012837295e-01
1.7950696489115217e-01
1.0000000000000000e+00
1.2765380648778546e-01
9.1010763030499264e-02
1.8198835799976223e-01
1.0000000000000000e+00
1.0156694149480927e-01
2.2520771501585846e-01
1.7683614740653866e-01
1.0000000000000000e+00
1.0156694149480927e-01
-1.1219923663884357e-02
1.6605343899263972e-01
1.0000000000000000e+00
8.9318132045434595e-02
3.4122633440420036e-01
1.6605343899263972e-01
1.0000000000000000e+00
8.7766573665419401e-02
2.6118114795535807e-01
1.6240273645653361e-01
1.0000000000000000e+00
8.7766573665419401e-02
6.5596530400216624e-02
1.6876337999983662e-01
1.0000000000000000e+00
8.7766573665419401e-02
6.5596530400216624e-02
1.7931284705682629e-01
1.0000000000000000e+00
8.2469171745458425e-02
1.0866756197065119e-01
1.7866335794369662e-01
1.0000000000000000e+00
8.2469171745458425e-02
2.0074583422392611e-01
1.8356227953026974e-01
1.0000000000000000e+00
7.7213030675181926e-02
2.7961699729785328e-01
1.7909728255162918e-01
1.0000000000000000e+00
7.7213030675181926e-02
4.0335977142676716e-01
1.8520221285562002e-01
1.0000000000000000e+00
7.7213030675181926e-02
3.8216482913121586e-01
1.6897789490449214e-01
1.0000000000000000e+00
1.2621036953640896e-01
4.3203357299789791e-01
1.6897789490449214e-01
1.0000000000000000e+00
7.5416641676554264e-02
4.5507912333123390e-01
1.6897789490449214e-01
1.0000000000000000e+00
2.5833988928923191e-02
4.5507912333123390e-01
1.6861992617177748e-01
1.0000000000000000e+00
2.5833988928923191e-02
4.5507912333123390e-01
1.6192205677780294e-01
1.0000000000000000e+00
2.0792909373881230e-03
5.3318508709780876e-01
1.5771534069481277e-01
1.0000000000000000e+00
-1.4778063964342891e-02
5.2971669863909487e-01
1.5771534069481277e-01
1.0000000000000000e+00
2.7911722328269661e-02
5.1686006896197800e-01
1.4370546265545273e-01
1.0000000000000000e+00
6.8481607962155522e-02
5.1686006896197800e-01
1.5685333378187352e-01
1.0000000000000000e+00
1.0860494770457763e-01
5.1686006896197800e-01
1.8159044414333039e-01
1.0000000000000000e+00
9.9342060874903382e-02
5.3566721193492417e-01
1.8551001260184422e-01
1.0000000000000000e+00
1.7008206587632912e-01
5.1338304691016678e-01
1.8551001260184422e-01
1.0000000000000000e+00
1.2418863516649026e-01
3.6167521886527543e-01
1.7788208210968151e-01
1.0000000000000000e+00
1.6723778764134067e-01
5.6506008021533494e-01
1.7788208210968151e-01
1.0000000000000000e+00
1.6723778764134067e-01
6.0595514737069611e-01
1.8646247899287119e-01
1.0000000000000000e+00
1.1837582396691460e-01
5.4793891049921517e-01
1.7597985016309395e-01
1.0000000000000000e+00
1.3021758677786011e-01
5.8499664552509789e-01
1.8672928149007931e-01
1.0000000000000000e+00
1.6110282990410951e-01
5.8499664552509789e-01
1.8672928149007931e-01
1.0000000000000000e+00
1.6110282990410951e-01
6.5649113589897756e-01
2.0347210141026154e-01
1.0000000000000000e+00
1.2867850431501893e-01
6.5649113589897756e-01
1.7870390466541722e-01
1.0000000000000000e+00
1.2867850431501893e-01
6.5649113589897756e-01
1.7870390466541722e-01
1.0000000000000000e+00
1.3628762022852925e-01
6.9368620747700338e-01
1.7820673021615221e-01
1.0000000000000000e+00
1.3009680987596539e-01
7.2537542665377264e-01
1.7820673021615221e-01
1.0000000000000000e+00
1.4275061891675023e-01
7.2537542665377264e-01
1.8565931222528889e-01
1.0000000000000000e+00
1.8536345747560290e-01
7.2537542665377264e-01
1.8565931222528889e-01
1.0000000000000000e+00
1.8722611671108780e-01
7.0455184178426866e-01
1.8900547134817317e-01
1.0000000000000000e+00
1.7675026511568603e-01
6.1893246667459612e-01
1.7871832456567063e-01
1.0000000000000000e+00
2.5703962897677002e-01
7.1880670608952646e-01
1.7871832456567063e-01
1.0000000000000000e+00
2.6817881181631265e-01
7.1880670608952646e-01
2.0133402180053964e-01
1.0000000000000000e+00
2.4963825247976956e-01
7.1880670608952646e-01
1.9662368651606812e-01
1.0000000000000000e+00
2.8338846616242108e-01
7.1880670608952646e-01
2.0376357883342280e-01
1.0000000000000000e+00
2.7638497115839300e-01
7.1880670608952646e-01
2.0565003848296329e-01
1.0000000000000000e+00
2.7394299563746927e-01
5.9429710330441599e-01
1.9797489459288045e-01
1.0000000000000000e+00
2.7394299563746927e-01
7.9597201170399789e-01
1.9797489459288045e-01
1.0000000000000000e+00
3.0208253842573640e-01
7.9597201170399789e-01
1.8230648751032277e-01
1.0000000000000000e+00
3.0208253842573640e-01
7.9597201170399789e-01
1.7037923394364043e-01
1.0000000000000000e+00
3.4050609898548601e-01
7.9597201170399789e-01
2.0038714951497241e-01
1.0000000000000000e+00
3.1452700477819917e-01
7.9597201170399789e-01
2.0038714951497241e-01
1.0000000000000000e+00
3.2487930805217502e-01
6.6560554476454858e-01
2.0038714951497241e-01
1.0000000000000000e+00
2.7352475822698352e-01
7.0027757408097391e-01
1.9459861510094925e-01
1.0000000000000000e+00
3.9100403693299768e-01
7.0953954076394443e-01
1.9459861510094925e-01
1.0000000000000000e+00
3.9922462339308140e-01
6.6455891793593769e-01
1.9459861510094925e-01
1.0000000000000000e+00
3.8842875445988057e-01
7.3135918444022541e-01
1.9459861510094925e-01
1.0000000000000000e+00
3.4121226431597051e-01
7.3135918444022541e-01
1.9409046967175528e-01
1.0000000000000000e+00
3.7094874033499536e-01
6.3612125134095554e-01
1.8977105345820747e-01
1.0000000000000000e+00
3.2415007246453342e-01
6.8089831953402613e-01
1.8977105345820747e-01
1.0000000000000000e+00
2.7162542804870782e-01
6.4104089101310824e-01
1.8977105345820747e-01
1.0000000000000000e+00
2.1531128935311017e-01
6.4104089101310824e-01
1.7796939959644079e-01
1.0000000000000000e+00
2.1346984168775407e-01
6.8683124014642094e-01
1.7796939959644079e-01
1.0000000000000000e+00
2.2550041338689653e-01
7.1736111545469616e-01
1.9960904097079038e-01
1.0000000000000000e+00
2.1967148332186071e-01
6.1326451653148983e-01
1.9960904097079038e-01
1.0000000000000000e+00
2.9940907301642028e-01
6.3187274576630448e-01
1.9752596643647849e-01
1.0000000000000000e+00
3.4347907470800010e-01
6.3187274576630448e-01
1.9061994737839996e-01
1.0000000000000000e+00
3.2070187542848316e-01
5.9379779042210434e-01
2.0190976838475763e-01
1.0000000000000000e+00
3.2070187542848316e-01
6.4451276098843668e-01
1.9005955195880234e-01
1.0000000000000000e+00
3.6709133971743313e-01
6.9434237626846884e-01
1.9005955195880234e-01
1.0000000000000000e+00
3.3181229680775459e-01
6.8336785079445694e-01
1.9005955195880234e-01
1.0000000000000000e+00
3.3334451168337864e-01
5.2141594009008263e-01
1.9005955195880234e-01
1.0000000000000000e+00
3.2830992992529673e-01
7.2934745864477013e-01
1.9147567275340407e-01
1.0000000000000000e+00
3.6504228319535059e-01
7.2062873148825024e-01
1.9147567275340407e-01
1.0000000000000000e+00
3.2896634470233721e-01
7.2062873148825024e-01
2.0906133471416979e-01
1.0000000000000000e+00
3.5014750109547776e-01
6.8264126458670948e-01
2.0906133471416979e-01
1.0000000000000000e+00
2.7552092214608592e-01
6.8264126458670948e-01
2.0906133471416979e-01
1.0000000000000000e+00
2.6969535368988318e-01
7.2255922534968708e-01
2.1586981868731528e-01
1.0000000000000000e+00
2.6969535368988318e-01
7.2255922534968708e-01
2.2455312112706452e-01
1.0000000000000000e+00
2.6969535368988318e-01
7.2255922534968708e-01
2.2455312112706452e-01
1.0000000000000000e+00
2.1857306826422018e-01
7.2255922534968708e-01
2.1203255826967507e-01
1.0000000000000000e+00
1.8093850183794302e-01
7.2255922534968708e-01
2.1203255826967507e-01
1.0000000000000000e+00
2.5058168638059897e-01
7.6444235497619961e-01
2.2376336237775832e-01
1.0000000000000000e+00
2.4652857379550142e-01
6.9817706251051281e-01
2.2376336237775832e-01
1.0000000000000000e+00
1.9834615475991768e-01
6.9817706251051281e-01
2.2376336237775832e-01
1.0000000000000000e+00
1.9834615475991768e-01
6.7778666184749459e-01
2.2431618160462677e-01
1.0000000000000000e+00
2.2836874704370302e-01
6.7778666184749459e-01
2.3617808612889349e-01
1.0000000000000000e+00
2.7124331425437731e-01
6.9351508335676049e-01
2.4422133154130279e-01
1.0000000000000000e+00
2.7124331425437731e-01
6.5184786038007592e-01
1.9819241714558303e-01
1.0000000000000000e+00
2.7124331425437731e-01
6.5184786038007592e-01
2.4528609983517527e-01
1.0000000000000000e+00
3.0012587178060812e-01
6.5184786038007592e-01
2.4001642571656703e-01
1.0000000000000000e+00
3.5763628873536391e-01
6.5184786038007592e-01
2.2759414533047675e-01
1.0000000000000000e+00
3.2610939163276953e-01
6.5184786038007592e-01
2.2805624707380048e-01
1.0000000000000000e+00
2.4721136805163724e-01
6.3594190084841107e-01
2.2805624707380048e-01
1.0000000000000000e+00
2.1801437600078089e-01
7.2363350593950604e-01
2.2805624707380048e-01
1.0000000000000000e+00
2.7388696535052759e-01
7.4549965241458271e-01
2.2805624707380048e-01
1.0000000000000000e+00
3.3742458605701131e-01
7.1226313763763760e-01
2.2518893187643699e-01
1.0000000000000000e+00
3.3742458605701131e-01
7.1226313763763760e-01
2.4666127977670840e-01
1.0000000000000000e+00
3.3742458605701131e-01
7.1226313763763760e-01
2.4666127977670840e-01
1.0000000000000000e+00
3.0662252055043382e-01
7.1290246357675646e-01
2.4666127977670840e-01
1.0000000000000000e+00
2.9524998426057891e-01
7.1290246357675646e-01
2.3705629208834580e-01
1.0000000000000000e+00
2.4592225988016025e-01
7.2038226767908786e-01
2.3705629208834580e-01
1.0000000000000000e+00
2.5819806930229561e-01
7.2038226767908786e-01
2.3705629208834580e-01
1.0000000000000000e+00
3.0430859860933879e-01
7.2038226767908786e-01
2.3376152404362074e-01
1.0000000000000000e+00
3.0430859860933879e-01
7.2038226767908786e-01
2.3349563878273330e-01
1.0000000000000000e+00
2.8277419389195302e-01
7.2038226767908786e-01
2.3471388624293468e-01
1.0000000000000000e+00
3.3389211514003136e-01
7.2038226767908786e-01
2.3002597906870506e-01
1.0000000000000000e+00
2.8179881044633248e-01
7.2038226767908786e-01
2.5060694160183627e-01
1.0000000000000000e+00
3.0621588204957106e-01
7.2038226767908786e-01
2.2335518298914392e-01
1.0000000000000000e+00
3.3803976674533942e-01
7.2038226767908786e-01
2.3082028127519150e-01
1.0000000000000000e+00
3.4722524949319222e-01
7.3069641932379459e-01
2.2979136075136919e-01
1.0000000000000000e+00
3.0736077644831994e-01
7.3069641932379459e-01
2.2046439334062595e-01
1.0000000000000000e+00
2.4931589302576640e-01
8.0080300762783740e-01
2.2873472034243603e-01
1.0000000000000000e+00
2.1690221711031654e-01
8.1337038527708505e-01
2.2996873113570471e-01
1.0000000000000000e+00
2.1583008554733851e-01
6.9936079632025216e-01
2.4591145555732508e-01
1.0000000000000000e+00
2.1583008554733851e-01
6.9936079632025216e-01
2.3448438507748504e-01
1.0000000000000000e+00
1.9059396184019306e-01
6.9936079632025216e-01
2.3448438507748504e-01
1.0000000000000000e+00
2.4524364769894191e-01
7.1727397206705068e-01
2.4088825595808883e-01
1.0000000000000000e+00
2.2733569806877085e-01
7.1902380390092735e-01
2.4088825595808883e-01
1.0000000000000000e+00
2.1050709030095049e-01
8.4070881335064773e-01
2.3689706095738072e-01
1.0000000000000000e+00
1.7151970332923838e-01
8.5468417843803768e-01
2.3689706095738072e-01
1.0000000000000000e+00
1.4956124520830372e-01
8.5468417843803768e-01
2.3381214433593411e-01
1.0000000000000000e+00
1.8433773800933295e-01
7.9544714903458957e-01
2.4338854880315919e-01
1.0000000000000000e+00
1.8433773800933295e-01
7.3333140900358562e-01
2.3658480060530562e-01
1.0000000000000000e+00
1.8433773800933295e-01
7.3459923006594186e-01
2.2313109816295762e-01
1.0000000000000000e+00
2.4915256331877345e-01
6.5985903628170495e-01
2.2313109816295762e-01
1.0000000000000000e+00
2.7035395688579911e-01
6.8539639301598076e-01
2.3283864029926915e-01
1.0000000000000000e+00
2.9238618110974812e-01
6.6184348165988927e-01
2.2714021506963034e-01
1.0000000000000000e+00
2.6304418539365315e-01
6.6579389451071624e-01
2.2090453871769566e-01
1.0000000000000000e+00
2.6304418539365315e-01
5.2783862194046383e-01
2.2090453871769566e-01
1.0000000000000000e+00
2.6304418539365315e-01
5.6007295912131672e-01
1.9190163836592544e-01
1.0000000000000000e+00
2.2303222042245352e-01
6.6425237869843845e-01
2.1545982100778927e-01
1.0000000000000000e+00
2.2303222042245352e-01
6.0287128826603298e-01
2.2054087483102192e-01
1.0000000000000000e+00
2.0828200892282211e-01
6.5238152882084255e-01
2.2054087483102192e-01
1.0000000000000000e+00
2.4829306282771313e-01
5.8089801361784343e-01
2.1619801102915515e-01
1.0000000000000000e+00
2.7109677732659065e-01
7.3306949781253938e-01
2.3695344357529391e-01
1.0000000000000000e+00
2.8543194398952210e-01
7.3306949781253938e-01
2.3695344357529391e-01
1.0000000000000000e+00
2.9084065013302052e-01
7.3306949781253938e-01
2.3520100368896235e-01
1.0000000000000000e+00
2.9084065013302052e-01
6.8242191495373850e-01
2.3125361903348673e-01
1.0000000000000000e+00
2.9084065013302052e-01
7.2724025296047334e-01
2.3641600898245085e-01
1.0000000000000000e+00
2.9248226600901717e-01
7.5794602343812589e-01
2.3641600898245085e-01
1.0000000000000000e+00
2.7650990690307253e-01
7.5748989889398222e-01
2.3641600898245085e-01
1.0000000000000000e+00
2.7650990690307253e-01
6.4849170455709104e-01
2.3641600898245085e-01
1.0000000000000000e+00
2.2720216148735517e-01
7.4679862866178159e-01
2.2908354476803650e-01
1.0000000000000000e+00
1.8588509344698423e-01
7.4679862866178159e-01
2.5434409101271738e-01
1.0000000000000000e+00
1.6324424118937486e-01
7.4679862866178159e-01
2.4744125160632391e-01
1.0000000000000000e+00
1.7656987467051977e-01
6.9609360555186872e-01
2.3317429314611215e-01
1.0000000000000000e+00
1.9350042812146739e-01
6.9609360555186872e-01
2.3393115164490152e-01
1.0000000000000000e+00
1.9436083141334848e-01
6.9530099986586724e-01
2.4151600660534311e-01
1.0000000000000000e+00
1.9834262610964970e-01
6.9530099986586724e-01
2.3283028319256116e-01
1.0000000000000000e+00
1.9333184616260723e-01
7.0035795944277202e-01
2.3283028319256116e-01
1.0000000000000000e+00
1.4865385846786694e-01
7.0035795944277202e-01
2.2904115191031449e-01
1.0000000000000000e+00
1.4234098245941595e-01
7.0035795944277202e-01
2.1724615173716300e-01
1.0000000000000000e+00
1.5548957710706190e-01
7.0035795944277202e-01
2.1660693045541846e-01
1.0000000000000000e+00
1.5548957710706190e-01
7.0035795944277202e-01
2.3275720558431201e-01
1.0000000000000000e+00
1.3575390459590153e-01
5.9934118071105336e-01
2.2929005974274330e-01
1.0000000000000000e+00
1.7464161211245255e-01
6.9232517906930302e-01
2.3460966625552826e-01
1.0000000000000000e+00
1.3238837023817496e-01
6.9232517906930302e-01
2.4712841117125206e-01
1.0000000000000000e+00
1.4830471634485320e-01
6.9232517906930302e-01
2.2723624107729845e-01
1.0000000000000000e+00
1.4830471634485320e-01
5.9967549571301793e-01
2.2723624107729845e-01
1.0000000000000000e+00
1.4830471634485320e-01
7.9904838332440709e-01
2.2581007023527488e-01
1.0000000000000000e+00
1.7274648010351257e-01
7.4475048535969113e-01
2.2581007023527488e-01
1.0000000000000000e+00
1.8459052558608846e-01
6.3234566205646847e-01
2.2581007023527488e-01
1.0000000000000000e+00
1.6756873543926076e-01
5.5835183763410901e-01
2.2546355682843566e-01
1.0000000000000000e+00
2.1230632964142160e-01
8.6829673144966368e-01
2.0853889058762431e-01
1.0000000000000000e+00
1.7316546443470315e-01
8.6829673144966368e-01
2.3157396796577812e-01
1.0000000000000000e+00
1.7316546443470315e-01
9.3891638163477187e-01
2.3949231743299604e-01
1.0000000000000000e+00
1.8972781080373124e-01
9.2113683950155978e-01
2.4019342934898302e-01
1.0000000000000000e+00
1.9539557410024599e-01
9.2113683950155978e-01
2.1350406477413342e-01
1.0000000000000000e+00
3.0804836762689547e-01
9.2440291233360772e-01
2.4722250918111965e-01
1.0000000000000000e+00
2.9040163395546870e-01
9.6970109753310685e-01
2.3177996272406742e-01
1.0000000000000000e+00
2.9040163395546870e-01
9.6970109753310685e-01
2.2147014347556249e-01
1.0000000000000000e+00
2.9040163395546870e-01
9.1220303550362591e-01
2.2147014347556249e-01
1.0000000000000000e+00
2.6149390464269118e-01
9.1220303550362591e-01
2.2147014347556249e-01
1.0000000000000000e+00
2.9256581900261835e-01
9.1220303550362591e-01
2.2147014347556249e-01
1.0000000000000000e+00
3.1039705140136675e-01
9.1220303550362591e-01
2.1304565557929889e-01
1.0000000000000000e+00
3.7268235360824065e-01
9.1220303550362591e-01
2.1304565557929889e-01
1.0000000000000000e+00
3.5811279913031058e-01
9.1220303550362591e-01
2.1304565557929889e-01
1.0000000000000000e+00
3.5811279913031058e-01
8.9731279499828820e-01
2.1381941083072886e-01
1.0000000000000000e+00
3.6424253288276986e-01
8.9731279499828820e-01
1.9620791660108805e-01
1.0000000000000000e+00
3.7152117037766175e-01
8.9631746960803871e-01
1.9642877509304524e-01
1.0000000000000000e+00
3.3512915217869477e-01
8.9631746960803871e-01
1.9443709333845616e-01
1.0000000000000000e+00
3.6858595082156853e-01
8.9631746960803871e-01
1.9443709333845616e-01
1.0000000000000000e+00
3.6858595082156853e-01
8.9631746960803871e-01
1.9035311486059070e-01
1.0000000000000000e+00
3.9175567229830222e-01
8.9631746960803871e-01
1.9035311486059070e-01
1.0000000000000000e+00
3.3165432897948222e-01
8.9631746960803871e-01
1.9037258695298076e-01
1.0000000000000000e+00
3.3165432897948222e-01
8.4489347850903873e-01
1.9037258695298076e-01
1.0000000000000000e+00
3.3818355122201638e-01
9.3865943392738704e-01
1.8403207208448291e-01
1.0000000000000000e+00
3.4250155429907636e-01
9.3865943392738704e-01
1.9737887918436170e-01
1.0000000000000000e+00
4.2386720295615987e-01
9.3865943392738704e-01
1.9607764459633470e-01
1.0000000000000000e+00
4.0326204489537076e-01
8.7063570013269787e-01
1.9175744778895021e-01
1.0000000000000000e+00
3.8892895135649042e-01
8.7063570013269787e-01
1.9807807612651229e-01
1.0000000000000000e+00
3.4819719627120094e-01
9.0544540500268345e-01
1.9807807612651229e-01
1.0000000000000000e+00
3.3525143157311277e-01
9.0544540500268345e-01
1.8503985158586145e-01
1.0000000000000000e+00
3.6207080458842711e-01
8.2155942237004642e-01
1.9723703759209454e-01
1.0000000000000000e+00
3.6994463590525584e-01
8.2155942237004642e-01
2.0687563458759539e-01
1.0000000000000000e+00
3.9726170723878340e-01
8.2155942237004642e-01
1.9292151483077757e-01
1.0000000000000000e+00
4.6162375634156660e-01
9.2051735492423181e-01
2.0498035682667248e-01
1.0000000000000000e+00
4.6891868630626732e-01
8.7279342703986917e-01
2.0498035682667248e-01
1.0000000000000000e+00
4.0142333278635078e-01
8.8902167447377001e-01
2.1050726875964754e-01
1.0000000000000000e+00
3.5947530115225845e-01
8.8902167447377001e-01
2.1050726875964754e-01
1.0000000000000000e+00
3.8184548313000732e-01
8.7050161540973936e-01
1.8079651773277872e-01
1.0000000000000000e+00
4.1128818601572448e-01
8.7050161540973936e-01
1.8079651773277872e-01
1.0000000000000000e+00
4.3238257038609618e-01
8.7050161540973936e-01
1.7418738894466512e-01
1.0000000000000000e+00
4.1148457284288043e-01
8.7050161540973936e-01
1.7418738894466512e-01
1.0000000000000000e+00
4.4852691869454020e-01
8.7050161540973936e-01
1.6330904022161119e-01
1.0000000000000000e+00
