4
1000
2.8849591182006407e-01
7.9768525183753813e-01
1.6982167402748019e-01
1.0000000000000000e+00
3.5201565509123611e-01
5.7343512893276061e-01
1.6982167402748019e-01
1.0000000000000000e+00
3.5196940654350328e-01
5.7343512893276061e-01
1.6982167402748019e-01
1.0000000000000000e+00
3.1302143034918117e-01
4.4832459211902465e-01
1.6701354996766896e-01
1.0000000000000000e+00
3.1302143034918117e-01
5.4918541133956755e-01
1.5740831606090069e-01
1.0000000000000000e+00
3.2555112203044700e-01
5.4918541133956755e-01
1.5388067173771561e-01
1.0000000000000000e+00
3.2555112203044700e-01
5.4918541133956755e-01
1.6727216637227685e-01
1.0000000000000000e+00
3.2976095711273956e-01
5.6983748198108519e-01
1.6727216637227685e-01
1.0000000000000000e+00
3.4257121460905182e-01
5.6983748198108519e-01
1.6330587633419782e-01
1.0000000000000000e+00
3.1337213406732189e-01
5.6983748198108519e-01
1.7116022531408817e-01
1.0000000000000000e+00
3.1068612642047810e-01
4.8906028390483702e-01
1.7651690870989115e-01
1.0000000000000000e+00
2.9400138168057310e-01
4.8906028390483702e-01
1.7522793905809522e-01
1.0000000000000000e+00
2.4045669084807741e-01
6.4854103446559752e-01
1.7522793905809522e-01
1.0000000000000000e+00
1.9093798270841944e-01
7.6836826026992644e-01
1.6903706956654788e-01
1.0000000000000000e+00
1.9093798270841944e-01
6.6806439430074538e-01
1.6230281759053469e-01
1.0000000000000000e+00
2.0831804781846586e-01
4.6959909171418990e-01
1.6230281759053469e-01
1.0000000000000000e+00
2.0047561883620801e-01
3.6227292687253798e-01
1.6186685780994595e-01
1.0000000000000000e+00
2.2016054823689046e-01
2.3985269785480345e-01
1.5707231559790671e-01
1.0000000000000000e+00
2.1951361432365957e-01
2.3985269785480345e-01
1.5707231559790671e-01
1.0000000000000000e+00
1.9672244677713024e-01
4.1360412657813872e-01
1.4797984655306209e-01
1.0000000000000000e+00
1.5183957184126484e-01
3.5885236159519995e-01
1.5749188545451034e-01
1.0000000000000000e+00
1.7961500661840546e-01
3.5885236159519995e-01
1.5749188545451034e-01
1.0000000000000000e+00
2.0983414242436993e-01
3.5885236159519995e-01
1.4969761562824715e-01
1.0000000000000000e+00
2.1660904476811993e-01
4.0070966378407324e-01
1.4969761562824715e-01
1.0000000000000000e+00
2.2882879043390858e-01
3.4988518924074019e-01
1.5043636870686897e-01
1.0000000000000000e+00
2.2882879043390858e-01
5.0483323008375014e-01
1.5138367463951000e-01
1.0000000000000000e+00
1.8309129758199560e-01
5.5886895748408283e-01
1.5138367463951000e-01
1.0000000000000000e+00
1.8309129758199560e-01
6.7817180397541965e-01
1.5634684537653812e-01
1.0000000000000000e+00
1.8309129758199560e-01
6.8101751132489885e-01
1.5488789515220561e-01
1.0000000000000000e+00
1.1913318124061334e-01
7.0495999677659715e-01
1.5833810605690815e-01
1.0000000000000000e+00
1.2231824204718578e-01
7.0495999677659715e-01
1.5833810605690815e-01
1.0000000000000000e+00
1.0621937580799568e-01
7.4740529878617967e-01
1.5918682637275197e-01
1.0000000000000000e+00
1.0621937580799568e-01
7.4740529878617967e-01
1.5918682637275197e-01
1.0000000000000000e+00
1.2650114700591075e-01
6.6160425616981233e-01
1.5918682637275197e-01
1.0000000000000000e+00
1.2718846120333183e-01
6.4392574018420423e-01
1.6195903118350544e-01
1.0000000000000000e+00
1.1353960011547315e-01
6.0676905399741377e-01
1.2739221803494730e-01
1.0000000000000000e+00
1.1353960011547315e-01
6.4208765959920133e-01
1.6567357332096436e-01
1.0000000000000000e+00
1.3445780130496132e-01
6.4208765959920133e-01
1.5781746693537571e-01
1.0000000000000000e+00
1.3445780130496132e-01
7.3955237752379621e-01
1.6670775232487359e-01
1.0000000000000000e+00
1.5683349857499707e-01
7.3955237752379621e-01
1.6670775232487359e-01
1.0000000000000000e+00
1.5683349857499707e-01
7.3955237752379621e-01
1.5567443338804879e-01
1.0000000000000000e+00
1.7182356615012395e-01
6.5332550442399229e-01
1.6613732376717963e-01
1.0000000000000000e+00
1.9704920735603082e-01
6.3126341512979711e-01
1.7022155882441439e-01
1.0000000000000000e+00
1.9704920735603082e-01
6.0796870736958231e-01
1.6718990896479227e-01
1.0000000000000000e+00
1.9704920735603082e-01
6.8552148787857736e-01
1.4194899313733914e-01
1.0000000000000000e+00
2.1251471277719247e-01
6.8552148787857736e-01
1.5746139786788263e-01
1.0000000000000000e+00
1.9826318633204210e-01
6.8372658457228686e-01
1.5457027014927008e-01
1.0000000000000000e+00
2.1559018951302278e-01
6.8372658457228686e-01
1.5997114200727083e-01
1.0000000000000000e+00
2.1559018951302278e-01
6.6096794049808527e-01
1.7544543911353686e-01
1.0000000000000000e+00
2.3731940176730859e-01
6.6144391929701674e-01
1.7676593647920527e-01
1.0000000000000000e+00
2.3797937140261638e-01
7.9022960400179731e-01
1.7676593647920527e-01
1.0000000000000000e+00
2.3308555532639730e-01
7.6140241360262739e-01
1.7676593647920527e-01
1.0000000000000000e+00
1.9228080038374173e-01
7.6140241360262739e-01
1.6605824423604645e-01
1.0000000000000000e+00
1.7053444061821210e-01
6.8775901978806364e-01
1.7367863008403220e-01
1.0000000000000000e+00
1.5416826803630101e-01
6.8775901978806364e-01
1.8581415846128949e-01
1.0000000000000000e+00
2.3414479691928136e-01
7.8748889861599314e-01
1.6987806878169068e-01
1.0000000000000000e+00
1.6855804372971761e-01
6.4938769338623392e-01
1.6987806878169068e-01
1.0000000000000000e+00
1.7112416757663595e-01
6.6622955573693621e-01
1.6987806878169068e-01
1.0000000000000000e+00
1.6127230117490399e-01
6.6622955573693621e-01
1.6987806878169068e-01
1.0000000000000000e+00
1.8968623860200751e-01
7.0600366441503870e-01
1.6987806878169068e-01
1.0000000000000000e+00
1.8145661598464358e-01
7.0600366441503870e-01
1.7857179178972729e-01
1.0000000000000000e+00
2.3662983796020853e-01
6.2713957427040445e-01
1.7052198427845724e-01
1.0000000000000000e+00
2.9336750304719317e-01
6.0786192527011740e-01
1.7052198427845724e-01
1.0000000000000000e+00
2.7469662374278414e-01
5.8975968172744619e-01
1.7052198427845724e-01
1.0000000000000000e+00
2.5136344835846103e-01
5.8459418302372801e-01
1.7052198427845724e-01
1.0000000000000000e+00
2.4763648959560669e-01
6.1449065467313635e-01
1.7490424675052055e-01
1.0000000000000000e+00
2.6861411894424236e-01
6.6370890697435247e-01
1.7490424675052055e-01
1.0000000000000000e+00
2.5151562320752419e-01
6.6370890697435247e-01
1.7916803754051217e-01
1.0000000000000000e+00
3.1533678251071251e-01
7.6232401689485418e-01
1.7916803754051217e-01
1.0000000000000000e+00
2.4897114096893347e-01
7.6232401689485418e-01
1.8837488575954922e-01
1.0000000000000000e+00
2.5312084800316370e-01
7.1899683063820707e-01
1.8837488575954922e-01
1.0000000000000000e+00
2.4337939070755965e-01
7.1899683063820707e-01
1.5745545870740899e-01
1.0000000000000000e+00
2.2425541738266475e-01
7.6053298300103056e-01
1.5745545870740899e-01
1.0000000000000000e+00
2.2936449609915144e-01
7.6053298300103056e-01
1.7286957933683880e-01
1.0000000000000000e+00
2.7931509204427130e-01
8.1149344554141867e-01
1.7569482337567024e-01
1.0000000000000000e+00
2.7931509204427130e-01
7.1862247062817919e-01
1.8275697773206048e-01
1.0000000000000000e+00
3.3505872953901417e-01
7.1862247062817919e-01
1.7237787937629037e-01
1.0000000000000000e+00
3.6197549841381260e-01
7.1862247062817919e-01
1.7362688175635413e-01
1.0000000000000000e+00
2.5536852321602055e-01
7.1862247062817919e-01
1.8752550306962804e-01
1.0000000000000000e+00
2.8876879896051832e-01
7.1862247062817919e-01
1.7160012732492760e-01
1.0000000000000000e+00
3.2118488001651713e-01
7.0837975235626804e-01
1.6910894514294342e-01
1.0000000000000000e+00
3.3498349544606754e-01
7.0837975235626804e-01
1.6859794439515099e-01
1.0000000000000000e+00
3.9013515916667529e-01
7.0837975235626804e-01
1.7875480951042846e-01
1.0000000000000000e+00
3.4347754848204204e-01
6.6608546779461908e-01
1.8330441737780348e-01
1.0000000000000000e+00
3.9450104794013896e-01
6.6608546779461908e-01
1.7684043509652839e-01
1.0000000000000000e+00
4.2411166595775285e-01
7.6374015317269373e-01
1.7684043509652839e-01
1.0000000000000000e+00
4.1989471463966765e-01
8.4851442196377325e-01
1.7684043509652839e-01
1.0000000000000000e+00
4.2827532234150567e-01
8.1656864204414892e-01
1.7423502131132410e-01
1.0000000000000000e+00
4.2738295140225091e-01
6.8048752763279485e-01
1.7423502131132410e-01
1.0000000000000000e+00
4.4471805895227590e-01
6.8048752763279485e-01
1.6939223193330691e-01
1.0000000000000000e+00
4.4543902340592467e-01
6.0708451562531995e-01
1.6939223193330691e-01
1.0000000000000000e+00
4.7759048405350768e-01
7.4116831378050851e-01
1.7497866469202564e-01
1.0000000000000000e+00
4.1978392048986279e-01
7.2602434840955543e-01
1.6042309914482758e-01
1.0000000000000000e+00
4.9208860888393247e-01
7.4766629573859977e-01
1.6356967653846369e-01
1.0000000000000000e+00
4.4054447903545224e-01
7.7067416359641361e-01
1.8254287805175409e-01
1.0000000000000000e+00
4.4054447903545224e-01
7.5073411700286674e-01
1.7099973353615497e-01
1.0000000000000000e+00
4.4054447903545224e-01
6.6074052092590141e-01
1.7219127869757359e-01
1.0000000000000000e+00
4.5025991308284574e-01
6.6074052092590141e-01
1.7316077420546208e-01
1.0000000000000000e+00
4.8446406922084861e-01
6.6074052092590141e-01
1.5312449963821564e-01
1.0000000000000000e+00
4.6424317485434585e-01
6.6074052092590141e-01
1.5333767479169183e-01
1.0000000000000000e+00
4.4611044912380748e-01
6.8490005110361385e-01
1.4704958313959651e-01
1.0000000000000000e+00
4.2384247793597751e-01
6.8490005110361385e-01
1.6489070967654698e-01
1.0000000000000000e+00
4.2384247793597751e-01
7.8267588292219448e-01
1.6491879277746194e-01
1.0000000000000000e+00
4.1689762691748911e-01
7.8267588292219448e-01
1.6491879277746194e-01
1.0000000000000000e+00
4.1653238871731446e-01
7.8267588292219448e-01
1.4901819859514945e-01
1.0000000000000000e+00
4.0859027469196008e-01
6.3823626016237545e-01
1.4901819859514945e-01
1.0000000000000000e+00
3.9062311390080140e-01
6.6757938277878570e-01
1.3600424618343823e-01
1.0000000000000000e+00
3.1635256373920129e-01
5.9075314191140937e-01
1.4367521588574164e-01
1.0000000000000000e+00
3.0779510463253246e-01
5.9067881551600299e-01
1.3395812955568545e-01
1.0000000000000000e+00
3.0343860580251203e-01
7.4686940458632312e-01
1.3940720992977731e-01
1.0000000000000000e+00
2.9734313587323413e-01
7.4686940458632312e-01
1.4024193118675612e-01
1.0000000000000000e+00
3.5283159750179038e-01
6.9192868915415606e-01
1.3305526691838168e-01
1.0000000000000000e+00
3.5960381018594489e-01
6.2449747768259845e-01
1.3559096189565026e-01
1.0000000000000000e+00
3.0459753895775066e-01
6.8469793048716387e-01
1.4326675631455146e-01
1.0000000000000000e+00
3.1204020145014510e-01
5.9417476017988524e-01
1.4326675631455146e-01
1.0000000000000000e+00
2.9733269947246299e-01
6.1113418151653609e-01
1.3785696937120520e-01
1.0000000000000000e+00
2.7106512623504386e-01
4.6556801234401068e-01
1.3785696937120520e-01
1.0000000000000000e+00
2.8580431087539182e-01
4.7992028367734751e-01
1.3785696937120520e-01
1.0000000000000000e+00
2.7762465092018829e-01
6.1194600236631236e-01
1.3190813653054648e-01
1.0000000000000000e+00
2.7514977037571953e-01
6.9451708977139792e-01
1.2925617570872419e-01
1.0000000000000000e+00
2.3549269541763351e-01
6.1407706772006354e-01
1.4320831081713550e-01
1.0000000000000000e+00
2.3549269541763351e-01
5.8645430837786994e-01
1.4320831081713550e-01
1.0000000000000000e+00
2.5999020628296421e-01
6.3741821122384867e-01
1.3740671600098722e-01
1.0000000000000000e+00
2.7549385122620151e-01
6.2775995467818579e-01
1.1353274096618407e-01
1.0000000000000000e+00
2.9259254626595066e-01
6.3086316503613493e-01
1.3106410612235778e-01
1.0000000000000000e+00
2.7434504434131668e-01
7.0683168388932249e-01
1.3106410612235778e-01
1.0000000000000000e+00
2.7434504434131668e-01
6.4062484867899916e-01
1.3106410612235778e-01
1.0000000000000000e+00
2.7842756390236900e-01
6.4062484867899916e-01
1.1221234348486178e-01
1.0000000000000000e+00
3.2084694347940967e-01
6.4062484867899916e-01
1.1759421729366296e-01
1.0000000000000000e+00
3.7281306885779486e-01
5.4863310001819632e-01
1.1759421729366296e-01
1.0000000000000000e+00
3.7281306885779486e-01
6.6422851152747175e-01
1.1863366129691713e-01
1.0000000000000000e+00
3.7281306885779486e-01
6.4521944291918776e-01
1.2814539565588348e-01
1.0000000000000000e+00
3.3228193648756132e-01
6.0259495817153952e-01
1.1832593927974813e-01
1.0000000000000000e+00
3.1708798173713149e-01
6.7735648296802542e-01
1.3799720291863196e-01
1.0000000000000000e+00
3.1708798173713149e-01
4.7482657574146292e-01
1.3799720291863196e-01
1.0000000000000000e+00
3.2357305649566115e-01
5.9266881041257879e-01
1.3799720291863196e-01
1.0000000000000000e+00
2.7612250938909710e-01
5.9266881041257879e-01
1.3941473105805927e-01
1.0000000000000000e+00
3.0944852054017247e-01
5.9266881041257879e-01
1.0616476146387868e-01
1.0000000000000000e+00
3.5955320566790760e-01
5.9266881041257879e-01
1.2347854172694497e-01
1.0000000000000000e+00
4.0095644712346257e-01
5.1257544152467749e-01
1.1717199172708206e-01
1.0000000000000000e+00
3.9370848692851723e-01
5.2945677705138228e-01
1.1717199172708206e-01
1.0000000000000000e+00
3.8543827867033542e-01
7.3010306946962378e-01
1.1717199172708206e-01
1.0000000000000000e+00
3.9333369525047601e-01
7.3010306946962378e-01
1.4024381862836890e-01
1.0000000000000000e+00
4.0791623236509622e-01
6.5507342062919638e-01
1.2821230117115193e-01
1.0000000000000000e+00
4.0791623236509622e-01
6.5599855922191641e-01
1.1969035968068056e-01
1.0000000000000000e+00
4.0791623236509622e-01
4.4180461160867712e-01
1.0764575586072170e-01
1.0000000000000000e+00
3.8206386694582761e-01
6.6944183550804159e-01
1.1806643683812582e-01
1.0000000000000000e+00
3.8206386694582761e-01
6.5983589321404001e-01
1.1098211747012102e-01
1.0000000000000000e+00
3.8206386694582761e-01
6.5983589321404001e-01
1.3660682108602487e-01
1.0000000000000000e+00
3.4857281798394979e-01
8.2463929384975931e-01
1.4278356148279273e-01
1.0000000000000000e+00
3.4056779870661558e-01
8.2463929384975931e-01
1.4278356148279273e-01
1.0000000000000000e+00
3.4251040115850628e-01
8.2463929384975931e-01
1.3604498165077530e-01
1.0000000000000000e+00
3.4251040115850628e-01
8.2463929384975931e-01
1.6238378430134617e-01
1.0000000000000000e+00
3.4251040115850628e-01
7.7691861197381518e-01
1.6531994914985262e-01
1.0000000000000000e+00
3.7280200131135643e-01
8.5412823364167711e-01
1.6531994914985262e-01
1.0000000000000000e+00
3.7280200131135643e-01
7.4215756312041781e-01
1.4400908513343894e-01
1.0000000000000000e+00
3.9326256595450104e-01
7.2895298760413429e-01
1.2625377228832804e-01
1.0000000000000000e+00
3.7421425700085820e-01
8.2078960400103829e-01
1.2625377228832804e-01
1.0000000000000000e+00
3.9289173565703095e-01
8.6337710779189369e-01
1.1780770541517996e-01
1.0000000000000000e+00
3.9289173565703095e-01
9.0102144751726887e-01
1.2683220067410730e-01
1.0000000000000000e+00
3.9424421592048020e-01
9.0102144751726887e-01
1.4056633271102328e-01
1.0000000000000000e+00
4.2500606691828580e-01
9.6765749391197464e-01
1.4056633271102328e-01
1.0000000000000000e+00
4.0463656140855164e-01
9.4175688039540550e-01
1.4056633271102328e-01
1.0000000000000000e+00
4.0463656140855164e-01
9.1005297612427971e-01
1.2279208281834145e-01
1.0000000000000000e+00
3.9656588947764249e-01
8.8218147262959978e-01
1.2279208281834145e-01
1.0000000000000000e+00
4.4403779134518118e-01
8.8218147262959978e-01
1.2279208281834145e-01
1.0000000000000000e+00
4.1634204797810526e-01
8.7173315931140682e-01
1.3828624689776917e-01
1.0000000000000000e+00
3.8495969633004279e-01
8.7173315931140682e-01
1.3228894279163797e-01
1.0000000000000000e+00
3.8912120228997082e-01
8.7173315931140682e-01
1.3316655104572420e-01
1.0000000000000000e+00
3.5120266816011281e-01
8.7173315931140682e-01
1.3316655104572420e-01
1.0000000000000000e+00
3.4039856261006207e-01
8.7173315931140682e-01
1.1852270287054126e-01
1.0000000000000000e+00
3.5169336153558106e-01
8.7173315931140682e-01
1.4117661972122733e-01
1.0000000000000000e+00
3.4055931913098902e-01
8.7768035057961247e-01
1.4117661972122733e-01
1.0000000000000000e+00
3.4055931913098902e-01
8.7768035057961247e-01
1.1187418262998108e-01
1.0000000000000000e+00
3.2602548692739219e-01
8.7753624830365884e-01
1.2693216736952309e-01
1.0000000000000000e+00
2.8567601391478092e-01
8.7753624830365884e-01
1.2693216736952309e-01
1.0000000000000000e+00
2.8567601391478092e-01
8.7753624830365884e-01
1.0603365503775422e-01
1.0000000000000000e+00
2.8567601391478092e-01
8.1067901466012704e-01
1.2305051662551705e-01
1.0000000000000000e+00
2.8567601391478092e-01
7.9041138838947522e-01
9.1710931775742216e-02
1.0000000000000000e+00
2.6518332050545723e-01
8.1240533374220836e-01
9.1710931775742216e-02
1.0000000000000000e+00
2.8089232114507467e-01
7.8304236836702334e-01
9.8753192616277380e-02
1.0000000000000000e+00
3.0385700427359552e-01
7.8304236836702334e-01
1.3202430788951461e-01
1.0000000000000000e+00
2.4213840347147197e-01
8.0266169354290473e-01
1.2928805655392353e-01
1.0000000000000000e+00
2.4213840347147197e-01
9.8712737381429183e-01
1.3010921813256573e-01
1.0000000000000000e+00
2.5090306997662992e-01
8.2250983536214339e-01
1.3950233272917104e-01
1.0000000000000000e+00
2.5090306997662992e-01
8.6083949997992026e-01
1.2213807105727029e-01
1.0000000000000000e+00
3.0069775693482370e-01
8.9762077748746383e-01
1.2213807105727029e-01
1.0000000000000000e+00
3.2720903959489078e-01
8.9762077748746383e-01
1.3500348217494321e-01
1.0000000000000000e+00
3.5191031219801516e-01
8.4111488506168830e-01
1.3500348217494321e-01
1.0000000000000000e+00
2.6524151536068530e-01
8.4111488506168830e-01
1.2375488616235089e-01
1.0000000000000000e+00
2.5694725523135276e-01
6.9345366105408179e-01
1.2966686831496191e-01
1.0000000000000000e+00
3.2164650084814639e-01
7.3723666451842296e-01
1.2966686831496191e-01
1.0000000000000000e+00
2.8518938320121379e-01
8.0140511028439509e-01
1.3960906462452841e-01
1.0000000000000000e+00
2.8518938320121379e-01
8.0140511028439509e-01
1.4425024734518957e-01
1.0000000000000000e+00
3.0712463753661723e-01
7.9162514664203631e-01
1.4425024734518957e-01
1.0000000000000000e+00
3.2346386136850924e-01
7.9162514664203631e-01
1.2871967227838468e-01
1.0000000000000000e+00
3.7610802101335139e-01
7.8589498706132876e-01
1.4542861999652815e-01
1.0000000000000000e+00
3.9625207241988392e-01
8.9551578916580188e-01
1.4473112167033833e-01
1.0000000000000000e+00
3.6032218858963461e-01
8.9223561308317589e-01
1.4242353716108483e-01
1.0000000000000000e+00
3.5693831416210742e-01
8.8899830973678040e-01
1.2820551763579716e-01
1.0000000000000000e+00
3.8544716360411257e-01
8.8899830973678040e-01
1.3269211291626562e-01
1.0000000000000000e+00
3.4531319933375926e-01
8.8899830973678040e-01
1.2275337085302454e-01
1.0000000000000000e+00
3.4531319933375926e-01
7.4322539626591611e-01
1.2760981155734044e-01
1.0000000000000000e+00
3.2799649099251837e-01
7.8812792350508976e-01
1.1270503753039521e-01
1.0000000000000000e+00
3.2799649099251837e-01
7.6556142617919254e-01
1.0818355024966878e-01
1.0000000000000000e+00
3.4472641768297763e-01
6.1517702241399097e-01
1.1576792447303888e-01
1.0000000000000000e+00
2.8801948624095530e-01
7.9418588441767501e-01
1.0733073985611555e-01
1.0000000000000000e+00
2.7993029199205921e-01
7.9418588441767501e-01
1.0733073985611555e-01
1.0000000000000000e+00
3.1254842348062084e-01
7.8336908866622257e-01
1.1120487599109766e-01
1.0000000000000000e+00
2.9691946303137229e-01
8.7407652487017917e-01
1.0597146338259336e-01
1.0000000000000000e+00
2.6554758643396781e-01
9.1837395739712524e-01
1.0506047582894099e-01
1.0000000000000000e+00
2.6689301227816031e-01
9.3548607279517459e-01
1.0760881467431319e-01
1.0000000000000000e+00
2.2054821794517920e-01
8.8923870877333688e-01
1.0760881467431319e-01
1.0000000000000000e+00
2.5489922595807002e-01
8.8923870877333688e-01
1.0760881467431319e-01
1.0000000000000000e+00
2.6645848976113484e-01
9.0288018959545302e-01
1.0760881467431319e-01
1.0000000000000000e+00
2.5877943152227090e-01
9.0288018959545302e-01
7.6148972797091125e-02
1.0000000000000000e+00
3.0114269891419099e-01
8.4938571381353545e-01
8.8352213564212440e-02
1.0000000000000000e+00
3.3139640355148003e-01
7.8017323243402648e-01
9.2732807106222032e-02
1.0000000000000000e+00
2.8694323386662290e-01
7.8017323243402648e-01
9.8995235699112533e-02
1.0000000000000000e+00
3.4200263145976351e-01
7.7814404701784956e-01
1.0671563953801524e-01
1.0000000000000000e+00
3.2748603198342607e-01
7.7814404701784956e-01
9.8957585121388553e-02
1.0000000000000000e+00
3.6515320215039537e-01
9.8738670384482252e-01
9.8957585121388553e-02
1.0000000000000000e+00
3.3622259210460470e-01
9.6196691168443071e-01
8.6580070151831029e-02
1.0000000000000000e+00
3.2053862704560743e-01
8.8240844232932436e-01
1.1099030119075906e-01
1.0000000000000000e+00
3.2053862704560743e-01
9.5492161473230230e-01
1.1832882878079545e-01
1.0000000000000000e+00
3.8360848377124057e-01
9.5492161473230230e-01
1.4217954077466857e-01
1.0000000000000000e+00
3.7913245713934884e-01
9.5492161473230230e-01
1.4217954077466857e-01
1.0000000000000000e+00
3.4179679124281392e-01
9.5492161473230230e-01
1.3280503400310409e-01
1.0000000000000000e+00
2.8453545278534875e-01
9.5492161473230230e-01
1.4824585099413526e-01
1.0000000000000000e+00
2.6702151081190095e-01
9.5492161473230230e-01
1.5551289538561833e-01
1.0000000000000000e+00
2.7189321961850510e-01
9.5492161473230230e-01
1.3695001557935030e-01
1.0000000000000000e+00
3.0869705748409615e-01
9.5492161473230230e-01
1.3888119035400451e-01
1.0000000000000000e+00
2.8804595355541096e-01
9.5492161473230230e-01
1.2708529098890722e-01
1.0000000000000000e+00
2.9242157988846884e-01
9.5492161473230230e-01
1.2708529098890722e-01
1.0000000000000000e+00
2.7923633769751177e-01
9.5492161473230230e-01
1.2969450999808033e-01
1.0000000000000000e+00
2.7848051168621168e-01
9.5492161473230230e-01
1.2694388439704199e-01
1.0000000000000000e+00
2.3216724448502646e-01
9.5492161473230230e-01
1.3388614121649881e-01
1.0000000000000000e+00
2.3216724448502646e-01
9.5492161473230230e-01
1.1084496740077157e-01
1.0000000000000000e+00
2.3216724448502646e-01
9.5492161473230230e-01
1.0964383741666098e-01
1.0000000000000000e+00
2.2474848950878368e-01
9.5492161473230230e-01
1.1337219595734496e-01
1.0000000000000000e+00
2.2474848950878368e-01
8.9623083209589827e-01
1.1337219595734496e-01
1.0000000000000000e+00
3.3938848885372863e-01
8.9623083209589827e-01
1.1337219595734496e-01
1.0000000000000000e+00
3.3938848885372863e-01
9.6172681253374326e-01
1.3932555353094359e-01
1.0000000000000000e+00
3.5601381125525222e-01
9.3396192405343759e-01
1.4161218258377631e-01
1.0000000000000000e+00
3.8468333619312034e-01
9.5313816320121991e-01
1.2791103704657872e-01
1.0000000000000000e+00
3.7821799231824116e-01
9.5313816320121991e-01
1.0009996241715272e-01
1.0000000000000000e+00
3.9627850888427929e-01
9.3145077850640523e-01
1.3661162809294183e-01
1.0000000000000000e+00
3.1643793819603161e-01
9.3145077850640523e-01
1.1528762963425834e-01
1.0000000000000000e+00
2.4069916544613079e-01
9.3145077850640523e-01
1.1335473622020800e-01
1.0000000000000000e+00
2.4069916544613079e-01
9.3145077850640523e-01
1.0817520830605645e-01
1.0000000000000000e+00
2.8854854120072559e-01
9.3145077850640523e-01
1.1950403217051644e-01
1.0000000000000000e+00
2.9906912189107970e-01
9.3145077850640523e-01
1.1950403217051644e-01
1.0000000000000000e+00
3.0385393783581094e-01
9.3145077850640523e-01
1.1220941085193772e-01
1.0000000000000000e+00
3.1481288507711724e-01
8.8165205519617307e-01
1.1331801638298203e-01
1.0000000000000000e+00
2.8856956534218625e-01
8.8165205519617307e-01
1.2348987963341643e-01
1.0000000000000000e+00
2.2193002648782567e-01
8.8165205519617307e-01
1.2348987963341643e-01
1.0000000000000000e+00
2.2193002648782567e-01
8.9615970093727815e-01
1.1539147291623522e-01
1.0000000000000000e+00
3.0361779727172689e-01
9.7538802761555421e-01
1.1872867318161298e-01
1.0000000000000000e+00
2.8257902100813226e-01
9.7538802761555421e-01
1.2220881795801689e-01
1.0000000000000000e+00
2.9088456690442399e-01
9.7538802761555421e-01
1.2533273930021097e-01
1.0000000000000000e+00
3.1271383952480392e-01
9.7538802761555421e-01
1.2533273930021097e-01
1.0000000000000000e+00
2.5191849883776740e-01
9.7538802761555421e-01
1.2533273930021097e-01
1.0000000000000000e+00
2.2761139501017169e-01
9.7538802761555421e-01
1.1800025180273224e-01
1.0000000000000000e+00
2.2761139501017169e-01
9.9838297616661298e-01
1.2696735430799891e-01
1.0000000000000000e+00
1.9518743869048194e-01
9.9838297616661298e-01
1.3644567164883484e-01
1.0000000000000000e+00
1.9496017176788882e-01
9.9838297616661298e-01
1.2958242218301166e-01
1.0000000000000000e+00
1.9070573285353021e-01
9.9838297616661298e-01
1.3459788295731415e-01
1.0000000000000000e+00
1.5154112916570739e-01
9.9838297616661298e-01
1.3309008952055593e-01
1.0000000000000000e+00
1.5326829062905745e-01
9.7057671088696229e-01
1.2919688455585857e-01
1.0000000000000000e+00
2.7746900258716778e-01
9.7057671088696229e-01
1.2919688455585857e-01
1.0000000000000000e+00
2.6770587725695805e-01
9.7057671088696229e-01
1.2492685530160089e-01
1.0000000000000000e+00
3.4107851604130701e-01
9.7057671088696229e-01
1.2492685530160089e-01
1.0000000000000000e+00
4.0679632960018353e-01
9.5114915108279097e-01
1.2492685530160089e-01
1.0000000000000000e+00
4.5566638833042816e-01
9.5114915108279097e-01
1.1555930935137440e-01
1.0000000000000000e+00
3.5293049266692833e-01
9.5114915108279097e-01
1.2971776686899830e-01
1.0000000000000000e+00
3.5293049266692833e-01
9.5114915108279097e-01
1.2623792093072553e-01
1.0000000000000000e+00
3.3074298402425484e-01
9.5114915108279097e-01
1.2394451414875221e-01
1.0000000000000000e+00
3.4762908605989651e-01
9.5891345839918363e-01
1.0509655130736065e-01
1.0000000000000000e+00
3.3658169949558214e-01
9.5891345839918363e-01
1.0509655130736065e-01
1.0000000000000000e+00
3.0911488359924988e-01
9.5891345839918363e-01
1.0299357557378244e-01
1.0000000000000000e+00
3.0911488359924988e-01
9.5891345839918363e-01
1.3132029021799099e-01
1.0000000000000000e+00
3.0911488359924988e-01
9.6740379545808541e-01
1.1548156402714085e-01
1.0000000000000000e+00
2.4838947240277776e-01
9.3432633940101373e-01
1.1548156402714085e-01
1.0000000000000000e+00
2.5275211842745193e-01
9.3556888704624730e-01
9.8505047333310364e-02
1.0000000000000000e+00
2.2408107915907749e-01
9.3556888704624730e-01
1.0798976029909682e-01
1.0000000000000000e+00
2.6993115773439058e-01
9.3556888704624730e-01
1.2142659049422946e-01
1.0000000000000000e+00
3.9760061927154311e-01
9.3556888704624730e-01
1.1368268985243049e-01
1.0000000000000000e+00
3.9760061927154311e-01
9.7546531563129979e-01
1.1609036883746740e-01
1.0000000000000000e+00
3.8623594041928300e-01
9.7546531563129979e-01
1.2155759626475629e-01
1.0000000000000000e+00
3.6583155501648434e-01
9.7546531563129979e-01
1.1233024917019066e-01
1.0000000000000000e+00
4.0114798353533843e-01
9.7546531563129979e-01
9.9570618601865141e-02
1.0000000000000000e+00
4.5355048359851935e-01
9.7546531563129979e-01
1.0548565921781120e-01
1.0000000000000000e+00
4.2914057293455699e-01
9.7546531563129979e-01
1.0548565921781120e-01
1.0000000000000000e+00
3.9106752121369937e-01
9.6144601260748463e-01
1.0548565921781120e-01
1.0000000000000000e+00
3.9253816011841991e-01
9.6144601260748463e-01
1.0548565921781120e-01
1.0000000000000000e+00
4.0895567371990182e-01
9.3460483593371468e-01
1.0548565921781120e-01
1.0000000000000000e+00
3.5526201784159639e-01
9.3460483593371468e-01
9.3820181334740488e-02
1.0000000000000000e+00
3.7099176520496258e-01
9.3460483593371468e-01
9.3820181334740488e-02
1.0000000000000000e+00
3.5275797979920753e-01
9.3460483593371468e-01
1.1130781763640699e-01
1.0000000000000000e+00
3.5275797979920753e-01
9.3460483593371468e-01
8.8666753037250606e-02
1.0000000000000000e+00
3.2821148305447423e-01
9.3460483593371468e-01
8.8666753037250606e-02
1.0000000000000000e+00
2.6109938972876989e-01
9.2780206143361288e-01
8.8666753037250606e-02
1.0000000000000000e+00
1.9930763074444258e-01
9.2592036922433185e-01
9.6715801520622341e-02
1.0000000000000000e+00
1.6820807298427098e-01
9.2592036922433185e-01
9.6715801520622341e-02
1.0000000000000000e+00
1.6820807298427098e-01
9.2592036922433185e-01
9.2438258865149697e-02
1.0000000000000000e+00
1.4024171894197934e-01
9.0860689443507003e-01
6.5877179318340501e-02
1.0000000000000000e+00
1.3679540469092899e-01
9.0860689443507003e-01
7.4839754664571961e-02
1.0000000000000000e+00
1.4869905732120969e-01
9.2902858567395019e-01
9.8249156662495812e-02
1.0000000000000000e+00
1.2919209062602022e-01
9.2902858567395019e-01
1.0109531616908499e-01
1.0000000000000000e+00
1.5801047257627943e-01
8.9360570919670868e-01
1.0109531616908499e-01
1.0000000000000000e+00
2.3710275910343626e-01
8.9360570919670868e-01
1.0059944103122689e-01
1.0000000000000000e+00
2.2045961537878611e-01
8.9360570919670868e-01
1.0059944103122689e-01
1.0000000000000000e+00
2.6397521564285853e-01
8.9360570919670868e-01
1.0083946954691783e-01
1.0000000000000000e+00
2.6397521564285853e-01
8.9360570919670868e-01
8.9733890222851193e-02
1.0000000000000000e+00
2.4432521642665961e-01
8.9360570919670868e-01
8.6810176458675420e-02
1.0000000000000000e+00
3.1204483865076327e-01
8.9360570919670868e-01
8.5842185036744928e-02
1.0000000000000000e+00
2.9129445387297892e-01
8.9360570919670868e-01
9.8799247667193418e-02
1.0000000000000000e+00
2.0494531674557948e-01
9.2452113156177806e-01
1.0248681660741568e-01
1.0000000000000000e+00
2.0494531674557948e-01
8.2302138128288793e-01
1.0396450504194946e-01
1.0000000000000000e+00
2.0494531674557948e-01
8.2066857527825054e-01
1.0396450504194946e-01
1.0000000000000000e+00
1.9949538653963828e-01
9.3421747527900156e-01
1.0396450504194946e-01
1.0000000000000000e+00
1.6909549126648926e-01
8.6763724677148280e-01
6.8994556809775537e-02
1.0000000000000000e+00
2.3526786009097123e-01
8.8381768074468714e-01
7.3512097145430749e-02
1.0000000000000000e+00
2.4093823902148870e-01
8.8381768074468714e-01
6.8217696412466472e-02
1.0000000000000000e+00
2.0055130891341832e-01
9.0270918664173228e-01
5.1191724627278751e-02
1.0000000000000000e+00
2.0055130891341832e-01
9.0270918664173228e-01
2.7773944451473659e-02
1.0000000000000000e+00
2.2360556781131891e-01
6.6072559413150889e-01
5.0710144243203109e-02
1.0000000000000000e+00
2.6278433412153390e-01
8.8423544224933726e-01
3.4110983624123042e-02
1.0000000000000000e+00
2.4027079924780992e-01
8.2642256897524935e-01
2.5478590070270007e-02
1.0000000000000000e+00
2.2115994150590268e-01
9.1841826271847826e-01
1.1912165000103420e-02
1.0000000000000000e+00
2.1631419564437238e-01
9.1841826271847826e-01
3.9602599805221017e-03
1.0000000000000000e+00
2.3690518270086613e-01
7.2278794330195528e-01
3.9602599805221017e-03
1.0000000000000000e+00
2.8789549599241582e-01
7.7882817071513277e-01
3.1413043639622634e-02
1.0000000000000000e+00
3.2313324044298497e-01
9.3467235249117953e-01
3.2365230633877223e-02
1.0000000000000000e+00
3.1015788297008839e-01
9.3467235249117953e-01
2.6958579104393726e-02
1.0000000000000000e+00
3.1015788297008839e-01
9.3467235249117953e-01
3.0692807305604225e-02
1.0000000000000000e+00
3.3732397527273861e-01
8.8555563297704798e-01
2.3313890118151909e-02
1.0000000000000000e+00
3.9434661016639438e-01
8.8555563297704798e-01
2.2790540731512016e-02
1.0000000000000000e+00
3.6834789299246040e-01
5.4221638348535639e-01
3.3324162731878465e-02
1.0000000000000000e+00
2.3247138595979777e-01
5.4221638348535639e-01
1.8874057359062141e-02
1.0000000000000000e+00
2.1557578629654017e-01
5.4221638348535639e-01
1.7639076360501355e-02
1.0000000000000000e+00
2.0050868903126684e-01
4.6490880158380610e-01
1.7639076360501355e-02
1.0000000000000000e+00
9.1081931710505160e-02
4.6490880158380610e-01
3.4638955048285430e-02
1.0000000000000000e+00
1.0518391382720438e-01
4.6213227217667741e-01
3.4638955048285430e-02
1.0000000000000000e+00
6.6041498899721773e-02
7.0790221994393510e-01
3.4638955048285430e-02
1.0000000000000000e+00
6.6041498899721773e-02
8.0593003784888428e-01
4.6753393276594585e-02
1.0000000000000000e+00
1.2395550635483232e-01
6.4953385745757264e-01
4.6828863932751125e-02
1.0000000000000000e+00
1.2395550635483232e-01
7.0428177049034280e-01
3.7565870466642087e-02
1.0000000000000000e+00
1.2069784848790732e-01
6.5987866451614541e-01
5.7053534279111778e-02
1.0000000000000000e+00
1.2069784848790732e-01
5.6637744781328370e-01
5.6498590821865952e-02
1.0000000000000000e+00
1.4867268687885371e-01
5.2123525465576681e-01
6.4562022651080048e-02
1.0000000000000000e+00
1.5197255647581187e-01
4.4045561278908285e-01
6.0102463199291384e-02
1.0000000000000000e+00
1.5197255647581187e-01
4.0489316272287401e-01
6.0102463199291384e-02
1.0000000000000000e+00
1.1339095792573062e-01
3.5718688281922373e-01
6.0678159084636724e-02
1.0000000000000000e+00
1.2158628924589721e-01
3.4991160507051977e-01
8.1867679220158612e-02
1.0000000000000000e+00
1.2799572291623917e-01
4.2172199214546713e-01
7.2249608486890798e-02
1.0000000000000000e+00
9.8128711793833645e-02
4.0020633960812124e-01
1.0662362203001977e-01
1.0000000000000000e+00
1.7019475064080325e-01
4.0020633960812124e-01
8.2777167577296501e-02
1.0000000000000000e+00
1.6574346785273519e-01
6.3269093732087645e-01
8.2777167577296501e-02
1.0000000000000000e+00
1.8195125040438143e-01
8.2095020363776716e-01
8.2086613774299627e-02
1.0000000000000000e+00
2.0003358227040735e-01
5.0489594886748823e-01
9.1786937229335314e-02
1.0000000000000000e+00
2.0003358227040735e-01
4.8664809267211284e-02
8.6123798415064817e-02
1.0000000000000000e+00
2.2033607725825277e-01
2.5155379499483432e-02
7.8804404847323900e-02
1.0000000000000000e+00
2.0120977748956648e-01
1.1524158224347492e-03
9.0324132144451147e-02
1.0000000000000000e+00
2.2807403419938055e-01
-8.3825270950910191e-03
9.2466191528365022e-02
1.0000000000000000e+00
2.2153690709455987e-01
-8.3825270950910191e-03
9.2466191528365022e-02
1.0000000000000000e+00
2.3740693433865090e-01
2.0515808655618462e-01
8.4169231262058025e-02
1.0000000000000000e+00
2.0818200354187866e-01
1.1804919509886536e-01
8.4169231262058025e-02
1.0000000000000000e+00
2.1121304059124668e-01
2.9127255274652275e-01
8.4169231262058025e-02
1.0000000000000000e+00
2.4835265377259930e-01
5.6979846401809486e-01
6.7458069324493414e-02
1.0000000000000000e+00
2.6360916249177535e-01
5.6979846401809486e-01
7.1314775058999663e-02
1.0000000000000000e+00
2.5519591286501964e-01
3.7652459467499289e-01
6.0763189243152743e-02
1.0000000000000000e+00
1.9029389504066785e-01
2.4225803936569723e-01
8.9407909335568553e-02
1.0000000000000000e+00
1.9029389504066785e-01
2.2542517731635603e-01
1.0925692007876933e-01
1.0000000000000000e+00
2.8433862510792096e-01
-9.4323970314871941e-02
1.0109194614924491e-01
1.0000000000000000e+00
3.6405987567923148e-01
-9.4323970314871941e-02
1.0503694382496179e-01
1.0000000000000000e+00
3.5082148477158626e-01
1.3938627398310932e-01
9.5161320315673953e-02
1.0000000000000000e+00
3.5082148477158626e-01
6.7524209681141700e-02
5.4372410546056932e-02
1.0000000000000000e+00
3.5082148477158626e-01
-4.5273731768247227e-03
4.9261092464439576e-02
1.0000000000000000e+00
3.5148458039111574e-01
1.6770740045903954e-01
4.9261092464439576e-02
1.0000000000000000e+00
3.5876975949577172e-01
-2.8117565375578080e-02
4.9261092464439576e-02
1.0000000000000000e+00
2.8598453938684543e-01
-2.8117565375578080e-02
5.0364479562267667e-02
1.0000000000000000e+00
2.6946675307772239e-01
-2.0773140893579689e-01
1.1125239683315163e-02
1.0000000000000000e+00
2.3899803027234157e-01
-2.2187505469919411e-01
2.7960549574345406e-03
1.0000000000000000e+00
1.7057644292435725e-01
-2.8879433677793709e-01
3.9203228894621189e-03
1.0000000000000000e+00
1.9277658807186526e-01
-2.7060961903334824e-01
3.9203228894621189e-03
1.0000000000000000e+00
1.9277658807186526e-01
-2.4666519084275929e-01
3.3893030718900319e-03
1.0000000000000000e+00
1.6155896736381692e-01
-1.6499222436250416e-01
1.9753462134394800e-02
1.0000000000000000e+00
1.6155896736381692e-01
-1.2821973481477467e-01
2.0729524979833519e-02
1.0000000000000000e+00
1.6155896736381692e-01
4.4785938418208393e-01
2.0729524979833519e-02
1.0000000000000000e+00
2.1371912984250230e-01
4.6865353204048010e-01
5.6365010910667535e-03
1.0000000000000000e+00
2.0258653750715894e-01
4.6865353204048010e-01
6.3864019664470112e-02
1.0000000000000000e+00
2.2965631475744885e-01
3.3107276476657721e-01
6.3864019664470112e-02
1.0000000000000000e+00
1.7544230660496396e-01
1.6718615155405137e-01
4.6589393599424517e-02
1.0000000000000000e+00
1.8355082096604747e-01
1.6718615155405137e-01
5.5098225793335592e-02
1.0000000000000000e+00
2.3524898621326429e-01
1.8088721047824952e-01
5.5098225793335592e-02
1.0000000000000000e+00
2.7142312754949671e-01
6.2182851896795954e-02
5.5098225793335592e-02
1.0000000000000000e+00
2.9928966430088622e-01
6.2182851896795954e-02
5.5454957729671156e-02
1.0000000000000000e+00
3.1483384599050623e-01
-1.6489646567788396e-02
5.5454957729671156e-02
1.0000000000000000e+00
3.6497843270262820e-01
1.0652146098873350e-01
6.2196225824300205e-02
1.0000000000000000e+00
3.6497843270262820e-01
7.1377649733040061e-02
3.3922148833516991e-02
1.0000000000000000e+00
3.2143623386582476e-01
8.1579379567119803e-02
1.2126771698240196e-02
1.0000000000000000e+00
3.2143623386582476e-01
1.1902692896983358e-01
6.7126368754543420e-03
1.0000000000000000e+00
2.5039392667895299e-01
1.3086126727721425e-01
1.1457783135119831e-02
1.0000000000000000e+00
2.5418943124896032e-01
2.9762268608174058e-01
1.1457783135119831e-02
1.0000000000000000e+00
2.5418943124896032e-01
1.9855491334310504e-01
4.0629479335621554e-04
1.0000000000000000e+00
2.6878788652902585e-01
-9.7761798489954810e-03
2.4346286163199699e-02
1.0000000000000000e+00
2.6878788652902585e-01
-2.5625740660616425e-01
1.8622711498755967e-02
1.0000000000000000e+00
3.4148142631238443e-01
-2.1384719310590294e-01
1.5958590398076927e-02
1.0000000000000000e+00
3.4148142631238443e-01
-1.5442111267038849e-01
2.7875397319439804e-02
1.0000000000000000e+00
3.6794463316982728e-01
-1.5442111267038849e-01
2.6359999983105814e-02
1.0000000000000000e+00
3.5776451001947862e-01
-1.5442111267038849e-01
6.2976809882093227e-02
1.0000000000000000e+00
3.5610343799999100e-01
-2.9420616401621369e-01
6.0593565425369894e-02
1.0000000000000000e+00
3.5728562674557907e-01
-4.8067293240019349e-01
5.4938115144614136e-02
1.0000000000000000e+00
3.0495445109045249e-01
-4.5242208725103406e-01
6.3367598655167973e-02
1.0000000000000000e+00
3.0117032216003281e-01
-4.5242208725103406e-01
5.7407158159185206e-02
1.0000000000000000e+00
2.7959274039676529e-01
-3.5051181277522114e-01
5.7407158159185206e-02
1.0000000000000000e+00
2.3875753970423830e-01
-4.2294032236823109e-01
5.7407158159185206e-02
1.0000000000000000e+00
2.4602441878596437e-01
-2.3760185500868825e-01
5.8599246398080146e-02
1.0000000000000000e+00
2.4602441878596437e-01
-2.7562179526576069e-01
4.7767779522109782e-02
1.0000000000000000e+00
2.6641698430830729e-01
-3.3258010184654263e-01
3.5852966096717870e-02
1.0000000000000000e+00
2.6641698430830729e-01
-1.0712340211757687e-01
6.0464314499404287e-02
1.0000000000000000e+00
2.9837484534436953e-01
-4.1040340734907654e-01
4.5742640586104250e-02
1.0000000000000000e+00
2.9147609758729232e-01
-6.0182690544315842e-01
4.5742640586104250e-02
1.0000000000000000e+00
3.1594392720217002e-01
-6.1295526026078728e-01
3.6773418390657758e-02
1.0000000000000000e+00
2.8925730537230265e-01
-6.7140041960665253e-01
2.2966941201593732e-02
1.0000000000000000e+00
2.6100093445347738e-01
-6.5581681130715874e-01
2.2966941201593732e-02
1.0000000000000000e+00
2.8362207061218214e-01
-3.1141110060998467e-01
2.4020619073417043e-02
1.0000000000000000e+00
2.4431780253144098e-01
-4.0904977469035653e-01
9.0183090302161928e-03
1.0000000000000000e+00
2.7746413175555062e-01
-4.0904977469035653e-01
1.6305225982796406e-02
1.0000000000000000e+00
2.7576103182582301e-01
-4.9369959829637078e-01
1.6771397634875035e-02
1.0000000000000000e+00
3.2531916471270961e-01
-5.6459828017541436e-01
1.2617596308700796e-03
1.0000000000000000e+00
3.2531916471270961e-01
-3.6811681388207940e-01
7.9623782890848871e-03
1.0000000000000000e+00
3.4505302952675265e-01
-2.7874579577037362e-01
1.4209455891978001e-02
1.0000000000000000e+00
3.0544420918522519e-01
-1.9918106792756585e-01
2.2523002780508256e-02
1.0000000000000000e+00
3.0544420918522519e-01
-4.1442309430130986e-01
2.2523002780508256e-02
1.0000000000000000e+00
2.8551752148268861e-01
-2.8378735965379742e-01
7.2129434789530988e-03
1.0000000000000000e+00
2.8551752148268861e-01
1.1337157973757717e-01
4.3155691470019575e-03
1.0000000000000000e+00
3.7610054602919263e-01
2.8121173271647426e-01
6.3023388735018726e-03
1.0000000000000000e+00
3.4296832820473355e-01
-8.8245236485090528e-02
3.5919784416910266e-02
1.0000000000000000e+00
3.2660528277119738e-01
-4.4860371558752332e-02
3.4442609490361070e-02
1.0000000000000000e+00
3.6199456644317252e-01
-4.4860371558752332e-02
2.8738956514280295e-02
1.0000000000000000e+00
3.2038078182449681e-01
-1.0082509292551545e-01
2.9598228482063865e-02
1.0000000000000000e+00
3.5758213424196583e-01
-1.6817725433793340e-02
3.5766659618821001e-02
1.0000000000000000e+00
3.5758213424196583e-01
2.9094241389248099e-02
3.7212363758590078e-02
1.0000000000000000e+00
3.5115617611518246e-01
-1.6325364059593950e-02
3.7212363758590078e-02
1.0000000000000000e+00
3.4205768541505677e-01
-2.7979553973564175e-01
1.5788565704133367e-02
1.0000000000000000e+00
3.4137365692367894e-01
-4.3459351284691361e-01
1.5788565704133367e-02
1.0000000000000000e+00
2.9893889376035077e-01
1.5395678655913803e-01
2.5481597834732389e-02
1.0000000000000000e+00
3.1300211609413964e-01
1.0481850879004928e-01
2.4323551531415438e-02
1.0000000000000000e+00
3.5629043825974804e-01
1.6073039995244476e-01
3.0679632525425410e-02
1.0000000000000000e+00
3.9648700975885731e-01
1.2129622028878662e-01
2.5478639255743479e-02
1.0000000000000000e+00
3.8998155300578219e-01
3.5975047216925349e-02
1.9987488712649798e-02
1.0000000000000000e+00
3.8155873310824973e-01
-1.0930516122170952e-01
3.6612766562030274e-04
1.0000000000000000e+00
3.4857087307682377e-01
-2.5778354255744484e-01
7.6998202945105787e-03
1.0000000000000000e+00
3.5196998813262326e-01
-4.0616909710952309e-01
9.8408726858906503e-03
1.0000000000000000e+00
3.4123966940751416e-01
-4.0197160391398934e-01
2.6149172766599810e-02
1.0000000000000000e+00
3.3908742112180335e-01
-3.2377272581943539e-01
2.6149172766599810e-02
1.0000000000000000e+00
3.4200674812382204e-01
-3.8999884313234356e-01
4.8206280567683335e-03
1.0000000000000000e+00
3.3133091270065052e-01
-3.5730538627394703e-01
2.9558805713895714e-02
1.0000000000000000e+00
3.3133091270065052e-01
-3.3422142563649682e-01
1.1243946349713957e-02
1.0000000000000000e+00
2.9865033510213834e-01
-5.8180621562787560e-01
1.1243946349713957e-02
1.0000000000000000e+00
2.5358421406781417e-01
-6.7602888791152504e-01
2.9894140979740774e-02
1.0000000000000000e+00
3.0842198017126066e-01
-7.6567702291795281e-01
3.3813945448491728e-02
1.0000000000000000e+00
2.6905479286870104e-01
-8.1649203336128262e-01
3.3813945448491728e-02
1.0000000000000000e+00
2.2946269442400080e-01
-6.3799838459381131e-01
3.6305996554438030e-02
1.0000000000000000e+00
2.1040119608005625e-01
-7.7815596124419240e-01
3.2221837865654385e-02
1.0000000000000000e+00
2.5025053699573618e-01
-7.5994704773911503e-01
1.7103407962713396e-02
1.0000000000000000e+00
2.0182434194794041e-01
-7.5994704773911503e-01
1.7103407962713396e-02
1.0000000000000000e+00
3.0008103144427878e-01
-7.5994704773911503e-01
1.3422429992351687e-02
1.0000000000000000e+00
3.6273690504094702e-01
-7.8665977710188595e-01
1.3422429992351687e-02
1.0000000000000000e+00
3.8181779119258863e-01
-7.8665977710188595e-01
5.2179933025036013e-02
1.0000000000000000e+00
3.3629423501042766e-01
-8.7463497573771742e-01
5.2179933025036013e-02
1.0000000000000000e+00
3.5648780949486536e-01
-7.8323083574214247e-01
5.2179933025036013e-02
1.0000000000000000e+00
3.5648780949486536e-01
-9.7633415035234061e-01
4.9340125138405716e-02
1.0000000000000000e+00
3.8152350001109880e-01
-9.7633415035234061e-01
2.1427836234215653e-02
1.0000000000000000e+00
3.7735163820980233e-01
-9.7633415035234061e-01
3.0449745210353291e-02
1.0000000000000000e+00
4.7681849477885407e-01
-9.5830957538710204e-01
2.0859298261348164e-02
1.0000000000000000e+00
4.7441412396801752e-01
-8.5434088058100310e-01
6.1253742279950535e-02
1.0000000000000000e+00
3.3608687254672986e-01
-6.4567902631388274e-01
6.1253742279950535e-02
1.0000000000000000e+00
3.8086817817020346e-01
-7.6806586927996245e-01
6.1253742279950535e-02
1.0000000000000000e+00
3.8794556291031768e-01
-5.3562140691356031e-01
6.1253742279950535e-02
1.0000000000000000e+00
3.8794556291031768e-01
-5.3042636945174304e-01
5.4108314646873629e-02
1.0000000000000000e+00
3.8794556291031768e-01
-4.8726037650631038e-01
6.8874926911666995e-02
1.0000000000000000e+00
3.8508352295684745e-01
-5.4874574712739554e-01
6.8874926911666995e-02
1.0000000000000000e+00
3.6868818833681871e-01
-4.3660625390039054e-01
6.8874926911666995e-02
1.0000000000000000e+00
3.7769546902927686e-01
-4.8170573211536971e-01
6.8874926911666995e-02
1.0000000000000000e+00
3.7769546902927686e-01
-2.6238053239212600e-01
8.8933881046250468e-02
1.0000000000000000e+00
3.7769546902927686e-01
-2.3129139042721358e-01
6.4820702618453657e-02
1.0000000000000000e+00
3.7340285706522991e-01
-2.9914243093953696e-01
6.4820702618453657e-02
1.0000000000000000e+00
2.9983605521920254e-01
-2.9914243093953696e-01
8.8799813145305967e-02
1.0000000000000000e+00
2.7082013975086738e-01
-7.7424566767440406e-01
8.8799813145305967e-02
1.0000000000000000e+00
2.6836744168031146e-01
-9.1213883779273597e-01
6.0857559868600225e-02
1.0000000000000000e+00
2.6836744168031146e-01
-4.8390301636682120e-01
6.7205965833272790e-02
1.0000000000000000e+00
2.6836744168031146e-01
-5.1198271981702415e-01
8.0478540004696703e-02
1.0000000000000000e+00
2.6836744168031146e-01
-7.6632757804618445e-01
8.0478540004696703e-02
1.0000000000000000e+00
1.7089152553307940e-01
-7.6632757804618445e-01
7.7951031585689640e-02
1.0000000000000000e+00
2.1784047999608447e-01
-7.6632757804618445e-01
3.9456751977559185e-02
1.0000000000000000e+00
2.1054330080005457e-01
-5.6095679424033729e-01
5.0752028671558952e-02
1.0000000000000000e+00
2.1054330080005457e-01
-4.7086444258020488e-01
4.3924325925763702e-02
1.0000000000000000e+00
2.5485818072411348e-01
-4.7086444258020488e-01
4.3924325925763702e-02
1.0000000000000000e+00
2.6147122199836303e-01
-7.9258472140209046e-01
5.7441652601119136e-02
1.0000000000000000e+00
2.5275401289763977e-01
-6.4966173882858125e-01
3.7098713999148464e-02
1.0000000000000000e+00
2.7737776826324989e-01
-6.6937167237774697e-01
3.7098713999148464e-02
1.0000000000000000e+00
2.8771189863982727e-01
-7.7832714508549539e-01
4.3239216285292065e-02
1.0000000000000000e+00
2.7373780015113880e-01
-7.8300766081811157e-01
4.3239216285292065e-02
1.0000000000000000e+00
2.7373780015113880e-01
-8.6216522188187805e-01
5.9587025048676884e-02
1.0000000000000000e+00
2.7472895484606852e-01
-8.9521934830845562e-01
5.9587025048676884e-02
1.0000000000000000e+00
2.3382289063374628e-01
-9.2215564095677105e-01
5.1419571938458836e-02
1.0000000000000000e+00
2.3382289063374628e-01
-9.8080728569329945e-01
6.1336470732931053e-02
1.0000000000000000e+00
2.5215267490784754e-01
-9.3258029216231075e-01
7.9947812447790062e-02
1.0000000000000000e+00
2.4118966314199497e-01
-7.9960632690490452e-01
7.0361209067050373e-02
1.0000000000000000e+00
2.4782410714033176e-01
-7.3853559413255421e-01
8.8444997521582996e-02
1.0000000000000000e+00
2.3307675480100443e-01
-8.1854207434953419e-01
6.1169275047723209e-02
1.0000000000000000e+00
2.3307675480100443e-01
-5.8851823576987949e-01
6.1169275047723209e-02
1.0000000000000000e+00
2.2546931014585425e-01
-5.4497037076653210e-01
6.1454091186169540e-02
1.0000000000000000e+00
2.9454926385733415e-01
-4.9743506678642002e-01
6.1454091186169540e-02
1.0000000000000000e+00
4.3205425406995346e-01
-3.8812498369516102e-01
6.1454091186169540e-02
1.0000000000000000e+00
3.9585373994850670e-01
-2.7411727973521915e-01
6.1454091186169540e-02
1.0000000000000000e+00
4.2389800657474552e-01
-4.0092404180468288e-01
6.1454091186169540e-02
1.0000000000000000e+00
4.2765044073530589e-01
-2.5126391456724373e-01
6.4752497908193624e-02
1.0000000000000000e+00
3.9880773729601060e-01
-1.7994455800653664e-01
6.4293463039211934e-02
1.0000000000000000e+00
3.9427256981798564e-01
-1.7994455800653664e-01
4.0018574590794748e-02
1.0000000000000000e+00
4.3307916845151340e-01
-2.2326976613403526e-01
4.6193837444297975e-02
1.0000000000000000e+00
3.8222188527652179e-01
-2.2326976613403526e-01
5.0732623110525316e-02
1.0000000000000000e+00
3.9095758858093177e-01
3.1455447959888305e-02
2.1489472384564584e-02
1.0000000000000000e+00
4.3753842662044917e-01
1.2434893666504654e-01
3.1455095182172960e-02
1.0000000000000000e+00
4.3715562530633179e-01
-2.1934173063636986e-01
5.3915598685853189e-02
1.0000000000000000e+00
4.3319305031400290e-01
-6.2816181586385933e-01
3.0539765278808778e-02
1.0000000000000000e+00
4.2567665827300516e-01
-7.2362869040371147e-01
4.5662794960662778e-03
1.0000000000000000e+00
3.8543459236461786e-01
-8.0505738214851585e-01
5.2261754404753502e-03
1.0000000000000000e+00
3.8543459236461786e-01
-8.0069353704602686e-01
7.6107502914965208e-03
1.0000000000000000e+00
3.8833684217024711e-01
-8.0069353704602686e-01
2.0273302588611847e-02
1.0000000000000000e+00
3.7944920895461109e-01
-7.5584261019976107e-01
2.0273302588611847e-02
1.0000000000000000e+00
3.1972470668915776e-01
-9.1069782425911394e-01
2.0273302588611847e-02
1.0000000000000000e+00
2.9435751236815122e-01
-7.9582218633295265e-01
2.0273302588611847e-02
1.0000000000000000e+00
2.9435751236815122e-01
-6.4556927786470619e-01
1.8190336646512206e-03
1.0000000000000000e+00
3.8512209825057653e-01
-6.3691069738270012e-01
1.8190336646512206e-03
1.0000000000000000e+00
4.4684388696987298e-01
-6.5662772760988442e-01
2.6749054458923643e-02
1.0000000000000000e+00
4.1284059941608575e-01
-7.2414473251701561e-01
2.6749054458923643e-02
1.0000000000000000e+00
4.1447687357504037e-01
-7.9298199520708290e-01
1.7670834925957030e-02
1.0000000000000000e+00
2.9256579488355783e-01
-6.6991817386151520e-01
1.7670834925957030e-02
1.0000000000000000e+00
2.6265657715339330e-01
-4.0116778941155640e-01
1.7670834925957030e-02
1.0000000000000000e+00
3.1776208825249341e-01
-1.5410865278245178e-01
4.1064506885595625e-02
1.0000000000000000e+00
3.1776208825249341e-01
-2.4344000959099499e-01
4.5887018111534422e-02
1.0000000000000000e+00
3.0954121261675027e-01
-2.0064625510276524e-01
3.8024449511431163e-02
1.0000000000000000e+00
3.2885513826113311e-01
-2.0064625510276524e-01
2.6917175413109368e-02
1.0000000000000000e+00
2.6403202301662532e-01
-2.0064625510276524e-01
4.2825099313631709e-03
1.0000000000000000e+00
2.6716608296919730e-01
-2.8778422561299477e-02
1.2376941065303987e-02
1.0000000000000000e+00
2.6049607362438110e-01
-2.6134439215820704e-02
2.4333901959471410e-02
1.0000000000000000e+00
4.1057562757123378e-01
-2.9371091800567184e-02
4.3785935523919767e-02
1.0000000000000000e+00
2.7980662718255189e-01
4.6662296943104598e-01
4.3785935523919767e-02
1.0000000000000000e+00
3.0970099963087705e-01
4.8193639360106322e-01
4.1652321140281862e-02
1.0000000000000000e+00
2.5494900367993978e-01
4.8193639360106322e-01
4.9354945798404520e-02
1.0000000000000000e+00
3.2194729916591314e-01
6.2754975102579924e-01
3.4411587310023611e-02
1.0000000000000000e+00
3.6315674450088409e-01
6.2754975102579924e-01
5.0526155647821730e-02
1.0000000000000000e+00
3.3935726549316314e-01
5.5294144835061165e-01
6.7004468780942267e-02
1.0000000000000000e+00
3.3935726549316314e-01
4.0763891052192780e-01
4.7362131089903420e-02
1.0000000000000000e+00
3.3853837225620964e-01
4.0763891052192780e-01
5.5897080362774437e-02
1.0000000000000000e+00
2.7443125035648563e-01
4.2405728932208153e-01
5.5897080362774437e-02
1.0000000000000000e+00
2.6743588347022751e-01
4.5462902012950512e-01
1.6677827597595757e-02
1.0000000000000000e+00
2.9544373165850857e-01
4.1170986072829696e-01
1.6677827597595757e-02
1.0000000000000000e+00
3.0729313643684009e-01
2.9974193202069732e-01
2.4243464716710156e-02
1.0000000000000000e+00
3.3047285938670257e-01
3.4894798027089569e-01
2.4243464716710156e-02
1.0000000000000000e+00
3.3916222846170285e-01
4.7046103344473567e-02
4.1519217216409748e-02
1.0000000000000000e+00
3.3916222846170285e-01
3.1657876336685153e-01
1.3963050232268875e-02
1.0000000000000000e+00
3.4152069554698983e-01
4.2346847878507110e-01
3.6123756051529204e-02
1.0000000000000000e+00
3.1737305859138587e-01
4.2346847878507110e-01
3.6123756051529204e-02
1.0000000000000000e+00
3.8244059385766604e-01
-1.7869122995325593e-01
3.6123756051529204e-02
1.0000000000000000e+00
3.8453503169154146e-01
-1.5153604110964802e-01
4.0322484180796897e-02
1.0000000000000000e+00
3.8453503169154146e-01
1.4288259559980365e-01
3.3559515338856732e-02
1.0000000000000000e+00
3.5728643585031250e-01
-3.3561622834095028e-01
3.3559515338856732e-02
1.0000000000000000e+00
3.0266505602781990e-01
-2.3087629413494137e-01
4.7438621253240859e-02
1.0000000000000000e+00
3.0266505602781990e-01
-1.6560660785326031e-01
4.7438621253240859e-02
1.0000000000000000e+00
3.0266505602781990e-01
-1.6560660785326031e-01
8.0228120752144610e-02
1.0000000000000000e+00
2.8644013527815559e-01
-9.0698016046371732e-02
5.7819732895586645e-02
1.0000000000000000e+00
2.8644013527815559e-01
-3.5106231754907635e-01
3.4890089149121201e-02
1.0000000000000000e+00
2.9703560740023249e-01
-6.3513375183829335e-01
3.4890089149121201e-02
1.0000000000000000e+00
2.6983303030289107e-01
-5.7985353207477597e-01
1.8722527159843599e-02
1.0000000000000000e+00
2.6983303030289107e-01
-5.7390181457885769e-01
3.8395588251296436e-02
1.0000000000000000e+00
2.9228695121861392e-01
-4.5217939203866986e-01
8.7533993297256585e-03
1.0000000000000000e+00
2.9153330584091464e-01
-5.4369200503715542e-01
1.3538607826922094e-02
1.0000000000000000e+00
2.4726569240016261e-01
-3.8380223622807530e-01
5.8485758141614552e-03
1.0000000000000000e+00
2.6445694693398991e-01
-3.7217917682864932e-01
1.5564820228610193e-02
1.0000000000000000e+00
2.7243343560991207e-01
-3.7217917682864932e-01
4.5735276886262055e-03
1.0000000000000000e+00
2.5582925894565278e-01
-3.4692147391178874e-01
4.5735276886262055e-03
1.0000000000000000e+00
2.5313959935016328e-01
-5.7327544706204203e-01
5.4151722812093850e-03
1.0000000000000000e+00
2.5313959935016328e-01
-4.1100340353586939e-01
2.0627378684002912e-02
1.0000000000000000e+00
2.6443836664117271e-01
-1.2740134464838770e-01
4.9850475770654712e-04
1.0000000000000000e+00
3.2328556304133826e-01
-1.2740134464838770e-01
6.3983855916012550e-02
1.0000000000000000e+00
2.6923347090638572e-01
-1.1136533430108098e-01
8.0144951266993308e-02
1.0000000000000000e+00
3.0650075118325049e-01
-3.0099316424020794e-01
8.0144951266993308e-02
1.0000000000000000e+00
3.4701448272249991e-01
2.3955943139008018e-01
8.3391629073594237e-02
1.0000000000000000e+00
3.4701448272249991e-01
3.1129880638036456e-02
8.3421794169771607e-02
1.0000000000000000e+00
3.2689476351521307e-01
2.1998168417921993e-01
5.7079789632189210e-02
1.0000000000000000e+00
3.2689476351521307e-01
7.6378163245681252e-02
5.1628412150967057e-02
1.0000000000000000e+00
3.2713491528562599e-01
4.4624473128351827e-03
4.9126404042544897e-02
1.0000000000000000e+00
2.6457817725173527e-01
1.3855880900955531e-01
4.9126404042544897e-02
1.0000000000000000e+00
2.5436864293448025e-01
2.3136134102678629e-01
4.9881635870042379e-02
1.0000000000000000e+00
2.4498848163790399e-01
-1.3688742712402013e-01
4.9881635870042379e-02
1.0000000000000000e+00
1.9707681251026088e-01
-1.3688742712402013e-01
4.9881635870042379e-02
1.0000000000000000e+00
2.0013353357359165e-01
-1.3688742712402013e-01
5.2312798503044183e-02
1.0000000000000000e+00
2.1688902786269182e-01
-1.3688742712402013e-01
7.8522885388883884e-02
1.0000000000000000e+00
2.0151957346394056e-01
4.4022689733538289e-03
7.1568331036905880e-02
1.0000000000000000e+00
2.0565651346265668e-01
7.2561580983165230e-02
7.8890407279322977e-02
1.0000000000000000e+00
2.1594370983808631e-01
1.1994168936944338e-01
4.7789404921422834e-02
1.0000000000000000e+00
2.1563757735572153e-01
1.5102977521455618e-01
5.1940845729041035e-02
1.0000000000000000e+00
2.1563757735572153e-01
1.5102977521455618e-01
3.9268978576365049e-02
1.0000000000000000e+00
2.0366221539012486e-01
4.1981217600987297e-01
3.9268978576365049e-02
1.0000000000000000e+00
1.4973117097548538e-01
4.4364090785966259e-01
2.2888590286675031e-02
1.0000000000000000e+00
1.5430747031501824e-01
6.0912943408475262e-01
2.3392703554782207e-02
1.0000000000000000e+00
1.2387170329026276e-01
6.1565095894620758e-01
2.3392703554782207e-02
1.0000000000000000e+00
1.2387170329026276e-01
5.7833082937286240e-01
2.3392703554782207e-02
1.0000000000000000e+00
1.6525053664378220e-01
4.6651272439048630e-01
1.0688669568116899e-02
1.0000000000000000e+00
1.7457516084692770e-01
6.0467414893792015e-01
2.6632267570312257e-02
1.0000000000000000e+00
1.6722851678065354e-01
6.0467414893792015e-01
4.0110847501273389e-02
1.0000000000000000e+00
2.0138091187260443e-01
5.3621448469930333e-01
4.0110847501273389e-02
1.0000000000000000e+00
1.6114206577918821e-01
4.9729756531887692e-01
2.0392504109258885e-02
1.0000000000000000e+00
2.0048592950485045e-01
4.9656389547162694e-01
2.0392504109258885e-02
1.0000000000000000e+00
1.4809041063568884e-01
4.2118893410661262e-01
9.8323594389512492e-03
1.0000000000000000e+00
1.4809041063568884e-01
4.1627753745415252e-01
8.0279941281332923e-03
1.0000000000000000e+00
1.5103386494598681e-01
1.7486734162666839e-01
1.1760202756340737e-02
1.0000000000000000e+00
2.0158015716157252e-01
4.6055740337469619e-01
6.3179857639625026e-03
1.0000000000000000e+00
1.6407869628898197e-01
4.6055740337469619e-01
6.3179857639625026e-03
1.0000000000000000e+00
2.5414887548691922e-01
4.6055740337469619e-01
6.3179857639625026e-03
1.0000000000000000e+00
2.4315454439062023e-01
6.4326291005709213e-01
6.3179857639625026e-03
1.0000000000000000e+00
2.4622580409783268e-01
5.3414292107918304e-01
2.7314792208562727e-02
1.0000000000000000e+00
2.7582090162474060e-01
5.3294307212927383e-01
2.7314792208562727e-02
1.0000000000000000e+00
2.0425975882250214e-01
6.0509193535544914e-01
2.7314792208562727e-02
1.0000000000000000e+00
2.2168335691827679e-01
6.5334644015529197e-01
8.4253415076091243e-03
1.0000000000000000e+00
2.2168335691827679e-01
4.0014725025394005e-01
4.1197176611240144e-02
1.0000000000000000e+00
1.9713218510884190e-01
3.6306103165843528e-01
7.8351731931979890e-02
1.0000000000000000e+00
1.9903801615151906e-01
2.3607190545299095e-01
7.0298081900182302e-02
1.0000000000000000e+00
3.2260478521499181e-01
1.6144736703136009e-01
5.4040147627893026e-02
1.0000000000000000e+00
3.2564498764264727e-01
1.6015600259997886e-01
8.1974941010776098e-02
1.0000000000000000e+00
3.4503188264358187e-01
4.6996258046128792e-01
7.9935376004505093e-02
1.0000000000000000e+00
2.9802082852262402e-01
4.6996258046128792e-01
6.7977596244963939e-02
1.0000000000000000e+00
3.1067522243398571e-01
4.6996258046128792e-01
8.4200065753611858e-02
1.0000000000000000e+00
3.1067522243398571e-01
5.5997391637065452e-01
8.4200065753611858e-02
1.0000000000000000e+00
3.0028443039196873e-01
6.3106353427865547e-01
4.5366522095355327e-02
1.0000000000000000e+00
2.8134592995780849e-01
5.0890833731391472e-01
6.0516088440272148e-02
1.0000000000000000e+00
2.9981709644931698e-01
7.3863676782348198e-01
6.0516088440272148e-02
1.0000000000000000e+00
2.8412728617701077e-01
7.7343789241858762e-01
7.9850602134320076e-02
1.0000000000000000e+00
2.8204166563961053e-01
7.4559537075110716e-01
9.8102506770010228e-02
1.0000000000000000e+00
2.8204166563961053e-01
4.9897195897647184e-01
4.2001129735217552e-02
1.0000000000000000e+00
2.8204166563961053e-01
1.8053927026339811e-01
7.9801391486034851e-02
1.0000000000000000e+00
2.8736535600188517e-01
1.6152204326936048e-01
7.9801391486034851e-02
1.0000000000000000e+00
3.3283037646475577e-01
-8.1903728324687064e-02
5.4551075819836120e-02
1.0000000000000000e+00
3.0932021234917784e-01
3.4123742353403985e-02
5.4551075819836120e-02
1.0000000000000000e+00
3.7778373715269709e-01
1.4165414996095937e-01
5.1773628361479501e-02
1.0000000000000000e+00
4.0006723162520075e-01
3.1621074802824300e-01
5.6605424873487215e-02
1.0000000000000000e+00
4.1417378001648331e-01
1.6699047512956899e-01
6.1401143811599473e-02
1.0000000000000000e+00
4.1417378001648331e-01
-1.3957336791208941e-01
6.8901472866491537e-02
1.0000000000000000e+00
4.1417378001648331e-01
-1.3957336791208941e-01
8.2392082865771959e-02
1.0000000000000000e+00
3.9816827886539841e-01
-1.4800757415941912e-01
6.7269478309390257e-02
1.0000000000000000e+00
3.5880064778763199e-01
-1.4800757415941912e-01
1.4586475062606047e-02
1.0000000000000000e+00
3.4380456701188677e-01
1.9589286796399397e-01
3.7724161836740683e-02
1.0000000000000000e+00
3.2124103455140585e-01
1.9589286796399397e-01
1.9110320452091406e-02
1.0000000000000000e+00
3.2124103455140585e-01
4.3566564224311155e-01
2.5009850356218527e-02
1.0000000000000000e+00
2.4884454150020474e-01
4.1687476575025362e-01
4.1378301418808411e-02
1.0000000000000000e+00
2.9516772542416447e-01
2.7920140638598245e-01
4.1378301418808411e-02
1.0000000000000000e+00
2.9516772542416447e-01
4.9279429144808096e-01
6.4229450039056252e-02
1.0000000000000000e+00
2.6989523683010930e-01
5.4881362091400665e-01
6.4229450039056252e-02
1.0000000000000000e+00
2.0790706877602361e-01
5.4881362091400665e-01
7.6496580466118763e-02
1.0000000000000000e+00
2.0965201721998028e-01
7.3222681354382080e-01
5.7169236093250225e-02
1.0000000000000000e+00
2.4104851519228987e-01
6.8299027379252952e-01
5.7520582394863601e-02
1.0000000000000000e+00
2.4824829527648262e-01
7.2334578852751297e-01
8.3420682287032838e-02
1.0000000000000000e+00
2.4824829527648262e-01
7.3455884387367409e-01
7.3924384366910095e-02
1.0000000000000000e+00
3.1538579741032891e-01
6.2803908703499478e-01
6.0621191103200550e-02
1.0000000000000000e+00
3.2540132326545290e-01
6.2803908703499478e-01
4.4400776092152233e-02
1.0000000000000000e+00
2.8634260070981554e-01
9.6706410763436002e-01
5.9561294092054601e-02
1.0000000000000000e+00
3.2058331405283980e-01
9.7108359528356236e-01
6.8104181958551641e-02
1.0000000000000000e+00
3.5120146570267252e-01
9.7108359528356236e-01
7.1366334621052380e-02
1.0000000000000000e+00
3.1895531935157351e-01
9.2455321816378278e-01
7.1366334621052380e-02
1.0000000000000000e+00
2.9804356244864039e-01
9.2455321816378278e-01
7.8474403646032448e-02
1.0000000000000000e+00
3.6248707526834778e-01
9.7378161070519131e-01
7.8474403646032448e-02
1.0000000000000000e+00
3.3278484211774639e-01
8.3615150568657559e-01
7.8474403646032448e-02
1.0000000000000000e+00
3.6550820653798155e-01
8.4584057597094220e-01
7.8474403646032448e-02
1.0000000000000000e+00
3.7220265471847824e-01
8.9356256542378110e-01
7.9016667146424885e-02
1.0000000000000000e+00
3.7220265471847824e-01
9.4018161935382527e-01
5.4502936367134686e-02
1.0000000000000000e+00
3.0615666077943615e-01
9.2879169420921248e-01
5.3708289105634327e-02
1.0000000000000000e+00
3.0615666077943615e-01
8.7747228877269667e-01
4.5151004854778881e-02
1.0000000000000000e+00
2.6110587583394818e-01
8.7747228877269667e-01
3.8371748345161910e-02
1.0000000000000000e+00
2.6110587583394818e-01
8.7927762405597609e-01
3.0345697941447730e-02
1.0000000000000000e+00
2.4727323569828741e-01
9.3876970545970839e-01
3.8379963774423237e-02
1.0000000000000000e+00
2.4727323569828741e-01
7.9462907449924391e-01
5.9755840160141821e-02
1.0000000000000000e+00
2.3834844597155325e-01
7.9462907449924391e-01
1.8052047871242399e-02
1.0000000000000000e+00
3.1843113445216886e-01
7.9462907449924391e-01
4.8946326674922658e-03
1.0000000000000000e+00
3.2641398173296921e-01
5.6947351233684462e-01
2.6874179307560558e-02
1.0000000000000000e+00
3.2641398173296921e-01
5.6947351233684462e-01
2.3915026623944874e-02
1.0000000000000000e+00
3.2641398173296921e-01
6.8511512862169188e-01
3.2593985957282717e-02
1.0000000000000000e+00
3.2641398173296921e-01
9.7342567132436675e-01
3.8859691874313290e-02
1.0000000000000000e+00
3.2641398173296921e-01
9.7342567132436675e-01
3.6030760344147039e-03
1.0000000000000000e+00
3.5142397054011099e-01
9.5530619272612971e-01
3.6030760344147039e-03
1.0000000000000000e+00
3.5129420703748337e-01
9.5526707805111077e-01
3.6030760344147039e-03
1.0000000000000000e+00
3.4167455008724801e-01
9.5526707805111077e-01
2.2080540129172738e-02
1.0000000000000000e+00
3.4167455008724801e-01
9.5526707805111077e-01
1.9113875397670205e-02
1.0000000000000000e+00
3.0005661176988951e-01
6.2129885590984490e-01
1.9113875397670205e-02
1.0000000000000000e+00
2.7563299387117013e-01
6.2129885590984490e-01
9.5677594032167745e-03
1.0000000000000000e+00
2.5597896761615857e-01
6.2129885590984490e-01
2.5732776786389883e-02
1.0000000000000000e+00
2.5597896761615857e-01
7.5995766166015533e-01
8.5899297446304090e-04
1.0000000000000000e+00
2.9678295375202879e-01
7.5995766166015533e-01
8.5899297446304090e-04
1.0000000000000000e+00
2.9604597439180225e-01
7.5995766166015533e-01
1.8941700163486536e-02
1.0000000000000000e+00
2.8366194808046430e-01
9.7211950439377692e-01
2.2364590487632091e-02
1.0000000000000000e+00
2.1086786271195024e-01
9.7211950439377692e-01
1.7849582883718546e-02
1.0000000000000000e+00
2.1320829706388622e-01
9.7211950439377692e-01
2.5950781123901839e-02
1.0000000000000000e+00
2.2903919385868221e-01
9.7211950439377692e-01
3.5556308048035140e-02
1.0000000000000000e+00
1.9526920159120209e-01
9.0677500683232215e-01
3.5556308048035140e-02
1.0000000000000000e+00
1.9526920159120209e-01
9.6487038377090362e-01
6.2682081999446387e-02
1.0000000000000000e+00
1.8097178422618754e-01
9.6487038377090362e-01
6.8907151984240050e-02
1.0000000000000000e+00
1.4878552936721690e-01
8.1550378146930602e-01
4.9284516422267194e-02
1.0000000000000000e+00
1.4878552936721690e-01
7.9182055014534858e-01
4.9284516422267194e-02
1.0000000000000000e+00
1.2175164528895266e-01
9.4388465005322364e-01
3.6852713262851472e-02
1.0000000000000000e+00
8.6866742640324901e-02
8.5088451373740104e-01
3.5476502667370374e-02
1.0000000000000000e+00
8.6866742640324901e-02
9.2728106099530128e-01
2.8994640971723135e-02
1.0000000000000000e+00
8.6866742640324901e-02
9.1542065869434741e-01
4.8079063820841844e-02
1.0000000000000000e+00
1.3346272957284100e-01
9.7854476402862933e-01
6.9751689443000947e-02
1.0000000000000000e+00
1.3346272957284100e-01
9.1184443542151716e-01
6.4947888487586175e-02
1.0000000000000000e+00
1.4150134444940932e-01
8.9716799584566620e-01
9.0288687264182960e-02
1.0000000000000000e+00
2.6038948789943106e-01
8.9716799584566620e-01
8.0490653169908916e-02
1.0000000000000000e+00
2.6038948789943106e-01
8.9795157899498013e-01
9.5905970548847114e-02
1.0000000000000000e+00
2.8838593111146338e-01
9.5573558126925495e-01
8.9038987410822307e-02
1.0000000000000000e+00
2.8838593111146338e-01
9.3737959702848461e-01
7.6192420819643308e-02
1.0000000000000000e+00
2.9202954628277666e-01
9.3737959702848461e-01
7.6192420819643308e-02
1.0000000000000000e+00
3.2052862428832896e-01
8.9400997971533802e-01
6.3456724310162832e-02
1.0000000000000000e+00
3.5115037270594485e-01
9.5514013459323910e-01
6.9910057732704450e-02
1.0000000000000000e+00
3.5115037270594485e-01
9.5514013459323910e-01
9.0875749315819127e-02
1.0000000000000000e+00
3.6317369685281164e-01
8.3851472129463223e-01
1.2115330326159893e-01
1.0000000000000000e+00
4.1009748139191515e-01
8.3851472129463223e-01
1.0356206896503864e-01
1.0000000000000000e+00
3.2477359630871661e-01
7.3532926132320431e-01
1.1671842804898916e-01
1.0000000000000000e+00
3.4091583470586784e-01
7.3532926132320431e-01
1.0113635177513061e-01
1.0000000000000000e+00
3.2637941109720714e-01
7.0959021737216976e-01
1.0965827277650533e-01
1.0000000000000000e+00
3.1172163801971919e-01
6.3144868453382519e-01
1.1802588759710489e-01
1.0000000000000000e+00
2.6697005721513278e-01
6.4161972356378105e-01
1.0423319863875805e-01
1.0000000000000000e+00
2.4558550323132522e-01
6.4898201384930876e-01
1.0709416850259004e-01
1.0000000000000000e+00
2.4558550323132522e-01
6.2282830038457182e-01
9.0106306437155587e-02
1.0000000000000000e+00
2.1812873909954078e-01
6.2282830038457182e-01
9.0106306437155587e-02
1.0000000000000000e+00
2.2477558738324888e-01
6.6716789015918043e-01
9.0106306437155587e-02
1.0000000000000000e+00
2.2477558738324888e-01
6.1953651932417420e-01
1.0994354782415031e-01
1.0000000000000000e+00
2.6382464653585203e-01
6.1953651932417420e-01
1.0994354782415031e-01
1.0000000000000000e+00
2.7674493490491159e-01
6.0670303208171394e-01
1.0423597933513520e-01
1.0000000000000000e+00
2.7674493490491159e-01
6.0670303208171394e-01
8.6775488292551023e-02
1.0000000000000000e+00
2.7321222471078954e-01
7.0339061021222737e-01
8.6775488292551023e-02
1.0000000000000000e+00
2.2291161539038740e-01
7.0339061021222737e-01
9.5700437275445444e-02
1.0000000000000000e+00
2.3985958332201562e-01
5.9139967219089162e-01
1.1897472858217953e-01
1.0000000000000000e+00
1.6462765121838174e-01
7.4570720152114522e-01
1.1897472858217953e-01
1.0000000000000000e+00
2.6390172773977838e-01
7.4570720152114522e-01
1.1756287417629210e-01
1.0000000000000000e+00
2.5020828144630514e-01
8.5427051291917455e-01
1.2226271159270255e-01
1.0000000000000000e+00
2.3657699720939718e-01
8.3520486646448266e-01
1.0723071820357291e-01
1.0000000000000000e+00
2.5378181086858831e-01
8.3520486646448266e-01
1.1298582512208669e-01
1.0000000000000000e+00
2.4876135773962460e-01
8.3520486646448266e-01
1.1668723467992095e-01
1.0000000000000000e+00
2.9014869220560513e-01
8.0050193586503160e-01
1.1668723467992095e-01
1.0000000000000000e+00
3.3693793974822484e-01
7.5473784723435533e-01
1.1542957923629729e-01
1.0000000000000000e+00
3.1714132241910420e-01
7.5473784723435533e-01
1.0095498985865561e-01
1.0000000000000000e+00
3.1184419943025432e-01
7.5473784723435533e-01
1.0497481790625898e-01
1.0000000000000000e+00
3.1825523870071493e-01
8.7502973594819200e-01
9.5721337434588355e-02
1.0000000000000000e+00
3.0683561088522993e-01
7.7204440602217805e-01
1.3716389839792101e-01
1.0000000000000000e+00
2.9100580845266677e-01
7.7204440602217805e-01
1.3716389839792101e-01
1.0000000000000000e+00
3.2350314740330077e-01
7.4289990843390119e-01
1.3716389839792101e-01
1.0000000000000000e+00
2.7735975576803185e-01
7.4289990843390119e-01
1.2904814300381987e-01
1.0000000000000000e+00
2.6092563645221389e-01
7.4289990843390119e-01
1.0956728686833231e-01
1.0000000000000000e+00
2.3715226055361427e-01
7.2611612149630678e-01
1.1832279288464634e-01
1.0000000000000000e+00
2.3715226055361427e-01
7.2611612149630678e-01
1.0687517090955226e-01
1.0000000000000000e+00
2.4871351831831134e-01
7.2611612149630678e-01
1.0067537841641752e-01
1.0000000000000000e+00
2.4871351831831134e-01
8.7395607003127229e-01
1.1967555311239267e-01
1.0000000000000000e+00
2.4564609286613859e-01
9.3026320331846368e-01
1.3072992273337150e-01
1.0000000000000000e+00
3.0642301758058466e-01
8.0440937562962067e-01
1.3072992273337150e-01
1.0000000000000000e+00
2.9271783569134868e-01
8.1834433249314320e-01
1.4067497075266147e-01
1.0000000000000000e+00
2.9271783569134868e-01
7.7182325649191630e-01
1.4067497075266147e-01
1.0000000000000000e+00
3.4744071570463575e-01
7.7182325649191630e-01
1.4067497075266147e-01
1.0000000000000000e+00
3.3718837873317398e-01
8.4851927238632929e-01
1.4067497075266147e-01
1.0000000000000000e+00
3.3718837873317398e-01
8.4851927238632929e-01
1.5353696205384040e-01
1.0000000000000000e+00
3.1797556189127363e-01
8.4851927238632929e-01
1.5353696205384040e-01
1.0000000000000000e+00
3.1797556189127363e-01
8.4851927238632929e-01
1.2505867396212125e-01
1.0000000000000000e+00
3.1797556189127363e-01
8.4851927238632929e-01
1.2533725454668457e-01
1.0000000000000000e+00
3.1186375749535955e-01
8.4851927238632929e-01
1.4628724876056368e-01
1.0000000000000000e+00
3.1119777710415519e-01
8.4851927238632929e-01
1.4628724876056368e-01
1.0000000000000000e+00
3.1158644781686462e-01
8.2080439592828047e-01
1.4628724876056368e-01
1.0000000000000000e+00
2.9381485172785915e-01
8.2080439592828047e-01
1.4169406198161597e-01
1.0000000000000000e+00
3.0705314764060176e-01
8.2572321568732154e-01
1.4169406198161597e-01
1.0000000000000000e+00
3.0705314764060176e-01
8.2572321568732154e-01
1.5557792998115474e-01
1.0000000000000000e+00
2.9668025748111404e-01
7.9429093350772750e-01
1.5927472390430922e-01
1.0000000000000000e+00
2.4601920769788421e-01
7.5545271833543670e-01
1.5927472390430922e-01
1.0000000000000000e+00
2.5810704549081720e-01
7.5545271833543670e-01
1.6959109582203383e-01
1.0000000000000000e+00
2.5201791600562728e-01
7.5545271833543670e-01
1.4125195197957510e-01
1.0000000000000000e+00
2.6632956025429166e-01
8.8211185832624328e-01
1.5538286749469990e-01
1.0000000000000000e+00
2.6453843555651702e-01
7.0829382141237152e-01
1.5821825020211691e-01
1.0000000000000000e+00
2.2298060572944678e-01
8.2278058280353439e-01
1.5821825020211691e-01
1.0000000000000000e+00
2.5739392620749868e-01
8.6973729332094085e-01
1.5821825020211691e-01
1.0000000000000000e+00
3.5517296177573598e-01
8.3857666676049125e-01
1.5821825020211691e-01
1.0000000000000000e+00
3.7317933683522142e-01
8.8033782665734184e-01
1.6901283367733413e-01
1.0000000000000000e+00
3.7317933683522142e-01
8.6560758364503276e-01
1.4322448830316717e-01
1.0000000000000000e+00
3.2228333910467200e-01
7.7893392902915370e-01
1.5035429532836134e-01
1.0000000000000000e+00
2.4867608060600332e-01
8.4968149823253047e-01
1.5035429532836134e-01
1.0000000000000000e+00
2.4867608060600332e-01
8.4968149823253047e-01
1.3488614308844263e-01
1.0000000000000000e+00
2.1143461426260046e-01
8.4968149823253047e-01
1.2947577453414852e-01
1.0000000000000000e+00
2.1875180990906529e-01
7.5496283334796321e-01
1.4319953910271579e-01
1.0000000000000000e+00
2.3820955620618633e-01
7.9168288570945156e-01
1.6139323555362353e-01
1.0000000000000000e+00
2.0349023805471234e-01
8.5296158653800380e-01
1.6139323555362353e-01
1.0000000000000000e+00
1.8709361308725647e-01
8.5296158653800380e-01
1.3057599973362813e-01
1.0000000000000000e+00
1.8573030282283298e-01
8.5296158653800380e-01
1.4011456177067885e-01
1.0000000000000000e+00
2.3266468022490017e-01
8.5296158653800380e-01
1.3756258395696933e-01
1.0000000000000000e+00
2.8024279524112217e-01
8.5296158653800380e-01
1.5012996253753955e-01
1.0000000000000000e+00
3.1838010542566053e-01
8.5296158653800380e-01
1.4237369393194968e-01
1.0000000000000000e+00
3.3714665204757921e-01
8.5438720682286662e-01
1.5010990301343555e-01
1.0000000000000000e+00
3.3714665204757921e-01
8.4685576973133725e-01
1.5010990301343555e-01
1.0000000000000000e+00
3.5678139620000593e-01
8.4685576973133725e-01
1.6231624787869806e-01
1.0000000000000000e+00
3.1947828701237313e-01
8.6352305356995207e-01
1.7073065886470432e-01
1.0000000000000000e+00
3.2853473129222266e-01
8.6705126669839960e-01
1.4690716849836463e-01
1.0000000000000000e+00
4.2714936251292102e-01
8.6206996497348887e-01
1.4690716849836463e-01
1.0000000000000000e+00
4.2714936251292102e-01
8.6206996497348887e-01
1.4820163807562495e-01
1.0000000000000000e+00
4.1101689788052909e-01
9.2574232873157603e-01
1.5202401758833731e-01
1.0000000000000000e+00
4.2901973391423098e-01
8.0767585393623453e-01
1.5202401758833731e-01
1.0000000000000000e+00
4.1709018184343449e-01
8.0767585393623453e-01
1.3115357229216898e-01
1.0000000000000000e+00
4.2035968939313761e-01
7.5997333657578570e-01
1.2454109539939964e-01
1.0000000000000000e+00
4.5233851822564475e-01
7.5997333657578570e-01
1.2454109539939964e-01
1.0000000000000000e+00
4.4544501707429163e-01
7.5997333657578570e-01
1.1469246720625961e-01
1.0000000000000000e+00
4.4544501707429163e-01
7.3076265175477606e-01
1.1904535710309574e-01
1.0000000000000000e+00
4.5211162290075890e-01
8.5120266359881502e-01
1.1904535710309574e-01
1.0000000000000000e+00
4.0079345053533189e-01
7.9469950181082827e-01
1.1904535710309574e-01
1.0000000000000000e+00
3.8553822098771207e-01
8.7995562386349779e-01
1.1641641252172122e-01
1.0000000000000000e+00
4.1218718665192000e-01
8.7995562386349779e-01
1.1284552852121124e-01
1.0000000000000000e+00
3.7477671599486939e-01
8.2028502654866320e-01
1.4346134255138168e-01
1.0000000000000000e+00
3.4468249289790265e-01
7.9234960545436484e-01
1.3206492492427060e-01
1.0000000000000000e+00
4.6757953579077594e-01
7.9234960545436484e-01
1.3206492492427060e-01
1.0000000000000000e+00
4.6757953579077594e-01
7.5891119484440428e-01
1.3206492492427060e-01
1.0000000000000000e+00
4.4871424848685137e-01
7.1646001432673079e-01
1.2766502972190211e-01
1.0000000000000000e+00
4.3564531265298001e-01
7.1646001432673079e-01
1.2675396539234499e-01
1.0000000000000000e+00
4.3564531265298001e-01
7.3074232563958508e-01
1.0909720323943475e-01
1.0000000000000000e+00
4.7810518799821011e-01
7.4518449660972697e-01
1.1063911661003659e-01
1.0000000000000000e+00
4.9372062238404624e-01
7.4518449660972697e-01
1.0684767423626909e-01
1.0000000000000000e+00
5.0603450241038672e-01
7.6942177173332316e-01
1.0920506308284531e-01
1.0000000000000000e+00
4.9919704080099336e-01
7.5072555300430399e-01
1.2050611677077541e-01
1.0000000000000000e+00
5.1436854165518753e-01
7.3426233102218252e-01
1.2050611677077541e-01
1.0000000000000000e+00
4.3392066995153300e-01
7.6065748986438853e-01
1.2050611677077541e-01
1.0000000000000000e+00
4.1984289151156418e-01
9.0146507379249674e-01
1.2050611677077541e-01
1.0000000000000000e+00
4.0177066263282768e-01
7.9369828906492335e-01
1.2050611677077541e-01
1.0000000000000000e+00
4.0177066263282768e-01
7.6742977519170386e-01
1.2606872140859196e-01
1.0000000000000000e+00
4.0591438405687086e-01
7.6742977519170386e-01
1.1568214290273318e-01
1.0000000000000000e+00
3.4524631605023615e-01
7.6404542788513941e-01
1.1921103007589409e-01
1.0000000000000000e+00
3.9215298753703109e-01
7.6404542788513941e-01
1.1921103007589409e-01
1.0000000000000000e+00
3.7729604740167133e-01
7.4745390131720346e-01
1.1483470245693753e-01
1.0000000000000000e+00
3.4442972962284557e-01
7.4550625156261963e-01
1.1483470245693753e-01
1.0000000000000000e+00
2.7537319273693583e-01
7.6957794684567493e-01
1.0515265038666258e-01
1.0000000000000000e+00
2.9380377405328773e-01
7.8833710621693176e-01
1.2995063082744310e-01
1.0000000000000000e+00
2.3489515134139083e-01
8.1971296945703220e-01
1.1327188962568471e-01
1.0000000000000000e+00
2.3489515134139083e-01
8.1390903236460876e-01
1.1544832505715022e-01
1.0000000000000000e+00
2.4849225324584268e-01
9.3573767596972179e-01
1.0330533341002593e-01
1.0000000000000000e+00
2.3326785885734580e-01
9.3573767596972179e-01
1.0903003218081722e-01
1.0000000000000000e+00
2.0021117874426864e-01
9.3573767596972179e-01
1.2432641739687825e-01
1.0000000000000000e+00
2.0021117874426864e-01
7.9020320156705570e-01
9.4089502642964368e-02
1.0000000000000000e+00
1.9609604426665328e-01
7.6804942915332508e-01
1.0760280879876519e-01
1.0000000000000000e+00
1.7542066820902846e-01
7.6804942915332508e-01
1.1453354841760302e-01
1.0000000000000000e+00
2.1558095910592101e-01
7.6804942915332508e-01
1.3293349108389521e-01
1.0000000000000000e+00
2.4924625852150939e-01
7.1569642329704952e-01
1.3293349108389521e-01
1.0000000000000000e+00
2.4924625852150939e-01
8.1939698660862637e-01
1.3293349108389521e-01
1.0000000000000000e+00
2.7026664675219081e-01
8.1939698660862637e-01
9.7531940962289815e-02
1.0000000000000000e+00
2.6925313402904294e-01
8.1939698660862637e-01
1.1074424366197491e-01
1.0000000000000000e+00
2.7631695522001110e-01
7.5369244719040585e-01
1.1074424366197491e-01
1.0000000000000000e+00
3.3441879181197010e-01
6.0476326847565365e-01
1.1074424366197491e-01
1.0000000000000000e+00
3.6620715959003292e-01
6.5078721845638943e-01
1.1981421493655944e-01
1.0000000000000000e+00
3.8435243768623195e-01
6.2745441401493740e-01
1.1981421493655944e-01
1.0000000000000000e+00
3.8435243768623195e-01
6.9365894699585628e-01
1.1870782804871852e-01
1.0000000000000000e+00
3.6365715460857473e-01
7.2815640548360538e-01
1.2721076403940970e-01
1.0000000000000000e+00
3.0215925769886098e-01
6.4747383723151875e-01
1.3208646589155251e-01
1.0000000000000000e+00
3.4218193707062028e-01
6.4276824982953262e-01
1.3905462791408355e-01
1.0000000000000000e+00
3.4953127917839311e-01
6.4276824982953262e-01
1.4257530734139437e-01
1.0000000000000000e+00
3.4953127917839311e-01
5.1964544596266937e-01
1.5298490464883799e-01
1.0000000000000000e+00
3.4876880724920056e-01
5.1964544596266937e-01
1.4237142685997242e-01
1.0000000000000000e+00
3.6892524291766904e-01
5.6292631195974541e-01
1.4237142685997242e-01
1.0000000000000000e+00
4.0010594693018220e-01
5.3762373792123985e-01
1.5360284649032110e-01
1.0000000000000000e+00
4.0516194445086740e-01
4.8735350834322166e-01
1.4812619850235934e-01
1.0000000000000000e+00
3.6964361858559869e-01
4.8735350834322166e-01
1.5853414084958786e-01
1.0000000000000000e+00
3.9722878369508408e-01
4.8735350834322166e-01
1.5615317836600298e-01
1.0000000000000000e+00
4.1617878689436338e-01
4.8735350834322166e-01
1.4262947678762430e-01
1.0000000000000000e+00
4.2895716126082561e-01
5.1524571048212242e-01
1.5963885077471787e-01
1.0000000000000000e+00
4.5245239953516148e-01
5.5418178111431193e-01
1.6845465905462334e-01
1.0000000000000000e+00
4.7707006591377876e-01
4.4506783455726695e-01
1.6845465905462334e-01
1.0000000000000000e+00
4.7707006591377876e-01
4.3302474029478621e-01
1.7454309249260405e-01
1.0000000000000000e+00
5.0565828027907855e-01
4.3302474029478621e-01
1.5157591411807517e-01
1.0000000000000000e+00
4.9405644315999098e-01
4.3302474029478621e-01
1.6228299960457662e-01
1.0000000000000000e+00
4.3288323417078800e-01
4.5937142565962863e-01
1.5834968397357443e-01
1.0000000000000000e+00
4.3164237117167659e-01
4.6982577767339539e-01
1.4563396247067431e-01
1.0000000000000000e+00
3.8775455480214305e-01
6.3273331847158265e-01
1.5869845030792931e-01
1.0000000000000000e+00
2.9024962981935687e-01
6.3273331847158265e-01
1.6843426367231587e-01
1.0000000000000000e+00
2.9024962981935687e-01
6.3325441079796296e-01
1.6334388311915973e-01
1.0000000000000000e+00
3.4580108424421496e-01
6.4557783315540296e-01
1.6334388311915973e-01
1.0000000000000000e+00
3.9648944226797767e-01
7.0369084934354764e-01
1.6334388311915973e-01
1.0000000000000000e+00
3.5600579431053347e-01
7.0369084934354764e-01
1.6334388311915973e-01
1.0000000000000000e+00
3.4926333086337991e-01
7.8446801528916699e-01
1.6334388311915973e-01
1.0000000000000000e+00
3.3492817607481129e-01
7.8052307721809489e-01
1.6844980092682818e-01
1.0000000000000000e+00
3.6930592235881932e-01
6.6354455855325800e-01
1.6478253575005511e-01
1.0000000000000000e+00
3.1172670092206545e-01
6.6354455855325800e-01
1.6478253575005511e-01
1.0000000000000000e+00
3.1172670092206545e-01
7.0115392711595637e-01
1.6476540046605806e-01
1.0000000000000000e+00
3.1172670092206545e-01
5.6522739222855312e-01
1.6476540046605806e-01
1.0000000000000000e+00
3.4171344008069582e-01
5.3763598306686622e-01
1.6716492141458730e-01
1.0000000000000000e+00
3.4171344008069582e-01
5.1171875009895307e-01
1.5404495748553018e-01
1.0000000000000000e+00
3.2146933901827879e-01
6.5995800505043012e-01
1.5404495748553018e-01
1.0000000000000000e+00
2.8011043806333191e-01
5.9661253085942012e-01
1.5404495748553018e-01
1.0000000000000000e+00
2.8720200870890267e-01
4.1501070848316890e-01
1.5404495748553018e-01
1.0000000000000000e+00
3.1917161185998566e-01
4.1501070848316890e-01
1.7852379495489004e-01
1.0000000000000000e+00
2.9401779564801700e-01
4.5881137168616992e-01
1.5847739691125753e-01
1.0000000000000000e+00
2.9401779564801700e-01
6.2568831919343215e-01
1.7052289491730335e-01
1.0000000000000000e+00
2.8119903634075172e-01
6.7162802173406821e-01
1.7052289491730335e-01
1.0000000000000000e+00
2.8329331468563623e-01
6.7162802173406821e-01
1.7562292350667122e-01
1.0000000000000000e+00
2.9538762796443052e-01
5.6824240936548454e-01
1.6972808374302986e-01
1.0000000000000000e+00
2.9379161755792893e-01
5.6824240936548454e-01
1.6514716475248861e-01
1.0000000000000000e+00
3.0377953563589699e-01
6.7424604399711829e-01
1.6514716475248861e-01
1.0000000000000000e+00
3.0377953563589699e-01
4.3931269003660423e-01
1.6535690675991646e-01
1.0000000000000000e+00
3.0015572666894741e-01
4.5883616908104163e-01
1.6336859231851122e-01
1.0000000000000000e+00
2.9061406798433609e-01
5.4420164330513221e-01
1.7178651532194636e-01
1.0000000000000000e+00
2.3459464072954006e-01
5.4420164330513221e-01
1.6007741300891212e-01
1.0000000000000000e+00
1.6818982869159527e-01
4.9730709298164588e-01
1.7711321210990719e-01
1.0000000000000000e+00
1.7284777521859951e-01
4.9730709298164588e-01
1.6390353061760835e-01
1.0000000000000000e+00
2.0526777621131487e-01
5.4718232257873756e-01
1.6390353061760835e-01
1.0000000000000000e+00
2.1009411098208375e-01
5.4718232257873756e-01
1.5128811348731688e-01
1.0000000000000000e+00
2.1009411098208375e-01
5.4718232257873756e-01
1.5769280672575406e-01
1.0000000000000000e+00
2.0344606175791569e-01
5.2429177342564803e-01
1.6565901872272662e-01
1.0000000000000000e+00
2.0344606175791569e-01
5.2429177342564803e-01
1.5187136216591171e-01
1.0000000000000000e+00
2.0344606175791569e-01
5.1013899045647126e-01
1.5873036666343979e-01
1.0000000000000000e+00
3.1302028842043228e-01
5.1013899045647126e-01
1.5873036666343979e-01
1.0000000000000000e+00
2.9078861087333507e-01
5.5933834063471299e-01
1.6160272264423839e-01
1.0000000000000000e+00
2.8185281477641411e-01
5.5933834063471299e-01
1.6333874634037784e-01
1.0000000000000000e+00
3.0218827672075577e-01
6.6418979513109666e-01
1.7889921034256986e-01
1.0000000000000000e+00
2.9751689214032240e-01
6.6418979513109666e-01
1.5175193098875753e-01
1.0000000000000000e+00
2.5274480920057840e-01
6.6418979513109666e-01
1.5756503881457321e-01
1.0000000000000000e+00
2.7343566011410303e-01
6.1225330280722123e-01
1.8086801450735948e-01
1.0000000000000000e+00
2.7343566011410303e-01
6.7371505322516900e-01
1.8004714498565591e-01
1.0000000000000000e+00
2.7343566011410303e-01
6.9137021164060575e-01
1.6386057842792071e-01
1.0000000000000000e+00
2.9092146683257170e-01
5.6463531414628965e-01
1.6941542957247294e-01
1.0000000000000000e+00
2.6560757769044585e-01
6.4200606952072126e-01
1.5302328799189127e-01
1.0000000000000000e+00
3.0569628853123731e-01
6.4995910237194043e-01
1.5302328799189127e-01
1.0000000000000000e+00
3.0670432053744889e-01
6.4995910237194043e-01
1.8282224783943093e-01
1.0000000000000000e+00
2.1840435318887330e-01
6.9450519616366369e-01
1.8282224783943093e-01
1.0000000000000000e+00
2.3236465133965112e-01
6.9304719437495810e-01
1.8282224783943093e-01
1.0000000000000000e+00
2.3236465133965112e-01
6.9304719437495810e-01
1.6557546133444703e-01
1.0000000000000000e+00
2.5218698434770204e-01
6.1327145677641970e-01
1.6557546133444703e-01
1.0000000000000000e+00
2.6875312760245151e-01
6.1327145677641970e-01
1.5575969206438459e-01
1.0000000000000000e+00
2.6253386534523315e-01
6.1104637883254331e-01
1.8933108715609706e-01
1.0000000000000000e+00
2.7577600762020893e-01
6.5195579953142446e-01
1.8933108715609706e-01
1.0000000000000000e+00
2.7577600762020893e-01
6.5195579953142446e-01
1.5823592325941718e-01
1.0000000000000000e+00
3.1615841522585697e-01
6.5195579953142446e-01
1.6253613341868914e-01
1.0000000000000000e+00
3.1615841522585697e-01
6.6341843582340521e-01
1.7267556708575285e-01
1.0000000000000000e+00
3.4269475325714893e-01
4.7965969271608633e-01
1.7267556708575285e-01
1.0000000000000000e+00
3.4269475325714893e-01
6.0662817708798689e-01
1.5414172398195661e-01
1.0000000000000000e+00
3.4561463672440595e-01
6.0662817708798689e-01
1.4142350839720166e-01
1.0000000000000000e+00
3.0769108090322561e-01
5.1082273844513115e-01
1.6674812684104837e-01
1.0000000000000000e+00
3.1049790832918234e-01
5.7532291386160073e-01
1.7213528980537376e-01
1.0000000000000000e+00
3.4882265928905554e-01
6.7543822659063157e-01
1.7213528980537376e-01
1.0000000000000000e+00
3.4882265928905554e-01
6.7543822659063157e-01
1.4762966921589396e-01
1.0000000000000000e+00
3.7153581384342260e-01
6.7543822659063157e-01
1.8173849890044949e-01
1.0000000000000000e+00
3.6689430283155389e-01
6.4517581594991502e-01
1.7492520464620612e-01
1.0000000000000000e+00
3.6689430283155389e-01
4.5801302922773179e-01
1.7296197002324334e-01
1.0000000000000000e+00
3.6689430283155389e-01
4.8917725814390001e-01
1.7133353608696780e-01
1.0000000000000000e+00
3.5280658205743975e-01
4.8917725814390001e-01
1.6777194843198232e-01
1.0000000000000000e+00
3.2289326092001147e-01
4.8917725814390001e-01
1.7145656624379627e-01
1.0000000000000000e+00
3.3040708553750164e-01
4.8917725814390001e-01
1.7145656624379627e-01
1.0000000000000000e+00
3.0340956657897777e-01
5.0022546427208003e-01
1.7660431114527456e-01
1.0000000000000000e+00
2.9243627045076437e-01
4.4823654221254405e-01
1.6573457249942294e-01
1.0000000000000000e+00
2.8877492918405778e-01
5.1058601068216380e-01
1.9563651520329586e-01
1.0000000000000000e+00
2.7865229564491756e-01
6.7247811185079631e-01
1.9563651520329586e-01
1.0000000000000000e+00
2.7865229564491756e-01
3.1334413813310680e-01
1.7138215776103607e-01
1.0000000000000000e+00
2.7710485790163375e-01
2.9501420857268390e-01
1.8760010104197136e-01
1.0000000000000000e+00
3.5670424118876554e-01
2.9501420857268390e-01
2.0328615296202771e-01
1.0000000000000000e+00
3.5621397756045781e-01
3.9827001506346282e-01
2.0328615296202771e-01
1.0000000000000000e+00
3.2558658393105588e-01
3.9827001506346282e-01
1.9034789658653609e-01
1.0000000000000000e+00
3.6267140181740842e-01
3.9827001506346282e-01
1.7599899757224194e-01
1.0000000000000000e+00
3.2390906335791669e-01
3.8858247028547344e-01
1.7507777804312355e-01
1.0000000000000000e+00
3.6523005412897191e-01
4.8251343743759212e-01
1.7590353316663823e-01
1.0000000000000000e+00
2.7287811622960589e-01
2.6600551085430202e-01
1.7590353316663823e-01
1.0000000000000000e+00
3.0595422373158954e-01
2.7182036584126767e-01
1.8951157950832567e-01
1.0000000000000000e+00
3.4585607494233273e-01
3.7376799752819356e-01
1.8709630989505968e-01
1.0000000000000000e+00
3.8912743772385738e-01
3.1271470283973035e-01
1.8709630989505968e-01
1.0000000000000000e+00
3.6341325449762962e-01
4.2294589748489675e-01
1.8709630989505968e-01
1.0000000000000000e+00
3.3757497591437868e-01
5.0116196593153295e-01
1.6668717288448534e-01
1.0000000000000000e+00
3.1423954234929852e-01
5.4891221543657598e-01
1.6668717288448534e-01
1.0000000000000000e+00
2.5947477237792782e-01
4.5809290876495656e-01
1.5549386949314795e-01
1.0000000000000000e+00
2.5201083009602598e-01
4.5809290876495656e-01
1.5395109237906582e-01
1.0000000000000000e+00
2.0574450434656910e-01
4.6546175137045798e-01
1.5395109237906582e-01
1.0000000000000000e+00
2.1543641143949799e-01
3.9056372448685583e-01
1.3687160493609554e-01
1.0000000000000000e+00
2.1543641143949799e-01
4.2661829098942694e-01
1.4706146599528439e-01
1.0000000000000000e+00
2.1543641143949799e-01
4.2661829098942694e-01
1.5646688336310036e-01
1.0000000000000000e+00
1.9260288903029732e-01
4.2661829098942694e-01
1.4888151477825887e-01
1.0000000000000000e+00
1.8497686728375129e-01
3.2619967862847266e-01
1.5111264305924124e-01
1.0000000000000000e+00
1.3151981763081722e-01
4.3939900204422888e-01
1.4451558979963011e-01
1.0000000000000000e+00
1.4808691001968555e-01
3.6156031295540747e-01
1.3721182289336867e-01
1.0000000000000000e+00
1.5441844647290282e-01
4.1962649479391989e-01
1.4362642098021752e-01
1.0000000000000000e+00
1.4157514681579642e-01
4.7364979788544592e-01
1.6167417842698342e-01
1.0000000000000000e+00
1.1340601125272087e-01
4.7364979788544592e-01
1.6167417842698342e-01
1.0000000000000000e+00
1.2454403319867424e-01
4.7364979788544592e-01
1.3943334970426804e-01
1.0000000000000000e+00
1.5327296347828678e-01
4.7364979788544592e-01
1.3156986514841265e-01
1.0000000000000000e+00
2.3530014592694215e-01
4.7364979788544592e-01
1.3156986514841265e-01
1.0000000000000000e+00
2.3325594502972535e-01
5.3179089531186041e-01
1.1961912083243079e-01
1.0000000000000000e+00
2.8212920192169122e-01
5.3179089531186041e-01
1.4293402152870840e-01
1.0000000000000000e+00
2.6726500305818490e-01
4.8302224084618506e-01
1.2666153813515849e-01
1.0000000000000000e+00
2.6726500305818490e-01
6.0416921034338888e-01
1.2894227633987612e-01
1.0000000000000000e+00
3.1308395590173177e-01
6.3914260819437918e-01
1.3424781376997999e-01
1.0000000000000000e+00
3.4498576528864078e-01
4.9661037132027563e-01
1.3467817694217957e-01
1.0000000000000000e+00
2.7967808104591541e-01
5.2641964323702273e-01
1.3467817694217957e-01
1.0000000000000000e+00
2.2423578880267314e-01
6.6966691978159365e-01
1.2507316410810745e-01
1.0000000000000000e+00
