3
1000
-7.6327785154341070e+00
-7.6327785154341070e+00
0.0000000000000000e+00
-7.6469909581976481e+00
-7.6469909581976481e+00
0.0000000000000000e+00
-9.3567022840300993e+00
-9.3567022840300993e+00
0.0000000000000000e+00
-9.5149340247320957e+00
-9.5149340247320957e+00
0.0000000000000000e+00
-9.1356215813579524e+00
-9.1356215813579524e+00
0.0000000000000000e+00
-6.5800245914187059e+00
-6.5800245914187059e+00
0.0000000000000000e+00
-6.6474141866065812e+00
-6.6474141866065812e+00
0.0000000000000000e+00
-6.4431428941309816e+00
-6.4431428941309816e+00
0.0000000000000000e+00
-6.4144446132801329e+00
-6.4144446132801329e+00
0.0000000000000000e+00
-6.8650204397391015e+00
-6.8650204397391015e+00
0.0000000000000000e+00
-6.6588906876048926e+00
-6.6588906876048926e+00
0.0000000000000000e+00
-7.1576658816723473e+00
-7.1576658816723473e+00
0.0000000000000000e+00
-6.3755787791492899e+00
-6.3755787791492899e+00
0.0000000000000000e+00
-6.4409574112025059e+00
-6.4409574112025059e+00
0.0000000000000000e+00
-6.4205728491663185e+00
-6.4205728491663185e+00
0.0000000000000000e+00
-6.4935200688819066e+00
-6.4935200688819066e+00
0.0000000000000000e+00
-6.7097825221387959e+00
-6.7097825221387959e+00
0.0000000000000000e+00
-6.8827148002979195e+00
-6.8827148002979195e+00
0.0000000000000000e+00
-6.5277407595826435e+00
-6.5277407595826435e+00
0.0000000000000000e+00
-6.4901651930415554e+00
-6.4901651930415554e+00
0.0000000000000000e+00
-6.6343064598136845e+00
-6.6343064598136845e+00
0.0000000000000000e+00
-6.4847435721717233e+00
-6.4847435721717233e+00
0.0000000000000000e+00
-6.4956305470044775e+00
-6.4956305470044775e+00
0.0000000000000000e+00
-6.5411545084164944e+00
-6.5411545084164944e+00
0.0000000000000000e+00
-6.4825210372210709e+00
-6.4825210372210709e+00
0.0000000000000000e+00
-6.4658052634378462e+00
-6.4658052634378462e+00
0.0000000000000000e+00
-6.4649539382350349e+00
-6.4649539382350349e+00
0.0000000000000000e+00
-7.0218880535140205e+00
-7.0218880535140205e+00
0.0000000000000000e+00
-6.6439412141132674e+00
-6.6439412141132674e+00
0.0000000000000000e+00
-6.9992742166134061e+00
-6.9992742166134061e+00
0.0000000000000000e+00
-6.5312107521083957e+00
-6.5312107521083957e+00
0.0000000000000000e+00
-6.5023381990959077e+00
-6.5023381990959077e+00
0.0000000000000000e+00
-6.4594516956553116e+00
-6.4594516956553116e+00
0.0000000000000000e+00
-6.4846790888931682e+00
-6.4846790888931682e+00
0.0000000000000000e+00
-6.5560608068424715e+00
-6.5560608068424715e+00
0.0000000000000000e+00
-6.5248137465171219e+00
-6.5248137465171219e+00
0.0000000000000000e+00
-6.3460991708870464e+00
-6.3460991708870464e+00
0.0000000000000000e+00
-6.2673171949701185e+00
-6.2673171949701185e+00
0.0000000000000000e+00
-6.3053303778823029e+00
-6.3053303778823029e+00
0.0000000000000000e+00
-6.3948051240925476e+00
-6.3948051240925476e+00
0.0000000000000000e+00
-6.3890281418039834e+00
-6.3890281418039834e+00
0.0000000000000000e+00
-6.2859925994290506e+00
-6.2859925994290506e+00
0.0000000000000000e+00
-6.3724657791347674e+00
-6.3724657791347674e+00
0.0000000000000000e+00
-6.3392051299899386e+00
-6.3392051299899386e+00
0.0000000000000000e+00
-6.6316864135346378e+00
-6.6316864135346378e+00
0.0000000000000000e+00
-6.6017134912151629e+00
-6.6017134912151629e+00
0.0000000000000000e+00
-6.8439067110849301e+00
-6.8439067110849301e+00
0.0000000000000000e+00
-6.9891127525906835e+00
-6.9891127525906835e+00
0.0000000000000000e+00
-7.3064690274378936e+00
-7.3064690274378936e+00
0.0000000000000000e+00
-7.8910555574375385e+00
-7.8910555574375385e+00
0.0000000000000000e+00
-7.8001030295462641e+00
-7.8001030295462641e+00
0.0000000000000000e+00
-7.8280205972410908e+00
-7.8280205972410908e+00
0.0000000000000000e+00
-7.3863783765912263e+00
-7.3863783765912263e+00
0.0000000000000000e+00
-7.5256987372459587e+00
-7.5256987372459587e+00
0.0000000000000000e+00
-6.9665515211554370e+00
-6.9665515211554370e+00
0.0000000000000000e+00
-7.5528161938539062e+00
-7.5528161938539062e+00
0.0000000000000000e+00
-7.0733748845664497e+00
-7.0733748845664497e+00
0.0000000000000000e+00
-6.6264425614805793e+00
-6.6264425614805793e+00
0.0000000000000000e+00
-6.9709643975484052e+00
-6.9709643975484052e+00
0.0000000000000000e+00
-6.9707383250006174e+00
-6.9707383250006174e+00
0.0000000000000000e+00
-6.5287873686498337e+00
-6.5287873686498337e+00
0.0000000000000000e+00
-6.4603525512980067e+00
-6.4603525512980067e+00
0.0000000000000000e+00
-6.0246449624409530e+00
-6.0246449624409530e+00
0.0000000000000000e+00
-6.2116219627968974e+00
-6.2116219627968974e+00
0.0000000000000000e+00
-6.5870027332033079e+00
-6.5870027332033079e+00
0.0000000000000000e+00
-6.0456790636379978e+00
-6.0456790636379978e+00
0.0000000000000000e+00
-6.1730238630258576e+00
-6.1730238630258576e+00
0.0000000000000000e+00
-5.9404274702168278e+00
-5.9404274702168278e+00
0.0000000000000000e+00
-6.0546818758458816e+00
-6.0546818758458816e+00
0.0000000000000000e+00
-7.6774012829389502e+00
-7.6774012829389502e+00
0.0000000000000000e+00
-7.2501743959026443e+00
-7.2501743959026443e+00
0.0000000000000000e+00
-7.9603147032293968e+00
-7.9603147032293968e+00
0.0000000000000000e+00
-7.0738587710965355e+00
-7.0738587710965355e+00
0.0000000000000000e+00
-7.5284969897633092e+00
-7.5284969897633092e+00
0.0000000000000000e+00
-6.2269085174446213e+00
-6.2269085174446213e+00
0.0000000000000000e+00
-6.1903484746719855e+00
-6.1903484746719855e+00
0.0000000000000000e+00
-7.0446740640969665e+00
-7.0446740640969665e+00
0.0000000000000000e+00
-6.6135955973509102e+00
-6.6135955973509102e+00
0.0000000000000000e+00
-5.5063316650909009e+00
-5.5063316650909009e+00
0.0000000000000000e+00
-5.5965293227381956e+00
-5.5965293227381956e+00
0.0000000000000000e+00
-6.1486075830779496e+00
-6.1486075830779496e+00
0.0000000000000000e+00
-6.1038401394533901e+00
-6.1038401394533901e+00
0.0000000000000000e+00
-5.7142834368730782e+00
-5.7142834368730782e+00
0.0000000000000000e+00
-5.7019942929544651e+00
-5.7019942929544651e+00
0.0000000000000000e+00
-5.9899282556708942e+00
-5.9899282556708942e+00
0.0000000000000000e+00
-5.3945528227588504e+00
-5.3945528227588504e+00
0.0000000000000000e+00
-5.2086592864640551e+00
-5.2086592864640551e+00
0.0000000000000000e+00
-5.5089884993505249e+00
-5.5089884993505249e+00
0.0000000000000000e+00
-5.6854830032109955e+00
-5.6854830032109955e+00
0.0000000000000000e+00
-6.2752157128527406e+00
-6.2752157128527406e+00
0.0000000000000000e+00
-5.6801879410143865e+00
-5.6801879410143865e+00
0.0000000000000000e+00
-5.8340305278223044e+00
-5.8340305278223044e+00
0.0000000000000000e+00
-5.8242835704899516e+00
-5.8242835704899516e+00
0.0000000000000000e+00
-5.1543899525729202e+00
-5.1543899525729202e+00
0.0000000000000000e+00
-5.2940841008002399e+00
-5.2940841008002399e+00
0.0000000000000000e+00
-5.1934192848054499e+00
-5.1934192848054499e+00
0.0000000000000000e+00
-5.0943516929529897e+00
-5.0943516929529897e+00
0.0000000000000000e+00
-5.1438504638906570e+00
-5.1438504638906570e+00
0.0000000000000000e+00
-5.9982051757641939e+00
-5.9982051757641939e+00
0.0000000000000000e+00
-6.7334794400554738e+00
-6.7334794400554738e+00
0.0000000000000000e+00
-7.1531256465967772e+00
-7.1531256465967772e+00
0.0000000000000000e+00
-5.5538009805715722e+00
-5.5538009805715722e+00
0.0000000000000000e+00
-5.1862906826346844e+00
-5.1862906826346844e+00
0.0000000000000000e+00
-5.5566038263122675e+00
-5.5566038263122675e+00
0.0000000000000000e+00
-5.6004947346810985e+00
-5.6004947346810985e+00
0.0000000000000000e+00
-4.8734174991368180e+00
-4.8734174991368180e+00
0.0000000000000000e+00
-6.8602547849889799e+00
-6.8602547849889799e+00
0.0000000000000000e+00
-4.9616262790515160e+00
-4.9616262790515160e+00
0.0000000000000000e+00
-5.1584724763504433e+00
-5.1584724763504433e+00
0.0000000000000000e+00
-5.1291953338967389e+00
-5.1291953338967389e+00
0.0000000000000000e+00
-5.6436989718350112e+00
-5.6436989718350112e+00
0.0000000000000000e+00
-5.4782913319776432e+00
-5.4782913319776432e+00
0.0000000000000000e+00
-5.5669878524144432e+00
-5.5669878524144432e+00
0.0000000000000000e+00
-5.5086759126201059e+00
-5.5086759126201059e+00
0.0000000000000000e+00
-5.3583380073526650e+00
-5.3583380073526650e+00
0.0000000000000000e+00
-5.2758778405393230e+00
-5.2758778405393230e+00
0.0000000000000000e+00
-5.7183715424552615e+00
-5.7183715424552615e+00
0.0000000000000000e+00
-5.8033396576352398e+00
-5.8033396576352398e+00
0.0000000000000000e+00
-5.9946453750834943e+00
-5.9946453750834943e+00
0.0000000000000000e+00
-7.2799506899200370e+00
-7.2799506899200370e+00
0.0000000000000000e+00
-5.7227615423490601e+00
-5.7227615423490601e+00
0.0000000000000000e+00
-5.4447120679036196e+00
-5.4447120679036196e+00
0.0000000000000000e+00
-5.8223375707248826e+00
-5.8223375707248826e+00
0.0000000000000000e+00
-6.0276778786918737e+00
-6.0276778786918737e+00
0.0000000000000000e+00
-5.3282062919546114e+00
-5.3282062919546114e+00
0.0000000000000000e+00
-5.7367278813360087e+00
-5.7367278813360087e+00
0.0000000000000000e+00
-5.5656219066537114e+00
-5.5656219066537114e+00
0.0000000000000000e+00
-6.7479867490848946e+00
-6.7479867490848946e+00
0.0000000000000000e+00
-5.5551298281185888e+00
-5.5551298281185888e+00
0.0000000000000000e+00
-5.2340628357001311e+00
-5.2340628357001311e+00
0.0000000000000000e+00
-6.9145342571744584e+00
-6.9145342571744584e+00
0.0000000000000000e+00
-6.8723229885828632e+00
-6.8723229885828632e+00
0.0000000000000000e+00
-5.8431867512698847e+00
-5.8431867512698847e+00
0.0000000000000000e+00
-6.0757918035436331e+00
-6.0757918035436331e+00
0.0000000000000000e+00
-5.6254527278241433e+00
-5.6254527278241433e+00
0.0000000000000000e+00
-5.4452055011284113e+00
-5.4452055011284113e+00
0.0000000000000000e+00
-6.4544547783685458e+00
-6.4544547783685458e+00
0.0000000000000000e+00
-5.6373634772176615e+00
-5.6373634772176615e+00
0.0000000000000000e+00
-6.2237292279662570e+00
-6.2237292279662570e+00
0.0000000000000000e+00
-4.9077000651225156e+00
-4.9077000651225156e+00
0.0000000000000000e+00
-5.6577960099306503e+00
-5.6577960099306503e+00
0.0000000000000000e+00
-5.9526239434849524e+00
-5.9526239434849524e+00
0.0000000000000000e+00
-6.4580363432179260e+00
-6.4580363432179260e+00
0.0000000000000000e+00
-5.2997298506862718e+00
-5.2997298506862718e+00
0.0000000000000000e+00
-5.1047252817947593e+00
-5.1047252817947593e+00
0.0000000000000000e+00
-5.4009504408321929e+00
-5.4009504408321929e+00
0.0000000000000000e+00
-5.3537345426391223e+00
-5.3537345426391223e+00
0.0000000000000000e+00
-5.3019000273795562e+00
-5.3019000273795562e+00
0.0000000000000000e+00
-5.2747533552309047e+00
-5.2747533552309047e+00
0.0000000000000000e+00
-7.9177960608677980e+00
-7.9177960608677980e+00
0.0000000000000000e+00
-8.0571060020761536e+00
-8.0571060020761536e+00
0.0000000000000000e+00
-8.5712002106162775e+00
-8.5712002106162775e+00
0.0000000000000000e+00
-9.5255998089799832e+00
-9.5255998089799832e+00
0.0000000000000000e+00
-9.7248447137525318e+00
-9.7248447137525318e+00
0.0000000000000000e+00
-5.8226462667802226e+00
-5.8226462667802226e+00
0.0000000000000000e+00
-7.1288583842981641e+00
-7.1288583842981641e+00
0.0000000000000000e+00
-8.1317863536742045e+00
-8.1317863536742045e+00
0.0000000000000000e+00
-7.5294952249236822e+00
-7.5294952249236822e+00
0.0000000000000000e+00
-6.2944758334691810e+00
-6.2944758334691810e+00
0.0000000000000000e+00
-5.7504484876324762e+00
-5.7504484876324762e+00
0.0000000000000000e+00
-5.3461017431138504e+00
-5.3461017431138504e+00
0.0000000000000000e+00
-5.0790223242928203e+00
-5.0790223242928203e+00
0.0000000000000000e+00
-5.0506348310570814e+00
-5.0506348310570814e+00
0.0000000000000000e+00
-5.0044275871424375e+00
-5.0044275871424375e+00
0.0000000000000000e+00
-5.3211421555357870e+00
-5.3211421555357870e+00
0.0000000000000000e+00
-6.3244140616315363e+00
-6.3244140616315363e+00
0.0000000000000000e+00
-5.8399994025066260e+00
-5.8399994025066260e+00
0.0000000000000000e+00
-5.6697799239568463e+00
-5.6697799239568463e+00
0.0000000000000000e+00
-5.6811400886150469e+00
-5.6811400886150469e+00
0.0000000000000000e+00
-5.5323878772758519e+00
-5.5323878772758519e+00
0.0000000000000000e+00
-5.3506606804658903e+00
-5.3506606804658903e+00
0.0000000000000000e+00
-5.7797156492025925e+00
-5.7797156492025925e+00
0.0000000000000000e+00
-7.9945484741566961e+00
-7.9945484741566961e+00
0.0000000000000000e+00
-8.1588990463123601e+00
-8.1588990463123601e+00
0.0000000000000000e+00
-8.1729573704313747e+00
-8.1729573704313747e+00
0.0000000000000000e+00
-6.4599766537640289e+00
-6.4599766537640289e+00
0.0000000000000000e+00
-6.8558123684319909e+00
-6.8558123684319909e+00
0.0000000000000000e+00
-6.9885460168914229e+00
-6.9885460168914229e+00
0.0000000000000000e+00
-7.6379144661658458e+00
-7.6379144661658458e+00
0.0000000000000000e+00
-8.6317163156573287e+00
-8.6317163156573287e+00
0.0000000000000000e+00
-9.3722975872363179e+00
-9.3722975872363179e+00
0.0000000000000000e+00
-9.3722975872363179e+00
-9.3722975872363179e+00
0.0000000000000000e+00
-8.7284993386982848e+00
-8.7284993386982848e+00
0.0000000000000000e+00
-9.0730829845665895e+00
-9.0730829845665895e+00
0.0000000000000000e+00
-8.2319070712953142e+00
-8.2319070712953142e+00
0.0000000000000000e+00
-8.1738330717144230e+00
-8.1738330717144230e+00
0.0000000000000000e+00
-8.1927386713133501e+00
-8.1927386713133501e+00
0.0000000000000000e+00
-8.0681108988699002e+00
-8.0681108988699002e+00
0.0000000000000000e+00
-7.6776879975702581e+00
-7.6776879975702581e+00
0.0000000000000000e+00
-7.0549230414627431e+00
-7.0549230414627431e+00
0.0000000000000000e+00
-7.0606115318254563e+00
-7.0606115318254563e+00
0.0000000000000000e+00
-7.1102332644950277e+00
-7.1102332644950277e+00
0.0000000000000000e+00
-7.1537002415485977e+00
-7.1537002415485977e+00
0.0000000000000000e+00
-7.1208460717971604e+00
-7.1208460717971604e+00
0.0000000000000000e+00
-6.9851843743936675e+00
-6.9851843743936675e+00
0.0000000000000000e+00
-6.8466738778382652e+00
-6.8466738778382652e+00
0.0000000000000000e+00
-6.8596080620587090e+00
-6.8596080620587090e+00
0.0000000000000000e+00
-6.7058018087254325e+00
-6.7058018087254325e+00
0.0000000000000000e+00
-6.7977974983291940e+00
-6.7977974983291940e+00
0.0000000000000000e+00
-6.9637659274619228e+00
-6.9637659274619228e+00
0.0000000000000000e+00
-6.9473016304358950e+00
-6.9473016304358950e+00
0.0000000000000000e+00
-6.7293593674385734e+00
-6.7293593674385734e+00
0.0000000000000000e+00
-6.6792469505978698e+00
-6.6792469505978698e+00
0.0000000000000000e+00
-6.5127605364028014e+00
-6.5127605364028014e+00
0.0000000000000000e+00
-6.5110592055148446e+00
-6.5110592055148446e+00
0.0000000000000000e+00
-6.6890191666360721e+00
-6.6890191666360721e+00
0.0000000000000000e+00
-6.6886290172925866e+00
-6.6886290172925866e+00
0.0000000000000000e+00
-6.3483767042699659e+00
-6.3483767042699659e+00
0.0000000000000000e+00
-6.5318697921235760e+00
-6.5318697921235760e+00
0.0000000000000000e+00
-6.5120707577305819e+00
-6.5120707577305819e+00
0.0000000000000000e+00
-6.5712340133874543e+00
-6.5712340133874543e+00
0.0000000000000000e+00
-6.3469523802098093e+00
-6.3469523802098093e+00
0.0000000000000000e+00
-6.3793999536479529e+00
-6.3793999536479529e+00
0.0000000000000000e+00
-6.3787157402803079e+00
-6.3787157402803079e+00
0.0000000000000000e+00
-6.5336923239955187e+00
-6.5336923239955187e+00
0.0000000000000000e+00
-6.9923200035663085e+00
-6.9923200035663085e+00
0.0000000000000000e+00
-6.3499558522131254e+00
-6.3499558522131254e+00
0.0000000000000000e+00
-6.4052835073597940e+00
-6.4052835073597940e+00
0.0000000000000000e+00
-6.8575425839700532e+00
-6.8575425839700532e+00
0.0000000000000000e+00
-6.8383247306145272e+00
-6.8383247306145272e+00
0.0000000000000000e+00
-6.8352999156872762e+00
-6.8352999156872762e+00
0.0000000000000000e+00
-6.6570182890946814e+00
-6.6570182890946814e+00
0.0000000000000000e+00
-6.5709526123381590e+00
-6.5709526123381590e+00
0.0000000000000000e+00
-6.5807663733105288e+00
-6.5807663733105288e+00
0.0000000000000000e+00
-6.5928673935124742e+00
-6.5928673935124742e+00
0.0000000000000000e+00
-6.6207146843713005e+00
-6.6207146843713005e+00
0.0000000000000000e+00
-6.5249060965521979e+00
-6.5249060965521979e+00
0.0000000000000000e+00
-6.5126021547727611e+00
-6.5126021547727611e+00
0.0000000000000000e+00
-6.5766377261662772e+00
-6.5766377261662772e+00
0.0000000000000000e+00
-6.5850361225371037e+00
-6.5850361225371037e+00
0.0000000000000000e+00
-6.5209465067630212e+00
-6.5209465067630212e+00
0.0000000000000000e+00
-6.6310166010539486e+00
-6.6310166010539486e+00
0.0000000000000000e+00
-6.7027395686791085e+00
-6.7027395686791085e+00
0.0000000000000000e+00
-6.6279928712906147e+00
-6.6279928712906147e+00
0.0000000000000000e+00
-6.6906768534030903e+00
-6.6906768534030903e+00
0.0000000000000000e+00
-6.8508777377879895e+00
-6.8508777377879895e+00
0.0000000000000000e+00
-6.7441086228499465e+00
-6.7441086228499465e+00
0.0000000000000000e+00
-6.6699228221710616e+00
-6.6699228221710616e+00
0.0000000000000000e+00
-6.6521271345721349e+00
-6.6521271345721349e+00
0.0000000000000000e+00
-6.7791371205985858e+00
-6.7791371205985858e+00
0.0000000000000000e+00
-6.6119944439590697e+00
-6.6119944439590697e+00
0.0000000000000000e+00
-6.7042134729644332e+00
-6.7042134729644332e+00
0.0000000000000000e+00
-6.7061888229468023e+00
-6.7061888229468023e+00
0.0000000000000000e+00
-6.6559605786079921e+00
-6.6559605786079921e+00
0.0000000000000000e+00
-6.7152782808200744e+00
-6.7152782808200744e+00
0.0000000000000000e+00
-6.8023096273547532e+00
-6.8023096273547532e+00
0.0000000000000000e+00
-6.7849192385390555e+00
-6.7849192385390555e+00
0.0000000000000000e+00
-6.4753856231151161e+00
-6.4753856231151161e+00
0.0000000000000000e+00
-6.5251803651601774e+00
-6.5251803651601774e+00
0.0000000000000000e+00
-6.4955738659561426e+00
-6.4955738659561426e+00
0.0000000000000000e+00
-7.3862746097529186e+00
-7.3862746097529186e+00
0.0000000000000000e+00
-6.9317573275278725e+00
-6.9317573275278725e+00
0.0000000000000000e+00
-7.1632452819892753e+00
-7.1632452819892753e+00
0.0000000000000000e+00
-7.1511447206303327e+00
-7.1511447206303327e+00
0.0000000000000000e+00
-7.1289157364575448e+00
-7.1289157364575448e+00
0.0000000000000000e+00
-7.1392007449775843e+00
-7.1392007449775843e+00
0.0000000000000000e+00
-7.9382598479971120e+00
-7.9382598479971120e+00
0.0000000000000000e+00
-7.8839260339453858e+00
-7.8839260339453858e+00
0.0000000000000000e+00
-7.1562359048682200e+00
-7.1562359048682200e+00
0.0000000000000000e+00
-6.9617949519418101e+00
-6.9617949519418101e+00
0.0000000000000000e+00
-6.8293463850523928e+00
-6.8293463850523928e+00
0.0000000000000000e+00
-7.1623941473551413e+00
-7.1623941473551413e+00
0.0000000000000000e+00
-7.3340909621910182e+00
-7.3340909621910182e+00
0.0000000000000000e+00
-6.9758110813869401e+00
-6.9758110813869401e+00
0.0000000000000000e+00
-6.5717955019703052e+00
-6.5717955019703052e+00
0.0000000000000000e+00
-6.5583030702398766e+00
-6.5583030702398766e+00
0.0000000000000000e+00
-6.5503480688524940e+00
-6.5503480688524940e+00
0.0000000000000000e+00
-6.5755164940542272e+00
-6.5755164940542272e+00
0.0000000000000000e+00
-6.4955438873596965e+00
-6.4955438873596965e+00
0.0000000000000000e+00
-6.6096102480101564e+00
-6.6096102480101564e+00
0.0000000000000000e+00
-6.5902128780454801e+00
-6.5902128780454801e+00
0.0000000000000000e+00
-7.7613089646649360e+00
-7.7613089646649360e+00
0.0000000000000000e+00
-7.1272424317002088e+00
-7.1272424317002088e+00
0.0000000000000000e+00
-6.9698264218820256e+00
-6.9698264218820256e+00
0.0000000000000000e+00
-8.3417743301256539e+00
-8.3417743301256539e+00
0.0000000000000000e+00
-6.9828696720965038e+00
-6.9828696720965038e+00
0.0000000000000000e+00
-6.8308195162676455e+00
-6.8308195162676455e+00
0.0000000000000000e+00
-6.8065883648248837e+00
-6.8065883648248837e+00
0.0000000000000000e+00
-7.2505610677310415e+00
-7.2505610677310415e+00
0.0000000000000000e+00
-7.2558798238502380e+00
-7.2558798238502380e+00
0.0000000000000000e+00
-7.3616530400078481e+00
-7.3616530400078481e+00
0.0000000000000000e+00
-7.8540192476710651e+00
-7.8540192476710651e+00
0.0000000000000000e+00
-7.5048275806462303e+00
-7.5048275806462303e+00
0.0000000000000000e+00
-7.1849135639093120e+00
-7.1849135639093120e+00
0.0000000000000000e+00
-9.8037662300989510e+00
-9.8037662300989510e+00
0.0000000000000000e+00
-1.0025425494108465e+01
-1.0025425494108465e+01
0.0000000000000000e+00
-7.6684633393861246e+00
-7.6684633393861246e+00
0.0000000000000000e+00
-8.1060321168922869e+00
-8.1060321168922869e+00
0.0000000000000000e+00
-7.8124002141014888e+00
-7.8124002141014888e+00
0.0000000000000000e+00
-7.9637536447265038e+00
-7.9637536447265038e+00
0.0000000000000000e+00
-8.3422429349838012e+00
-8.3422429349838012e+00
0.0000000000000000e+00
-8.6805290807265436e+00
-8.6805290807265436e+00
0.0000000000000000e+00
-9.4008653090246206e+00
-9.4008653090246206e+00
0.0000000000000000e+00
-9.1985522202995789e+00
-9.1985522202995789e+00
0.0000000000000000e+00
-6.9821953657717382e+00
-6.9821953657717382e+00
0.0000000000000000e+00
-9.8698610643706459e+00
-9.8698610643706459e+00
0.0000000000000000e+00
-6.9712307353618765e+00
-6.9712307353618765e+00
0.0000000000000000e+00
-7.0667445933129427e+00
-7.0667445933129427e+00
0.0000000000000000e+00
-7.0791738682251051e+00
-7.0791738682251051e+00
0.0000000000000000e+00
-7.1277267453267292e+00
-7.1277267453267292e+00
0.0000000000000000e+00
-7.3501674256162604e+00
-7.3501674256162604e+00
0.0000000000000000e+00
-7.0936524069038720e+00
-7.0936524069038720e+00
0.0000000000000000e+00
-7.4739272732710544e+00
-7.4739272732710544e+00
0.0000000000000000e+00
-7.3644378401211537e+00
-7.3644378401211537e+00
0.0000000000000000e+00
-7.1936889140958939e+00
-7.1936889140958939e+00
0.0000000000000000e+00
-6.9279636472889692e+00
-6.9279636472889692e+00
0.0000000000000000e+00
-8.0296167800080998e+00
-8.0296167800080998e+00
0.0000000000000000e+00
-6.4866054799844886e+00
-6.4866054799844886e+00
0.0000000000000000e+00
-7.0947407477377888e+00
-7.0947407477377888e+00
0.0000000000000000e+00
-6.5368593065789815e+00
-6.5368593065789815e+00
0.0000000000000000e+00
-7.5149264308706964e+00
-7.5149264308706964e+00
0.0000000000000000e+00
-7.4815066236235435e+00
-7.4815066236235435e+00
0.0000000000000000e+00
-7.6668604250861918e+00
-7.6668604250861918e+00
0.0000000000000000e+00
-7.2995307234456375e+00
-7.2995307234456375e+00
0.0000000000000000e+00
-6.8974772531860893e+00
-6.8974772531860893e+00
0.0000000000000000e+00
-7.5979679362465262e+00
-7.5979679362465262e+00
0.0000000000000000e+00
-7.6762581547270052e+00
-7.6762581547270052e+00
0.0000000000000000e+00
-6.7747034041689016e+00
-6.7747034041689016e+00
0.0000000000000000e+00
-7.6990598683408349e+00
-7.6990598683408349e+00
0.0000000000000000e+00
-6.7432238328733156e+00
-6.7432238328733156e+00
0.0000000000000000e+00
-6.4186615369553905e+00
-6.4186615369553905e+00
0.0000000000000000e+00
-6.4724243036138613e+00
-6.4724243036138613e+00
0.0000000000000000e+00
-6.9728122557396564e+00
-6.9728122557396564e+00
0.0000000000000000e+00
-7.1537136776966879e+00
-7.1537136776966879e+00
0.0000000000000000e+00
-6.6370061166279060e+00
-6.6370061166279060e+00
0.0000000000000000e+00
-6.3812213066461592e+00
-6.3812213066461592e+00
0.0000000000000000e+00
-6.5765674985698315e+00
-6.5765674985698315e+00
0.0000000000000000e+00
-6.0263540721101272e+00
-6.0263540721101272e+00
0.0000000000000000e+00
-6.0433644059736178e+00
-6.0433644059736178e+00
0.0000000000000000e+00
-6.3049981592271820e+00
-6.3049981592271820e+00
0.0000000000000000e+00
-6.1916304759264493e+00
-6.1916304759264493e+00
0.0000000000000000e+00
-6.0605422934827757e+00
-6.0605422934827757e+00
0.0000000000000000e+00
-6.1563761969087452e+00
-6.1563761969087452e+00
0.0000000000000000e+00
-6.4424087929553515e+00
-6.4424087929553515e+00
0.0000000000000000e+00
-6.5134683862244600e+00
-6.5134683862244600e+00
0.0000000000000000e+00
-6.7526245190367629e+00
-6.7526245190367629e+00
0.0000000000000000e+00
-6.3483886974215391e+00
-6.3483886974215391e+00
0.0000000000000000e+00
-6.0503836994607472e+00
-6.0503836994607472e+00
0.0000000000000000e+00
-5.9469840520073634e+00
-5.9469840520073634e+00
0.0000000000000000e+00
-6.6092690841788100e+00
-6.6092690841788100e+00
0.0000000000000000e+00
-6.5506483850058110e+00
-6.5506483850058110e+00
0.0000000000000000e+00
-6.2295063146039737e+00
-6.2295063146039737e+00
0.0000000000000000e+00
-6.1364526959292434e+00
-6.1364526959292434e+00
0.0000000000000000e+00
-5.8772388694213182e+00
-5.8772388694213182e+00
0.0000000000000000e+00
-6.0047385870039731e+00
-6.0047385870039731e+00
0.0000000000000000e+00
-6.1004829855357130e+00
-6.1004829855357130e+00
0.0000000000000000e+00
-6.3353123262885553e+00
-6.3353123262885553e+00
0.0000000000000000e+00
-7.1329685360130934e+00
-7.1329685360130934e+00
0.0000000000000000e+00
-5.4600327229826551e+00
-5.4600327229826551e+00
0.0000000000000000e+00
-5.6755102203045151e+00
-5.6755102203045151e+00
0.0000000000000000e+00
-5.8924035149566549e+00
-5.8924035149566549e+00
0.0000000000000000e+00
-5.6810163365906199e+00
-5.6810163365906199e+00
0.0000000000000000e+00
-6.4423497720754899e+00
-6.4423497720754899e+00
0.0000000000000000e+00
-6.5361418531000206e+00
-6.5361418531000206e+00
0.0000000000000000e+00
-6.8121825437739014e+00
-6.8121825437739014e+00
0.0000000000000000e+00
-5.9313168111460941e+00
-5.9313168111460941e+00
0.0000000000000000e+00
-5.8982849389200513e+00
-5.8982849389200513e+00
0.0000000000000000e+00
-5.7786146428809948e+00
-5.7786146428809948e+00
0.0000000000000000e+00
-5.1502316716282159e+00
-5.1502316716282159e+00
0.0000000000000000e+00
-5.4155723379979257e+00
-5.4155723379979257e+00
0.0000000000000000e+00
-5.2539990182401253e+00
-5.2539990182401253e+00
0.0000000000000000e+00
-6.3718560122988892e+00
-6.3718560122988892e+00
0.0000000000000000e+00
-6.9680102243456066e+00
-6.9680102243456066e+00
0.0000000000000000e+00
-6.8845562201282338e+00
-6.8845562201282338e+00
0.0000000000000000e+00
-7.8546468849904478e+00
-7.8546468849904478e+00
0.0000000000000000e+00
-8.1742170638315130e+00
-8.1742170638315130e+00
0.0000000000000000e+00
-7.8179113946540584e+00
-7.8179113946540584e+00
0.0000000000000000e+00
-8.1679000124461680e+00
-8.1679000124461680e+00
0.0000000000000000e+00
-6.3144387343499666e+00
-6.3144387343499666e+00
0.0000000000000000e+00
-7.2767381817354053e+00
-7.2767381817354053e+00
0.0000000000000000e+00
-1.0572008025379898e+01
-1.0572008025379898e+01
0.0000000000000000e+00
-1.1079257635937420e+01
-1.1079257635937420e+01
0.0000000000000000e+00
-1.0006590893791408e+01
-1.0006590893791408e+01
0.0000000000000000e+00
-1.1094672848421112e+01
-1.1094672848421112e+01
0.0000000000000000e+00
-1.1350838223366292e+01
-1.1350838223366292e+01
0.0000000000000000e+00
-7.8557148327489674e+00
-7.8557148327489674e+00
0.0000000000000000e+00
-8.4420327747437138e+00
-8.4420327747437138e+00
0.0000000000000000e+00
-8.4090362579513922e+00
-8.4090362579513922e+00
0.0000000000000000e+00
-8.4012801703618081e+00
-8.4012801703618081e+00
0.0000000000000000e+00
-5.9502324535267110e+00
-5.9502324535267110e+00
0.0000000000000000e+00
-7.7620342602928005e+00
-7.7620342602928005e+00
0.0000000000000000e+00
-6.3128272675607651e+00
-6.3128272675607651e+00
0.0000000000000000e+00
-5.8800708584179402e+00
-5.8800708584179402e+00
0.0000000000000000e+00
-5.4143697746968744e+00
-5.4143697746968744e+00
0.0000000000000000e+00
-5.2703090221140272e+00
-5.2703090221140272e+00
0.0000000000000000e+00
-5.1760326357993947e+00
-5.1760326357993947e+00
0.0000000000000000e+00
-5.1827341152901516e+00
-5.1827341152901516e+00
0.0000000000000000e+00
-5.2225690861778560e+00
-5.2225690861778560e+00
0.0000000000000000e+00
-6.3738138126867838e+00
-6.3738138126867838e+00
0.0000000000000000e+00
-5.2228482334654425e+00
-5.2228482334654425e+00
0.0000000000000000e+00
-5.8072924410808575e+00
-5.8072924410808575e+00
0.0000000000000000e+00
-7.6411922509511054e+00
-7.6411922509511054e+00
0.0000000000000000e+00
-7.3427449815694450e+00
-7.3427449815694450e+00
0.0000000000000000e+00
-7.2135361477919728e+00
-7.2135361477919728e+00
0.0000000000000000e+00
-7.4038371633069762e+00
-7.4038371633069762e+00
0.0000000000000000e+00
-6.4400389344926490e+00
-6.4400389344926490e+00
0.0000000000000000e+00
-6.8924177469694268e+00
-6.8924177469694268e+00
0.0000000000000000e+00
-6.9265195133732380e+00
-6.9265195133732380e+00
0.0000000000000000e+00
-7.6937767868397078e+00
-7.6937767868397078e+00
0.0000000000000000e+00
-7.5449090717706415e+00
-7.5449090717706415e+00
0.0000000000000000e+00
-7.9713637164696109e+00
-7.9713637164696109e+00
0.0000000000000000e+00
-6.4086228519332415e+00
-6.4086228519332415e+00
0.0000000000000000e+00
-5.4665504300678514e+00
-5.4665504300678514e+00
0.0000000000000000e+00
-6.6178993213161679e+00
-6.6178993213161679e+00
0.0000000000000000e+00
-6.9429613869189444e+00
-6.9429613869189444e+00
0.0000000000000000e+00
-6.1824113446600659e+00
-6.1824113446600659e+00
0.0000000000000000e+00
-6.1587506192322961e+00
-6.1587506192322961e+00
0.0000000000000000e+00
-5.1569442512867143e+00
-5.1569442512867143e+00
0.0000000000000000e+00
-5.2666187116424030e+00
-5.2666187116424030e+00
0.0000000000000000e+00
-5.9613059072334886e+00
-5.9613059072334886e+00
0.0000000000000000e+00
-5.0213520394897966e+00
-5.0213520394897966e+00
0.0000000000000000e+00
-5.2362092710075228e+00
-5.2362092710075228e+00
0.0000000000000000e+00
-6.7869960795894162e+00
-6.7869960795894162e+00
0.0000000000000000e+00
-5.6670787354936802e+00
-5.6670787354936802e+00
0.0000000000000000e+00
-5.6373180756168662e+00
-5.6373180756168662e+00
0.0000000000000000e+00
-5.9617120874000253e+00
-5.9617120874000253e+00
0.0000000000000000e+00
-5.7034767761669816e+00
-5.7034767761669816e+00
0.0000000000000000e+00
-6.8326247548235024e+00
-6.8326247548235024e+00
0.0000000000000000e+00
-5.3703314426406132e+00
-5.3703314426406132e+00
0.0000000000000000e+00
-6.0376705155081076e+00
-6.0376705155081076e+00
0.0000000000000000e+00
-5.5306370675225631e+00
-5.5306370675225631e+00
0.0000000000000000e+00
-6.5548683495748588e+00
-6.5548683495748588e+00
0.0000000000000000e+00
-6.4573816118578851e+00
-6.4573816118578851e+00
0.0000000000000000e+00
-5.8413288477610683e+00
-5.8413288477610683e+00
0.0000000000000000e+00
-5.8189856963842201e+00
-5.8189856963842201e+00
0.0000000000000000e+00
-6.1792277629680177e+00
-6.1792277629680177e+00
0.0000000000000000e+00
-6.2509173659664530e+00
-6.2509173659664530e+00
0.0000000000000000e+00
-5.3917570732071294e+00
-5.3917570732071294e+00
0.0000000000000000e+00
-5.5754001402103217e+00
-5.5754001402103217e+00
0.0000000000000000e+00
-5.3353558541357531e+00
-5.3353558541357531e+00
0.0000000000000000e+00
-5.7069437630969890e+00
-5.7069437630969890e+00
0.0000000000000000e+00
-6.0979610481347084e+00
-6.0979610481347084e+00
0.0000000000000000e+00
-6.1368404999742303e+00
-6.1368404999742303e+00
0.0000000000000000e+00
-5.6769404339392002e+00
-5.6769404339392002e+00
0.0000000000000000e+00
-7.5945665747231779e+00
-7.5945665747231779e+00
0.0000000000000000e+00
-7.6374392216627349e+00
-7.6374392216627349e+00
0.0000000000000000e+00
-5.0241217104164271e+00
-5.0241217104164271e+00
0.0000000000000000e+00
-5.2298057108595861e+00
-5.2298057108595861e+00
0.0000000000000000e+00
-5.9998036587705554e+00
-5.9998036587705554e+00
0.0000000000000000e+00
-5.9915098915746778e+00
-5.9915098915746778e+00
0.0000000000000000e+00
-5.9060460883802532e+00
-5.9060460883802532e+00
0.0000000000000000e+00
-6.3979304265811123e+00
-6.3979304265811123e+00
0.0000000000000000e+00
-6.2743676675049471e+00
-6.2743676675049471e+00
0.0000000000000000e+00
-7.1789168036151860e+00
-7.1789168036151860e+00
0.0000000000000000e+00
-5.9961405496183868e+00
-5.9961405496183868e+00
0.0000000000000000e+00
-6.5646038706024132e+00
-6.5646038706024132e+00
0.0000000000000000e+00
-6.6870598994557291e+00
-6.6870598994557291e+00
0.0000000000000000e+00
-7.2898305805323425e+00
-7.2898305805323425e+00
0.0000000000000000e+00
-8.0472269866490702e+00
-8.0472269866490702e+00
0.0000000000000000e+00
-8.7817847994748561e+00
-8.7817847994748561e+00
0.0000000000000000e+00
-6.8446428969447997e+00
-6.8446428969447997e+00
0.0000000000000000e+00
-6.2795378097125099e+00
-6.2795378097125099e+00
0.0000000000000000e+00
-6.2795378097125099e+00
-6.2795378097125099e+00
0.0000000000000000e+00
-6.4773451110782556e+00
-6.4773451110782556e+00
0.0000000000000000e+00
-5.5543158672809190e+00
-5.5543158672809190e+00
0.0000000000000000e+00
-6.8409540083426670e+00
-6.8409540083426670e+00
0.0000000000000000e+00
-8.0032223645598322e+00
-8.0032223645598322e+00
0.0000000000000000e+00
-8.5752759321242014e+00
-8.5752759321242014e+00
0.0000000000000000e+00
-7.3696215864183170e+00
-7.3696215864183170e+00
0.0000000000000000e+00
-7.2426673037843949e+00
-7.2426673037843949e+00
0.0000000000000000e+00
-7.0312006710994215e+00
-7.0312006710994215e+00
0.0000000000000000e+00
-6.8261538914811872e+00
-6.8261538914811872e+00
0.0000000000000000e+00
-7.4897624896086885e+00
-7.4897624896086885e+00
0.0000000000000000e+00
-7.6436683757575192e+00
-7.6436683757575192e+00
0.0000000000000000e+00
-7.6436683757575192e+00
-7.6436683757575192e+00
0.0000000000000000e+00
-7.8521983119338961e+00
-7.8521983119338961e+00
0.0000000000000000e+00
-7.2435392185944512e+00
-7.2435392185944512e+00
0.0000000000000000e+00
-8.4277478537802679e+00
-8.4277478537802679e+00
0.0000000000000000e+00
-8.2398994224183166e+00
-8.2398994224183166e+00
0.0000000000000000e+00
-7.4822531736447218e+00
-7.4822531736447218e+00
0.0000000000000000e+00
-9.4203104640344897e+00
-9.4203104640344897e+00
0.0000000000000000e+00
-8.2040199455042941e+00
-8.2040199455042941e+00
0.0000000000000000e+00
-7.8888539647515001e+00
-7.8888539647515001e+00
0.0000000000000000e+00
-7.8888539647515001e+00
-7.8888539647515001e+00
0.0000000000000000e+00
-6.1995098866248117e+00
-6.1995098866248117e+00
0.0000000000000000e+00
-6.2366136080099146e+00
-6.2366136080099146e+00
0.0000000000000000e+00
-9.9632476892581252e+00
-9.9632476892581252e+00
0.0000000000000000e+00
-1.0003429584373924e+01
-1.0003429584373924e+01
0.0000000000000000e+00
-8.5302871550231334e+00
-8.5302871550231334e+00
0.0000000000000000e+00
-9.2468962262972383e+00
-9.2468962262972383e+00
0.0000000000000000e+00
-7.5081182259557648e+00
-7.5081182259557648e+00
0.0000000000000000e+00
-5.9782474146687523e+00
-5.9782474146687523e+00
0.0000000000000000e+00
-7.2063069863008327e+00
-7.2063069863008327e+00
0.0000000000000000e+00
-1.0188697770954487e+01
-1.0188697770954487e+01
0.0000000000000000e+00
-5.4969994707004695e+00
-5.4969994707004695e+00
0.0000000000000000e+00
-8.5570937561198654e+00
-8.5570937561198654e+00
0.0000000000000000e+00
-7.7390813431725087e+00
-7.7390813431725087e+00
0.0000000000000000e+00
-7.3726277527736830e+00
-7.3726277527736830e+00
0.0000000000000000e+00
-6.3750451684016793e+00
-6.3750451684016793e+00
0.0000000000000000e+00
-6.4082570977570459e+00
-6.4082570977570459e+00
0.0000000000000000e+00
-6.7957482376949425e+00
-6.7957482376949425e+00
0.0000000000000000e+00
-9.2864417268735906e+00
-9.2864417268735906e+00
0.0000000000000000e+00
-6.8787966759431818e+00
-6.8787966759431818e+00
0.0000000000000000e+00
-6.2913177316499009e+00
-6.2913177316499009e+00
0.0000000000000000e+00
-6.2254902828428058e+00
-6.2254902828428058e+00
0.0000000000000000e+00
-6.6877776104468207e+00
-6.6877776104468207e+00
0.0000000000000000e+00
-6.6885780187655381e+00
-6.6885780187655381e+00
0.0000000000000000e+00
-6.7251552664141272e+00
-6.7251552664141272e+00
0.0000000000000000e+00
-5.7185305110604983e+00
-5.7185305110604983e+00
0.0000000000000000e+00
-5.9283078730934697e+00
-5.9283078730934697e+00
0.0000000000000000e+00
-5.5055298178064174e+00
-5.5055298178064174e+00
0.0000000000000000e+00
-5.1599471106459935e+00
-5.1599471106459935e+00
0.0000000000000000e+00
-5.6925080909185590e+00
-5.6925080909185590e+00
0.0000000000000000e+00
-5.7662878422896746e+00
-5.7662878422896746e+00
0.0000000000000000e+00
-6.1815494772657944e+00
-6.1815494772657944e+00
0.0000000000000000e+00
-6.0016586956856486e+00
-6.0016586956856486e+00
0.0000000000000000e+00
-7.1421399061381319e+00
-7.1421399061381319e+00
0.0000000000000000e+00
-5.3855035052001057e+00
-5.3855035052001057e+00
0.0000000000000000e+00
-5.3304760949611003e+00
-5.3304760949611003e+00
0.0000000000000000e+00
-5.5709772458619353e+00
-5.5709772458619353e+00
0.0000000000000000e+00
-4.9911912512045626e+00
-4.9911912512045626e+00
0.0000000000000000e+00
-5.4160857304992591e+00
-5.4160857304992591e+00
0.0000000000000000e+00
-5.4858372126673585e+00
-5.4858372126673585e+00
0.0000000000000000e+00
-5.1220825616759900e+00
-5.1220825616759900e+00
0.0000000000000000e+00
-5.3999342354301998e+00
-5.3999342354301998e+00
0.0000000000000000e+00
-6.6254254933856300e+00
-6.6254254933856300e+00
0.0000000000000000e+00
-6.5237097140352720e+00
-6.5237097140352720e+00
0.0000000000000000e+00
-5.5546694333663407e+00
-5.5546694333663407e+00
0.0000000000000000e+00
-5.5426864889370302e+00
-5.5426864889370302e+00
0.0000000000000000e+00
-6.0743581510028877e+00
-6.0743581510028877e+00
0.0000000000000000e+00
-5.8569782928269820e+00
-5.8569782928269820e+00
0.0000000000000000e+00
-5.8526297325349992e+00
-5.8526297325349992e+00
0.0000000000000000e+00
-5.4142128570440731e+00
-5.4142128570440731e+00
0.0000000000000000e+00
-5.8216904238477918e+00
-5.8216904238477918e+00
0.0000000000000000e+00
-6.0955359452550582e+00
-6.0955359452550582e+00
0.0000000000000000e+00
-6.6215107165967293e+00
-6.6215107165967293e+00
0.0000000000000000e+00
-6.8341582760545299e+00
-6.8341582760545299e+00
0.0000000000000000e+00
-7.0235205041235158e+00
-7.0235205041235158e+00
0.0000000000000000e+00
-7.2285011970726476e+00
-7.2285011970726476e+00
0.0000000000000000e+00
-5.8660214929253458e+00
-5.8660214929253458e+00
0.0000000000000000e+00
-5.9456554525818026e+00
-5.9456554525818026e+00
0.0000000000000000e+00
-5.7819851394586053e+00
-5.7819851394586053e+00
0.0000000000000000e+00
-7.6379168353777889e+00
-7.6379168353777889e+00
0.0000000000000000e+00
-7.1554919909759942e+00
-7.1554919909759942e+00
0.0000000000000000e+00
-7.6787301696520434e+00
-7.6787301696520434e+00
0.0000000000000000e+00
-7.6058138779638149e+00
-7.6058138779638149e+00
0.0000000000000000e+00
-7.6268272467926108e+00
-7.6268272467926108e+00
0.0000000000000000e+00
-6.4398899395287375e+00
-6.4398899395287375e+00
0.0000000000000000e+00
-6.3542818804745647e+00
-6.3542818804745647e+00
0.0000000000000000e+00
-6.7598376757090435e+00
-6.7598376757090435e+00
0.0000000000000000e+00
-6.1345759437250083e+00
-6.1345759437250083e+00
0.0000000000000000e+00
-5.7652402263986797e+00
-5.7652402263986797e+00
0.0000000000000000e+00
-5.3588583275087940e+00
-5.3588583275087940e+00
0.0000000000000000e+00
-5.9086994921518787e+00
-5.9086994921518787e+00
0.0000000000000000e+00
-5.6658716931004456e+00
-5.6658716931004456e+00
0.0000000000000000e+00
-5.3867508479588375e+00
-5.3867508479588375e+00
0.0000000000000000e+00
-5.2057456777641997e+00
-5.2057456777641997e+00
0.0000000000000000e+00
-5.2539045698703015e+00
-5.2539045698703015e+00
0.0000000000000000e+00
-5.1658265922920830e+00
-5.1658265922920830e+00
0.0000000000000000e+00
-5.2461851554398411e+00
-5.2461851554398411e+00
0.0000000000000000e+00
-5.4745826461988791e+00
-5.4745826461988791e+00
0.0000000000000000e+00
-5.4223151678490815e+00
-5.4223151678490815e+00
0.0000000000000000e+00
-5.3714220822922787e+00
-5.3714220822922787e+00
0.0000000000000000e+00
-5.2240463053537436e+00
-5.2240463053537436e+00
0.0000000000000000e+00
-5.9098682769549722e+00
-5.9098682769549722e+00
0.0000000000000000e+00
-5.4474155478455479e+00
-5.4474155478455479e+00
0.0000000000000000e+00
-5.5530820999832748e+00
-5.5530820999832748e+00
0.0000000000000000e+00
-5.2758946306016172e+00
-5.2758946306016172e+00
0.0000000000000000e+00
-5.4503476842490031e+00
-5.4503476842490031e+00
0.0000000000000000e+00
-5.2852595368959339e+00
-5.2852595368959339e+00
0.0000000000000000e+00
-5.2385537880416804e+00
-5.2385537880416804e+00
0.0000000000000000e+00
-5.5613810399075669e+00
-5.5613810399075669e+00
0.0000000000000000e+00
-5.6135312914957076e+00
-5.6135312914957076e+00
0.0000000000000000e+00
-5.5594618941574243e+00
-5.5594618941574243e+00
0.0000000000000000e+00
-5.4683358610130854e+00
-5.4683358610130854e+00
0.0000000000000000e+00
-5.4683358610130854e+00
-5.4683358610130854e+00
0.0000000000000000e+00
-5.1910959611479885e+00
-5.1910959611479885e+00
0.0000000000000000e+00
-5.8371579716983630e+00
-5.8371579716983630e+00
0.0000000000000000e+00
-5.8883474028814202e+00
-5.8883474028814202e+00
0.0000000000000000e+00
-6.0739172650806914e+00
-6.0739172650806914e+00
0.0000000000000000e+00
-5.8418726561197367e+00
-5.8418726561197367e+00
0.0000000000000000e+00
-5.3909221166152772e+00
-5.3909221166152772e+00
0.0000000000000000e+00
-5.6368085717028640e+00
-5.6368085717028640e+00
0.0000000000000000e+00
-6.1810800345930250e+00
-6.1810800345930250e+00
0.0000000000000000e+00
-7.6922845439139556e+00
-7.6922845439139556e+00
0.0000000000000000e+00
-7.6922845439139556e+00
-7.6922845439139556e+00
0.0000000000000000e+00
-7.0794634861959898e+00
-7.0794634861959898e+00
0.0000000000000000e+00
-6.3678090838625412e+00
-6.3678090838625412e+00
0.0000000000000000e+00
-6.4917820784880931e+00
-6.4917820784880931e+00
0.0000000000000000e+00
-6.4330819266888373e+00
-6.4330819266888373e+00
0.0000000000000000e+00
-6.6330311365127228e+00
-6.6330311365127228e+00
0.0000000000000000e+00
-9.0331048806482883e+00
-9.0331048806482883e+00
0.0000000000000000e+00
-8.5928968287380805e+00
-8.5928968287380805e+00
0.0000000000000000e+00
-8.6947964114308256e+00
-8.6947964114308256e+00
0.0000000000000000e+00
-9.4751645611181345e+00
-9.4751645611181345e+00
0.0000000000000000e+00
-8.9280002799212532e+00
-8.9280002799212532e+00
0.0000000000000000e+00
-6.4122673970325277e+00
-6.4122673970325277e+00
0.0000000000000000e+00
-6.2370252917267495e+00
-6.2370252917267495e+00
0.0000000000000000e+00
-6.6768956516599038e+00
-6.6768956516599038e+00
0.0000000000000000e+00
-6.3773285024498119e+00
-6.3773285024498119e+00
0.0000000000000000e+00
-6.2962696553768733e+00
-6.2962696553768733e+00
0.0000000000000000e+00
-5.6609464594942018e+00
-5.6609464594942018e+00
0.0000000000000000e+00
-6.5862889593402087e+00
-6.5862889593402087e+00
0.0000000000000000e+00
-6.5247692870546992e+00
-6.5247692870546992e+00
0.0000000000000000e+00
-6.2134385328775004e+00
-6.2134385328775004e+00
0.0000000000000000e+00
-5.6411515166221040e+00
-5.6411515166221040e+00
0.0000000000000000e+00
-5.9278307276420721e+00
-5.9278307276420721e+00
0.0000000000000000e+00
-5.9385044809814103e+00
-5.9385044809814103e+00
0.0000000000000000e+00
-5.2826012545265506e+00
-5.2826012545265506e+00
0.0000000000000000e+00
-5.4940170367927506e+00
-5.4940170367927506e+00
0.0000000000000000e+00
-5.4506402225016677e+00
-5.4506402225016677e+00
0.0000000000000000e+00
-5.5071406063716717e+00
-5.5071406063716717e+00
0.0000000000000000e+00
-5.2091653231226616e+00
-5.2091653231226616e+00
0.0000000000000000e+00
-5.4145158889543890e+00
-5.4145158889543890e+00
0.0000000000000000e+00
-5.2496334613147946e+00
-5.2496334613147946e+00
0.0000000000000000e+00
-5.3907972166364093e+00
-5.3907972166364093e+00
0.0000000000000000e+00
-5.5001098391722945e+00
-5.5001098391722945e+00
0.0000000000000000e+00
-5.2592618165688485e+00
-5.2592618165688485e+00
0.0000000000000000e+00
-5.3650465827273432e+00
-5.3650465827273432e+00
0.0000000000000000e+00
-7.2645768582688959e+00
-7.2645768582688959e+00
0.0000000000000000e+00
-8.2110857619390902e+00
-8.2110857619390902e+00
0.0000000000000000e+00
-5.8988006665888548e+00
-5.8988006665888548e+00
0.0000000000000000e+00
-5.8684009593795787e+00
-5.8684009593795787e+00
0.0000000000000000e+00
-5.9851927065948720e+00
-5.9851927065948720e+00
0.0000000000000000e+00
-5.3571384810870848e+00
-5.3571384810870848e+00
0.0000000000000000e+00
-6.4808141697157486e+00
-6.4808141697157486e+00
0.0000000000000000e+00
-6.3955016014199799e+00
-6.3955016014199799e+00
0.0000000000000000e+00
-5.1581458172182870e+00
-5.1581458172182870e+00
0.0000000000000000e+00
-5.5188117319323018e+00
-5.5188117319323018e+00
0.0000000000000000e+00
-6.0264828109724435e+00
-6.0264828109724435e+00
0.0000000000000000e+00
-5.5387197260637233e+00
-5.5387197260637233e+00
0.0000000000000000e+00
-5.2858078011743075e+00
-5.2858078011743075e+00
0.0000000000000000e+00
-6.1646621231674024e+00
-6.1646621231674024e+00
0.0000000000000000e+00
-6.5268980185367571e+00
-6.5268980185367571e+00
0.0000000000000000e+00
-6.6890334939559972e+00
-6.6890334939559972e+00
0.0000000000000000e+00
-6.1750409702432574e+00
-6.1750409702432574e+00
0.0000000000000000e+00
-4.9588279210671802e+00
-4.9588279210671802e+00
0.0000000000000000e+00
-5.0604296945642018e+00
-5.0604296945642018e+00
0.0000000000000000e+00
-5.5383719568523944e+00
-5.5383719568523944e+00
0.0000000000000000e+00
-6.1257807926680554e+00
-6.1257807926680554e+00
0.0000000000000000e+00
-5.6333004503437367e+00
-5.6333004503437367e+00
0.0000000000000000e+00
-5.9105743757860720e+00
-5.9105743757860720e+00
0.0000000000000000e+00
-5.0029721288976763e+00
-5.0029721288976763e+00
0.0000000000000000e+00
-5.0544006934727275e+00
-5.0544006934727275e+00
0.0000000000000000e+00
-5.0090112616222440e+00
-5.0090112616222440e+00
0.0000000000000000e+00
-5.2088201770638403e+00
-5.2088201770638403e+00
0.0000000000000000e+00
-5.5311713682326094e+00
-5.5311713682326094e+00
0.0000000000000000e+00
-6.0378000994861134e+00
-6.0378000994861134e+00
0.0000000000000000e+00
-5.5941518965524981e+00
-5.5941518965524981e+00
0.0000000000000000e+00
-5.2988682827592752e+00
-5.2988682827592752e+00
0.0000000000000000e+00
-5.5862597251773014e+00
-5.5862597251773014e+00
0.0000000000000000e+00
-5.6000597704637434e+00
-5.6000597704637434e+00
0.0000000000000000e+00
-5.7015193288378132e+00
-5.7015193288378132e+00
0.0000000000000000e+00
-6.9440245609376907e+00
-6.9440245609376907e+00
0.0000000000000000e+00
-5.4587202935891614e+00
-5.4587202935891614e+00
0.0000000000000000e+00
-6.6920695027024539e+00
-6.6920695027024539e+00
0.0000000000000000e+00
-5.4955384455897729e+00
-5.4955384455897729e+00
0.0000000000000000e+00
-6.2674627963614036e+00
-6.2674627963614036e+00
0.0000000000000000e+00
-7.3827556245611810e+00
-7.3827556245611810e+00
0.0000000000000000e+00
-1.1032388604540500e+01
-1.1032388604540500e+01
0.0000000000000000e+00
-1.0700117854800002e+01
-1.0700117854800002e+01
0.0000000000000000e+00
-7.5041840472998649e+00
-7.5041840472998649e+00
0.0000000000000000e+00
-7.0448633422179494e+00
-7.0448633422179494e+00
0.0000000000000000e+00
-6.9587159041094999e+00
-6.9587159041094999e+00
0.0000000000000000e+00
-6.1877985169075078e+00
-6.1877985169075078e+00
0.0000000000000000e+00
-5.8697726326931754e+00
-5.8697726326931754e+00
0.0000000000000000e+00
-5.9563123959581379e+00
-5.9563123959581379e+00
0.0000000000000000e+00
-7.8465090956804922e+00
-7.8465090956804922e+00
0.0000000000000000e+00
-6.9915575240137340e+00
-6.9915575240137340e+00
0.0000000000000000e+00
-5.3187947994813873e+00
-5.3187947994813873e+00
0.0000000000000000e+00
-5.3349591787839019e+00
-5.3349591787839019e+00
0.0000000000000000e+00
-5.2022896768258109e+00
-5.2022896768258109e+00
0.0000000000000000e+00
-5.2234287261935552e+00
-5.2234287261935552e+00
0.0000000000000000e+00
-5.2398012112560615e+00
-5.2398012112560615e+00
0.0000000000000000e+00
-5.2640901366773400e+00
-5.2640901366773400e+00
0.0000000000000000e+00
-5.4673716380445940e+00
-5.4673716380445940e+00
0.0000000000000000e+00
-5.2990560695863422e+00
-5.2990560695863422e+00
0.0000000000000000e+00
-5.4078832278626114e+00
-5.4078832278626114e+00
0.0000000000000000e+00
-5.3625912933608832e+00
-5.3625912933608832e+00
0.0000000000000000e+00
-5.4470692043776356e+00
-5.4470692043776356e+00
0.0000000000000000e+00
-5.3502093472567100e+00
-5.3502093472567100e+00
0.0000000000000000e+00
-5.8238025826261879e+00
-5.8238025826261879e+00
0.0000000000000000e+00
-6.1338618519831440e+00
-6.1338618519831440e+00
0.0000000000000000e+00
-7.0732786125862921e+00
-7.0732786125862921e+00
0.0000000000000000e+00
-7.1071123329143981e+00
-7.1071123329143981e+00
0.0000000000000000e+00
-7.1160492687597294e+00
-7.1160492687597294e+00
0.0000000000000000e+00
-7.7548636361782499e+00
-7.7548636361782499e+00
0.0000000000000000e+00
-7.5160527810641264e+00
-7.5160527810641264e+00
0.0000000000000000e+00
-6.3778457217661035e+00
-6.3778457217661035e+00
0.0000000000000000e+00
-6.2798065952269706e+00
-6.2798065952269706e+00
0.0000000000000000e+00
-6.5563614637214576e+00
-6.5563614637214576e+00
0.0000000000000000e+00
-6.7926497074173753e+00
-6.7926497074173753e+00
0.0000000000000000e+00
-8.4644714990193641e+00
-8.4644714990193641e+00
0.0000000000000000e+00
-8.2284756515295499e+00
-8.2284756515295499e+00
0.0000000000000000e+00
-6.6237590884318180e+00
-6.6237590884318180e+00
0.0000000000000000e+00
-5.8436619049076217e+00
-5.8436619049076217e+00
0.0000000000000000e+00
-5.6044718850251733e+00
-5.6044718850251733e+00
0.0000000000000000e+00
-5.4937698374922075e+00
-5.4937698374922075e+00
0.0000000000000000e+00
-6.0567562147864695e+00
-6.0567562147864695e+00
0.0000000000000000e+00
-5.8275442953415659e+00
-5.8275442953415659e+00
0.0000000000000000e+00
-6.1116638978020799e+00
-6.1116638978020799e+00
0.0000000000000000e+00
-5.9370965355313023e+00
-5.9370965355313023e+00
0.0000000000000000e+00
-5.7245155464410882e+00
-5.7245155464410882e+00
0.0000000000000000e+00
-5.5325601502004815e+00
-5.5325601502004815e+00
0.0000000000000000e+00
-5.1815971092439250e+00
-5.1815971092439250e+00
0.0000000000000000e+00
-5.3238119724266877e+00
-5.3238119724266877e+00
0.0000000000000000e+00
-6.4543057749234798e+00
-6.4543057749234798e+00
0.0000000000000000e+00
-6.1545383381104939e+00
-6.1545383381104939e+00
0.0000000000000000e+00
-6.2427222943065086e+00
-6.2427222943065086e+00
0.0000000000000000e+00
-5.0976108763597754e+00
-5.0976108763597754e+00
0.0000000000000000e+00
-4.8805100686065561e+00
-4.8805100686065561e+00
0.0000000000000000e+00
-4.9828514870684320e+00
-4.9828514870684320e+00
0.0000000000000000e+00
-5.1027574100866975e+00
-5.1027574100866975e+00
0.0000000000000000e+00
-5.1026413991650124e+00
-5.1026413991650124e+00
0.0000000000000000e+00
-5.1369094553769994e+00
-5.1369094553769994e+00
0.0000000000000000e+00
-5.0616542022432816e+00
-5.0616542022432816e+00
0.0000000000000000e+00
-5.5833305816897170e+00
-5.5833305816897170e+00
0.0000000000000000e+00
-5.6679966756833497e+00
-5.6679966756833497e+00
0.0000000000000000e+00
-5.3261440278179908e+00
-5.3261440278179908e+00
0.0000000000000000e+00
-5.8559629190304463e+00
-5.8559629190304463e+00
0.0000000000000000e+00
-6.0196514541656443e+00
-6.0196514541656443e+00
0.0000000000000000e+00
-6.0858177163548595e+00
-6.0858177163548595e+00
0.0000000000000000e+00
-6.4528730436579593e+00
-6.4528730436579593e+00
0.0000000000000000e+00
-6.0045227229405871e+00
-6.0045227229405871e+00
0.0000000000000000e+00
-6.0892558665321674e+00
-6.0892558665321674e+00
0.0000000000000000e+00
-6.1884054432663440e+00
-6.1884054432663440e+00
0.0000000000000000e+00
-6.0567204548818676e+00
-6.0567204548818676e+00
0.0000000000000000e+00
-6.3809185823237220e+00
-6.3809185823237220e+00
0.0000000000000000e+00
-6.3575862405769126e+00
-6.3575862405769126e+00
0.0000000000000000e+00
-6.1979840832585236e+00
-6.1979840832585236e+00
0.0000000000000000e+00
-6.4604317238872344e+00
-6.4604317238872344e+00
0.0000000000000000e+00
-5.9367596716462021e+00
-5.9367596716462021e+00
0.0000000000000000e+00
-5.7227340416121191e+00
-5.7227340416121191e+00
0.0000000000000000e+00
-6.4457909764692420e+00
-6.4457909764692420e+00
0.0000000000000000e+00
-6.4743753636002133e+00
-6.4743753636002133e+00
0.0000000000000000e+00
-6.7235513482855289e+00
-6.7235513482855289e+00
0.0000000000000000e+00
-6.8138797978007677e+00
-6.8138797978007677e+00
0.0000000000000000e+00
-6.8737151679008814e+00
-6.8737151679008814e+00
0.0000000000000000e+00
-6.9777966810432206e+00
-6.9777966810432206e+00
0.0000000000000000e+00
-6.8332424959436189e+00
-6.8332424959436189e+00
0.0000000000000000e+00
-7.1048039631821247e+00
-7.1048039631821247e+00
0.0000000000000000e+00
-6.4372458462424493e+00
-6.4372458462424493e+00
0.0000000000000000e+00
-6.7308919084195660e+00
-6.7308919084195660e+00
0.0000000000000000e+00
-6.1740071066443196e+00
-6.1740071066443196e+00
0.0000000000000000e+00
-6.2192237951740754e+00
-6.2192237951740754e+00
0.0000000000000000e+00
-6.2927929267716918e+00
-6.2927929267716918e+00
0.0000000000000000e+00
-6.3494094160567363e+00
-6.3494094160567363e+00
0.0000000000000000e+00
-6.5241150434006556e+00
-6.5241150434006556e+00
0.0000000000000000e+00
-6.1916837282618697e+00
-6.1916837282618697e+00
0.0000000000000000e+00
-6.1540638485790025e+00
-6.1540638485790025e+00
0.0000000000000000e+00
-6.1562219245817937e+00
-6.1562219245817937e+00
0.0000000000000000e+00
-6.2208281020980145e+00
-6.2208281020980145e+00
0.0000000000000000e+00
-5.0635383303689601e+00
-5.0635383303689601e+00
0.0000000000000000e+00
-5.1829263184090966e+00
-5.1829263184090966e+00
0.0000000000000000e+00
-5.4674736519411837e+00
-5.4674736519411837e+00
0.0000000000000000e+00
-5.0198745923331529e+00
-5.0198745923331529e+00
0.0000000000000000e+00
-5.2925414655764111e+00
-5.2925414655764111e+00
0.0000000000000000e+00
-5.7342915599387920e+00
-5.7342915599387920e+00
0.0000000000000000e+00
-5.2220062491863120e+00
-5.2220062491863120e+00
0.0000000000000000e+00
-5.0698732222234932e+00
-5.0698732222234932e+00
0.0000000000000000e+00
-5.1083051628077136e+00
-5.1083051628077136e+00
0.0000000000000000e+00
-5.4605497555974178e+00
-5.4605497555974178e+00
0.0000000000000000e+00
-5.5089024395375139e+00
-5.5089024395375139e+00
0.0000000000000000e+00
-5.6783278058712989e+00
-5.6783278058712989e+00
0.0000000000000000e+00
-5.7577111775707950e+00
-5.7577111775707950e+00
0.0000000000000000e+00
-6.1218917231819105e+00
-6.1218917231819105e+00
0.0000000000000000e+00
-6.2511763460346552e+00
-6.2511763460346552e+00
0.0000000000000000e+00
-6.6381687228831021e+00
-6.6381687228831021e+00
0.0000000000000000e+00
-5.4899259333026658e+00
-5.4899259333026658e+00
0.0000000000000000e+00
-6.6080675002470688e+00
-6.6080675002470688e+00
0.0000000000000000e+00
-6.9266795710132412e+00
-6.9266795710132412e+00
0.0000000000000000e+00
-7.1138474681384309e+00
-7.1138474681384309e+00
0.0000000000000000e+00
-6.8096767094926127e+00
-6.8096767094926127e+00
0.0000000000000000e+00
-6.2803358393103457e+00
-6.2803358393103457e+00
0.0000000000000000e+00
-6.3481738080823273e+00
-6.3481738080823273e+00
0.0000000000000000e+00
-6.4621026086306568e+00
-6.4621026086306568e+00
0.0000000000000000e+00
-6.4245149550248559e+00
-6.4245149550248559e+00
0.0000000000000000e+00
-6.6453728280193758e+00
-6.6453728280193758e+00
0.0000000000000000e+00
-7.2758012905274452e+00
-7.2758012905274452e+00
0.0000000000000000e+00
-7.7078068493896916e+00
-7.7078068493896916e+00
0.0000000000000000e+00
-6.7361619716158856e+00
-6.7361619716158856e+00
0.0000000000000000e+00
-7.5549589467229765e+00
-7.5549589467229765e+00
0.0000000000000000e+00
-7.2257961710904137e+00
-7.2257961710904137e+00
0.0000000000000000e+00
-7.2585940150241033e+00
-7.2585940150241033e+00
0.0000000000000000e+00
-7.7485004844551701e+00
-7.7485004844551701e+00
0.0000000000000000e+00
-6.7135723834684171e+00
-6.7135723834684171e+00
0.0000000000000000e+00
-7.0934090378299750e+00
-7.0934090378299750e+00
0.0000000000000000e+00
-6.6434094784853297e+00
-6.6434094784853297e+00
0.0000000000000000e+00
-7.9179433988729864e+00
-7.9179433988729864e+00
0.0000000000000000e+00
-8.1576363869639650e+00
-8.1576363869639650e+00
0.0000000000000000e+00
-9.1880556245292020e+00
-9.1880556245292020e+00
0.0000000000000000e+00
-7.4899719442032175e+00
-7.4899719442032175e+00
0.0000000000000000e+00
-7.4110765511276817e+00
-7.4110765511276817e+00
0.0000000000000000e+00
-7.3978408114040164e+00
-7.3978408114040164e+00
0.0000000000000000e+00
-6.6361312318680827e+00
-6.6361312318680827e+00
0.0000000000000000e+00
-5.0491507350140967e+00
-5.0491507350140967e+00
0.0000000000000000e+00
-5.2466594106203424e+00
-5.2466594106203424e+00
0.0000000000000000e+00
-6.0255018680410206e+00
-6.0255018680410206e+00
0.0000000000000000e+00
-5.4961109645415895e+00
-5.4961109645415895e+00
0.0000000000000000e+00
-5.4897587862771235e+00
-5.4897587862771235e+00
0.0000000000000000e+00
-6.0108329171167103e+00
-6.0108329171167103e+00
0.0000000000000000e+00
-5.0040062661563010e+00
-5.0040062661563010e+00
0.0000000000000000e+00
-6.8097448595997516e+00
-6.8097448595997516e+00
0.0000000000000000e+00
-5.5299955410391464e+00
-5.5299955410391464e+00
0.0000000000000000e+00
-5.8842702301283314e+00
-5.8842702301283314e+00
0.0000000000000000e+00
-5.0664278246160697e+00
-5.0664278246160697e+00
0.0000000000000000e+00
-5.3359069647150372e+00
-5.3359069647150372e+00
0.0000000000000000e+00
-5.5584795913930618e+00
-5.5584795913930618e+00
0.0000000000000000e+00
-5.4784685179685759e+00
-5.4784685179685759e+00
0.0000000000000000e+00
-5.8044308819901929e+00
-5.8044308819901929e+00
0.0000000000000000e+00
-5.6305480426881580e+00
-5.6305480426881580e+00
0.0000000000000000e+00
-4.9285398691204598e+00
-4.9285398691204598e+00
0.0000000000000000e+00
-5.2514742637171343e+00
-5.2514742637171343e+00
0.0000000000000000e+00
-5.2775977430129775e+00
-5.2775977430129775e+00
0.0000000000000000e+00
-5.1581294557161330e+00
-5.1581294557161330e+00
0.0000000000000000e+00
-4.9973911189809366e+00
-4.9973911189809366e+00
0.0000000000000000e+00
-5.3928040602703344e+00
-5.3928040602703344e+00
0.0000000000000000e+00
-5.8784525625391595e+00
-5.8784525625391595e+00
0.0000000000000000e+00
-5.5983360717916169e+00
-5.5983360717916169e+00
0.0000000000000000e+00
-5.4572606445623792e+00
-5.4572606445623792e+00
0.0000000000000000e+00
-5.2697073997102599e+00
-5.2697073997102599e+00
0.0000000000000000e+00
-5.8890870431846674e+00
-5.8890870431846674e+00
0.0000000000000000e+00
-8.5610502634891734e+00
-8.5610502634891734e+00
0.0000000000000000e+00
-6.0750794360007303e+00
-6.0750794360007303e+00
0.0000000000000000e+00
-6.5906834802271206e+00
-6.5906834802271206e+00
0.0000000000000000e+00
-7.6446560797713854e+00
-7.6446560797713854e+00
0.0000000000000000e+00
-8.2859139552293470e+00
-8.2859139552293470e+00
0.0000000000000000e+00
-9.3473904308382707e+00
-9.3473904308382707e+00
0.0000000000000000e+00
-7.8280811207104666e+00
-7.8280811207104666e+00
0.0000000000000000e+00
-8.3437464393279956e+00
-8.3437464393279956e+00
0.0000000000000000e+00
-8.5399308404305039e+00
-8.5399308404305039e+00
0.0000000000000000e+00
-8.2773487567932627e+00
-8.2773487567932627e+00
0.0000000000000000e+00
-9.8488801950597651e+00
-9.8488801950597651e+00
0.0000000000000000e+00
-9.0926696238855094e+00
-9.0926696238855094e+00
0.0000000000000000e+00
-7.8756489424985130e+00
-7.8756489424985130e+00
0.0000000000000000e+00
-6.8818448384477300e+00
-6.8818448384477300e+00
0.0000000000000000e+00
-6.1673671573119382e+00
-6.1673671573119382e+00
0.0000000000000000e+00
-7.0357752411848926e+00
-7.0357752411848926e+00
0.0000000000000000e+00
-7.6107541051942098e+00
-7.6107541051942098e+00
0.0000000000000000e+00
-6.6475762773242870e+00
-6.6475762773242870e+00
0.0000000000000000e+00
-6.5761123183225276e+00
-6.5761123183225276e+00
0.0000000000000000e+00
-5.6687675809021103e+00
-5.6687675809021103e+00
0.0000000000000000e+00
-5.5516744858083964e+00
-5.5516744858083964e+00
0.0000000000000000e+00
-5.6760140106744545e+00
-5.6760140106744545e+00
0.0000000000000000e+00
-5.2109092236569037e+00
-5.2109092236569037e+00
0.0000000000000000e+00
-5.2067388981743497e+00
-5.2067388981743497e+00
0.0000000000000000e+00
-5.1960612863117674e+00
-5.1960612863117674e+00
0.0000000000000000e+00
-6.0091031197520479e+00
-6.0091031197520479e+00
0.0000000000000000e+00
-5.6407465978550739e+00
-5.6407465978550739e+00
0.0000000000000000e+00
-5.5541573791636925e+00
-5.5541573791636925e+00
0.0000000000000000e+00
-5.5134727302935866e+00
-5.5134727302935866e+00
0.0000000000000000e+00
-5.6485124806926308e+00
-5.6485124806926308e+00
0.0000000000000000e+00
-6.4961932501154100e+00
-6.4961932501154100e+00
0.0000000000000000e+00
-6.0430209706131022e+00
-6.0430209706131022e+00
0.0000000000000000e+00
-6.1682015481582289e+00
-6.1682015481582289e+00
0.0000000000000000e+00
-6.1250667389609266e+00
-6.1250667389609266e+00
0.0000000000000000e+00
-5.6908649949929329e+00
-5.6908649949929329e+00
0.0000000000000000e+00
-5.4036549098322597e+00
-5.4036549098322597e+00
0.0000000000000000e+00
-5.6107613634902931e+00
-5.6107613634902931e+00
0.0000000000000000e+00
-5.8383588558586723e+00
-5.8383588558586723e+00
0.0000000000000000e+00
-5.6267520430855029e+00
-5.6267520430855029e+00
0.0000000000000000e+00
-5.7505128197557225e+00
-5.7505128197557225e+00
0.0000000000000000e+00
-5.3554684289327854e+00
-5.3554684289327854e+00
0.0000000000000000e+00
-5.7736744410780823e+00
-5.7736744410780823e+00
0.0000000000000000e+00
-6.1974711947019223e+00
-6.1974711947019223e+00
0.0000000000000000e+00
-6.2474462196014766e+00
-6.2474462196014766e+00
0.0000000000000000e+00
-5.7188514331012374e+00
-5.7188514331012374e+00
0.0000000000000000e+00
-5.6496188730086914e+00
-5.6496188730086914e+00
0.0000000000000000e+00
-5.1874291152671583e+00
-5.1874291152671583e+00
0.0000000000000000e+00
-5.7763476849404967e+00
-5.7763476849404967e+00
0.0000000000000000e+00
-6.3125245603882156e+00
-6.3125245603882156e+00
0.0000000000000000e+00
-5.9744196321995355e+00
-5.9744196321995355e+00
0.0000000000000000e+00
-5.9744196321995355e+00
-5.9744196321995355e+00
0.0000000000000000e+00
-5.9659909772380608e+00
-5.9659909772380608e+00
0.0000000000000000e+00
-5.5687752231589185e+00
-5.5687752231589185e+00
0.0000000000000000e+00
-6.3475893112833717e+00
-6.3475893112833717e+00
0.0000000000000000e+00
-7.3095674020578087e+00
-7.3095674020578087e+00
0.0000000000000000e+00
-7.7468706203132918e+00
-7.7468706203132918e+00
0.0000000000000000e+00
-7.9968445252428815e+00
-7.9968445252428815e+00
0.0000000000000000e+00
-7.6181464128251886e+00
-7.6181464128251886e+00
0.0000000000000000e+00
-1.0239821476429936e+01
-1.0239821476429936e+01
0.0000000000000000e+00
-8.1499106940229922e+00
-8.1499106940229922e+00
0.0000000000000000e+00
-7.5401896606563126e+00
-7.5401896606563126e+00
0.0000000000000000e+00
-7.8007512073235601e+00
-7.8007512073235601e+00
0.0000000000000000e+00
-7.0615513577348334e+00
-7.0615513577348334e+00
0.0000000000000000e+00
-6.9046014034652252e+00
-6.9046014034652252e+00
0.0000000000000000e+00
-7.3307033263828956e+00
-7.3307033263828956e+00
0.0000000000000000e+00
-6.7148326515113741e+00
-6.7148326515113741e+00
0.0000000000000000e+00
-6.0518349312903021e+00
-6.0518349312903021e+00
0.0000000000000000e+00
-6.1914675897474361e+00
-6.1914675897474361e+00
0.0000000000000000e+00
-6.0153102912678893e+00
-6.0153102912678893e+00
0.0000000000000000e+00
-6.0134205979502893e+00
-6.0134205979502893e+00
0.0000000000000000e+00
-6.5012155556650599e+00
-6.5012155556650599e+00
0.0000000000000000e+00
-6.0052296653559978e+00
-6.0052296653559978e+00
0.0000000000000000e+00
-6.3643981895584778e+00
-6.3643981895584778e+00
0.0000000000000000e+00
-6.3861345661279003e+00
-6.3861345661279003e+00
0.0000000000000000e+00
-6.6307836440303261e+00
-6.6307836440303261e+00
0.0000000000000000e+00
-5.8450038907130075e+00
-5.8450038907130075e+00
0.0000000000000000e+00
-5.6612802463822245e+00
-5.6612802463822245e+00
0.0000000000000000e+00
-5.2849706318048630e+00
-5.2849706318048630e+00
0.0000000000000000e+00
-5.8095023563692259e+00
-5.8095023563692259e+00
0.0000000000000000e+00
-5.7819028499216554e+00
-5.7819028499216554e+00
0.0000000000000000e+00
-5.6452951370379916e+00
-5.6452951370379916e+00
0.0000000000000000e+00
-5.4105085592826736e+00
-5.4105085592826736e+00
0.0000000000000000e+00
-5.7298007830835136e+00
-5.7298007830835136e+00
0.0000000000000000e+00
-5.3701523559577939e+00
-5.3701523559577939e+00
0.0000000000000000e+00
-6.5641364421721580e+00
-6.5641364421721580e+00
0.0000000000000000e+00
-6.8164289200284998e+00
-6.8164289200284998e+00
0.0000000000000000e+00
-6.4002414809215900e+00
-6.4002414809215900e+00
0.0000000000000000e+00
-7.1238411185478041e+00
-7.1238411185478041e+00
0.0000000000000000e+00
-7.1618309757218741e+00
-7.1618309757218741e+00
0.0000000000000000e+00
-7.2343908519392901e+00
-7.2343908519392901e+00
0.0000000000000000e+00
-7.2277078409639417e+00
-7.2277078409639417e+00
0.0000000000000000e+00
-6.9659101195029933e+00
-6.9659101195029933e+00
0.0000000000000000e+00
-6.8024267407463483e+00
-6.8024267407463483e+00
0.0000000000000000e+00
-7.0324757557412152e+00
-7.0324757557412152e+00
0.0000000000000000e+00
-7.2233296935172140e+00
-7.2233296935172140e+00
0.0000000000000000e+00
-6.3626937779039379e+00
-6.3626937779039379e+00
0.0000000000000000e+00
-6.5154961576570969e+00
-6.5154961576570969e+00
0.0000000000000000e+00
-6.3641954973418553e+00
-6.3641954973418553e+00
0.0000000000000000e+00
-5.9767875762858242e+00
-5.9767875762858242e+00
0.0000000000000000e+00
-6.2396474193121492e+00
-6.2396474193121492e+00
0.0000000000000000e+00
-6.3785841756544617e+00
-6.3785841756544617e+00
0.0000000000000000e+00
-5.8608986613844785e+00
-5.8608986613844785e+00
0.0000000000000000e+00
-5.9123724144150653e+00
-5.9123724144150653e+00
0.0000000000000000e+00
-6.3673275370746127e+00
-6.3673275370746127e+00
0.0000000000000000e+00
-6.7681648544831798e+00
-6.7681648544831798e+00
0.0000000000000000e+00
-7.0340258599936538e+00
-7.0340258599936538e+00
0.0000000000000000e+00
-7.3647675856307977e+00
-7.3647675856307977e+00
0.0000000000000000e+00
-7.3865941136457360e+00
-7.3865941136457360e+00
0.0000000000000000e+00
-5.0416835266112967e+00
-5.0416835266112967e+00
0.0000000000000000e+00
-5.6578526411030445e+00
-5.6578526411030445e+00
0.0000000000000000e+00
-5.8582338350463754e+00
-5.8582338350463754e+00
0.0000000000000000e+00
-5.6388552462372896e+00
-5.6388552462372896e+00
0.0000000000000000e+00
-5.9680494602379008e+00
-5.9680494602379008e+00
0.0000000000000000e+00
-5.7512672516792680e+00
-5.7512672516792680e+00
0.0000000000000000e+00
-5.4649295043654380e+00
-5.4649295043654380e+00
0.0000000000000000e+00
-5.5693019410156754e+00
-5.5693019410156754e+00
0.0000000000000000e+00
-5.9121979027547553e+00
-5.9121979027547553e+00
0.0000000000000000e+00
-5.5217529404264400e+00
-5.5217529404264400e+00
0.0000000000000000e+00
-5.4840344484625581e+00
-5.4840344484625581e+00
0.0000000000000000e+00
-6.0598674871788623e+00
-6.0598674871788623e+00
0.0000000000000000e+00
-6.0150458602815444e+00
-6.0150458602815444e+00
0.0000000000000000e+00
-6.6035105540334396e+00
-6.6035105540334396e+00
0.0000000000000000e+00
-6.0271802533991057e+00
-6.0271802533991057e+00
0.0000000000000000e+00
-6.1855089058003365e+00
-6.1855089058003365e+00
0.0000000000000000e+00
-6.1965645245204151e+00
-6.1965645245204151e+00
0.0000000000000000e+00
-5.8227402071411767e+00
-5.8227402071411767e+00
0.0000000000000000e+00
-5.7807758164777088e+00
-5.7807758164777088e+00
0.0000000000000000e+00
-6.3494532428494077e+00
-6.3494532428494077e+00
0.0000000000000000e+00
-5.8959982572575100e+00
-5.8959982572575100e+00
0.0000000000000000e+00
-5.8215166984609921e+00
-5.8215166984609921e+00
0.0000000000000000e+00
-5.9156445092628882e+00
-5.9156445092628882e+00
0.0000000000000000e+00
-5.6292171075683850e+00
-5.6292171075683850e+00
0.0000000000000000e+00
-5.4206268179429422e+00
-5.4206268179429422e+00
0.0000000000000000e+00
-4.9550017890823677e+00
-4.9550017890823677e+00
0.0000000000000000e+00
-5.1563856305857216e+00
-5.1563856305857216e+00
0.0000000000000000e+00
-5.3665891590441852e+00
-5.3665891590441852e+00
0.0000000000000000e+00
-5.4542419813040590e+00
-5.4542419813040590e+00
0.0000000000000000e+00
-6.6576869449824709e+00
-6.6576869449824709e+00
0.0000000000000000e+00
-5.8658496748314954e+00
-5.8658496748314954e+00
0.0000000000000000e+00
-6.7069893519690247e+00
-6.7069893519690247e+00
0.0000000000000000e+00
-6.5682536040221509e+00
-6.5682536040221509e+00
0.0000000000000000e+00
-5.4842954861409892e+00
-5.4842954861409892e+00
0.0000000000000000e+00
-5.9195497073251451e+00
-5.9195497073251451e+00
0.0000000000000000e+00
-5.4855706217995088e+00
-5.4855706217995088e+00
0.0000000000000000e+00
-5.1456151209451040e+00
-5.1456151209451040e+00
0.0000000000000000e+00
-5.2273625777795178e+00
-5.2273625777795178e+00
0.0000000000000000e+00
-6.0074119471692500e+00
-6.0074119471692500e+00
0.0000000000000000e+00
-8.2731836667272489e+00
-8.2731836667272489e+00
0.0000000000000000e+00
-7.7573541393706904e+00
-7.7573541393706904e+00
0.0000000000000000e+00
-5.8653101736132438e+00
-5.8653101736132438e+00
0.0000000000000000e+00
-5.2722315519763328e+00
-5.2722315519763328e+00
0.0000000000000000e+00
-5.2208001908073856e+00
-5.2208001908073856e+00
0.0000000000000000e+00
-5.4333321666565952e+00
-5.4333321666565952e+00
0.0000000000000000e+00
-6.4942559388001611e+00
-6.4942559388001611e+00
0.0000000000000000e+00
-6.0132467498154245e+00
-6.0132467498154245e+00
0.0000000000000000e+00
-5.8381743056814095e+00
-5.8381743056814095e+00
0.0000000000000000e+00
-5.5097711465856811e+00
-5.5097711465856811e+00
0.0000000000000000e+00
-5.7453176530563788e+00
-5.7453176530563788e+00
0.0000000000000000e+00
-5.9098331711328296e+00
-5.9098331711328296e+00
0.0000000000000000e+00
-6.5009012044522549e+00
-6.5009012044522549e+00
0.0000000000000000e+00
-6.8013637857313327e+00
-6.8013637857313327e+00
0.0000000000000000e+00
-6.4638699723480073e+00
-6.4638699723480073e+00
0.0000000000000000e+00
-5.3896612427969330e+00
-5.3896612427969330e+00
0.0000000000000000e+00
-5.5037188911612720e+00
-5.5037188911612720e+00
0.0000000000000000e+00
-5.3810903658910476e+00
-5.3810903658910476e+00
0.0000000000000000e+00
-5.6437188501318296e+00
-5.6437188501318296e+00
0.0000000000000000e+00
-5.3149880406315582e+00
-5.3149880406315582e+00
0.0000000000000000e+00
-5.3362294195930637e+00
-5.3362294195930637e+00
0.0000000000000000e+00
-5.5272975679214715e+00
-5.5272975679214715e+00
0.0000000000000000e+00
-5.5603850942943014e+00
-5.5603850942943014e+00
0.0000000000000000e+00
-5.4754710096743962e+00
-5.4754710096743962e+00
0.0000000000000000e+00
-5.3551412162031387e+00
-5.3551412162031387e+00
0.0000000000000000e+00
-5.2955779350627843e+00
-5.2955779350627843e+00
0.0000000000000000e+00
-4.9311540177047171e+00
-4.9311540177047171e+00
0.0000000000000000e+00
-5.8845751309344010e+00
-5.8845751309344010e+00
0.0000000000000000e+00
-5.2664005637868865e+00
-5.2664005637868865e+00
0.0000000000000000e+00
-6.0687080075178130e+00
-6.0687080075178130e+00
0.0000000000000000e+00
-6.1684063657143451e+00
-6.1684063657143451e+00
0.0000000000000000e+00
-6.5514011144004458e+00
-6.5514011144004458e+00
0.0000000000000000e+00
-6.6615451608625289e+00
-6.6615451608625289e+00
0.0000000000000000e+00
-6.9785464528251477e+00
-6.9785464528251477e+00
0.0000000000000000e+00
-7.0548678803724396e+00
-7.0548678803724396e+00
0.0000000000000000e+00
-6.9788929251995544e+00
-6.9788929251995544e+00
0.0000000000000000e+00
-7.2554946361678976e+00
-7.2554946361678976e+00
0.0000000000000000e+00
-7.9377497880725443e+00
-7.9377497880725443e+00
0.0000000000000000e+00
-8.2316524133756968e+00
-8.2316524133756968e+00
0.0000000000000000e+00
-8.4226324554371885e+00
-8.4226324554371885e+00
0.0000000000000000e+00
-7.9769495811690998e+00
-7.9769495811690998e+00
0.0000000000000000e+00
