4
1000
3.9396750240956635e-01
-7.6558132455102124e-02
7.8736228832588018e-02
1.0000000000000000e+00
3.6221028271501154e-01
-8.0152561687282242e-02
8.3606291992202819e-02
1.0000000000000000e+00
3.6221028271501154e-01
-2.4299379231815688e-01
8.6626459568526548e-02
1.0000000000000000e+00
3.6091359065284223e-01
-2.4299379231815688e-01
1.0703214602896194e-01
1.0000000000000000e+00
3.6091359065284223e-01
-3.5944360847061030e-01
9.5641489796128076e-02
1.0000000000000000e+00
3.1615020812859029e-01
-7.1134090222767510e-02
9.5641489796128076e-02
1.0000000000000000e+00
2.8415520728702859e-01
-7.1134090222767510e-02
8.2670670658137602e-02
1.0000000000000000e+00
2.8415520728702859e-01
-2.2996821187844030e-01
7.4810144302921322e-02
1.0000000000000000e+00
2.2379165009732560e-01
-1.5435009010543577e-01
7.9142106974052218e-02
1.0000000000000000e+00
1.9651150523822025e-01
7.3751103799440942e-02
9.2386957535074976e-02
1.0000000000000000e+00
1.9651150523822025e-01
1.8641856751928576e-01
7.2628680893706110e-02
1.0000000000000000e+00
1.7700752040508405e-01
1.4546361259708651e-01
7.2628680893706110e-02
1.0000000000000000e+00
1.9848969189587251e-01
2.3315859280119189e-01
5.8385377095567015e-02
1.0000000000000000e+00
2.4227960763636247e-01
2.7186544678697833e-01
7.2424811588155058e-02
1.0000000000000000e+00
2.7749388275805131e-01
9.8389309566118799e-02
6.3207283893154886e-02
1.0000000000000000e+00
2.7823231387554870e-01
1.3433888621220835e-01
3.6236102038549212e-02
1.0000000000000000e+00
2.7823231387554870e-01
7.0794389318325601e-02
7.8471559376941946e-02
1.0000000000000000e+00
2.9875977076261506e-01
-3.6080046821734824e-02
7.8471559376941946e-02
1.0000000000000000e+00
2.9875977076261506e-01
-9.3504891585325378e-03
4.3228077135302079e-02
1.0000000000000000e+00
2.4894926901578174e-01
-1.3710474528779737e-01
5.8409518926657689e-02
1.0000000000000000e+00
2.4841894163654388e-01
-4.8934459247102491e-01
3.3420975684441578e-02
1.0000000000000000e+00
2.8003767645822109e-01
-4.1809202291478864e-01
1.6877940288998139e-02
1.0000000000000000e+00
2.8003767645822109e-01
-6.6689815794525198e-01
3.8536211840130341e-02
1.0000000000000000e+00
2.8003767645822109e-01
-5.7514116892998568e-01
4.0775602814994705e-02
1.0000000000000000e+00
3.0112462980576993e-01
-5.7514116892998568e-01
1.5585446861825836e-02
1.0000000000000000e+00
3.0390044046470166e-01
-5.4463255385344378e-01
6.4924728509708762e-03
1.0000000000000000e+00
3.2484691427924872e-01
-9.0932111491856626e-01
6.4924728509708762e-03
1.0000000000000000e+00
3.5238906765260936e-01
-7.2151464273629240e-01
1.2854250532313705e-03
1.0000000000000000e+00
4.2482662970104457e-01
-7.2151464273629240e-01
3.4142265946343064e-03
1.0000000000000000e+00
4.2482662970104457e-01
-7.3984693040547422e-01
2.6729227291673374e-02
1.0000000000000000e+00
3.9684716077425719e-01
-8.0593837847409300e-01
5.6180039106606960e-03
1.0000000000000000e+00
4.2091739015558005e-01
-6.1628180792031340e-01
1.4587681522846174e-02
1.0000000000000000e+00
4.1467133165241421e-01
-4.0634101679024748e-01
1.4587681522846174e-02
1.0000000000000000e+00
3.9304927620941044e-01
-4.0634101679024748e-01
1.9620124032974195e-02
1.0000000000000000e+00
3.4657362639808298e-01
-4.0515937426534943e-01
2.9657938299953890e-02
1.0000000000000000e+00
4.0539187449866176e-01
-4.0515937426534943e-01
3.0414512512527359e-02
1.0000000000000000e+00
4.0539187449866176e-01
-4.4802770534006409e-01
3.0414512512527359e-02
1.0000000000000000e+00
3.9797911258318663e-01
-2.2681420811859421e-01
3.0715050976743874e-02
1.0000000000000000e+00
3.9237754257300139e-01
-2.2681420811859421e-01
2.5397556703558144e-02
1.0000000000000000e+00
4.0539826244020105e-01
-3.3801424459961704e-01
2.5397556703558144e-02
1.0000000000000000e+00
4.1320436891072632e-01
-4.2638800249842457e-01
6.7944912575205740e-02
1.0000000000000000e+00
3.9207524876945854e-01
-4.2638800249842457e-01
6.2441242495572147e-02
1.0000000000000000e+00
3.8120386261397243e-01
-4.4260067449358753e-01
6.0313867973184165e-02
1.0000000000000000e+00
3.0749758217388035e-01
-3.3693315790442280e-01
6.0313867973184165e-02
1.0000000000000000e+00
3.5122483480625988e-01
-2.3220183656958393e-01
6.0673002547139254e-02
1.0000000000000000e+00
4.1063686926753462e-01
-2.3220183656958393e-01
3.0858941245844540e-02
1.0000000000000000e+00
3.9162689913899840e-01
-3.9342217057419471e-01
3.0858941245844540e-02
1.0000000000000000e+00
4.5257947035969437e-01
-4.1593591033888511e-01
2.4395531844368157e-02
1.0000000000000000e+00
4.8334378749967755e-01
-5.6619632526708297e-01
3.8248385870849666e-02
1.0000000000000000e+00
4.8334378749967755e-01
-8.3966031208110503e-01
3.9691155413186130e-02
1.0000000000000000e+00
4.3688572198988140e-01
-7.3067008427751712e-01
3.9691155413186130e-02
1.0000000000000000e+00
4.4713256974608839e-01
-6.1487457625044040e-01
5.5744868572821793e-02
1.0000000000000000e+00
3.9471045416684092e-01
-5.7154427565110377e-01
7.6022330541184124e-02
1.0000000000000000e+00
3.5557009932489336e-01
-6.3652503586781672e-01
1.3876865720396814e-02
1.0000000000000000e+00
2.2080604453475416e-01
-8.0433338976872615e-01
1.3876865720396814e-02
1.0000000000000000e+00
2.2080604453475416e-01
-4.2313678658974818e-01
2.7512129498666105e-02
1.0000000000000000e+00
2.2080604453475416e-01
-4.2313678658974818e-01
5.2653687642907676e-02
1.0000000000000000e+00
2.0638479572625101e-01
-4.7143800065095998e-01
5.2653687642907676e-02
1.0000000000000000e+00
2.0014463831574858e-01
-2.9310124620969868e-01
6.5230758264681277e-02
1.0000000000000000e+00
2.5991479587645472e-01
-1.0959486171777821e-01
6.5230758264681277e-02
1.0000000000000000e+00
2.7982809488565863e-01
5.4777541456860535e-02
6.5230758264681277e-02
1.0000000000000000e+00
3.2822649088592470e-01
1.5368734282674712e-03
5.5591238997897086e-02
1.0000000000000000e+00
3.1848599902258456e-01
6.6036110071581833e-02
5.5591238997897086e-02
1.0000000000000000e+00
3.1848599902258456e-01
3.6864836959284775e-02
5.9458741613218513e-02
1.0000000000000000e+00
3.7750657206305505e-01
2.7908407643262767e-01
5.9458741613218513e-02
1.0000000000000000e+00
3.7115898147129656e-01
-4.2669291349011429e-02
4.8707114227602211e-02
1.0000000000000000e+00
3.5205649189555288e-01
-1.5088355235930062e-01
1.9336493380853859e-02
1.0000000000000000e+00
3.5205649189555288e-01
-1.3112056695099450e-01
1.9336493380853859e-02
1.0000000000000000e+00
3.2326988667153955e-01
2.1986767954949760e-01
1.9336493380853859e-02
1.0000000000000000e+00
3.2285684481865928e-01
3.7765170706552498e-02
2.8960487549397618e-03
1.0000000000000000e+00
3.6337554123855398e-01
1.5672167323355102e-01
1.2938290529439178e-02
1.0000000000000000e+00
3.3643302130184338e-01
1.5672167323355102e-01
7.4459870089981228e-03
1.0000000000000000e+00
3.3643302130184338e-01
-1.1074566442694045e-01
7.4459870089981228e-03
1.0000000000000000e+00
3.3643302130184338e-01
-2.1411872163589574e-01
2.2655714929589954e-02
1.0000000000000000e+00
2.8017479921362565e-01
-3.0411502972419835e-01
1.1061832003781524e-02
1.0000000000000000e+00
3.0302938255152867e-01
1.5830480798904323e-01
1.1061832003781524e-02
1.0000000000000000e+00
2.9937786464250848e-01
1.5888178624736615e-01
1.3315668024608818e-02
1.0000000000000000e+00
3.2041625289383546e-01
2.6673921101319142e-01
1.3315668024608818e-02
1.0000000000000000e+00
2.9311156069996969e-01
-5.5367006309097189e-03
1.3315668024608818e-02
1.0000000000000000e+00
3.2941202243927137e-01
7.7069145595305644e-02
4.1664708100745407e-02
1.0000000000000000e+00
3.2941202243927137e-01
-4.5729797616077117e-01
5.5522980329135385e-02
1.0000000000000000e+00
3.3313169430147127e-01
-7.0928334820491723e-01
7.2953092094996896e-02
1.0000000000000000e+00
4.1269235412727312e-01
-5.9169162440521172e-01
6.4842487846055952e-02
1.0000000000000000e+00
4.1824511311386914e-01
-6.0368340838176660e-01
4.5019415367880788e-02
1.0000000000000000e+00
4.2256707664017767e-01
-7.7195529270393304e-01
4.5019415367880788e-02
1.0000000000000000e+00
4.1226958635633082e-01
-6.8449613082630090e-01
3.2242619593182531e-02
1.0000000000000000e+00
3.8802040706758589e-01
-7.2690652686578683e-01
3.2242619593182531e-02
1.0000000000000000e+00
3.1597331504707427e-01
-8.9121306318265847e-01
1.5402577024963171e-02
1.0000000000000000e+00
3.1597331504707427e-01
-8.9632287997228555e-01
1.2496439180415542e-02
1.0000000000000000e+00
2.8577613237683863e-01
-6.8731548267824105e-01
2.8011814829972059e-02
1.0000000000000000e+00
2.8577613237683863e-01
-2.4901861840335182e-01
3.1259677977379829e-02
1.0000000000000000e+00
2.8577613237683863e-01
-3.2513316863623909e-01
4.2597747546699316e-02
1.0000000000000000e+00
2.2822499893044323e-01
-3.9679497623292259e-01
4.5639238459136755e-02
1.0000000000000000e+00
2.3639764695798249e-01
-5.7927543067780785e-01
5.6224589840587647e-02
1.0000000000000000e+00
3.0814623891745896e-01
-1.5572181486932091e-01
5.8521393359717400e-02
1.0000000000000000e+00
3.0814623891745896e-01
-7.7940718768513717e-02
3.0021380622804350e-02
1.0000000000000000e+00
3.2254264562760682e-01
-9.5066064535058059e-02
4.7198226665079779e-02
1.0000000000000000e+00
2.5385509862934441e-01
-3.6503855281916908e-01
4.7198226665079779e-02
1.0000000000000000e+00
2.5385509862934441e-01
-2.1865375389752439e-01
5.2958543402075953e-02
1.0000000000000000e+00
2.5978025014882178e-01
-3.0488531713781408e-01
5.8545154043406433e-02
1.0000000000000000e+00
2.4527532107566685e-01
-1.4737854761478952e-01
4.3279282272726483e-02
1.0000000000000000e+00
2.6512683335130305e-01
-1.0731461507675699e-01
2.5919473719716257e-02
1.0000000000000000e+00
2.7937197837417216e-01
-2.0721266282198481e-01
1.1977632519722170e-02
1.0000000000000000e+00
3.0830074568183363e-01
-6.5559616810060062e-02
4.0562664148330874e-02
1.0000000000000000e+00
2.6552896435276807e-01
-6.5559616810060062e-02
5.5488133699895803e-03
1.0000000000000000e+00
2.7422797820435107e-01
-1.1348709327576212e-01
1.6020590429127401e-02
1.0000000000000000e+00
2.0905871084795535e-01
-1.1673323673603586e-01
1.6020590429127401e-02
1.0000000000000000e+00
2.1637240099624933e-01
-1.7004698378441385e-01
1.6020590429127401e-02
1.0000000000000000e+00
2.5612984645084680e-01
-1.4040756089088968e-01
3.0300213013708777e-02
1.0000000000000000e+00
2.9772652313948811e-01
-6.6363250403082885e-02
3.0300213013708777e-02
1.0000000000000000e+00
2.6723283995778502e-01
-2.5495885082927994e-01
5.1785495121896452e-02
1.0000000000000000e+00
2.6628145483226717e-01
-2.5495885082927994e-01
4.5538472350619918e-02
1.0000000000000000e+00
2.5999651337878049e-01
-6.6561078219092407e-02
4.5538472350619918e-02
1.0000000000000000e+00
2.5780053949819148e-01
-6.1797369769192256e-02
1.1761304330013878e-02
1.0000000000000000e+00
2.1891588485704006e-01
-5.7004665056592740e-02
1.1761304330013878e-02
1.0000000000000000e+00
1.8811374670730174e-01
-2.1259528867376498e-01
2.7690730862252599e-02
1.0000000000000000e+00
1.3991465886027754e-01
-4.7420660130155734e-01
2.9431515246562845e-02
1.0000000000000000e+00
1.6995560658068598e-01
-5.0826800338400058e-01
1.7679072789780981e-02
1.0000000000000000e+00
1.8938325299785674e-01
-4.3048576734436206e-01
4.2874172203175909e-02
1.0000000000000000e+00
1.8938325299785674e-01
-6.5117725453746966e-01
2.4018214888803846e-02
1.0000000000000000e+00
2.2426217376158775e-01
-6.5117725453746966e-01
8.9111345484184090e-03
1.0000000000000000e+00
2.7392965788857282e-01
-6.9999000247044019e-01
3.2503811515800840e-02
1.0000000000000000e+00
2.5497299852685273e-01
-7.0434021999535612e-01
5.4465940817521874e-03
1.0000000000000000e+00
2.9238146963433564e-01
-6.8120552090404085e-01
1.8154168374769575e-02
1.0000000000000000e+00
2.9007626139463127e-01
-4.7018202688486777e-01
7.2364396079706017e-03
1.0000000000000000e+00
2.9007626139463127e-01
-5.9802971702010832e-01
7.2364396079706017e-03
1.0000000000000000e+00
3.7035720144302786e-01
-6.6567832153232298e-01
7.2364396079706017e-03
1.0000000000000000e+00
3.3087237459511698e-01
-3.5841830927820406e-01
7.2364396079706017e-03
1.0000000000000000e+00
3.3087237459511698e-01
-4.5548603791685305e-01
7.2364396079706017e-03
1.0000000000000000e+00
3.2863649610334278e-01
-4.4554189234913788e-01
3.1305362343721277e-02
1.0000000000000000e+00
3.5651376821004988e-01
-5.0088443249405823e-01
3.1305362343721277e-02
1.0000000000000000e+00
3.7388830236994863e-01
-5.7686449229659043e-01
4.5979256847806460e-02
1.0000000000000000e+00
3.9530253760420919e-01
-4.8502887893409929e-01
3.9050260664828307e-02
1.0000000000000000e+00
4.1905850894653440e-01
-4.5094787437410555e-01
4.0645382851528189e-02
1.0000000000000000e+00
3.4152488504440726e-01
-5.3093812722654543e-01
4.0645382851528189e-02
1.0000000000000000e+00
3.3231339138836802e-01
-4.9039008017571173e-01
4.2071606051342747e-02
1.0000000000000000e+00
3.5277738003895820e-01
-4.9810096212895583e-01
6.7010661775043223e-03
1.0000000000000000e+00
3.8760965644286216e-01
-4.7959329524310301e-01
2.0393407922404072e-02
1.0000000000000000e+00
4.0501102386878074e-01
-2.9330708422930907e-01
2.4663582462983391e-02
1.0000000000000000e+00
3.9594648173914493e-01
-8.1449333217460618e-02
3.7492074185740853e-02
1.0000000000000000e+00
3.6743465113357843e-01
-8.1449333217460618e-02
2.5128782840204145e-02
1.0000000000000000e+00
3.6743465113357843e-01
-4.7537646826822266e-02
2.6671178170238341e-02
1.0000000000000000e+00
3.6743465113357843e-01
-2.4125533514888953e-01
3.5059306767527665e-02
1.0000000000000000e+00
3.5038401978926004e-01
-2.5407284648390482e-01
1.8146742597912158e-02
1.0000000000000000e+00
3.5038401978926004e-01
-2.5639431142481039e-01
1.7510663249288405e-02
1.0000000000000000e+00
3.3378464543164910e-01
-4.8566339128883551e-01
3.6514389791284407e-02
1.0000000000000000e+00
3.4709725622923315e-01
-4.7195101679535578e-01
4.3943711087797488e-02
1.0000000000000000e+00
3.6249673274249972e-01
-2.1107031089486550e-01
1.7718028041292633e-02
1.0000000000000000e+00
3.6249673274249972e-01
-4.1992659319657788e-02
1.1311069826353992e-02
1.0000000000000000e+00
3.6168750638279334e-01
-2.4384384100558232e-01
2.6570159706045593e-02
1.0000000000000000e+00
3.6168750638279334e-01
-3.4291246776701878e-01
1.3008580978407513e-03
1.0000000000000000e+00
3.6168750638279334e-01
-5.5171644558431576e-01
9.6235834340629989e-04
1.0000000000000000e+00
3.2007554864065924e-01
-5.7393825670005749e-01
9.6235834340629989e-04
1.0000000000000000e+00
3.2007554864065924e-01
-4.7346847375156353e-01
5.5972829856043571e-04
1.0000000000000000e+00
2.9110540208893099e-01
-5.1182367523433636e-01
3.1823899450159621e-03
1.0000000000000000e+00
2.8756032713243940e-01
-4.2065666504204269e-01
6.4347995764023613e-03
1.0000000000000000e+00
2.7345536757746913e-01
-5.3265634067356582e-01
3.7188435377777274e-02
1.0000000000000000e+00
2.7101469404550471e-01
-4.9805524726180006e-01
3.7188435377777274e-02
1.0000000000000000e+00
2.7101469404550471e-01
-7.0299225081471373e-01
4.5170553433001692e-02
1.0000000000000000e+00
2.6494876729810812e-01
-8.3533967067269255e-01
4.5170553433001692e-02
1.0000000000000000e+00
1.8502375545466521e-01
-5.5960554969278742e-01
3.9791529471278841e-02
1.0000000000000000e+00
2.7020081380868533e-01
-6.6312570464579035e-01
3.9791529471278841e-02
1.0000000000000000e+00
2.1722349772716143e-01
-6.6312570464579035e-01
4.9778511220813448e-02
1.0000000000000000e+00
2.8624507753664830e-01
-9.1527685862747599e-01
4.9778511220813448e-02
1.0000000000000000e+00
3.2285514442736485e-01
-9.5925232548979689e-01
4.9778511220813448e-02
1.0000000000000000e+00
3.8071048135424235e-01
-9.5925232548979689e-01
2.6111176292636151e-02
1.0000000000000000e+00
4.6578088278437235e-01
-9.4861398045686651e-01
2.6111176292636151e-02
1.0000000000000000e+00
4.6578088278437235e-01
-7.7222242359785009e-01
2.1238689366020913e-02
1.0000000000000000e+00
4.2750300930600815e-01
-8.1345727843945492e-01
3.7706422674693818e-02
1.0000000000000000e+00
4.2213508391540699e-01
-9.7156211538022030e-01
1.0206130388417001e-02
1.0000000000000000e+00
4.2213508391540699e-01
-7.3126061064904202e-01
8.2685737258202385e-03
1.0000000000000000e+00
3.8656200000804120e-01
-7.5940025402014721e-01
1.4401794815660174e-02
1.0000000000000000e+00
3.4792692491572552e-01
-8.5763052841430176e-01
5.3700226095884096e-03
1.0000000000000000e+00
3.3693719932597332e-01
-9.7955604819362629e-01
1.3700288513666670e-02
1.0000000000000000e+00
3.2227237054866009e-01
-9.7955604819362629e-01
1.2660732868118862e-02
1.0000000000000000e+00
2.8661880919497662e-01
-9.7955604819362629e-01
1.2833704383103828e-02
1.0000000000000000e+00
2.8661880919497662e-01
-9.6067264294033516e-01
1.2889285303265274e-02
1.0000000000000000e+00
2.5408114025157147e-01
-9.8449615379577149e-01
1.5169453305736602e-02
1.0000000000000000e+00
2.6810776160817795e-01
-7.7564633628135193e-01
1.4764726329906330e-02
1.0000000000000000e+00
3.0838025359224730e-01
-5.5407372293775548e-01
1.4764726329906330e-02
1.0000000000000000e+00
2.9988564362537318e-01
-5.5407372293775548e-01
2.1742514036907301e-02
1.0000000000000000e+00
2.9988564362537318e-01
-6.1762292859857548e-01
1.8782506515583441e-02
1.0000000000000000e+00
2.9988564362537318e-01
-6.8312724903007616e-01
5.2173038062960364e-03
1.0000000000000000e+00
2.9988564362537318e-01
-7.8501948192497362e-01
2.8313857552916266e-03
1.0000000000000000e+00
3.5718313416253977e-01
-6.6430028751274217e-01
2.8313857552916266e-03
1.0000000000000000e+00
3.5718313416253977e-01
-6.3273693099399675e-01
2.7498331116134755e-03
1.0000000000000000e+00
3.7681015206288748e-01
-6.3273693099399675e-01
1.0687628594189369e-02
1.0000000000000000e+00
3.7681015206288748e-01
-4.7962335720440019e-01
6.6283560656904661e-02
1.0000000000000000e+00
4.0759383139919692e-01
-3.0586464181324113e-01
6.1188763772099697e-02
1.0000000000000000e+00
4.0069034879815035e-01
-3.9754004999776948e-01
6.1188763772099697e-02
1.0000000000000000e+00
4.0069034879815035e-01
-4.1867231055875886e-01
6.7597182184420013e-02
1.0000000000000000e+00
4.0069034879815035e-01
-5.9986373779975066e-02
5.2682654648981475e-02
1.0000000000000000e+00
3.0415298228871279e-01
4.0026599170960298e-02
7.1836359515748405e-02
1.0000000000000000e+00
3.0415298228871279e-01
-2.0393314808388818e-01
6.9518228011168026e-02
1.0000000000000000e+00
4.0576345098924094e-01
-5.5905407517930139e-01
6.9518228011168026e-02
1.0000000000000000e+00
3.9608504621099883e-01
-3.8077264874955286e-01
7.2994475202597164e-02
1.0000000000000000e+00
3.9608504621099883e-01
-4.4810323454221357e-01
5.3803861556536936e-02
1.0000000000000000e+00
3.9608504621099883e-01
-3.5292944535394777e-01
5.5792520703710102e-02
1.0000000000000000e+00
2.4072368440937453e-01
-3.5404132390176524e-01
5.5792520703710102e-02
1.0000000000000000e+00
2.6614789290141516e-01
-1.4444135213052500e-01
5.5792520703710102e-02
1.0000000000000000e+00
2.0540684459518843e-01
1.3762874817693960e-01
4.7834831239617848e-02
1.0000000000000000e+00
1.3990499822210722e-01
3.2481804406488668e-01
3.0663221558518194e-02
1.0000000000000000e+00
1.7169111965012007e-01
2.9217661088550817e-01
3.0663221558518194e-02
1.0000000000000000e+00
1.6691910845946722e-01
2.9217661088550817e-01
7.0556277242451393e-02
1.0000000000000000e+00
1.4626549042549186e-01
3.0513278031939994e-01
7.1691310797780239e-02
1.0000000000000000e+00
1.0502941261182741e-01
1.3855073696322551e-02
7.1691310797780239e-02
1.0000000000000000e+00
1.0502941261182741e-01
-7.0065258906834016e-02
5.9262803588956081e-02
1.0000000000000000e+00
1.4979186381350473e-01
-5.8936954380624185e-02
5.9262803588956081e-02
1.0000000000000000e+00
2.2596348319456183e-01
2.3787216851706039e-01
5.9845244810878717e-02
1.0000000000000000e+00
3.1323961410924994e-01
4.6125715328598749e-01
5.7733509057163679e-02
1.0000000000000000e+00
3.6656387721558303e-01
3.9095016671562921e-01
5.7733509057163679e-02
1.0000000000000000e+00
3.9789181401391716e-01
1.7951395465279352e-01
5.7733509057163679e-02
1.0000000000000000e+00
3.4776818019707889e-01
8.1392807049996962e-02
5.7733509057163679e-02
1.0000000000000000e+00
3.2339724258889646e-01
8.1392807049996962e-02
6.3093069453918793e-02
1.0000000000000000e+00
3.9706524567117185e-01
8.1392807049996962e-02
8.4412543081873515e-02
1.0000000000000000e+00
3.9872895193656177e-01
2.1120379595304262e-01
7.3612467742952936e-02
1.0000000000000000e+00
4.0625062224825115e-01
1.8586060134912263e-01
8.3915246076378458e-02
1.0000000000000000e+00
3.8406556670923919e-01
2.2722272677565347e-01
8.7826265844944351e-02
1.0000000000000000e+00
4.4629409362931938e-01
1.9692418826962244e-01
9.1677868630233639e-02
1.0000000000000000e+00
4.4629409362931938e-01
1.5553792668724786e-01
7.5662194642666214e-02
1.0000000000000000e+00
4.7305967112441749e-01
1.5553792668724786e-01
7.5669450057978316e-02
1.0000000000000000e+00
4.7305967112441749e-01
-1.8303458557056285e-03
7.5669450057978316e-02
1.0000000000000000e+00
4.7305967112441749e-01
-1.8303458557056285e-03
8.5075793160433455e-02
1.0000000000000000e+00
5.3229361598749847e-01
-1.9444919095985780e-02
6.0996702244813128e-02
1.0000000000000000e+00
5.3229361598749847e-01
-1.0559054361438025e-01
6.0571239051716907e-02
1.0000000000000000e+00
4.9859389488955230e-01
-1.0559054361438025e-01
7.1705234890180214e-02
1.0000000000000000e+00
4.9859389488955230e-01
2.1427475018645059e-01
6.6411777586984022e-02
1.0000000000000000e+00
4.8612739344497413e-01
2.1712143565746378e-01
5.6801284850882872e-02
1.0000000000000000e+00
4.5630908956189842e-01
1.8060134570332598e-01
7.5861697272705420e-02
1.0000000000000000e+00
4.6252352523987383e-01
2.4240847523542475e-01
5.7181767375516279e-02
1.0000000000000000e+00
4.6252352523987383e-01
6.1290379460187983e-01
7.5996483630808576e-02
1.0000000000000000e+00
4.2133596598540635e-01
6.1290379460187983e-01
4.7709452874335034e-02
1.0000000000000000e+00
4.3387730106150002e-01
4.1918907906147074e-01
5.7805892034741624e-02
1.0000000000000000e+00
3.4643708787297101e-01
4.2156852488624286e-01
2.9575825623544438e-02
1.0000000000000000e+00
3.3765738982145876e-01
3.8056210135328006e-01
1.8464192702742799e-02
1.0000000000000000e+00
3.6525170051862688e-01
3.7765438561546039e-01
2.9081362254294141e-02
1.0000000000000000e+00
3.4726250556667537e-01
1.4834670429336261e-01
2.9081362254294141e-02
1.0000000000000000e+00
3.3353652072509021e-01
4.9598004562067222e-01
1.3636674686642869e-02
1.0000000000000000e+00
3.4236117837389202e-01
4.9598004562067222e-01
3.9141369938226922e-02
1.0000000000000000e+00
3.3551644918878765e-01
4.1242445898460578e-01
4.3328431389602406e-02
1.0000000000000000e+00
3.3551644918878765e-01
5.8229355935327520e-02
5.6256213180097325e-02
1.0000000000000000e+00
3.3551644918878765e-01
1.3713383567737769e-01
5.5857215555226936e-02
1.0000000000000000e+00
3.3551644918878765e-01
-1.2323616551948358e-01
5.2468876832938327e-02
1.0000000000000000e+00
3.4629124974270553e-01
-8.7217112209327707e-02
4.2239102082169189e-02
1.0000000000000000e+00
4.1571634461541862e-01
-2.1803089089371452e-02
4.2239102082169189e-02
1.0000000000000000e+00
4.0529676632394285e-01
-2.1803089089371452e-02
2.0348345408058299e-02
1.0000000000000000e+00
4.1996367567588777e-01
-1.3569810301778484e-01
9.8484228493930237e-03
1.0000000000000000e+00
3.9399286837686986e-01
-1.4569857590613533e-01
4.3230219872952835e-03
1.0000000000000000e+00
3.0391046137918920e-01
-2.1553974472699333e-01
1.3009180793380870e-02
1.0000000000000000e+00
3.0391046137918920e-01
-9.5074086121894608e-02
3.3186392405843868e-02
1.0000000000000000e+00
2.6529227489044160e-01
2.4868884452007523e-02
3.3186392405843868e-02
1.0000000000000000e+00
2.5899075263549776e-01
-3.0450676255641151e-01
4.9043330842471256e-02
1.0000000000000000e+00
2.5899075263549776e-01
-1.9529118635473419e-01
4.9043330842471256e-02
1.0000000000000000e+00
2.1288592846502752e-01
-3.1430126973209549e-01
5.0281931309802963e-02
1.0000000000000000e+00
2.5574517355670423e-01
-1.5249528982458282e-01
5.3582678911118342e-02
1.0000000000000000e+00
2.6326621382867188e-01
-1.0432864211179504e-02
5.9415824142126872e-02
1.0000000000000000e+00
2.6326621382867188e-01
-8.0113711438752899e-02
6.4295619156985118e-02
1.0000000000000000e+00
2.6326621382867188e-01
-1.5065992125091721e-01
6.4295619156985118e-02
1.0000000000000000e+00
1.7963040865396351e-01
-1.1056809373912979e-01
6.4295619156985118e-02
1.0000000000000000e+00
1.5562529920970292e-01
1.5579484156551193e-01
6.6351297673611476e-02
1.0000000000000000e+00
1.5562529920970292e-01
6.9546093172612022e-01
6.6351297673611476e-02
1.0000000000000000e+00
1.7284241191481442e-01
6.9546093172612022e-01
8.0045327673508360e-02
1.0000000000000000e+00
1.6147797706906886e-01
8.6823111898484062e-01
7.4046938343747093e-02
1.0000000000000000e+00
1.9849861937944979e-01
8.6823111898484062e-01
9.3397396745933725e-02
1.0000000000000000e+00
2.3615365441327185e-01
9.5509347084662299e-01
1.1245760241414471e-01
1.0000000000000000e+00
2.3003406974856944e-01
8.3976369116207938e-01
1.1244691847347210e-01
1.0000000000000000e+00
2.7490884590332598e-01
9.3995457652708869e-01
1.1326481882239248e-01
1.0000000000000000e+00
2.3619742378031106e-01
9.6358473177751880e-01
1.0782085187489654e-01
1.0000000000000000e+00
2.2003858595525116e-01
9.6358473177751880e-01
1.1100075385289754e-01
1.0000000000000000e+00
2.3593955546056122e-01
9.6358473177751880e-01
1.1756533003168668e-01
1.0000000000000000e+00
2.3431656382416577e-01
9.6358473177751880e-01
1.2293672099000330e-01
1.0000000000000000e+00
2.4729967548881859e-01
9.6358473177751880e-01
9.5351275086761667e-02
1.0000000000000000e+00
2.4729967548881859e-01
9.6358473177751880e-01
9.7374559410275174e-02
1.0000000000000000e+00
2.5822979457115025e-01
8.9557312752804141e-01
1.1783718413895483e-01
1.0000000000000000e+00
2.5457735139315218e-01
8.9557312752804141e-01
1.1456886193005855e-01
1.0000000000000000e+00
2.9193669337217898e-01
8.9557312752804141e-01
1.0956696586905534e-01
1.0000000000000000e+00
2.8078008036499114e-01
8.9557312752804141e-01
1.2133550903050716e-01
1.0000000000000000e+00
2.3594800721292586e-01
8.9557312752804141e-01
1.2133550903050716e-01
1.0000000000000000e+00
2.8910994495635123e-01
8.9557312752804141e-01
1.0527888758330162e-01
1.0000000000000000e+00
2.6241109299843401e-01
8.9557312752804141e-01
9.6300160309658600e-02
1.0000000000000000e+00
2.7603449172710270e-01
8.5289348240694385e-01
8.9300493041412188e-02
1.0000000000000000e+00
2.8595577705090136e-01
8.5289348240694385e-01
1.1868712611718590e-01
1.0000000000000000e+00
2.9071412760202975e-01
8.5289348240694385e-01
1.0503287080897505e-01
1.0000000000000000e+00
3.3983068879132361e-01
8.5289348240694385e-01
1.1776042290254052e-01
1.0000000000000000e+00
3.1987598318045229e-01
9.4155719361951928e-01
1.1776042290254052e-01
1.0000000000000000e+00
3.1014192768742532e-01
8.8044273338964563e-01
1.1848402491992827e-01
1.0000000000000000e+00
2.8596374824081749e-01
8.9409207224598508e-01
1.1848402491992827e-01
1.0000000000000000e+00
2.7828194399734230e-01
8.6628668799748998e-01
1.1848402491992827e-01
1.0000000000000000e+00
3.1748257822727055e-01
8.9203041463842969e-01
1.1075841172820444e-01
1.0000000000000000e+00
2.7784440306385250e-01
8.9203041463842969e-01
1.1075841172820444e-01
1.0000000000000000e+00
3.4440473200191946e-01
8.9203041463842969e-01
8.9530821337723387e-02
1.0000000000000000e+00
4.0124407329966516e-01
8.7426928102722745e-01
1.0239078514965738e-01
1.0000000000000000e+00
4.0704735846628637e-01
8.7961207095286231e-01
9.7357374064051760e-02
1.0000000000000000e+00
4.0704735846628637e-01
9.6747693929573875e-01
9.7357374064051760e-02
1.0000000000000000e+00
3.8795270690133066e-01
8.5575284573933463e-01
1.1022351859825219e-01
1.0000000000000000e+00
4.2986436942845785e-01
8.5575284573933463e-01
1.1022351859825219e-01
1.0000000000000000e+00
4.1703820051878893e-01
9.1614275563260894e-01
1.1022351859825219e-01
1.0000000000000000e+00
4.1703820051878893e-01
9.1611520099359045e-01
1.0651360909211005e-01
1.0000000000000000e+00
4.1703820051878893e-01
8.9282657849507818e-01
9.1302222486012830e-02
1.0000000000000000e+00
4.0645638769746029e-01
8.9282657849507818e-01
1.0963474217093105e-01
1.0000000000000000e+00
4.0775254646104031e-01
9.4603918391185293e-01
1.0963474217093105e-01
1.0000000000000000e+00
3.7150026762645894e-01
8.9053642461913118e-01
1.0199785049295540e-01
1.0000000000000000e+00
3.7150026762645894e-01
8.9053642461913118e-01
1.2455741671252551e-01
1.0000000000000000e+00
3.1828309500377827e-01
9.0446011620479116e-01
9.9206536834719805e-02
1.0000000000000000e+00
3.1828309500377827e-01
9.0446011620479116e-01
1.3076619568270187e-01
1.0000000000000000e+00
3.1828309500377827e-01
9.2044408704059610e-01
1.1244319888752441e-01
1.0000000000000000e+00
2.7223035970490628e-01
9.2044408704059610e-01
1.1244319888752441e-01
1.0000000000000000e+00
2.8515171909492665e-01
9.2044408704059610e-01
1.0132420293044786e-01
1.0000000000000000e+00
2.8515171909492665e-01
9.1128618354814539e-01
1.0132420293044786e-01
1.0000000000000000e+00
2.3650073815332462e-01
9.2321863203214893e-01
1.1671681466501693e-01
1.0000000000000000e+00
2.9215390883581449e-01
9.2321863203214893e-01
1.3398969310325126e-01
1.0000000000000000e+00
2.4263003558115770e-01
9.5502731009291897e-01
1.3635106475081782e-01
1.0000000000000000e+00
2.3618409779118110e-01
8.8930894984769115e-01
1.3786920937233160e-01
1.0000000000000000e+00
1.8845225494550277e-01
8.8930894984769115e-01
1.4426263826422880e-01
1.0000000000000000e+00
2.7046659399019291e-01
8.8930894984769115e-01
1.4155473103270422e-01
1.0000000000000000e+00
2.7046659399019291e-01
9.1230278639959583e-01
1.4445179523423801e-01
1.0000000000000000e+00
2.9509477500067760e-01
9.1230278639959583e-01
1.4445179523423801e-01
1.0000000000000000e+00
2.9509477500067760e-01
9.9393662243055592e-01
1.4445179523423801e-01
1.0000000000000000e+00
2.8018492805966844e-01
8.9030171363519917e-01
1.4735569441214691e-01
1.0000000000000000e+00
2.9773928477624167e-01
8.8846115515007118e-01
1.4735569441214691e-01
1.0000000000000000e+00
2.7928277730205764e-01
8.8846115515007118e-01
1.3389775165811668e-01
1.0000000000000000e+00
2.6155242576459159e-01
8.8846115515007118e-01
1.4694053036615740e-01
1.0000000000000000e+00
2.8393136589983214e-01
8.5634616881980041e-01
1.3584912111506353e-01
1.0000000000000000e+00
2.8367946203178462e-01
8.5634616881980041e-01
1.0735927414604018e-01
1.0000000000000000e+00
2.9025671572270539e-01
8.5634616881980041e-01
1.0735927414604018e-01
1.0000000000000000e+00
3.0795650404724029e-01
8.5634616881980041e-01
1.0165718893509845e-01
1.0000000000000000e+00
2.9198969003590491e-01
8.5634616881980041e-01
1.0165718893509845e-01
1.0000000000000000e+00
1.9599380471589711e-01
8.5634616881980041e-01
1.0165718893509845e-01
1.0000000000000000e+00
2.1902687788787034e-01
9.0498309329523186e-01
1.0165718893509845e-01
1.0000000000000000e+00
2.4762667656722215e-01
9.0498309329523186e-01
9.5575758693632884e-02
1.0000000000000000e+00
2.7425623626294282e-01
7.7979712680353264e-01
1.0387426169578473e-01
1.0000000000000000e+00
2.7226726884799746e-01
7.7687252292780618e-01
1.0238444685925285e-01
1.0000000000000000e+00
2.7226726884799746e-01
7.7687252292780618e-01
1.1687179192191477e-01
1.0000000000000000e+00
2.5966162594812658e-01
9.2730947563795785e-01
1.1687179192191477e-01
1.0000000000000000e+00
2.1274912158804682e-01
9.2730947563795785e-01
1.2788674168510850e-01
1.0000000000000000e+00
1.9712081492724565e-01
9.2730947563795785e-01
1.2109047619848068e-01
1.0000000000000000e+00
2.1460575551571992e-01
9.3405229950694779e-01
1.1190213522164638e-01
1.0000000000000000e+00
1.9706019514086393e-01
9.3405229950694779e-01
1.1266544874630424e-01
1.0000000000000000e+00
1.8049732536854890e-01
8.7763109783081750e-01
1.1266544874630424e-01
1.0000000000000000e+00
1.6621931583466676e-01
9.5249891261009911e-01
1.2198189500592205e-01
1.0000000000000000e+00
1.7058836470204142e-01
9.5249891261009911e-01
1.1991801619402620e-01
1.0000000000000000e+00
1.7320917557771054e-01
9.3669751825182179e-01
1.3201899029187414e-01
1.0000000000000000e+00
2.8694399643535462e-01
9.9385021793095807e-01
1.3201899029187414e-01
1.0000000000000000e+00
2.9326190344835368e-01
9.9385021793095807e-01
1.0946203529707643e-01
1.0000000000000000e+00
2.9326190344835368e-01
9.7339114526657800e-01
1.2428295094392749e-01
1.0000000000000000e+00
2.9326190344835368e-01
9.2933721075205544e-01
1.0939132369927618e-01
1.0000000000000000e+00
3.0128057218934146e-01
9.2933721075205544e-01
1.0939132369927618e-01
1.0000000000000000e+00
3.0656595818544474e-01
8.3752322921900491e-01
1.1213943682483885e-01
1.0000000000000000e+00
2.8214750601290461e-01
8.3521963728962878e-01
1.3571890577546808e-01
1.0000000000000000e+00
2.2908049984215495e-01
9.3376656694708804e-01
1.3571890577546808e-01
1.0000000000000000e+00
2.2908049984215495e-01
7.8661920948325137e-01
1.0396196780599209e-01
1.0000000000000000e+00
2.6352961151241061e-01
8.0251865907011966e-01
1.1579592916056070e-01
1.0000000000000000e+00
2.5903233675597903e-01
9.0087033136187533e-01
1.0613103507890853e-01
1.0000000000000000e+00
3.1581142427711484e-01
9.0087033136187533e-01
1.0613103507890853e-01
1.0000000000000000e+00
3.6323771136193272e-01
9.0087033136187533e-01
1.2547020329035374e-01
1.0000000000000000e+00
3.4844549628286359e-01
9.0087033136187533e-01
1.2625397701154950e-01
1.0000000000000000e+00
3.4391328482269046e-01
8.7665041795371512e-01
1.1783687170933488e-01
1.0000000000000000e+00
2.9427502466677424e-01
9.0254425889252166e-01
1.2075879966247383e-01
1.0000000000000000e+00
2.4781908629773852e-01
8.9739225924386123e-01
1.3689954188990894e-01
1.0000000000000000e+00
2.5812391866310236e-01
8.9739225924386123e-01
1.2932124064642492e-01
1.0000000000000000e+00
2.0460954238041040e-01
8.9739225924386123e-01
1.2932124064642492e-01
1.0000000000000000e+00
1.9183171097500917e-01
8.3510366201771835e-01
1.2932124064642492e-01
1.0000000000000000e+00
1.0977979306443331e-01
8.3510366201771835e-01
1.2317975686270299e-01
1.0000000000000000e+00
1.0977979306443331e-01
8.3510366201771835e-01
1.2317975686270299e-01
1.0000000000000000e+00
7.6584420393544406e-02
9.4395148128642181e-01
1.3412376568991247e-01
1.0000000000000000e+00
8.3857962622630566e-02
9.4395148128642181e-01
1.3412376568991247e-01
1.0000000000000000e+00
8.3857962622630566e-02
9.1715820067001919e-01
1.2408285105008188e-01
1.0000000000000000e+00
1.0774442250220773e-01
8.2568918846918682e-01
1.2408285105008188e-01
1.0000000000000000e+00
9.0767773560571641e-02
8.2568918846918682e-01
1.3360576779920164e-01
1.0000000000000000e+00
1.0751105914204118e-01
8.5710634224487880e-01
1.4077558746899965e-01
1.0000000000000000e+00
1.1760472761778828e-01
8.5710634224487880e-01
1.2892588233913782e-01
1.0000000000000000e+00
1.1760472761778828e-01
8.3873709410800079e-01
1.0346989944915774e-01
1.0000000000000000e+00
1.1760472761778828e-01
8.2084465891493896e-01
8.6201718601989774e-02
1.0000000000000000e+00
1.1846393468402994e-01
7.0511641472949127e-01
8.8701426809313921e-02
1.0000000000000000e+00
8.6634644592038512e-02
8.0447896689547638e-01
8.8701426809313921e-02
1.0000000000000000e+00
1.2588201584838998e-01
8.5389029354228119e-01
8.8701426809313921e-02
1.0000000000000000e+00
1.8697253270619285e-01
8.5389029354228119e-01
9.6713238687846093e-02
1.0000000000000000e+00
1.9485214334525836e-01
7.4146460116280655e-01
1.0652838210913840e-01
1.0000000000000000e+00
1.9485214334525836e-01
7.4101065649556408e-01
1.2580356124195757e-01
1.0000000000000000e+00
1.9985470506907177e-01
6.4970072164105663e-01
1.1961801938119832e-01
1.0000000000000000e+00
2.3898789617777538e-01
7.3700219570564518e-01
1.1961801938119832e-01
1.0000000000000000e+00
2.7221856597424221e-01
7.3700219570564518e-01
1.0886797151866856e-01
1.0000000000000000e+00
2.7008434297130179e-01
5.2859558342861424e-01
1.0886797151866856e-01
1.0000000000000000e+00
2.7008434297130179e-01
5.0121334466057310e-01
1.2889275146986845e-01
1.0000000000000000e+00
2.9314190061376166e-01
7.5010163607912550e-01
1.2889275146986845e-01
1.0000000000000000e+00
3.0231933766589236e-01
7.5010163607912550e-01
1.1805386288430098e-01
1.0000000000000000e+00
3.1921863840506148e-01
7.5010163607912550e-01
1.1841282830679345e-01
1.0000000000000000e+00
3.2018701271698546e-01
8.1185212257223616e-01
1.3044834532880711e-01
1.0000000000000000e+00
3.2018701271698546e-01
8.4045237573700438e-01
1.3044834532880711e-01
1.0000000000000000e+00
3.2018701271698546e-01
8.3181751324700604e-01
1.3133864035004306e-01
1.0000000000000000e+00
2.9505656106010747e-01
8.3181751324700604e-01
1.2838304275752532e-01
1.0000000000000000e+00
2.9505656106010747e-01
8.3524689116420636e-01
1.2847789749608862e-01
1.0000000000000000e+00
3.1402705801264119e-01
8.3524689116420636e-01
1.3721750961227597e-01
1.0000000000000000e+00
3.2264266261444163e-01
8.3524689116420636e-01
1.3721750961227597e-01
1.0000000000000000e+00
3.3147679181382728e-01
8.3524689116420636e-01
1.3242700887454928e-01
1.0000000000000000e+00
3.3147679181382728e-01
8.3524689116420636e-01
1.4001564174501480e-01
1.0000000000000000e+00
3.3844661205620241e-01
8.3524689116420636e-01
1.1326084337739528e-01
1.0000000000000000e+00
3.3844661205620241e-01
8.3365745135488400e-01
1.1508046427585439e-01
1.0000000000000000e+00
3.2931965175629330e-01
8.3365745135488400e-01
1.1281372058980421e-01
1.0000000000000000e+00
2.9557239222884846e-01
7.2918697857203374e-01
1.1281372058980421e-01
1.0000000000000000e+00
2.2498475718856525e-01
7.2918697857203374e-01
1.0883647354163484e-01
1.0000000000000000e+00
2.6127226795614433e-01
8.8584197723212132e-01
9.7625242772812704e-02
1.0000000000000000e+00
2.6127226795614433e-01
8.6485431567671189e-01
1.2064928886790083e-01
1.0000000000000000e+00
2.6127226795614433e-01
7.5857413039448152e-01
1.1089184088010595e-01
1.0000000000000000e+00
3.0381348420013410e-01
7.8792254851105104e-01
9.3331560020635584e-02
1.0000000000000000e+00
3.2819693645541292e-01
8.7239866928102860e-01
8.0217113246510485e-02
1.0000000000000000e+00
3.2819693645541292e-01
8.7239866928102860e-01
8.0973213444997305e-02
1.0000000000000000e+00
2.7666820509438139e-01
7.4361384884359727e-01
7.6682259700794453e-02
1.0000000000000000e+00
2.5930218508545977e-01
8.0022293553593049e-01
7.6682259700794453e-02
1.0000000000000000e+00
2.7952982967798334e-01
8.0022293553593049e-01
1.0491177046166056e-01
1.0000000000000000e+00
2.4764432402406555e-01
8.0022293553593049e-01
1.0618483941030943e-01
1.0000000000000000e+00
2.5257343722586256e-01
8.6731366292478929e-01
1.0393601343927228e-01
1.0000000000000000e+00
2.5257343722586256e-01
8.6731366292478929e-01
8.8864701473687524e-02
1.0000000000000000e+00
2.6575759256337506e-01
8.0558112022372375e-01
9.3060806067262525e-02
1.0000000000000000e+00
2.4830047616813999e-01
8.0558112022372375e-01
9.2755964427089999e-02
1.0000000000000000e+00
2.4534447694276196e-01
7.0087772739025245e-01
7.7333929651251743e-02
1.0000000000000000e+00
2.8662218729112965e-01
8.0669708122404704e-01
1.0622332948802293e-01
1.0000000000000000e+00
2.8662218729112965e-01
8.5665976294221768e-01
1.0622332948802293e-01
1.0000000000000000e+00
2.7035307901059014e-01
9.0146560260000119e-01
1.1948953248171390e-01
1.0000000000000000e+00
2.5625449063335282e-01
9.7735990621986280e-01
1.1653805762140335e-01
1.0000000000000000e+00
2.6565243227486235e-01
9.7735990621986280e-01
1.1653805762140335e-01
1.0000000000000000e+00
3.0606414673928839e-01
9.7735990621986280e-01
1.1274299403263510e-01
1.0000000000000000e+00
2.7801886450578195e-01
9.2254316472353826e-01
1.3520964612795294e-01
1.0000000000000000e+00
3.0250471940343004e-01
9.2254316472353826e-01
1.1930318368209780e-01
1.0000000000000000e+00
3.0646276490841728e-01
9.2254316472353826e-01
1.2598523176817478e-01
1.0000000000000000e+00
3.0393131885756475e-01
9.2254316472353826e-01
1.2741302960163237e-01
1.0000000000000000e+00
3.3164742838670236e-01
9.2254316472353826e-01
1.2295621615445496e-01
1.0000000000000000e+00
3.3164742838670236e-01
9.7797314115705380e-01
1.2295621615445496e-01
1.0000000000000000e+00
2.8896470803846341e-01
9.7797314115705380e-01
1.2295621615445496e-01
1.0000000000000000e+00
3.1122863356102926e-01
9.7797314115705380e-01
1.1931786365418018e-01
1.0000000000000000e+00
3.6206013400186521e-01
9.7797314115705380e-01
1.3057437590865673e-01
1.0000000000000000e+00
3.4616170141924840e-01
9.4142030962648282e-01
1.3983270950226367e-01
1.0000000000000000e+00
2.7568446256299239e-01
9.4142030962648282e-01
1.2110542371480049e-01
1.0000000000000000e+00
2.2786127746184093e-01
9.6064939574243913e-01
1.4065016857890666e-01
1.0000000000000000e+00
2.2801704056581684e-01
9.5264949967058787e-01
1.4065016857890666e-01
1.0000000000000000e+00
2.4680242411812969e-01
9.5264949967058787e-01
1.4034351892147467e-01
1.0000000000000000e+00
2.4680242411812969e-01
9.5264949967058787e-01
1.4002929700033062e-01
1.0000000000000000e+00
3.1228417441269585e-01
9.2085221727284083e-01
1.4002929700033062e-01
1.0000000000000000e+00
3.5399444684406944e-01
9.2085221727284083e-01
1.1078981056303971e-01
1.0000000000000000e+00
3.0660340845605560e-01
9.2085221727284083e-01
9.4054973939967090e-02
1.0000000000000000e+00
3.3129317782839962e-01
9.2085221727284083e-01
9.2325101862263614e-02
1.0000000000000000e+00
3.5444524492157825e-01
9.2085221727284083e-01
1.0232615775854581e-01
1.0000000000000000e+00
3.4913841964697667e-01
9.2085221727284083e-01
9.5044519076657230e-02
1.0000000000000000e+00
3.6253783995306321e-01
9.2121591081631782e-01
9.5044519076657230e-02
1.0000000000000000e+00
3.2555637093281575e-01
9.2121591081631782e-01
9.5044519076657230e-02
1.0000000000000000e+00
2.8389553869163819e-01
9.2801769625184538e-01
8.9365311688345606e-02
1.0000000000000000e+00
3.6085107320940324e-01
9.2801769625184538e-01
8.7980104749624366e-02
1.0000000000000000e+00
3.7203499300193243e-01
9.2801769625184538e-01
8.7980104749624366e-02
1.0000000000000000e+00
3.9651127530049735e-01
9.1689289349851610e-01
1.0117669417483055e-01
1.0000000000000000e+00
3.9651127530049735e-01
9.1689289349851610e-01
1.0801451154944741e-01
1.0000000000000000e+00
3.3787811545442992e-01
9.1689289349851610e-01
1.0418511894491755e-01
1.0000000000000000e+00
3.3787811545442992e-01
8.7190383288798334e-01
9.5367219904039735e-02
1.0000000000000000e+00
3.1092820407610589e-01
8.7190383288798334e-01
1.0254454722704620e-01
1.0000000000000000e+00
3.1691316466566377e-01
8.7190383288798334e-01
9.6141845621934841e-02
1.0000000000000000e+00
3.6010331239339166e-01
8.7190383288798334e-01
1.1395786509925754e-01
1.0000000000000000e+00
3.6010331239339166e-01
8.8373200770256521e-01
1.1136727843510241e-01
1.0000000000000000e+00
3.2695148836609178e-01
7.5874423247551026e-01
1.1136727843510241e-01
1.0000000000000000e+00
3.2695148836609178e-01
8.0038636189674439e-01
8.2630434707573364e-02
1.0000000000000000e+00
3.2695148836609178e-01
6.9311282050584855e-01
1.0062340244727463e-01
1.0000000000000000e+00
3.4480439822908693e-01
6.9311282050584855e-01
7.2691928763708780e-02
1.0000000000000000e+00
3.8630833800669961e-01
8.7856502842878403e-01
7.2691928763708780e-02
1.0000000000000000e+00
3.9985308910507911e-01
8.3207781624769273e-01
7.9558954276910732e-02
1.0000000000000000e+00
3.0366041998166793e-01
8.3207781624769273e-01
1.1190379846917720e-01
1.0000000000000000e+00
3.6069591271478885e-01
8.3207781624769273e-01
1.0237842489110560e-01
1.0000000000000000e+00
3.7932624968487971e-01
8.6812914174770417e-01
1.0237842489110560e-01
1.0000000000000000e+00
3.6315709466833823e-01
7.9290875804399552e-01
9.4454511702826927e-02
1.0000000000000000e+00
3.7756125277627461e-01
9.0763005626176896e-01
1.0915703878814609e-01
1.0000000000000000e+00
3.7793981863904946e-01
8.7904534128283562e-01
9.3437381024307320e-02
1.0000000000000000e+00
3.2960627808023446e-01
8.7904534128283562e-01
1.0540401929134757e-01
1.0000000000000000e+00
3.2960627808023446e-01
8.7904534128283562e-01
7.8446667576974938e-02
1.0000000000000000e+00
3.2960627808023446e-01
8.2082488027190270e-01
8.0581888957715342e-02
1.0000000000000000e+00
3.2960627808023446e-01
8.2082488027190270e-01
8.8255741569048474e-02
1.0000000000000000e+00
2.8310513331342690e-01
8.2082488027190270e-01
9.1972296061760495e-02
1.0000000000000000e+00
2.0160319491077416e-01
7.1547397983049454e-01
8.8356020563116977e-02
1.0000000000000000e+00
2.0657367932398074e-01
7.8718437266325059e-01
8.8356020563116977e-02
1.0000000000000000e+00
2.9652403595645183e-01
7.8718437266325059e-01
9.7901981958023021e-02
1.0000000000000000e+00
2.7396662647623771e-01
9.4135135424112382e-01
1.1192862007843585e-01
1.0000000000000000e+00
2.7292661855716460e-01
8.6021183443044724e-01
1.1192862007843585e-01
1.0000000000000000e+00
2.7684723420787805e-01
8.6021183443044724e-01
1.2663692019956441e-01
1.0000000000000000e+00
2.5221119656015389e-01
7.4664762628053727e-01
1.1094474576490254e-01
1.0000000000000000e+00
2.4463283804033154e-01
8.4016831603621545e-01
1.1619256267400713e-01
1.0000000000000000e+00
2.4463283804033154e-01
5.8702275541400017e-01
1.1619256267400713e-01
1.0000000000000000e+00
2.5042165091980451e-01
5.8702275541400017e-01
1.1143454227673144e-01
1.0000000000000000e+00
2.8107457326512986e-01
6.0928596381818356e-01
1.0528270404862494e-01
1.0000000000000000e+00
2.0452375801068001e-01
6.0928596381818356e-01
1.0528270404862494e-01
1.0000000000000000e+00
1.9142722988289052e-01
5.1622595463668408e-01
1.0528270404862494e-01
1.0000000000000000e+00
1.9142722988289052e-01
4.1984940145885052e-01
1.0528270404862494e-01
1.0000000000000000e+00
2.0553599831436031e-01
5.0566380296622815e-01
8.3824648224583576e-02
1.0000000000000000e+00
2.7594010040883177e-01
4.8745179188226762e-01
1.0566055325867862e-01
1.0000000000000000e+00
2.7594010040883177e-01
6.2127225485419335e-01
9.4708188605329702e-02
1.0000000000000000e+00
2.7594010040883177e-01
6.1159958329772057e-01
7.5673134234568784e-02
1.0000000000000000e+00
2.9599797461668231e-01
6.3985436794137063e-01
7.0838564243933866e-02
1.0000000000000000e+00
2.9599797461668231e-01
7.0852856908713879e-01
1.0705343045370908e-01
1.0000000000000000e+00
2.9599797461668231e-01
5.0288659904872479e-01
1.0037126851344735e-01
1.0000000000000000e+00
3.1269224282840469e-01
6.1636372667526307e-01
1.1277049959713847e-01
1.0000000000000000e+00
3.2694187310079315e-01
6.8644189846490922e-01
1.2117154144758613e-01
1.0000000000000000e+00
2.9826889761278608e-01
6.4239937730853858e-01
1.1283702024335296e-01
1.0000000000000000e+00
3.7823239682728627e-01
7.7949290641372504e-01
1.3137591810042293e-01
1.0000000000000000e+00
3.6143360814565995e-01
7.7949290641372504e-01
1.1631766513997943e-01
1.0000000000000000e+00
3.5626466913635113e-01
8.0276967876379790e-01
1.2402977275738747e-01
1.0000000000000000e+00
3.4019562384600022e-01
6.4027223654811682e-01
1.1543377808371813e-01
1.0000000000000000e+00
3.5596671296769955e-01
5.5488064803903403e-01
1.2473805766163648e-01
1.0000000000000000e+00
3.5596671296769955e-01
5.5488064803903403e-01
1.3382892641781152e-01
1.0000000000000000e+00
3.5596671296769955e-01
7.5381672301118674e-01
1.3002003506804838e-01
1.0000000000000000e+00
3.6314188750947096e-01
5.9850159206216635e-01
1.3002003506804838e-01
1.0000000000000000e+00
3.0600016626084425e-01
7.1570690640037360e-01
1.3002003506804838e-01
1.0000000000000000e+00
2.7747777911389448e-01
5.8205557533328833e-01
1.0173895918811693e-01
1.0000000000000000e+00
2.6684948398286679e-01
5.8205557533328833e-01
1.1473446861888303e-01
1.0000000000000000e+00
2.1900372036287763e-01
6.1803884909277262e-01
1.1473446861888303e-01
1.0000000000000000e+00
2.2673206046709993e-01
6.3701159053271117e-01
1.1473446861888303e-01
1.0000000000000000e+00
1.8930243716130235e-01
7.4238135025625529e-01
1.1473446861888303e-01
1.0000000000000000e+00
1.8930243716130235e-01
7.1729107119863333e-01
1.4154581153812840e-01
1.0000000000000000e+00
2.1265802408123591e-01
7.1729107119863333e-01
1.4154581153812840e-01
1.0000000000000000e+00
2.1265802408123591e-01
6.5109751292293372e-01
1.4114827265544816e-01
1.0000000000000000e+00
2.1265802408123591e-01
6.1342946358745398e-01
1.2450587166055127e-01
1.0000000000000000e+00
2.1265802408123591e-01
6.1342946358745398e-01
1.3539796484216138e-01
1.0000000000000000e+00
2.1265802408123591e-01
7.6246151991908850e-01
1.3204889230943306e-01
1.0000000000000000e+00
2.1265802408123591e-01
7.6246151991908850e-01
1.3453335942282363e-01
1.0000000000000000e+00
2.1265802408123591e-01
8.5156313993757071e-01
1.2180022841599791e-01
1.0000000000000000e+00
1.8772183420622923e-01
7.0073245384519400e-01
1.5312394259777873e-01
1.0000000000000000e+00
1.8508857038358428e-01
7.0073245384519400e-01
1.3516870646086543e-01
1.0000000000000000e+00
1.3860009905437209e-01
7.0073245384519400e-01
1.2626828036551385e-01
1.0000000000000000e+00
1.3860009905437209e-01
7.0073245384519400e-01
1.3257659592014759e-01
1.0000000000000000e+00
1.7680874389151313e-01
7.0073245384519400e-01
1.5171617728007047e-01
1.0000000000000000e+00
2.0144482996801116e-01
5.5329433002298178e-01
1.5171617728007047e-01
1.0000000000000000e+00
2.2259595353642680e-01
5.5329433002298178e-01
1.1847298340686618e-01
1.0000000000000000e+00
2.4593975037822702e-01
4.3173881538932624e-01
1.1847298340686618e-01
1.0000000000000000e+00
2.2101460598895528e-01
6.2301247485702338e-01
1.2864811653086006e-01
1.0000000000000000e+00
1.9511510819683053e-01
6.0482794151430430e-01
1.1046510779229946e-01
1.0000000000000000e+00
2.8071852416286447e-01
5.8901967958336177e-01
1.1303303142009324e-01
1.0000000000000000e+00
2.5805042513201215e-01
6.7217394954313936e-01
1.1303303142009324e-01
1.0000000000000000e+00
2.5805042513201215e-01
7.8807090467562380e-01
1.2875399140572197e-01
1.0000000000000000e+00
3.1455151752123811e-01
7.7848900913049879e-01
1.2875399140572197e-01
1.0000000000000000e+00
2.7477659952381828e-01
7.6005477446851732e-01
1.2875399140572197e-01
1.0000000000000000e+00
3.3685351085404136e-01
8.5154602083166542e-01
1.2204045949434883e-01
1.0000000000000000e+00
3.8292254802325942e-01
8.3301743271549644e-01
1.2204045949434883e-01
1.0000000000000000e+00
3.4794006232658603e-01
8.3301743271549644e-01
9.8229873533603018e-02
1.0000000000000000e+00
3.7548804671058633e-01
8.3301743271549644e-01
9.5732154631298250e-02
1.0000000000000000e+00
3.7767039068529584e-01
8.5021177458365860e-01
9.4378718015980190e-02
1.0000000000000000e+00
3.8331467021743038e-01
8.3475886436899605e-01
8.3027735659163659e-02
1.0000000000000000e+00
3.5930332463721015e-01
9.2046036722858848e-01
1.2706696668570883e-01
1.0000000000000000e+00
3.5887621079126575e-01
9.2046036722858848e-01
1.2706696668570883e-01
1.0000000000000000e+00
2.7874004204312541e-01
9.0722544829150142e-01
1.2706696668570883e-01
1.0000000000000000e+00
3.4610249303767660e-01
9.0722544829150142e-01
1.1972015172174222e-01
1.0000000000000000e+00
3.2527921457329967e-01
8.3443086932202282e-01
1.1360736757447965e-01
1.0000000000000000e+00
3.0797447558978774e-01
8.4719132969876232e-01
1.1360736757447965e-01
1.0000000000000000e+00
3.1998773260528424e-01
8.8405141572256984e-01
1.2113456505281872e-01
1.0000000000000000e+00
3.1998773260528424e-01
8.8405141572256984e-01
1.1262505299342818e-01
1.0000000000000000e+00
3.3550064420813897e-01
9.0305620210965576e-01
1.2151661126805491e-01
1.0000000000000000e+00
3.3028314231449940e-01
8.3368205803235473e-01
1.2891015860183186e-01
1.0000000000000000e+00
3.6867500810438969e-01
9.6995626169045868e-01
1.2628028758732623e-01
1.0000000000000000e+00
3.6867500810438969e-01
9.4659179041882457e-01
1.3206720941631145e-01
1.0000000000000000e+00
3.5463355450445988e-01
7.7529874129941168e-01
1.3536397049134619e-01
1.0000000000000000e+00
3.5463355450445988e-01
8.0965973192614915e-01
1.4634312091326362e-01
1.0000000000000000e+00
3.6053220430875399e-01
8.0965973192614915e-01
1.0804224906420357e-01
1.0000000000000000e+00
3.1590747708941080e-01
8.7190021609676482e-01
9.9267786646271339e-02
1.0000000000000000e+00
2.6496096762383559e-01
8.7190021609676482e-01
1.0559523901716827e-01
1.0000000000000000e+00
3.7412389057243445e-01
9.2573355848689975e-01
1.0559523901716827e-01
1.0000000000000000e+00
3.3106912734473326e-01
9.2573355848689975e-01
1.1318426490576028e-01
1.0000000000000000e+00
3.3106912734473326e-01
9.4197931292255821e-01
1.0023894537986278e-01
1.0000000000000000e+00
3.8821755271891334e-01
9.4197931292255821e-01
1.0023894537986278e-01
1.0000000000000000e+00
2.8406251144150474e-01
9.7000845300754013e-01
1.0661767590605675e-01
1.0000000000000000e+00
2.8406251144150474e-01
9.5945703762372436e-01
1.0661767590605675e-01
1.0000000000000000e+00
3.3421241693685033e-01
9.5945703762372436e-01
1.0710166189634263e-01
1.0000000000000000e+00
3.5466848701724984e-01
8.4791023063262405e-01
1.0710166189634263e-01
1.0000000000000000e+00
4.0088954955825784e-01
9.6120394964491429e-01
8.7223032301301351e-02
1.0000000000000000e+00
4.0088954955825784e-01
9.6264978184153738e-01
9.7622989488775125e-02
1.0000000000000000e+00
3.6725387923905828e-01
9.6264978184153738e-01
8.0879750706264963e-02
1.0000000000000000e+00
3.7385747457409479e-01
8.2074994279792013e-01
8.0879750706264963e-02
1.0000000000000000e+00
3.5651384137707964e-01
8.2074994279792013e-01
8.5988889493057719e-02
1.0000000000000000e+00
3.3690381452578322e-01
8.1516391609584393e-01
7.8786266313875308e-02
1.0000000000000000e+00
3.7087613001602904e-01
8.1516391609584393e-01
6.2134377004588237e-02
1.0000000000000000e+00
3.8537109999123231e-01
9.8434996430551114e-01
6.2134377004588237e-02
1.0000000000000000e+00
3.8537109999123231e-01
9.8434996430551114e-01
6.8918438207367649e-02
1.0000000000000000e+00
3.5057443363729135e-01
9.9607587151949706e-01
9.0632492255429020e-02
1.0000000000000000e+00
3.7334336742895857e-01
7.9425238364165129e-01
1.0176180354134201e-01
1.0000000000000000e+00
3.3023655817049757e-01
9.1786598705475630e-01
1.0176180354134201e-01
1.0000000000000000e+00
3.4504547372597472e-01
9.8903025675354006e-01
8.8933731008330574e-02
1.0000000000000000e+00
3.1983700284871475e-01
9.8903025675354006e-01
7.0386938329795590e-02
1.0000000000000000e+00
2.9319133127245323e-01
9.2448544525796028e-01
7.0386938329795590e-02
1.0000000000000000e+00
2.9960407300058023e-01
9.3176966556602570e-01
5.1177987873563757e-02
1.0000000000000000e+00
3.1413037732380644e-01
9.3176966556602570e-01
5.1177987873563757e-02
1.0000000000000000e+00
3.4287604929085091e-01
9.3176966556602570e-01
5.1177987873563757e-02
1.0000000000000000e+00
2.5789234281654672e-01
9.3176966556602570e-01
5.5615920385355344e-02
1.0000000000000000e+00
2.5789234281654672e-01
9.3176966556602570e-01
2.6120947020137897e-02
1.0000000000000000e+00
2.5789234281654672e-01
9.3176966556602570e-01
1.9048139730477920e-02
1.0000000000000000e+00
2.4763070286388711e-01
8.8149382197552772e-01
1.7705614141198089e-02
1.0000000000000000e+00
2.2637254984255151e-01
8.8149382197552772e-01
3.8935657804927137e-03
1.0000000000000000e+00
2.2637254984255151e-01
8.2455083006316277e-01
2.5802351748666075e-03
1.0000000000000000e+00
2.6835025341387109e-01
8.2455083006316277e-01
3.6679530444564512e-02
1.0000000000000000e+00
3.2035702178217207e-01
8.2455083006316277e-01
3.6413448296264028e-02
1.0000000000000000e+00
3.0970150316096579e-01
9.6992585831576439e-01
4.5416899390295362e-02
1.0000000000000000e+00
2.8351455172486340e-01
9.6992585831576439e-01
3.6596677863747096e-02
1.0000000000000000e+00
2.8351455172486340e-01
9.0716133290225121e-01
4.9487355093481233e-02
1.0000000000000000e+00
3.2021455084867512e-01
9.0716133290225121e-01
1.8732786106886556e-02
1.0000000000000000e+00
3.3675886029340063e-01
9.0716133290225121e-01
4.0935092533948114e-02
1.0000000000000000e+00
3.4629103997684751e-01
9.9486448266798111e-01
5.0424542206349066e-02
1.0000000000000000e+00
3.8217655373699699e-01
9.5723362663084122e-01
1.0907921868385961e-02
1.0000000000000000e+00
3.8238514764196907e-01
9.5723362663084122e-01
4.1014919917108705e-02
1.0000000000000000e+00
3.6995569048411880e-01
8.8995759585195633e-01
8.7862004740258959e-03
1.0000000000000000e+00
3.1711047319657837e-01
9.8108450719410034e-01
4.5933477508845022e-02
1.0000000000000000e+00
2.8935982091314827e-01
9.0287099429660889e-01
2.0911198037686041e-02
1.0000000000000000e+00
2.8935982091314827e-01
8.4358793893152328e-01
1.5848042837353638e-02
1.0000000000000000e+00
2.8935982091314827e-01
7.9029214033180328e-01
3.1347279830845287e-02
1.0000000000000000e+00
2.7953208042271172e-01
9.8057940253311249e-01
3.1062221548529556e-02
1.0000000000000000e+00
2.4973818464167152e-01
9.0317716845565887e-01
1.0656105748387268e-02
1.0000000000000000e+00
2.4484565751589571e-01
9.0317716845565887e-01
2.8172808802230498e-02
1.0000000000000000e+00
2.4621345326266919e-01
8.7253057980233284e-01
2.8172808802230498e-02
1.0000000000000000e+00
2.3519810885153447e-01
7.8815155499869438e-01
2.1232090993328234e-02
1.0000000000000000e+00
1.7451429101600979e-01
8.2033774652772995e-01
2.1232090993328234e-02
1.0000000000000000e+00
1.8394095068759952e-01
7.4745485582643600e-01
3.3150447635455271e-02
1.0000000000000000e+00
1.9079936286397015e-01
7.4745485582643600e-01
6.8771497449381491e-02
1.0000000000000000e+00
2.0033442499078546e-01
7.5663602841341349e-01
7.6751304660467645e-02
1.0000000000000000e+00
2.2437196110803370e-01
7.5663602841341349e-01
8.2313075182503304e-02
1.0000000000000000e+00
2.3928211980927472e-01
9.3172838283026072e-01
7.5152651858991226e-02
1.0000000000000000e+00
2.0741432697940354e-01
9.3172838283026072e-01
8.7747619939511856e-02
1.0000000000000000e+00
2.1814395745713000e-01
9.3172838283026072e-01
8.7182854754394135e-02
1.0000000000000000e+00
2.0234213096517806e-01
9.9792876211249681e-01
8.8712956044366797e-02
1.0000000000000000e+00
2.0234213096517806e-01
8.3559916285121294e-01
9.6500510103544435e-02
1.0000000000000000e+00
2.6060127981435244e-01
8.3559916285121294e-01
7.1111374288341245e-02
1.0000000000000000e+00
2.6060127981435244e-01
8.5534301889383646e-01
5.7303756229123315e-02
1.0000000000000000e+00
2.6060127981435244e-01
9.9837930617177340e-01
7.1537510012751659e-02
1.0000000000000000e+00
2.9827983726244156e-01
9.0063761291348787e-01
9.2107780729895672e-02
1.0000000000000000e+00
2.6315201309006397e-01
9.0063761291348787e-01
1.0813648764557227e-01
1.0000000000000000e+00
3.2179964568894093e-01
9.0063761291348787e-01
7.6086662230557045e-02
1.0000000000000000e+00
3.2179964568894093e-01
9.2557628383183332e-01
8.2759549129298171e-02
1.0000000000000000e+00
3.6847613428216164e-01
9.2557628383183332e-01
7.2193166460385760e-02
1.0000000000000000e+00
3.6847613428216164e-01
9.0612024558031412e-01
8.2335800501061818e-02
1.0000000000000000e+00
3.5447018549274389e-01
8.4969214094126078e-01
7.1435263948990246e-02
1.0000000000000000e+00
3.1753407001923506e-01
8.4969214094126078e-01
6.8240357898650905e-02
1.0000000000000000e+00
2.8533595942388956e-01
8.3935100701892229e-01
7.8774093986032745e-02
1.0000000000000000e+00
2.9806622911672775e-01
7.4861277570271345e-01
7.7407350750183901e-02
1.0000000000000000e+00
2.9806622911672775e-01
7.7034928952598425e-01
7.7407350750183901e-02
1.0000000000000000e+00
2.9604444515388195e-01
8.6427122098648401e-01
8.2768618115699133e-02
1.0000000000000000e+00
2.7663295951168720e-01
8.6427122098648401e-01
8.5210783160766801e-02
1.0000000000000000e+00
3.3506908549423997e-01
9.2046500859105440e-01
7.8233949593743524e-02
1.0000000000000000e+00
3.6797968556601290e-01
9.8533059028231951e-01
1.1681851720019265e-01
1.0000000000000000e+00
3.4345324037093405e-01
9.3689275277101847e-01
1.1681851720019265e-01
1.0000000000000000e+00
3.5046080944556479e-01
9.3689275277101847e-01
1.1681851720019265e-01
1.0000000000000000e+00
3.4591089074928050e-01
8.7856250372969957e-01
1.1133470710880145e-01
1.0000000000000000e+00
3.5142054620627050e-01
8.5114038945430370e-01
8.3777188775604805e-02
1.0000000000000000e+00
3.6328153337780122e-01
9.5147977979177090e-01
9.4751939629679760e-02
1.0000000000000000e+00
3.7480554103348140e-01
9.4565912545913311e-01
8.1169140977328857e-02
1.0000000000000000e+00
3.7480554103348140e-01
9.4565912545913311e-01
7.5687263147449335e-02
1.0000000000000000e+00
3.0781330333519463e-01
9.4565912545913311e-01
7.5687263147449335e-02
1.0000000000000000e+00
2.9414817762989287e-01
9.9302674294704052e-01
6.7407038049316248e-02
1.0000000000000000e+00
2.2493735772985701e-01
8.3642013580792995e-01
6.4705586047386965e-02
1.0000000000000000e+00
2.1693578248340373e-01
8.0223353044384571e-01
5.2958355271732649e-02
1.0000000000000000e+00
2.5020364557821040e-01
7.6463524461978527e-01
6.0003470615959009e-02
1.0000000000000000e+00
2.3222143275160079e-01
8.3392445580357166e-01
6.3710456700539431e-02
1.0000000000000000e+00
2.1306022701281790e-01
7.6455427543514820e-01
5.1462911055898508e-02
1.0000000000000000e+00
2.4596189034599547e-01
8.5397886322134586e-01
6.2727444791710218e-02
1.0000000000000000e+00
2.3987940538171415e-01
8.6701480043375345e-01
6.2727444791710218e-02
1.0000000000000000e+00
2.6965555259920393e-01
8.6701480043375345e-01
5.2354353815792343e-02
1.0000000000000000e+00
2.6389979468621050e-01
9.9034309131347986e-01
3.9945525452969810e-02
1.0000000000000000e+00
3.5239553349055086e-01
9.9034309131347986e-01
1.5234158477289816e-02
1.0000000000000000e+00
3.9378311568833624e-01
9.9034309131347986e-01
1.6343589975042483e-02
1.0000000000000000e+00
3.5360706681348120e-01
8.7906633806669565e-01
1.1402780293030879e-02
1.0000000000000000e+00
3.0606506103612219e-01
9.8918615770780893e-01
1.1402780293030879e-02
1.0000000000000000e+00
2.2148736650086676e-01
9.8918615770780893e-01
1.1402780293030879e-02
1.0000000000000000e+00
2.2160032102800642e-01
9.8918615770780893e-01
8.1338143074048963e-03
1.0000000000000000e+00
2.6603216389156614e-01
9.8918615770780893e-01
1.4890640611304184e-02
1.0000000000000000e+00
2.6603216389156614e-01
8.3092411351644846e-01
1.4178746017171284e-02
1.0000000000000000e+00
2.6255925083495413e-01
8.9788163197481485e-01
5.9378124871386495e-03
1.0000000000000000e+00
2.8896978265510143e-01
8.9788163197481485e-01
4.2618335793270012e-02
1.0000000000000000e+00
3.1217442593441547e-01
8.9788163197481485e-01
4.2618335793270012e-02
1.0000000000000000e+00
2.9080200941206158e-01
8.2670341921293589e-01
4.2618335793270012e-02
1.0000000000000000e+00
2.9696229147629083e-01
7.7355965716087671e-01
3.5672776038302323e-02
1.0000000000000000e+00
2.5281346077935041e-01
7.7355965716087671e-01
3.5672776038302323e-02
1.0000000000000000e+00
1.9077881286756337e-01
7.2287125815892073e-01
4.4400429921699902e-02
1.0000000000000000e+00
1.9785543392316640e-01
9.3188854796135279e-01
4.4400429921699902e-02
1.0000000000000000e+00
1.9785543392316640e-01
9.3457887275399121e-01
5.1351348041100642e-02
1.0000000000000000e+00
2.4579160335377992e-01
7.5201898021878155e-01
3.0041525243325373e-02
1.0000000000000000e+00
2.4706619385068507e-01
7.0489040529610070e-01
4.3967375634713313e-02
1.0000000000000000e+00
2.6772131736760230e-01
7.5430421298624428e-01
4.5273362994669220e-02
1.0000000000000000e+00
2.6772131736760230e-01
8.1190860597671421e-01
4.5273362994669220e-02
1.0000000000000000e+00
2.6772131736760230e-01
8.7196027441204937e-01
6.3602193594454071e-02
1.0000000000000000e+00
2.6772131736760230e-01
9.7215171484531315e-01
6.3602193594454071e-02
1.0000000000000000e+00
2.2575615591739506e-01
9.0159243671478184e-01
6.3602193594454071e-02
1.0000000000000000e+00
1.8506378553246350e-01
9.5314240106636139e-01
4.2352686971901199e-02
1.0000000000000000e+00
2.1103311482255549e-01
9.1187951737338158e-01
4.2352686971901199e-02
1.0000000000000000e+00
1.7481642741148562e-01
9.8936079466038795e-01
3.3817503005741378e-02
1.0000000000000000e+00
1.4303983155076594e-01
9.0475129359656425e-01
3.6883243928207299e-02
1.0000000000000000e+00
1.4303983155076594e-01
5.2726195031100365e-01
4.7864962006462952e-02
1.0000000000000000e+00
1.7825426034067959e-01
8.1175313168459984e-01
4.7864962006462952e-02
1.0000000000000000e+00
1.7825426034067959e-01
9.7802137607031914e-01
5.2018110743267676e-02
1.0000000000000000e+00
1.9647464028929562e-01
8.5926475399428459e-01
5.5372731863064906e-02
1.0000000000000000e+00
1.9647464028929562e-01
9.0850579017096611e-01
6.5433606608314654e-02
1.0000000000000000e+00
2.1893050208126397e-01
7.6031722617590280e-01
5.0652345745368144e-02
1.0000000000000000e+00
2.3504674121176095e-01
7.6031722617590280e-01
5.5658681421084544e-02
1.0000000000000000e+00
2.2127150803243012e-01
7.1465793741190287e-01
5.3024126785351178e-02
1.0000000000000000e+00
2.2983976512585969e-01
8.4293291275644155e-01
5.3024126785351178e-02
1.0000000000000000e+00
2.1194417600889892e-01
8.1681520422243925e-01
4.5513433972848794e-02
1.0000000000000000e+00
1.6490486462970466e-01
9.0397148882293554e-01
4.5513433972848794e-02
1.0000000000000000e+00
1.8054112618227691e-01
9.4398778607392164e-01
3.5732021367186895e-02
1.0000000000000000e+00
2.2069525917430610e-01
9.2409737047528329e-01
3.1938475368553987e-02
1.0000000000000000e+00
2.1394142893512935e-01
7.3503177066122594e-01
4.8472360519701829e-02
1.0000000000000000e+00
1.8885139947195739e-01
8.4192594338928761e-01
1.7959716541702142e-02
1.0000000000000000e+00
2.0309411188026161e-01
6.9144739781295361e-01
2.1478527503097644e-02
1.0000000000000000e+00
1.8891836808433027e-01
6.9144739781295361e-01
2.0633574619898787e-02
1.0000000000000000e+00
2.2899973684360475e-01
6.2538412038957181e-01
3.2591890588412276e-02
1.0000000000000000e+00
2.2599938966703803e-01
6.2538412038957181e-01
2.1320138171324721e-02
1.0000000000000000e+00
2.3082631140385956e-01
5.1080445025836529e-01
2.1320138171324721e-02
1.0000000000000000e+00
2.7929126157795281e-01
4.6597984445070328e-01
1.4165988702336541e-02
1.0000000000000000e+00
2.5649406400879116e-01
6.0272999119733872e-01
1.4165988702336541e-02
1.0000000000000000e+00
2.5488465140477956e-01
8.1973009568428101e-01
1.9739287484446755e-02
1.0000000000000000e+00
2.9122868600205720e-01
7.9217453871642651e-01
1.0560699317613831e-02
1.0000000000000000e+00
2.9122868600205720e-01
7.0964066509877743e-01
5.6592874739328614e-02
1.0000000000000000e+00
2.9122868600205720e-01
9.4032871548806729e-01
7.7117372814575424e-02
1.0000000000000000e+00
2.7195670130566896e-01
9.3985927303110661e-01
6.6550422970215073e-02
1.0000000000000000e+00
2.8354045609847844e-01
9.3985927303110661e-01
4.5657171446839562e-02
1.0000000000000000e+00
2.7560294094399751e-01
9.3985927303110661e-01
3.3565862381840339e-02
1.0000000000000000e+00
2.7560294094399751e-01
7.8115164989394548e-01
3.3565862381840339e-02
1.0000000000000000e+00
2.6658020122812331e-01
8.9976656937760713e-01
4.2057747298861137e-02
1.0000000000000000e+00
2.5097980863318980e-01
8.2098868058783414e-01
4.2057747298861137e-02
1.0000000000000000e+00
2.3866822990493120e-01
7.1984164731366040e-01
3.1243645863617053e-02
1.0000000000000000e+00
1.9463924365953744e-01
7.7318198175889852e-01
1.8068736696625343e-02
1.0000000000000000e+00
1.7091335589901746e-01
7.5858395488721730e-01
1.8068736696625343e-02
1.0000000000000000e+00
1.7091335589901746e-01
9.7941478283864858e-01
3.6060300637131837e-03
1.0000000000000000e+00
1.6714032181442917e-01
8.8353652262849214e-01
1.4698921049023261e-02
1.0000000000000000e+00
1.7232336072737553e-01
6.9859348179561498e-01
1.4698921049023261e-02
1.0000000000000000e+00
2.2383427775019982e-01
7.7836814464790227e-01
3.5969671139503112e-02
1.0000000000000000e+00
2.2383427775019982e-01
6.1692768056200298e-01
1.2420944506777665e-02
1.0000000000000000e+00
2.2383427775019982e-01
6.7956026178108009e-01
1.1312611736832401e-02
1.0000000000000000e+00
2.6180638155454972e-01
7.9444084863898756e-01
2.4460651316223880e-02
1.0000000000000000e+00
2.6180638155454972e-01
8.6895753990647795e-01
3.4739001989839813e-02
1.0000000000000000e+00
2.8431930920595505e-01
8.4347915638027193e-01
3.4739001989839813e-02
1.0000000000000000e+00
1.9784585820997336e-01
6.4953640091953280e-01
5.1421921104667923e-02
1.0000000000000000e+00
1.9784585820997336e-01
6.6117200430271628e-01
2.7355756015060684e-02
1.0000000000000000e+00
2.1216226431096175e-01
6.6117200430271628e-01
2.8648405671594879e-02
1.0000000000000000e+00
2.1104214681798794e-01
8.4819427307484152e-01
2.8648405671594879e-02
1.0000000000000000e+00
1.7470471902305462e-01
7.4455192860004904e-01
2.4160881396858236e-02
1.0000000000000000e+00
1.6254077634329178e-01
7.0802509587047102e-01
1.4714115402205130e-02
1.0000000000000000e+00
1.7409945434445717e-01
7.0802509587047102e-01
2.8925656327521643e-02
1.0000000000000000e+00
1.6853731932604887e-01
6.3043198164341452e-01
3.3944365554964384e-02
1.0000000000000000e+00
1.9432771035025098e-01
5.4880999203560354e-01
3.3944365554964384e-02
1.0000000000000000e+00
2.3869913273045995e-01
4.1792944248554709e-01
3.3944365554964384e-02
1.0000000000000000e+00
2.3579307754079082e-01
2.9045175190804007e-01
2.7395010912334761e-02
1.0000000000000000e+00
2.3579307754079082e-01
4.1286193009254935e-01
2.3318999666264495e-02
1.0000000000000000e+00
2.6150076386073806e-01
4.1286193009254935e-01
1.5510797254285058e-02
1.0000000000000000e+00
2.2376375567654350e-01
2.9424004245338442e-01
1.5645551016098103e-02
1.0000000000000000e+00
2.5546722781399467e-01
2.2186722967562678e-01
1.5645551016098103e-02
1.0000000000000000e+00
2.4173560102025249e-01
8.0119516586637518e-02
1.5645551016098103e-02
1.0000000000000000e+00
2.4173560102025249e-01
1.4371959667441847e-01
3.9504330591773829e-02
1.0000000000000000e+00
2.3508895483354308e-01
2.4508683930871489e-01
3.1497143195485910e-02
1.0000000000000000e+00
2.3508895483354308e-01
3.9504488816237471e-02
7.3532644609406339e-02
1.0000000000000000e+00
2.8263357564827629e-01
3.9504488816237471e-02
6.5148194270625459e-02
1.0000000000000000e+00
2.9383435383459755e-01
2.9333484533963206e-01
6.8215947897590445e-02
1.0000000000000000e+00
3.6608027204891869e-01
6.3647311066961310e-02
6.3059770743313925e-02
1.0000000000000000e+00
3.6431109070798584e-01
-1.2752685809755304e-02
6.3059770743313925e-02
1.0000000000000000e+00
3.8245549894890019e-01
6.5378103291368506e-02
9.1344493216786282e-02
1.0000000000000000e+00
3.8407123465111681e-01
1.9876309100327494e-01
7.8620116001877682e-02
1.0000000000000000e+00
3.3053818162551352e-01
2.1287529717919829e-01
8.3162240459535020e-02
1.0000000000000000e+00
3.8652816418579050e-01
6.6006382813429854e-02
6.3765207081053155e-02
1.0000000000000000e+00
3.7820968966951796e-01
5.5457992365336439e-02
4.0506497732314961e-02
1.0000000000000000e+00
3.6359979495426842e-01
-3.1773060757877825e-01
5.0959268360350030e-02
1.0000000000000000e+00
3.8556492611786553e-01
-3.5375758830668924e-01
4.9765645301852124e-02
1.0000000000000000e+00
4.2195803955218025e-01
-5.3463662240865228e-01
5.7568624391171830e-02
1.0000000000000000e+00
4.3931741527302393e-01
-5.3045962576034067e-01
5.2049458442672836e-02
1.0000000000000000e+00
4.7286894804818758e-01
-4.9451873276593683e-01
6.0412898144170391e-02
1.0000000000000000e+00
4.3219431167489120e-01
-3.5016443405511377e-01
5.5867585303678857e-02
1.0000000000000000e+00
3.9444618722444602e-01
-2.9357873473527429e-01
6.5170761147930967e-02
1.0000000000000000e+00
3.6137278055792876e-01
-6.0070764098527429e-01
4.3041186357334005e-02
1.0000000000000000e+00
3.3942215940004417e-01
-4.6540456090333460e-01
8.7333740616634237e-02
1.0000000000000000e+00
2.8132876059061118e-01
-1.3428637955548761e-01
8.7333740616634237e-02
1.0000000000000000e+00
3.1025689145570823e-01
-1.3428637955548761e-01
6.9572942397974180e-02
1.0000000000000000e+00
3.4225087709745594e-01
-1.7088702518703935e-01
6.9572942397974180e-02
1.0000000000000000e+00
3.8982741631588169e-01
-2.2134808937334993e-02
6.9572942397974180e-02
1.0000000000000000e+00
3.8982741631588169e-01
-1.8985083524348734e-01
5.7557603078407515e-03
1.0000000000000000e+00
4.3368191368898579e-01
-1.6191213403108118e-01
2.3620628352693962e-02
1.0000000000000000e+00
4.8285664714893528e-01
-2.9336626839103697e-01
2.3620628352693962e-02
1.0000000000000000e+00
4.5667249433716961e-01
-2.6211437594356535e-01
1.1512892852954315e-02
1.0000000000000000e+00
3.8422881536206432e-01
-5.1632329935455301e-02
5.8103758575839271e-03
1.0000000000000000e+00
4.0270329130834170e-01
-1.1121590446891783e-01
1.0443141750477003e-02
1.0000000000000000e+00
4.1110003085594826e-01
1.9841747244572661e-02
1.0443141750477003e-02
1.0000000000000000e+00
3.8898644687395745e-01
6.3112730046486876e-02
1.0443141750477003e-02
1.0000000000000000e+00
3.4758038164835625e-01
6.3112730046486876e-02
3.6061087456948804e-02
1.0000000000000000e+00
3.8282375687521153e-01
1.5696867357728483e-01
3.5694627245140942e-02
1.0000000000000000e+00
4.1323759125333481e-01
-8.6571412274861315e-02
3.5694627245140942e-02
1.0000000000000000e+00
4.1323759125333481e-01
8.7902190887689802e-03
3.3462458444012078e-02
1.0000000000000000e+00
4.2058081550311499e-01
8.7902190887689802e-03
3.3922106414286168e-02
1.0000000000000000e+00
4.6178260257255488e-01
8.7902190887689802e-03
1.8356357156483205e-02
1.0000000000000000e+00
4.9675767866682463e-01
1.3803604410713932e-02
1.8356357156483205e-02
1.0000000000000000e+00
4.5198912357699328e-01
-4.7725841982537487e-02
5.8893557080977876e-03
1.0000000000000000e+00
4.3148462099742346e-01
-1.7224881110923884e-01
9.7579041404628475e-03
1.0000000000000000e+00
4.4734686983537131e-01
-3.3905752582722881e-02
9.7579041404628475e-03
1.0000000000000000e+00
4.4734686983537131e-01
2.4342568812680843e-01
9.7579041404628475e-03
1.0000000000000000e+00
4.6494911050211840e-01
2.0872391807170065e-01
1.6137262145241471e-02
1.0000000000000000e+00
4.6494911050211840e-01
1.5485862689347418e-01
1.5903623695669444e-02
1.0000000000000000e+00
4.2447592222850972e-01
9.1035433581782899e-02
1.5274828220901759e-02
1.0000000000000000e+00
4.2447592222850972e-01
6.7504622510387025e-02
1.0875596353037031e-02
1.0000000000000000e+00
3.7494965920012646e-01
3.2446364523166271e-01
1.0875596353037031e-02
1.0000000000000000e+00
4.0354112487074190e-01
3.7469347403639408e-01
2.2166520045323046e-02
1.0000000000000000e+00
4.1830989297267251e-01
5.0801437557929607e-01
2.2166520045323046e-02
1.0000000000000000e+00
3.9599047552582078e-01
4.0083214105361553e-01
7.0310660313793738e-03
1.0000000000000000e+00
3.3016996782060914e-01
4.2555110738867374e-01
1.0005062599850567e-02
1.0000000000000000e+00
3.7392419341739469e-01
4.0731553943151089e-01
1.0005062599850567e-02
1.0000000000000000e+00
3.6129841252949291e-01
2.7475411282175632e-01
3.2526102070880802e-02
1.0000000000000000e+00
4.0366745470345222e-01
4.5557493926280590e-01
3.2526102070880802e-02
1.0000000000000000e+00
3.9852542812258207e-01
5.1306824595922085e-01
1.8209142764283093e-02
1.0000000000000000e+00
2.8396025309592687e-01
2.7888095588677975e-01
8.0650373503544648e-03
1.0000000000000000e+00
2.8396025309592687e-01
1.9850596250289532e-01
1.3951613488791259e-02
1.0000000000000000e+00
3.5648746239274942e-01
1.9850596250289532e-01
3.1992762270567687e-02
1.0000000000000000e+00
3.5927465008825266e-01
-2.2923403859749225e-03
2.8418686860425146e-02
1.0000000000000000e+00
3.7199633391827547e-01
2.2685945243829342e-01
2.8418686860425146e-02
1.0000000000000000e+00
3.9171993183225595e-01
3.3015302033418270e-01
1.8329899213460954e-02
1.0000000000000000e+00
3.3366290396332943e-01
3.3015302033418270e-01
4.2498544000068028e-03
1.0000000000000000e+00
3.0550287673503362e-01
3.3015302033418270e-01
4.2498544000068028e-03
1.0000000000000000e+00
2.7183747673660719e-01
3.1605499447578045e-01
4.2498544000068028e-03
1.0000000000000000e+00
2.7183747673660719e-01
-5.3032343971790352e-02
9.1381468020358403e-03
1.0000000000000000e+00
2.1856364244848692e-01
-1.8140206276184467e-01
5.7941654023693223e-03
1.0000000000000000e+00
2.1856364244848692e-01
-1.2316186888820080e-01
2.5863547264782460e-02
1.0000000000000000e+00
2.3532117296525712e-01
-9.6816422182382622e-02
1.0155002041904004e-02
1.0000000000000000e+00
1.9561121203986431e-01
2.5348661702810249e-02
4.2141480758039029e-02
1.0000000000000000e+00
2.1719796360520149e-01
-8.6447291772128620e-02
4.6236745468524965e-02
1.0000000000000000e+00
2.1280613132802273e-01
-1.9782319429577866e-02
3.7604353777317079e-02
1.0000000000000000e+00
2.4572342225400234e-01
-1.9103700271552948e-01
3.7604353777317079e-02
1.0000000000000000e+00
2.4868250974503781e-01
-5.5564364394849686e-01
4.0718598212299617e-02
1.0000000000000000e+00
2.3422900830445315e-01
-5.5564364394849686e-01
1.4733701497104956e-04
1.0000000000000000e+00
1.7104324149948980e-01
-6.3047415367072968e-01
8.0980438880601247e-03
1.0000000000000000e+00
1.3849223415417100e-01
-4.0748442033982424e-01
2.4136742963639768e-02
1.0000000000000000e+00
1.3019730091144766e-01
-5.4818859020924715e-01
2.4136742963639768e-02
1.0000000000000000e+00
1.3019730091144766e-01
-3.7457934836602358e-01
4.0120499595252546e-02
1.0000000000000000e+00
1.3019730091144766e-01
-6.1277758399701265e-01
3.3786758235839875e-02
1.0000000000000000e+00
1.2225967958619322e-01
-5.0412938068366198e-01
2.2837612233308824e-02
1.0000000000000000e+00
1.2276995169048632e-01
-5.0412938068366198e-01
1.7673586881903680e-02
1.0000000000000000e+00
1.2276995169048632e-01
-4.3924481537869720e-01
2.6688214253147158e-02
1.0000000000000000e+00
1.3057468678852047e-01
-5.4442356270483283e-01
2.0380966227014574e-02
1.0000000000000000e+00
1.8742735158701862e-01
-4.4928662967613486e-01
4.8164218525846514e-02
1.0000000000000000e+00
1.6513674367269005e-01
-3.6803766083648948e-01
4.2562573078532728e-02
1.0000000000000000e+00
1.8203952569564308e-01
-5.8906730008056907e-01
4.3790934236233148e-02
1.0000000000000000e+00
2.3021489601632084e-01
-6.2669398006728438e-01
4.3790934236233148e-02
1.0000000000000000e+00
2.3021489601632084e-01
-4.6974052325567750e-01
2.3940046878044519e-02
1.0000000000000000e+00
2.0961704324980701e-01
-5.8302240655502824e-01
2.3940046878044519e-02
1.0000000000000000e+00
2.5413771938582386e-01
-6.2689304561099557e-01
2.5330235810463342e-02
1.0000000000000000e+00
2.4183869092775012e-01
-6.2689304561099557e-01
2.5156193507348212e-02
1.0000000000000000e+00
2.5502833152239646e-01
-6.9955797702750711e-01
3.3862888907526645e-02
1.0000000000000000e+00
2.7066993514125670e-01
-6.1741200298747567e-01
3.5745257722658130e-02
1.0000000000000000e+00
2.7066993514125670e-01
-3.2929730997166184e-01
2.3796672212404224e-02
1.0000000000000000e+00
2.8154981682126845e-01
-7.1824986976316718e-01
1.5907316679579231e-02
1.0000000000000000e+00
3.0740912618165339e-01
-8.2504770462146548e-01
2.2161749402505371e-02
1.0000000000000000e+00
2.8516674773817385e-01
-8.7457061232744304e-01
4.2459515017901572e-02
1.0000000000000000e+00
2.6943094456618155e-01
-7.3136388370512573e-01
3.2021879545857224e-02
1.0000000000000000e+00
3.2858865310953433e-01
-7.3136388370512573e-01
6.3570496639954177e-03
1.0000000000000000e+00
3.2955493054868157e-01
-7.5668964395044891e-01
6.3570496639954177e-03
1.0000000000000000e+00
3.3574225030423577e-01
-7.5668964395044891e-01
4.6246094999558007e-04
1.0000000000000000e+00
2.8680606580854828e-01
-7.4362354026852695e-01
4.6246094999558007e-04
1.0000000000000000e+00
2.8680606580854828e-01
-9.2048900667323319e-01
7.5890521183396009e-03
1.0000000000000000e+00
2.8126490650282676e-01
-9.2048900667323319e-01
1.2954466430448952e-02
1.0000000000000000e+00
2.8126490650282676e-01
-7.1743001881732194e-01
1.3216169703730407e-02
1.0000000000000000e+00
2.6681245931939657e-01
-4.4020485225810257e-01
6.0547326355958608e-03
1.0000000000000000e+00
2.6681245931939657e-01
-3.8782955053939072e-01
6.0547326355958608e-03
1.0000000000000000e+00
2.6681245931939657e-01
-3.6740673146887270e-01
7.4453577762255696e-03
1.0000000000000000e+00
2.6681245931939657e-01
-6.3078353367491213e-01
1.2330767130265263e-03
1.0000000000000000e+00
3.2706724827693279e-01
-6.3078353367491213e-01
1.2330767130265263e-03
1.0000000000000000e+00
3.4371907798157508e-01
-6.2370024434967486e-01
2.0681330970467093e-02
1.0000000000000000e+00
3.8112189409838493e-01
-6.2370024434967486e-01
2.8914989241377476e-02
1.0000000000000000e+00
4.2643976373182113e-01
-3.6225357837720362e-01
2.8914989241377476e-02
1.0000000000000000e+00
4.1260002621964986e-01
-4.5644942112012354e-01
4.3273948402122620e-02
1.0000000000000000e+00
4.0071955950514848e-01
-4.5644942112012354e-01
2.7775265545562866e-02
1.0000000000000000e+00
3.9683606450961406e-01
-4.7381406789390890e-01
2.7775265545562866e-02
1.0000000000000000e+00
3.6927774011672909e-01
-4.7381406789390890e-01
5.2068701842585829e-03
1.0000000000000000e+00
4.0424819126309330e-01
-4.9142989655701963e-01
9.9491832442367700e-03
1.0000000000000000e+00
3.4748385682286198e-01
-3.5301516344516126e-01
9.9491832442367700e-03
1.0000000000000000e+00
2.9462072833956654e-01
-3.5301516344516126e-01
9.9491832442367700e-03
1.0000000000000000e+00
2.9462072833956654e-01
-1.4203016413121072e-01
1.7075557414420905e-02
1.0000000000000000e+00
1.7638067084880049e-01
-1.4203016413121072e-01
6.3929911855586830e-02
1.0000000000000000e+00
2.0730399222628648e-01
-2.5433953804640619e-01
2.0718043822773757e-02
1.0000000000000000e+00
2.0730399222628648e-01
-7.6293147632168212e-02
7.1522674187803892e-03
1.0000000000000000e+00
2.5020069092096264e-01
-2.7724621025590745e-01
7.1522674187803892e-03
1.0000000000000000e+00
2.4917108401240284e-01
-4.9372949776916353e-01
5.3812159595734155e-04
1.0000000000000000e+00
2.8611991017641003e-01
-4.3997150612740366e-01
5.3812159595734155e-04
1.0000000000000000e+00
2.9790916502059872e-01
-3.1719722551970331e-01
2.9549287319161954e-02
1.0000000000000000e+00
3.2332711129964764e-01
-3.3527936739592401e-01
3.1860892813631359e-02
1.0000000000000000e+00
3.0714096150876458e-01
-6.9472677213816492e-01
3.1860892813631359e-02
1.0000000000000000e+00
2.9681267797531063e-01
-6.0934540582566110e-01
3.1860892813631359e-02
1.0000000000000000e+00
2.8278336416514094e-01
-7.8041470749049036e-01
3.5731372285147223e-02
1.0000000000000000e+00
2.9828559745618577e-01
-8.5510882688431589e-01
2.2650260339935335e-02
1.0000000000000000e+00
2.8202233974405999e-01
-8.0494537902741281e-01
7.2742550181942311e-03
1.0000000000000000e+00
3.1581413069324071e-01
-6.5079143037764875e-01
7.2742550181942311e-03
1.0000000000000000e+00
3.1581413069324071e-01
-5.3281799470751134e-01
1.0362936743979367e-02
1.0000000000000000e+00
3.4628726424233491e-01
-6.4484301907687036e-01
2.5991656912003669e-02
1.0000000000000000e+00
3.0569324431525047e-01
-8.6485064727930872e-01
5.7797056717311057e-02
1.0000000000000000e+00
3.0874152573341007e-01
-9.4938905490307657e-01
4.9862182793651733e-02
1.0000000000000000e+00
3.0874152573341007e-01
-6.9931582035242168e-01
3.6618093588833722e-02
1.0000000000000000e+00
2.8505656773739929e-01
-8.9212604285894481e-01
2.7088038717840823e-02
1.0000000000000000e+00
2.8505656773739929e-01
-8.6527809547005741e-01
3.1071287965380612e-02
1.0000000000000000e+00
3.3822504336529846e-01
-9.2007690341888515e-01
4.0513034364187184e-02
1.0000000000000000e+00
2.8325180056089039e-01
-6.9020748929797260e-01
4.0513034364187184e-02
1.0000000000000000e+00
2.9222470613711948e-01
-5.5046455422161666e-01
3.5195636948549214e-02
1.0000000000000000e+00
3.1611041443937893e-01
-6.9464421877382843e-01
3.2642553945981923e-02
1.0000000000000000e+00
2.9575167688125248e-01
-5.9016557642935363e-01
4.0153271438532534e-02
1.0000000000000000e+00
3.0094306262725468e-01
-3.2919196272014228e-01
4.0153271438532534e-02
1.0000000000000000e+00
3.7513640614741917e-01
-5.5581181728957740e-01
2.7131502646738914e-03
1.0000000000000000e+00
3.7513640614741917e-01
-3.9191944431258885e-01
1.8116955565267268e-02
1.0000000000000000e+00
3.9685097699219796e-01
-5.1206511538221089e-01
1.8116955565267268e-02
1.0000000000000000e+00
3.9685097699219796e-01
-8.8972592632962910e-01
3.0438806060487655e-03
1.0000000000000000e+00
4.4113283221776101e-01
-7.8114395495249478e-01
1.5772098339880136e-03
1.0000000000000000e+00
4.4113283221776101e-01
-8.8834182079626767e-01
1.5772098339880136e-03
1.0000000000000000e+00
4.4113283221776101e-01
-8.5325391497208325e-01
3.3172795236089292e-02
1.0000000000000000e+00
4.4113283221776101e-01
-8.1839273404075352e-01
2.6203307941534582e-02
1.0000000000000000e+00
4.4113283221776101e-01
-7.2120494115843026e-01
2.4784970249959293e-02
1.0000000000000000e+00
3.6460843055209580e-01
-8.3680017012848107e-01
6.2071747742379335e-03
1.0000000000000000e+00
3.6460843055209580e-01
-7.7493908721698967e-01
6.2071747742379335e-03
1.0000000000000000e+00
2.7549043229481640e-01
-8.4515440184368340e-01
1.0029714707263770e-02
1.0000000000000000e+00
2.5335429168006840e-01
-9.3556531984104363e-01
3.3055052779593530e-02
1.0000000000000000e+00
3.3680733411273422e-01
-8.3140517491592614e-01
3.9545216750332179e-02
1.0000000000000000e+00
3.6623859523496094e-01
-8.3140517491592614e-01
7.0457528963663640e-02
1.0000000000000000e+00
4.2521640031299057e-01
-8.3140517491592614e-01
4.9574754586421910e-02
1.0000000000000000e+00
4.5859783260783615e-01
-9.1630670893682686e-01
5.7716964198255005e-02
1.0000000000000000e+00
4.5859783260783615e-01
-9.5588615629567353e-01
7.3579301511847439e-02
1.0000000000000000e+00
4.5859783260783615e-01
-8.2356041017665116e-01
6.5021043097578946e-02
1.0000000000000000e+00
4.5859783260783615e-01
-7.7743206359191386e-01
7.6646526613251331e-02
1.0000000000000000e+00
5.0957844896873894e-01
-6.9851657934232203e-01
7.6646526613251331e-02
1.0000000000000000e+00
5.0797618414907220e-01
-7.1252994052811114e-01
7.1422361572251680e-02
1.0000000000000000e+00
5.0797618414907220e-01
-5.7418651692314593e-01
6.1711152818963888e-02
1.0000000000000000e+00
5.1185438876672151e-01
-7.5232600979252306e-01
5.7720933145822051e-02
1.0000000000000000e+00
4.4623047254680159e-01
-7.5445626559412626e-01
5.4943704082609179e-02
1.0000000000000000e+00
3.7894726685880187e-01
-7.5445626559412626e-01
7.3437816034049752e-02
1.0000000000000000e+00
3.7894726685880187e-01
-8.2913917931473402e-01
7.1285745630950692e-02
1.0000000000000000e+00
3.3351414046882155e-01
-8.2913917931473402e-01
9.0834668291711274e-02
1.0000000000000000e+00
3.3351414046882155e-01
-9.7746219369328169e-01
1.0821346837466306e-01
1.0000000000000000e+00
3.1981349039523366e-01
-9.7746219369328169e-01
8.8106372313552561e-02
1.0000000000000000e+00
3.1981349039523366e-01
-9.8958263895219711e-01
9.0922637762480440e-02
1.0000000000000000e+00
3.1981349039523366e-01
-9.8958263895219711e-01
7.7951181599848929e-02
1.0000000000000000e+00
3.3660463850645783e-01
-8.8547941087490467e-01
6.8069693552308741e-02
1.0000000000000000e+00
3.0780315261034730e-01
-8.1304054497486500e-01
6.9190306043230954e-02
1.0000000000000000e+00
3.0780315261034730e-01
-9.9639263166791348e-01
7.5018881740027132e-02
1.0000000000000000e+00
3.0502393028399410e-01
-8.7278460128909496e-01
8.2101733343654337e-02
1.0000000000000000e+00
2.7789182706436577e-01
-8.9800558774477390e-01
8.2101733343654337e-02
1.0000000000000000e+00
2.7471855889706376e-01
-7.6030486612326054e-01
8.6133435288422766e-02
1.0000000000000000e+00
2.7471855889706376e-01
-8.0317682935601620e-01
8.7471396698595050e-02
1.0000000000000000e+00
2.9196107994465592e-01
-7.0488934195345787e-01
8.2583563904256585e-02
1.0000000000000000e+00
3.0542235683350327e-01
-7.1205076458609251e-01
7.2134521360487702e-02
1.0000000000000000e+00
2.9090122088490489e-01
-7.8066934155976919e-01
7.2134521360487702e-02
1.0000000000000000e+00
3.1551625627724889e-01
-7.8066934155976919e-01
7.0765285090521934e-02
1.0000000000000000e+00
3.5468911800234082e-01
-8.8471631961620001e-01
7.5981226320357087e-02
1.0000000000000000e+00
3.5468911800234082e-01
-6.9635576265609411e-01
8.5399500596315625e-02
1.0000000000000000e+00
3.6958115596024754e-01
-6.9635576265609411e-01
7.8803982156307462e-02
1.0000000000000000e+00
2.8174683243668142e-01
-6.9635576265609411e-01
7.8744114220091865e-02
1.0000000000000000e+00
2.8140112610816459e-01
-8.2372265378689913e-01
8.7592358544418381e-02
1.0000000000000000e+00
3.1144988972044985e-01
-8.4521528775549082e-01
1.0541228748107867e-01
1.0000000000000000e+00
3.1144988972044985e-01
-8.4340101387097088e-01
1.0968733307155387e-01
1.0000000000000000e+00
3.1144988972044985e-01
-8.9353638794018475e-01
1.0968733307155387e-01
1.0000000000000000e+00
3.4075134123958151e-01
-8.9814067026345579e-01
1.1734461372899430e-01
1.0000000000000000e+00
3.3893998216188947e-01
-8.9814067026345579e-01
9.9743233604306147e-02
1.0000000000000000e+00
3.2826574023164312e-01
-8.5740423341958372e-01
9.9743233604306147e-02
1.0000000000000000e+00
3.0413554112709562e-01
-7.3283778456716386e-01
1.0064515962213816e-01
1.0000000000000000e+00
2.9940917778111498e-01
-7.3283778456716386e-01
1.0064515962213816e-01
1.0000000000000000e+00
3.0235802072382967e-01
-8.8744220463304369e-01
9.6320502245282547e-02
1.0000000000000000e+00
3.3827716174818079e-01
-7.3235236806540338e-01
1.0436930951610746e-01
1.0000000000000000e+00
3.3827716174818079e-01
-8.5216919658450929e-01
1.1834110577539148e-01
1.0000000000000000e+00
3.5750908595326791e-01
-8.9161149738101808e-01
1.1834110577539148e-01
1.0000000000000000e+00
3.5750908595326791e-01
-8.5622452525167314e-01
1.3332991746202649e-01
1.0000000000000000e+00
3.1955155920985590e-01
-8.5622452525167314e-01
1.3577176329628171e-01
1.0000000000000000e+00
2.8323749643567453e-01
-6.2044807104139177e-01
1.3369003894687237e-01
1.0000000000000000e+00
3.2343337875607858e-01
-9.7972047445109633e-01
1.3342770537193471e-01
1.0000000000000000e+00
2.9180266433212410e-01
-9.7972047445109633e-01
1.3342770537193471e-01
1.0000000000000000e+00
3.6240074694904933e-01
-9.7972047445109633e-01
1.2583157908003384e-01
1.0000000000000000e+00
3.3665497698638092e-01
-8.5699207451871184e-01
1.2583157908003384e-01
1.0000000000000000e+00
3.1782365501675258e-01
-8.1606996548107413e-01
1.1273493174295479e-01
1.0000000000000000e+00
1.9073191289606939e-01
-8.1606996548107413e-01
1.0593780012633258e-01
1.0000000000000000e+00
1.9677354586127649e-01
-8.1606996548107413e-01
1.0639450767840797e-01
1.0000000000000000e+00
2.3746309340748439e-01
-5.8071918529203681e-01
1.0639450767840797e-01
1.0000000000000000e+00
2.2120290719720970e-01
-5.8071918529203681e-01
9.5053278597254098e-02
1.0000000000000000e+00
2.3124476806077610e-01
-5.8071918529203681e-01
1.2120482208039218e-01
1.0000000000000000e+00
2.4709759191426883e-01
-5.8071918529203681e-01
1.2120482208039218e-01
1.0000000000000000e+00
2.2964911167326818e-01
-5.8071918529203681e-01
1.2356153758074695e-01
1.0000000000000000e+00
2.5646881949904810e-01
-5.8071918529203681e-01
1.1601911367680484e-01
1.0000000000000000e+00
2.3453401964906107e-01
-5.8071918529203681e-01
1.0763455996121818e-01
1.0000000000000000e+00
2.1567828957739721e-01
-6.4721818756988791e-01
1.1060391248967105e-01
1.0000000000000000e+00
2.3636692184771846e-01
-6.4721818756988791e-01
1.1496392706241065e-01
1.0000000000000000e+00
2.6692457385178159e-01
-6.4721818756988791e-01
1.2575738712977225e-01
1.0000000000000000e+00
2.4207714460607122e-01
-5.8576874551108626e-01
1.3890409352089816e-01
1.0000000000000000e+00
3.1506752576495956e-01
-6.5909651037982253e-01
1.3890409352089816e-01
1.0000000000000000e+00
3.1796129611137758e-01
-6.5909651037982253e-01
1.0349527535792047e-01
1.0000000000000000e+00
2.9206958231333147e-01
-6.6892643389037398e-01
1.2688917828555757e-01
1.0000000000000000e+00
2.7090276037159811e-01
-3.6614691582253722e-01
1.2688917828555757e-01
1.0000000000000000e+00
2.9299370576444517e-01
-3.6614691582253722e-01
1.2395060736517960e-01
1.0000000000000000e+00
2.8181166765097032e-01
-4.5271746185353545e-01
1.2407324425649902e-01
1.0000000000000000e+00
3.4810508978370081e-01
-5.3834278252652434e-01
1.4337186477852126e-01
1.0000000000000000e+00
3.2309575849029670e-01
-4.0150991570881156e-01
1.4337186477852126e-01
1.0000000000000000e+00
2.8424277533594022e-01
-4.5871814782476572e-01
1.4337186477852126e-01
1.0000000000000000e+00
3.3889628858122478e-01
-5.2221882040357737e-01
1.4533794983063897e-01
1.0000000000000000e+00
3.2062739231440673e-01
-5.2221882040357737e-01
1.4533794983063897e-01
1.0000000000000000e+00
3.4193513034659873e-01
-5.3084008744663147e-01
1.4533794983063897e-01
1.0000000000000000e+00
3.2694505858052025e-01
-5.3559638722545055e-01
1.4533794983063897e-01
1.0000000000000000e+00
3.3868625252324591e-01
-5.1031137420541195e-01
1.3245113366057237e-01
1.0000000000000000e+00
2.7138832914459954e-01
-5.1031137420541195e-01
1.1187380538095792e-01
1.0000000000000000e+00
1.6163437957692395e-01
-5.1031137420541195e-01
1.0083055249189099e-01
1.0000000000000000e+00
1.3452180712300787e-01
-4.7890092967754749e-01
1.0083055249189099e-01
1.0000000000000000e+00
1.3452180712300787e-01
-4.7890092967754749e-01
1.5316620210425069e-01
1.0000000000000000e+00
1.0045916451889525e-01
-3.1138948327607063e-01
1.5316620210425069e-01
1.0000000000000000e+00
1.1713869175690661e-01
-4.0445698774165062e-01
1.3330825660151502e-01
1.0000000000000000e+00
1.1794094390751297e-01
-3.4702065936035065e-01
1.3833792237338682e-01
1.0000000000000000e+00
1.1406789043502386e-01
-3.4702065936035065e-01
1.3022140422609707e-01
1.0000000000000000e+00
2.4480442026214178e-01
-2.4128280929035095e-01
1.3022140422609707e-01
1.0000000000000000e+00
2.2165427518592651e-01
-3.0231779417699722e-01
1.3022140422609707e-01
1.0000000000000000e+00
2.1278258295313890e-01
-1.3466051569885162e-01
1.1363914618042370e-01
1.0000000000000000e+00
2.1278258295313890e-01
-1.0954800597137360e-01
1.2939684660879036e-01
1.0000000000000000e+00
