4
1000
2.2423578880267314e-01
6.6966691978159365e-01
1.2394049878967053e-01
1.0000000000000000e+00
2.2168989910284154e-01
4.3177548415842470e-01
1.2394049878967053e-01
1.0000000000000000e+00
1.9194318039814107e-01
4.0005373039166447e-01
1.1556912701380498e-01
1.0000000000000000e+00
1.9963746389845483e-01
6.0254803501884457e-01
1.4286320771825559e-01
1.0000000000000000e+00
1.6925768728839330e-01
6.0205404755542991e-01
1.4223507429742313e-01
1.0000000000000000e+00
1.7446936841594152e-01
5.2231954333256003e-01
1.1688307310723758e-01
1.0000000000000000e+00
2.1712254697928302e-01
5.2231954333256003e-01
1.3022942385905481e-01
1.0000000000000000e+00
2.3469022067735068e-01
6.0550169196794745e-01
1.4065470370733238e-01
1.0000000000000000e+00
2.3081455717334620e-01
4.2480389323900458e-01
1.4216078455829120e-01
1.0000000000000000e+00
1.7730367521295420e-01
4.3640515130828139e-01
1.4172209923308401e-01
1.0000000000000000e+00
2.2209119575569503e-01
4.3640515130828139e-01
1.3938010724414199e-01
1.0000000000000000e+00
2.5214014539966456e-01
4.3640515130828139e-01
1.3938010724414199e-01
1.0000000000000000e+00
2.5203809479722850e-01
4.3640515130828139e-01
1.2030231913704484e-01
1.0000000000000000e+00
2.5203809479722850e-01
6.5129980367491958e-01
1.3351366816241353e-01
1.0000000000000000e+00
2.5203809479722850e-01
5.3045149535755631e-01
1.2977952983383148e-01
1.0000000000000000e+00
3.0475542938808076e-01
5.3045149535755631e-01
1.2977952983383148e-01
1.0000000000000000e+00
2.9700993339071147e-01
5.3045149535755631e-01
1.2977952983383148e-01
1.0000000000000000e+00
2.9234306805307142e-01
5.0814914346556184e-01
1.1984534802068084e-01
1.0000000000000000e+00
3.4170804650062792e-01
5.0814914346556184e-01
1.2035299446470163e-01
1.0000000000000000e+00
3.0215710878843538e-01
6.0813680679420945e-01
1.2211114626879863e-01
1.0000000000000000e+00
2.5302971818024389e-01
5.2148437888245103e-01
1.2211114626879863e-01
1.0000000000000000e+00
2.6178380812058322e-01
5.2148437888245103e-01
1.2211114626879863e-01
1.0000000000000000e+00
2.8289161773869864e-01
3.6440690250019547e-01
1.2552181700048096e-01
1.0000000000000000e+00
2.6912892388651244e-01
5.0354448349098679e-01
1.3186211300817377e-01
1.0000000000000000e+00
2.9043301905045382e-01
5.1760220287251291e-01
1.2365117551562435e-01
1.0000000000000000e+00
3.1860831531236045e-01
5.5541291033732709e-01
1.2365117551562435e-01
1.0000000000000000e+00
3.1860831531236045e-01
5.6999124998110351e-01
1.1478713130381948e-01
1.0000000000000000e+00
3.2773275824735038e-01
5.6999124998110351e-01
1.1478713130381948e-01
1.0000000000000000e+00
3.6619164946029059e-01
6.5089879596489486e-01
1.0615766769078619e-01
1.0000000000000000e+00
3.6619164946029059e-01
6.9183173814672050e-01
8.9507844520630903e-02
1.0000000000000000e+00
4.1262171568820349e-01
7.8699564600246963e-01
8.3476558083566493e-02
1.0000000000000000e+00
4.2670532281050555e-01
8.0791965701500890e-01
8.3476558083566493e-02
1.0000000000000000e+00
4.2905195860663525e-01
8.0791965701500890e-01
1.0635782195058710e-01
1.0000000000000000e+00
4.2905195860663525e-01
7.6281594314496037e-01
1.0228047448945290e-01
1.0000000000000000e+00
4.6849754347937278e-01
6.6108099945704457e-01
1.2575090419304616e-01
1.0000000000000000e+00
5.1468720007693491e-01
5.8622558989445683e-01
1.2575090419304616e-01
1.0000000000000000e+00
4.5711587555712185e-01
7.0073380895773885e-01
9.8738155549290246e-02
1.0000000000000000e+00
4.5711587555712185e-01
7.2762828894774434e-01
1.3182019837004191e-01
1.0000000000000000e+00
4.5711587555712185e-01
6.9577387922327039e-01
1.2933795851458854e-01
1.0000000000000000e+00
4.3928796984260998e-01
5.8683417194406506e-01
1.3137404596236593e-01
1.0000000000000000e+00
4.3928796984260998e-01
5.8683417194406506e-01
1.1963988257375605e-01
1.0000000000000000e+00
4.3780175305442981e-01
6.6083068136940715e-01
1.1500438837138063e-01
1.0000000000000000e+00
4.1917922336148195e-01
6.0175252430490223e-01
1.2483310209390766e-01
1.0000000000000000e+00
4.1917922336148195e-01
6.0175252430490223e-01
1.1586439864513523e-01
1.0000000000000000e+00
4.2302653228404097e-01
6.0175252430490223e-01
1.0736769506511337e-01
1.0000000000000000e+00
3.3779188652994208e-01
6.0175252430490223e-01
1.1936306090829021e-01
1.0000000000000000e+00
3.3779188652994208e-01
6.4427726813009945e-01
1.4262408436079568e-01
1.0000000000000000e+00
3.5603139025630526e-01
5.7781883240095344e-01
1.4262408436079568e-01
1.0000000000000000e+00
3.7144983501644901e-01
5.7159269465482798e-01
1.4262408436079568e-01
1.0000000000000000e+00
3.2133664505096249e-01
6.1760934306657878e-01
1.4262408436079568e-01
1.0000000000000000e+00
2.6598707900853924e-01
6.1760934306657878e-01
1.1826956270997471e-01
1.0000000000000000e+00
2.9114707128616146e-01
6.1760934306657878e-01
1.2256394325559086e-01
1.0000000000000000e+00
2.8507205413194470e-01
6.1760934306657878e-01
1.2256394325559086e-01
1.0000000000000000e+00
2.9387521219911150e-01
5.1526844365871516e-01
1.3264158204001433e-01
1.0000000000000000e+00
2.9974134906666450e-01
5.8209090544260111e-01
1.5780089445215709e-01
1.0000000000000000e+00
3.0220280110376052e-01
6.1134735592058864e-01
1.5780089445215709e-01
1.0000000000000000e+00
2.9517351358668975e-01
5.7889056675485340e-01
1.5136005332497007e-01
1.0000000000000000e+00
3.2797916873829536e-01
5.7889056675485340e-01
1.5343981281657762e-01
1.0000000000000000e+00
3.0004935793118648e-01
5.7889056675485340e-01
1.3590244808037824e-01
1.0000000000000000e+00
3.0282536556484274e-01
6.7708959062001672e-01
1.4212825381000585e-01
1.0000000000000000e+00
3.2157678750814966e-01
4.7420490164658990e-01
1.4445315556404240e-01
1.0000000000000000e+00
3.1054342852445416e-01
4.7420490164658990e-01
1.5533347915661580e-01
1.0000000000000000e+00
3.1054342852445416e-01
4.7420490164658990e-01
1.4921762630146987e-01
1.0000000000000000e+00
2.6769578258978299e-01
5.9059269357821909e-01
1.4921762630146987e-01
1.0000000000000000e+00
2.2478638764010839e-01
6.0257439878187147e-01
1.4921762630146987e-01
1.0000000000000000e+00
2.2478638764010839e-01
6.0257439878187147e-01
1.3774073483691610e-01
1.0000000000000000e+00
1.8120894441386781e-01
6.0257439878187147e-01
1.3774073483691610e-01
1.0000000000000000e+00
1.7171243811031900e-01
6.0257439878187147e-01
1.2515636497446395e-01
1.0000000000000000e+00
1.9029385084292016e-01
6.2557164024910894e-01
1.3048947193929053e-01
1.0000000000000000e+00
1.9029385084292016e-01
5.5773443919024435e-01
1.3353084014997876e-01
1.0000000000000000e+00
1.9390641106298290e-01
5.5773443919024435e-01
1.5021245355055726e-01
1.0000000000000000e+00
1.8484308430930696e-01
5.5261712525389162e-01
1.5021245355055726e-01
1.0000000000000000e+00
1.9979526614775978e-01
6.4347903434536424e-01
1.2278108125938161e-01
1.0000000000000000e+00
2.2917745402088485e-01
6.0312842581770387e-01
1.2278108125938161e-01
1.0000000000000000e+00
2.2997942607622690e-01
8.0619969223043886e-01
1.2278108125938161e-01
1.0000000000000000e+00
2.0704328134894467e-01
5.8965515349409547e-01
1.2278108125938161e-01
1.0000000000000000e+00
2.4519389733910657e-01
5.8965515349409547e-01
1.2130324451172783e-01
1.0000000000000000e+00
2.2080531116813518e-01
7.5313257057568994e-01
1.2130324451172783e-01
1.0000000000000000e+00
2.2080531116813518e-01
5.9480690960190263e-01
1.4720318794170453e-01
1.0000000000000000e+00
2.4455965548992253e-01
5.9480690960190263e-01
1.2931461214939191e-01
1.0000000000000000e+00
2.4455965548992253e-01
6.7555623878142801e-01
1.2931461214939191e-01
1.0000000000000000e+00
2.9338351316988565e-01
6.7555623878142801e-01
1.3189507510433032e-01
1.0000000000000000e+00
2.9393828014150358e-01
4.6969724823138681e-01
1.3189507510433032e-01
1.0000000000000000e+00
3.0638064915552832e-01
5.1547566432855096e-01
1.2245008118370607e-01
1.0000000000000000e+00
3.0264334805548287e-01
5.9243954349658456e-01
1.2245008118370607e-01
1.0000000000000000e+00
2.4750285275518991e-01
6.1984658617875543e-01
1.3403263736436202e-01
1.0000000000000000e+00
2.1946353331446744e-01
5.1205884762457576e-01
1.3403263736436202e-01
1.0000000000000000e+00
2.1589892212074346e-01
7.4031675704172817e-01
1.3517815470149799e-01
1.0000000000000000e+00
2.1589892212074346e-01
7.7793964468291965e-01
1.4477786737879797e-01
1.0000000000000000e+00
2.3462017002754010e-01
7.7793964468291965e-01
1.4477786737879797e-01
1.0000000000000000e+00
2.3065939854137696e-01
5.3654695026925769e-01
1.4302354627907335e-01
1.0000000000000000e+00
2.1391189593128956e-01
3.9604200892499652e-01
1.3238940151095449e-01
1.0000000000000000e+00
2.6150757196597851e-01
3.9604200892499652e-01
1.4905183152914106e-01
1.0000000000000000e+00
2.6704197033546961e-01
3.9604200892499652e-01
1.4905183152914106e-01
1.0000000000000000e+00
2.6704197033546961e-01
5.6497992579243150e-01
1.6638088781073748e-01
1.0000000000000000e+00
3.3256112254463233e-01
6.5749841560027567e-01
1.6638088781073748e-01
1.0000000000000000e+00
3.3256112254463233e-01
6.5919072592514572e-01
1.7183375028580486e-01
1.0000000000000000e+00
2.9568480170570410e-01
5.6152229422586974e-01
1.6884431075923204e-01
1.0000000000000000e+00
2.7962689689599074e-01
6.0356303436565217e-01
1.6203924846522569e-01
1.0000000000000000e+00
3.1763706851057805e-01
5.9427229167777118e-01
1.6203924846522569e-01
1.0000000000000000e+00
3.7072621315024890e-01
5.9816700072842655e-01
1.6683490966133832e-01
1.0000000000000000e+00
4.4614793086662985e-01
7.1619380118208942e-01
1.6683490966133832e-01
1.0000000000000000e+00
4.6088053152203656e-01
5.6245357395964679e-01
1.7091297517217754e-01
1.0000000000000000e+00
4.1469407320261098e-01
7.6007218511658725e-01
1.6984267132975220e-01
1.0000000000000000e+00
4.1469407320261098e-01
6.1497178340214309e-01
1.6933284352453484e-01
1.0000000000000000e+00
4.1469407320261098e-01
6.9185065144556579e-01
1.6465991667391791e-01
1.0000000000000000e+00
4.1469407320261098e-01
6.1624068433302459e-01
1.6465991667391791e-01
1.0000000000000000e+00
4.4783224031567670e-01
6.7268879378098068e-01
1.6465991667391791e-01
1.0000000000000000e+00
4.3401474092394210e-01
6.5334843324380931e-01
1.7113221042709484e-01
1.0000000000000000e+00
2.9783222434349454e-01
6.5334843324380931e-01
1.5873325035827293e-01
1.0000000000000000e+00
3.0913112271815635e-01
5.8846104184049186e-01
1.4943822451787128e-01
1.0000000000000000e+00
2.8917977778479553e-01
5.8846104184049186e-01
1.5819803696977033e-01
1.0000000000000000e+00
3.3648119686409927e-01
5.5306467825430450e-01
1.4859662556009426e-01
1.0000000000000000e+00
2.3915443458832897e-01
5.8223407940822658e-01
1.4859662556009426e-01
1.0000000000000000e+00
2.4938162212498582e-01
5.5081499965745029e-01
1.5704109311955108e-01
1.0000000000000000e+00
2.4360094760783113e-01
6.5843926222878513e-01
1.5704109311955108e-01
1.0000000000000000e+00
2.4360094760783113e-01
5.8794910313445148e-01
1.5704109311955108e-01
1.0000000000000000e+00
2.7331926190532840e-01
5.8144878355669793e-01
1.5704109311955108e-01
1.0000000000000000e+00
2.6140162750385798e-01
5.8144878355669793e-01
1.4953866579489841e-01
1.0000000000000000e+00
2.3608372948370970e-01
5.8144878355669793e-01
1.3042105014355912e-01
1.0000000000000000e+00
2.5436536810599364e-01
6.5844532607006845e-01
1.3288970153698756e-01
1.0000000000000000e+00
2.4061057931982077e-01
7.2917755732196388e-01
1.3288970153698756e-01
1.0000000000000000e+00
2.5005608872749008e-01
7.0456134753185329e-01
1.3288970153698756e-01
1.0000000000000000e+00
3.1771736667730011e-01
5.1975462810951290e-01
1.2716796949425771e-01
1.0000000000000000e+00
3.1432868033886052e-01
5.2339068326982674e-01
1.2716796949425771e-01
1.0000000000000000e+00
3.1432868033886052e-01
6.3547320935758767e-01
1.4424321124133713e-01
1.0000000000000000e+00
3.3582237042725183e-01
5.2109960738453087e-01
1.3102710269195086e-01
1.0000000000000000e+00
2.8227130189776517e-01
4.7136130455764946e-01
1.2606988077786810e-01
1.0000000000000000e+00
2.8227130189776517e-01
6.2405016545089897e-01
1.2606988077786810e-01
1.0000000000000000e+00
3.0683579674229122e-01
6.2405016545089897e-01
1.2606988077786810e-01
1.0000000000000000e+00
2.1805915894225336e-01
7.7175449851783928e-01
1.4047626381543524e-01
1.0000000000000000e+00
1.9015274295821882e-01
7.7175449851783928e-01
1.4439212413308269e-01
1.0000000000000000e+00
1.5586665557935930e-01
8.6856795746716675e-01
1.4439212413308269e-01
1.0000000000000000e+00
2.0713363966211773e-01
6.5124495226773438e-01
1.4439212413308269e-01
1.0000000000000000e+00
2.0713363966211773e-01
7.7877221900853333e-01
1.4299052091118938e-01
1.0000000000000000e+00
2.0429329416953124e-01
7.7054385297815320e-01
1.4299052091118938e-01
1.0000000000000000e+00
1.8922381970338620e-01
7.3729223959962842e-01
1.3736674723950273e-01
1.0000000000000000e+00
2.5145842443458832e-01
6.9167574324528691e-01
1.2899812193390972e-01
1.0000000000000000e+00
2.1349628391914166e-01
7.4592869185726163e-01
1.2899812193390972e-01
1.0000000000000000e+00
2.1349628391914166e-01
7.6458383367280480e-01
1.2899812193390972e-01
1.0000000000000000e+00
3.1043584860168494e-01
8.6979743108968255e-01
1.2899812193390972e-01
1.0000000000000000e+00
3.1043584860168494e-01
8.2495173827628610e-01
1.1819579986658937e-01
1.0000000000000000e+00
2.8447120293282069e-01
7.9421259106020448e-01
1.3402127077606565e-01
1.0000000000000000e+00
2.9965749480476234e-01
7.9421259106020448e-01
1.3402127077606565e-01
1.0000000000000000e+00
2.9965749480476234e-01
8.4844321773271081e-01
1.3769826547977573e-01
1.0000000000000000e+00
3.1017502634500715e-01
8.4844321773271081e-01
1.3769826547977573e-01
1.0000000000000000e+00
2.3879620297526571e-01
8.4844321773271081e-01
1.2076068226051576e-01
1.0000000000000000e+00
2.3879620297526571e-01
8.4844321773271081e-01
1.2666880035576469e-01
1.0000000000000000e+00
2.3879620297526571e-01
8.4844321773271081e-01
1.0895869229680102e-01
1.0000000000000000e+00
2.7906314148282263e-01
8.4844321773271081e-01
1.2236393988823693e-01
1.0000000000000000e+00
3.2786099104856703e-01
8.1930087522487161e-01
1.3738658000474971e-01
1.0000000000000000e+00
2.8359382557397339e-01
8.8441982881049630e-01
1.3738658000474971e-01
1.0000000000000000e+00
2.8359382557397339e-01
8.6109386027674195e-01
1.3516847464015883e-01
1.0000000000000000e+00
2.3671200084214661e-01
8.1521996219526049e-01
1.3319049776291650e-01
1.0000000000000000e+00
3.1870266007905457e-01
8.1521996219526049e-01
1.3319049776291650e-01
1.0000000000000000e+00
3.6179884853487465e-01
8.1336699581588623e-01
1.2584295729866427e-01
1.0000000000000000e+00
3.6179884853487465e-01
8.9766398972715256e-01
1.2457412435433071e-01
1.0000000000000000e+00
3.7025475925480578e-01
8.9766398972715256e-01
1.2457412435433071e-01
1.0000000000000000e+00
3.5856957225774977e-01
8.4115990918944594e-01
1.2457412435433071e-01
1.0000000000000000e+00
3.1117324023222181e-01
8.2833810352603909e-01
1.4054997033199471e-01
1.0000000000000000e+00
3.5511651499842856e-01
8.0626628377358434e-01
1.4722529939135712e-01
1.0000000000000000e+00
3.5511651499842856e-01
9.1143993862788197e-01
1.4116937854087155e-01
1.0000000000000000e+00
3.9106061174248907e-01
8.2806160875479695e-01
1.4116937854087155e-01
1.0000000000000000e+00
3.9106061174248907e-01
8.6138322033802983e-01
1.4116937854087155e-01
1.0000000000000000e+00
3.9106061174248907e-01
7.7269812502781865e-01
1.6058803443556827e-01
1.0000000000000000e+00
3.5107857226108763e-01
8.6718452178756711e-01
1.6058803443556827e-01
1.0000000000000000e+00
3.6376074193691466e-01
8.0264776402036664e-01
1.2580007781034511e-01
1.0000000000000000e+00
3.1841834499215338e-01
8.0264776402036664e-01
1.2580007781034511e-01
1.0000000000000000e+00
3.3022656715189669e-01
8.7507247381727216e-01
1.3359972416183155e-01
1.0000000000000000e+00
3.3600511871924255e-01
8.3938604795257565e-01
1.4685820183476608e-01
1.0000000000000000e+00
3.3717591738974306e-01
8.3938604795257565e-01
1.2651120825430553e-01
1.0000000000000000e+00
3.6826448100333664e-01
8.3938604795257565e-01
1.2651120825430553e-01
1.0000000000000000e+00
3.6826448100333664e-01
9.0355146878282544e-01
1.4772669645717543e-01
1.0000000000000000e+00
3.6826448100333664e-01
9.3877640754799363e-01
1.4772669645717543e-01
1.0000000000000000e+00
4.2455262648587677e-01
8.8330927134375092e-01
1.4139618083536334e-01
1.0000000000000000e+00
4.2455262648587677e-01
9.0536261924426076e-01
1.1694177670106001e-01
1.0000000000000000e+00
4.5053145806019756e-01
9.3078834020416257e-01
1.1694177670106001e-01
1.0000000000000000e+00
4.3011174308782074e-01
9.3078834020416257e-01
1.2394779186397500e-01
1.0000000000000000e+00
4.3011174308782074e-01
8.9034855567733762e-01
1.2159488307188440e-01
1.0000000000000000e+00
4.3011174308782074e-01
8.9034855567733762e-01
1.3132315784569074e-01
1.0000000000000000e+00
3.9222351675567779e-01
9.2186259307782170e-01
1.3132315784569074e-01
1.0000000000000000e+00
3.9222351675567779e-01
9.2186259307782170e-01
1.2467718640218664e-01
1.0000000000000000e+00
3.7243510996637497e-01
8.7748103045742032e-01
1.2467718640218664e-01
1.0000000000000000e+00
3.2995980633137378e-01
8.7748103045742032e-01
1.1128708025316883e-01
1.0000000000000000e+00
3.4222842128662023e-01
8.7748103045742032e-01
1.0728495362091053e-01
1.0000000000000000e+00
4.0497644366411123e-01
8.9273889378528115e-01
1.0295321307021368e-01
1.0000000000000000e+00
4.4548700893943760e-01
8.2330629990319726e-01
1.1149895450907935e-01
1.0000000000000000e+00
4.7074154256557676e-01
9.0314005331019875e-01
9.7733801965296158e-02
1.0000000000000000e+00
4.4501890479301665e-01
9.0314005331019875e-01
5.7471353363871464e-02
1.0000000000000000e+00
4.4117699078930173e-01
8.0641571634332654e-01
5.7471353363871464e-02
1.0000000000000000e+00
4.4117699078930173e-01
8.0641571634332654e-01
1.0063611836048950e-01
1.0000000000000000e+00
4.4117699078930173e-01
8.6952457033912656e-01
9.3604518136635312e-02
1.0000000000000000e+00
4.1773204422503341e-01
8.6952457033912656e-01
1.0121119957293559e-01
1.0000000000000000e+00
4.1773204422503341e-01
8.3464369379798886e-01
9.7064951936408767e-02
1.0000000000000000e+00
3.7283454007416594e-01
8.3978573807398793e-01
9.7064951936408767e-02
1.0000000000000000e+00
3.4908310147881139e-01
8.3978573807398793e-01
9.7064951936408767e-02
1.0000000000000000e+00
3.4908310147881139e-01
8.0581683122436520e-01
7.2578081897154340e-02
1.0000000000000000e+00
3.5046848571806777e-01
8.0581683122436520e-01
7.4332794559813925e-02
1.0000000000000000e+00
3.4252403407305110e-01
9.1780188881675717e-01
1.0333680493167777e-01
1.0000000000000000e+00
3.3473023549601066e-01
9.3614563361625192e-01
1.0883028005591769e-01
1.0000000000000000e+00
3.3473023549601066e-01
8.9033926387201068e-01
9.6820537386156508e-02
1.0000000000000000e+00
3.3473023549601066e-01
8.7537041508476254e-01
6.2598858413912245e-02
1.0000000000000000e+00
3.7411782295390594e-01
8.6377910074661490e-01
6.2598858413912245e-02
1.0000000000000000e+00
4.2838057280465591e-01
9.2595550340483901e-01
5.0782969606734701e-02
1.0000000000000000e+00
4.2838057280465591e-01
8.3997734558652160e-01
6.8048227963663527e-02
1.0000000000000000e+00
3.2145854980632294e-01
8.3997734558652160e-01
9.1910421302236506e-02
1.0000000000000000e+00
2.7309260294720161e-01
8.5889519673655745e-01
9.3751608637467149e-02
1.0000000000000000e+00
3.2301473907142508e-01
8.5889519673655745e-01
9.6182376855358603e-02
1.0000000000000000e+00
3.2097519595123458e-01
8.7291111812810418e-01
4.1334542223557952e-02
1.0000000000000000e+00
3.4888091064937043e-01
8.7291111812810418e-01
4.5408160203442099e-02
1.0000000000000000e+00
3.5327163744665313e-01
8.7291111812810418e-01
8.4876403921589377e-02
1.0000000000000000e+00
3.4363382529414821e-01
7.2601901755551812e-01
6.4825637975081923e-02
1.0000000000000000e+00
3.4828393986396122e-01
8.7382515535573480e-01
6.4825637975081923e-02
1.0000000000000000e+00
3.4828393986396122e-01
9.0634225697140214e-01
6.4434429408356669e-02
1.0000000000000000e+00
3.4828393986396122e-01
8.6012132109026429e-01
6.3238832411661866e-02
1.0000000000000000e+00
3.3308511028013754e-01
8.4511221262509939e-01
4.7024879847958806e-02
1.0000000000000000e+00
3.3125258037767935e-01
8.4511221262509939e-01
7.7981472258761647e-02
1.0000000000000000e+00
3.2279631622083116e-01
8.4511221262509939e-01
7.7981472258761647e-02
1.0000000000000000e+00
3.1928807903028655e-01
8.1545366409118292e-01
6.8080519336581352e-02
1.0000000000000000e+00
3.1928807903028655e-01
8.2501039623166439e-01
6.8080519336581352e-02
1.0000000000000000e+00
3.1675791238382089e-01
8.4487434189650235e-01
6.8080519336581352e-02
1.0000000000000000e+00
3.2194721941783655e-01
8.4487434189650235e-01
4.7626736584425095e-02
1.0000000000000000e+00
3.5030041691794622e-01
8.5814012858900246e-01
3.5951192501306656e-02
1.0000000000000000e+00
3.7473725956812132e-01
9.4459867004188713e-01
4.8639805066704872e-02
1.0000000000000000e+00
3.5806521154887605e-01
9.4459867004188713e-01
7.6426568422539282e-02
1.0000000000000000e+00
3.5806521154887605e-01
9.2367640036973175e-01
6.5081566553635645e-02
1.0000000000000000e+00
3.6798993531562019e-01
8.7871830809745011e-01
5.3718987833781290e-02
1.0000000000000000e+00
2.3862523805297542e-01
9.7100976753863510e-01
7.3928087931199121e-02
1.0000000000000000e+00
2.3355870261735845e-01
8.7272174555691895e-01
7.3928087931199121e-02
1.0000000000000000e+00
2.4023185936681557e-01
9.1865038771065888e-01
7.3263174078965682e-02
1.0000000000000000e+00
2.1130657462350655e-01
8.1816035780939278e-01
6.5701070397699374e-02
1.0000000000000000e+00
2.4945131094142425e-01
9.1991916733677503e-01
6.5701070397699374e-02
1.0000000000000000e+00
2.3169782907649505e-01
9.1991916733677503e-01
6.5245997782403725e-02
1.0000000000000000e+00
2.2863594484812211e-01
9.1991916733677503e-01
4.9110221366936463e-02
1.0000000000000000e+00
2.3041109782940339e-01
9.2684013645048258e-01
4.4098279594982165e-02
1.0000000000000000e+00
2.6975095873063992e-01
9.2684013645048258e-01
4.4098279594982165e-02
1.0000000000000000e+00
2.7946007200813483e-01
9.2684013645048258e-01
2.9757754567617672e-02
1.0000000000000000e+00
2.7946007200813483e-01
8.8562374251778242e-01
2.9757754567617672e-02
1.0000000000000000e+00
2.7103415360039662e-01
9.7565497892792341e-01
2.9757754567617672e-02
1.0000000000000000e+00
3.0681216758972596e-01
9.3226343083078977e-01
1.9417953833544749e-02
1.0000000000000000e+00
3.2458213945216130e-01
9.0499210606212732e-01
1.7691929747888940e-02
1.0000000000000000e+00
3.0719825481361340e-01
9.0499210606212732e-01
4.6183638197908300e-02
1.0000000000000000e+00
3.3746932302898358e-01
9.3791927273268816e-01
4.6183638197908300e-02
1.0000000000000000e+00
2.6590190124994706e-01
9.3791927273268816e-01
5.4897870791683095e-02
1.0000000000000000e+00
3.1385073759889792e-01
9.7539329032297251e-01
5.4897870791683095e-02
1.0000000000000000e+00
3.1305983052885722e-01
9.7662785897846338e-01
6.8436031153032678e-02
1.0000000000000000e+00
3.6270468910521458e-01
9.7662785897846338e-01
4.5884198898056644e-02
1.0000000000000000e+00
3.6270468910521458e-01
9.7662785897846338e-01
1.3710084760168689e-02
1.0000000000000000e+00
3.2575706620997380e-01
9.7662785897846338e-01
3.6206893080452579e-02
1.0000000000000000e+00
3.3957072860363269e-01
9.7662785897846338e-01
4.3141494428346056e-02
1.0000000000000000e+00
3.3047469007584596e-01
9.7922159141744491e-01
3.6931506281325716e-02
1.0000000000000000e+00
3.3206013637396836e-01
9.7401078713010070e-01
5.3763002313280600e-02
1.0000000000000000e+00
3.3206013637396836e-01
9.4472584982286212e-01
5.3763002313280600e-02
1.0000000000000000e+00
3.9905323135468507e-01
9.9746605490217921e-01
6.1651290550435084e-02
1.0000000000000000e+00
3.3036928764346385e-01
9.9746605490217921e-01
6.1651290550435084e-02
1.0000000000000000e+00
3.7168011000181878e-01
9.3206968639860865e-01
6.1651290550435084e-02
1.0000000000000000e+00
3.5045646926306517e-01
9.3206968639860865e-01
6.9228425778055686e-02
1.0000000000000000e+00
3.3785906111739905e-01
8.2526383378426549e-01
5.3280742995048064e-02
1.0000000000000000e+00
3.8373916460119517e-01
8.2526383378426549e-01
7.8835170872116583e-02
1.0000000000000000e+00
3.0563384717248709e-01
7.8321424701134679e-01
8.8538094579780596e-02
1.0000000000000000e+00
2.7811571866192253e-01
9.2965604939381596e-01
6.6946243092024821e-02
1.0000000000000000e+00
2.4003724384971292e-01
9.3119930584798571e-01
4.7331211313212412e-02
1.0000000000000000e+00
3.0508270909928115e-01
9.0802925002644774e-01
4.7262333009348373e-02
1.0000000000000000e+00
3.0508270909928115e-01
9.0802925002644774e-01
1.4304743289903860e-02
1.0000000000000000e+00
3.0508270909928115e-01
9.8356125426362273e-01
3.3321644321040372e-02
1.0000000000000000e+00
2.9801473630510600e-01
8.4156066846917388e-01
3.3321644321040372e-02
1.0000000000000000e+00
2.7442336269092493e-01
7.6929423880646941e-01
3.3321644321040372e-02
1.0000000000000000e+00
2.8964996338260107e-01
7.6929423880646941e-01
2.3930625200227956e-02
1.0000000000000000e+00
3.2020641770583325e-01
7.6929423880646941e-01
2.3930625200227956e-02
1.0000000000000000e+00
3.2020641770583325e-01
8.2255191231961367e-01
3.5130672298328142e-02
1.0000000000000000e+00
3.3235246688497000e-01
8.2255191231961367e-01
7.0124110348479013e-02
1.0000000000000000e+00
4.4501399295774036e-01
8.2255191231961367e-01
5.4299437116787891e-02
1.0000000000000000e+00
4.6653354401138358e-01
8.7967749188537714e-01
6.0829599995122413e-02
1.0000000000000000e+00
5.1581325801458888e-01
9.6101841579074976e-01
2.6074012417302589e-02
1.0000000000000000e+00
4.8813256295767360e-01
9.7415792305837390e-01
2.6074012417302589e-02
1.0000000000000000e+00
4.9832973210510545e-01
9.1041539718280551e-01
7.1657166368822856e-03
1.0000000000000000e+00
4.9455139460411601e-01
9.1041539718280551e-01
2.6115538228259544e-02
1.0000000000000000e+00
4.9455139460411601e-01
9.1070689038024288e-01
1.7505990948484401e-02
1.0000000000000000e+00
5.1456639869508081e-01
8.6648835018859249e-01
7.5377902499894900e-03
1.0000000000000000e+00
4.7765933769193225e-01
8.6648835018859249e-01
1.4941564669788937e-02
1.0000000000000000e+00
4.5437322417643600e-01
8.6648835018859249e-01
2.1780400445641140e-02
1.0000000000000000e+00
4.5437322417643600e-01
8.7694635764346462e-01
1.0611503992186050e-02
1.0000000000000000e+00
3.9253212372210555e-01
8.9088058155612093e-01
3.7064211118922691e-02
1.0000000000000000e+00
3.9916994190213018e-01
9.6084301602677447e-01
3.7064211118922691e-02
1.0000000000000000e+00
3.5517058289048009e-01
9.6084301602677447e-01
2.5657487709031562e-02
1.0000000000000000e+00
3.4985906398293309e-01
9.5684339209110481e-01
1.0348358333067159e-02
1.0000000000000000e+00
3.8860690733787351e-01
9.5684339209110481e-01
3.1411121740893583e-02
1.0000000000000000e+00
3.8860690733787351e-01
9.5684339209110481e-01
2.7605147009671788e-02
1.0000000000000000e+00
4.1622874024693601e-01
9.5684339209110481e-01
3.7567715069235424e-02
1.0000000000000000e+00
4.0420048567835920e-01
9.5866503890720201e-01
3.0926493836523156e-02
1.0000000000000000e+00
4.1411269526366823e-01
9.5030081503209662e-01
4.0095214750181241e-03
1.0000000000000000e+00
4.1868094983880155e-01
9.5030081503209662e-01
2.1124160757244687e-02
1.0000000000000000e+00
4.5722468081299894e-01
8.6110112302121711e-01
2.1124160757244687e-02
1.0000000000000000e+00
4.7165392223183744e-01
8.7094397328910422e-01
1.0657420290590386e-02
1.0000000000000000e+00
4.1982231918160551e-01
8.4467943802592349e-01
1.0657420290590386e-02
1.0000000000000000e+00
3.4736381355111234e-01
8.9123870477196765e-01
1.0657420290590386e-02
1.0000000000000000e+00
3.7602338265065782e-01
9.0295919075724673e-01
5.1672531200529198e-02
1.0000000000000000e+00
3.7692798581343823e-01
9.4193720862385821e-01
5.1672531200529198e-02
1.0000000000000000e+00
3.7692798581343823e-01
9.4488707136479211e-01
7.5062923973382573e-02
1.0000000000000000e+00
4.0709999483448200e-01
9.4488707136479211e-01
5.4154944980473380e-02
1.0000000000000000e+00
3.8670169469338589e-01
9.2162509214249444e-01
4.6346123006151180e-02
1.0000000000000000e+00
4.3866172712665730e-01
8.7490586701896977e-01
4.6346123006151180e-02
1.0000000000000000e+00
4.3823012803119354e-01
8.7490586701896977e-01
3.0157971803055267e-02
1.0000000000000000e+00
4.5465251151841812e-01
8.4730606477824044e-01
3.0988006528423290e-02
1.0000000000000000e+00
4.1722479183596306e-01
8.4730606477824044e-01
2.2100233148739795e-02
1.0000000000000000e+00
4.1722479183596306e-01
9.2680387895670724e-01
7.5090375281433863e-03
1.0000000000000000e+00
4.1722479183596306e-01
9.2360102476668549e-01
3.0350683165670495e-02
1.0000000000000000e+00
4.6341231558841400e-01
9.2360102476668549e-01
3.0350683165670495e-02
1.0000000000000000e+00
4.6341231558841400e-01
9.2360102476668549e-01
2.5415225328833918e-02
1.0000000000000000e+00
4.7531559598070316e-01
9.7271422434714627e-01
2.5415225328833918e-02
1.0000000000000000e+00
4.2716234457117253e-01
9.3488704923656774e-01
1.6072023102969984e-02
1.0000000000000000e+00
3.9532542135935955e-01
9.0560135942068887e-01
1.2254213357300620e-02
1.0000000000000000e+00
3.1868918333572083e-01
9.0740938750677747e-01
1.0687137047716538e-02
1.0000000000000000e+00
2.6963010523837738e-01
9.5152960611158055e-01
2.2899825376953287e-03
1.0000000000000000e+00
2.2654134873670273e-01
9.9580454347305936e-01
4.8857112440236966e-02
1.0000000000000000e+00
2.3746471200507813e-01
9.9580454347305936e-01
5.5446852489330928e-02
1.0000000000000000e+00
1.8154140841585331e-01
7.6317658541374844e-01
6.6765752180435817e-02
1.0000000000000000e+00
1.9130714144927197e-01
7.6914434075006288e-01
6.6765752180435817e-02
1.0000000000000000e+00
1.7050070036572151e-01
9.1562516322010201e-01
7.3210239435502450e-02
1.0000000000000000e+00
1.8098827498403125e-01
9.1562516322010201e-01
7.6116879495748441e-02
1.0000000000000000e+00
1.8098827498403125e-01
7.7748928298824471e-01
7.4824525999792973e-02
1.0000000000000000e+00
2.0191216376048260e-01
6.9630951514118355e-01
8.4845960165330331e-02
1.0000000000000000e+00
2.0191216376048260e-01
3.3720384105690759e-01
8.4845960165330331e-02
1.0000000000000000e+00
2.1857706923407250e-01
4.7530964329489511e-01
7.4813134993382852e-02
1.0000000000000000e+00
1.6941961925846272e-01
4.4887098982580942e-01
7.4813134993382852e-02
1.0000000000000000e+00
1.8444984779131346e-01
4.7511932938941759e-01
5.5665327261158387e-02
1.0000000000000000e+00
2.1502993442487650e-01
5.9235319435247225e-01
4.9636997307607095e-02
1.0000000000000000e+00
2.1502993442487650e-01
7.1849690317758363e-01
8.7167758519717614e-02
1.0000000000000000e+00
2.4620277784202926e-01
4.2072557970532221e-01
9.4378411794969003e-02
1.0000000000000000e+00
2.3437267984633081e-01
4.2072557970532221e-01
8.1170941728123586e-02
1.0000000000000000e+00
2.7381180168964647e-01
4.2072557970532221e-01
7.7509746911891858e-02
1.0000000000000000e+00
2.8665224893853747e-01
3.4406959578045648e-01
7.3586319714740972e-02
1.0000000000000000e+00
2.9151259374708616e-01
3.4406959578045648e-01
8.8139257709917734e-02
1.0000000000000000e+00
2.8602343483731829e-01
3.9737026426591915e-01
7.1027738358316134e-02
1.0000000000000000e+00
2.8743928822592579e-01
7.0851378921070141e-01
1.0796441635066004e-01
1.0000000000000000e+00
2.6924581977442585e-01
8.0571810934343380e-01
1.0796441635066004e-01
1.0000000000000000e+00
3.0097243714050137e-01
8.7551465291180652e-01
1.0796441635066004e-01
1.0000000000000000e+00
3.2205673179493033e-01
8.7551465291180652e-01
7.1262664477762888e-02
1.0000000000000000e+00
2.8438542283043944e-01
7.7488968927063984e-01
7.8402749578890513e-02
1.0000000000000000e+00
2.8659764177069746e-01
9.3502905625500721e-01
7.6330178966236423e-02
1.0000000000000000e+00
2.8587483492816546e-01
9.3637008113437337e-01
9.4712771558624814e-02
1.0000000000000000e+00
2.8587483492816546e-01
8.5529265259974641e-01
7.9668446527284692e-02
1.0000000000000000e+00
2.4504509073818781e-01
9.3287077253335160e-01
7.9668446527284692e-02
1.0000000000000000e+00
2.5163230736876585e-01
9.3287077253335160e-01
8.8527230629188131e-02
1.0000000000000000e+00
2.6964905736173250e-01
9.1878764690482062e-01
9.0483561707151244e-02
1.0000000000000000e+00
2.9239101772333242e-01
9.1878764690482062e-01
1.0518207455934317e-01
1.0000000000000000e+00
3.1606512953663923e-01
9.1878764690482062e-01
1.0314588210494549e-01
1.0000000000000000e+00
3.1191278359989383e-01
8.4022419793182057e-01
1.0340178405349434e-01
1.0000000000000000e+00
3.4447645180995323e-01
8.4022419793182057e-01
1.0622718181875826e-01
1.0000000000000000e+00
3.3067743917132475e-01
8.5938102459185761e-01
1.0165366853070737e-01
1.0000000000000000e+00
3.0075807561303236e-01
8.2326456611626786e-01
8.9473770898257504e-02
1.0000000000000000e+00
2.3539553088272669e-01
8.2878365447395486e-01
8.9473770898257504e-02
1.0000000000000000e+00
2.6175364357555964e-01
8.1453356226556939e-01
1.1210322190490843e-01
1.0000000000000000e+00
2.6175364357555964e-01
9.1018352341488939e-01
1.1210322190490843e-01
1.0000000000000000e+00
2.6175364357555964e-01
9.1018352341488939e-01
1.3632726270188869e-01
1.0000000000000000e+00
2.6023606834138491e-01
9.4512781184748751e-01
1.3632726270188869e-01
1.0000000000000000e+00
2.6944465999628164e-01
7.2969746646122080e-01
1.2559617423867167e-01
1.0000000000000000e+00
3.1086689763839104e-01
7.2969746646122080e-01
1.2559617423867167e-01
1.0000000000000000e+00
3.4164801397497513e-01
6.9308786523179156e-01
1.2561051459269948e-01
1.0000000000000000e+00
3.4346311207997360e-01
6.9308786523179156e-01
1.2561051459269948e-01
1.0000000000000000e+00
2.2509788017856636e-01
7.7660084199742418e-01
1.2561051459269948e-01
1.0000000000000000e+00
2.1106715168940582e-01
8.3198341411189181e-01
9.6951629083923768e-02
1.0000000000000000e+00
1.7095619853722610e-01
9.0324979704455477e-01
1.0261241351472564e-01
1.0000000000000000e+00
2.0047539141165771e-01
7.8932816964224917e-01
1.0261241351472564e-01
1.0000000000000000e+00
2.1776743646847763e-01
8.7435498517588717e-01
1.0915545413954533e-01
1.0000000000000000e+00
2.4059884384411134e-01
9.5291533750132662e-01
1.0908827664170531e-01
1.0000000000000000e+00
3.4142207255723633e-01
9.0781094562844378e-01
1.0908827664170531e-01
1.0000000000000000e+00
3.7401183130356230e-01
8.8088300694362265e-01
1.1652357702914742e-01
1.0000000000000000e+00
4.1615930752965369e-01
8.8088300694362265e-01
1.1652357702914742e-01
1.0000000000000000e+00
3.3625623392077841e-01
8.8088300694362265e-01
9.7449297679850139e-02
1.0000000000000000e+00
3.2146539999308743e-01
8.8088300694362265e-01
8.7080710230657138e-02
1.0000000000000000e+00
3.1195740955087103e-01
8.4317858014837843e-01
6.1858189886697806e-02
1.0000000000000000e+00
3.3080470556529917e-01
5.8344004545942885e-01
7.1346490772702970e-02
1.0000000000000000e+00
3.1528861908378758e-01
6.4630625639692885e-01
7.1963123174646176e-02
1.0000000000000000e+00
2.9244579439188101e-01
6.4630625639692885e-01
6.6117295891308464e-02
1.0000000000000000e+00
2.9394687357495286e-01
7.0473696906701666e-01
7.4475624261685885e-02
1.0000000000000000e+00
2.6357631775687196e-01
6.9039484728709799e-01
7.5710722024814464e-02
1.0000000000000000e+00
2.8922356502522462e-01
5.7220272031263453e-01
7.7898858127446152e-02
1.0000000000000000e+00
2.5046872184981339e-01
6.8549647983745676e-01
7.1510993887932278e-02
1.0000000000000000e+00
2.5046872184981339e-01
6.8189568687812430e-01
7.1510993887932278e-02
1.0000000000000000e+00
1.8761432753314011e-01
8.3250914384261709e-01
7.1510993887932278e-02
1.0000000000000000e+00
1.9916804763857954e-01
9.2115125954733235e-01
6.8459552026615716e-02
1.0000000000000000e+00
1.9916804763857954e-01
7.6232236400828701e-01
8.4745995945559122e-02
1.0000000000000000e+00
1.7092089704607361e-01
7.6232236400828701e-01
7.2762264416815020e-02
1.0000000000000000e+00
1.8437329749946230e-01
6.5132931257248861e-01
4.5027786412538268e-02
1.0000000000000000e+00
2.5802254747037523e-01
6.0381138334632856e-01
6.1534015008510329e-02
1.0000000000000000e+00
3.3568249945898287e-01
7.2232405106187803e-01
6.8249328074307419e-02
1.0000000000000000e+00
3.1201188196797602e-01
7.2232405106187803e-01
9.9502785958611645e-02
1.0000000000000000e+00
3.1201188196797602e-01
8.2700760672451001e-01
9.2172904127073713e-02
1.0000000000000000e+00
3.1943692756254904e-01
7.9774106443510395e-01
1.1621805671675248e-01
1.0000000000000000e+00
3.1758230913334273e-01
6.1551965177641255e-01
1.0391358188426239e-01
1.0000000000000000e+00
2.6436696004026317e-01
6.6992309466586453e-01
8.4182559466717072e-02
1.0000000000000000e+00
3.0178776238250293e-01
6.6992309466586453e-01
7.7038473403808899e-02
1.0000000000000000e+00
2.4463080469655551e-01
9.0477370247826916e-01
8.5560535034892388e-02
1.0000000000000000e+00
2.4463080469655551e-01
9.1429222105653030e-01
9.6654273523745365e-02
1.0000000000000000e+00
3.1052961055326023e-01
9.3297239682287914e-01
1.0177503475060803e-01
1.0000000000000000e+00
2.8000585030900993e-01
9.3297239682287914e-01
1.0488231196140987e-01
1.0000000000000000e+00
3.0665674101697959e-01
9.8290583408088428e-01
1.0488231196140987e-01
1.0000000000000000e+00
3.1841068942236461e-01
9.7324745087535125e-01
1.0505556067582802e-01
1.0000000000000000e+00
3.0386118445682087e-01
8.5436931728036147e-01
7.3205764024896786e-02
1.0000000000000000e+00
3.1204755552249708e-01
9.1120718941674572e-01
7.3205764024896786e-02
1.0000000000000000e+00
3.1952419918167152e-01
9.1120718941674572e-01
6.9258043161971733e-02
1.0000000000000000e+00
3.3063311170923271e-01
9.1525416551739913e-01
7.7648778996808693e-02
1.0000000000000000e+00
2.5384788070010700e-01
8.6510205744416457e-01
7.7648778996808693e-02
1.0000000000000000e+00
3.2601835212341257e-01
9.0198850734741431e-01
7.7648778996808693e-02
1.0000000000000000e+00
3.2601835212341257e-01
9.2230967162759048e-01
1.0144321954940097e-01
1.0000000000000000e+00
2.9164148128262468e-01
9.3666378325433475e-01
7.1400028622156247e-02
1.0000000000000000e+00
2.9164148128262468e-01
7.1546628615469676e-01
8.7642370691901311e-02
1.0000000000000000e+00
3.3741864940753885e-01
9.6724935165257198e-01
8.7642370691901311e-02
1.0000000000000000e+00
3.1249111338189550e-01
8.6395965805859309e-01
8.7766292750166036e-02
1.0000000000000000e+00
3.4371695487430998e-01
8.6395965805859309e-01
7.4618811498658039e-02
1.0000000000000000e+00
3.4908890776938506e-01
7.7596813729614955e-01
6.1290223862306453e-02
1.0000000000000000e+00
3.4762196969319348e-01
9.2350165835232478e-01
6.1290223862306453e-02
1.0000000000000000e+00
4.0111127477217678e-01
9.7976162946433765e-01
6.9489838334993698e-02
1.0000000000000000e+00
3.5379111701701049e-01
9.3022750979871494e-01
6.9489838334993698e-02
1.0000000000000000e+00
2.9604209149334793e-01
9.3022750979871494e-01
6.9489838334993698e-02
1.0000000000000000e+00
2.9604209149334793e-01
9.1342702424735767e-01
8.4331227478833176e-02
1.0000000000000000e+00
2.9569296432970305e-01
9.1342702424735767e-01
5.6952595257462241e-02
1.0000000000000000e+00
3.3533187675135423e-01
9.1342702424735767e-01
6.0934734077454783e-02
1.0000000000000000e+00
3.3533187675135423e-01
9.6222177809686404e-01
5.7793926692829706e-02
1.0000000000000000e+00
3.3533187675135423e-01
8.9657562887878162e-01
9.2546485609636880e-02
1.0000000000000000e+00
3.3533187675135423e-01
9.1725859894067985e-01
7.8370710847229935e-02
1.0000000000000000e+00
2.5268950032847215e-01
9.1725859894067985e-01
5.9418084112257935e-02
1.0000000000000000e+00
2.5345287587339271e-01
9.1725859894067985e-01
1.8184288882912375e-02
1.0000000000000000e+00
2.2257183607513298e-01
9.1725859894067985e-01
3.4407742333860375e-02
1.0000000000000000e+00
2.3445090394312729e-01
8.5682565076858741e-01
3.4407742333860375e-02
1.0000000000000000e+00
2.3445090394312729e-01
9.5859933002502662e-01
2.4543904624442808e-02
1.0000000000000000e+00
2.3445090394312729e-01
8.7691059066564780e-01
2.9994618072669260e-02
1.0000000000000000e+00
1.9188623618180145e-01
9.4509746237308723e-01
4.6661429032246821e-02
1.0000000000000000e+00
2.5395062681133140e-01
8.6706026746542197e-01
4.6661429032246821e-02
1.0000000000000000e+00
2.9829477447862018e-01
8.6706026746542197e-01
5.1257567987340741e-02
1.0000000000000000e+00
3.2245173979396213e-01
8.6706026746542197e-01
2.7596557554352336e-02
1.0000000000000000e+00
3.2936167576195885e-01
8.9433552055270416e-01
2.9748477781686239e-02
1.0000000000000000e+00
3.1501658213170458e-01
8.6461465536267501e-01
2.3397485912573762e-02
1.0000000000000000e+00
3.1501658213170458e-01
7.5743404506356460e-01
5.7011298090947099e-02
1.0000000000000000e+00
2.7631667103929658e-01
9.8626276581198913e-01
5.7011298090947099e-02
1.0000000000000000e+00
2.7631667103929658e-01
9.8626276581198913e-01
5.1635492314380832e-02
1.0000000000000000e+00
3.0465751361413140e-01
9.7492971094907266e-01
5.8743652608973213e-02
1.0000000000000000e+00
2.6184230238510509e-01
9.7492971094907266e-01
6.7336097779480047e-02
1.0000000000000000e+00
2.2446106687499423e-01
9.5310338037670594e-01
7.9193292605486937e-02
1.0000000000000000e+00
1.6600483596636195e-01
9.2142643230617982e-01
9.6936263563839026e-02
1.0000000000000000e+00
1.5096179965263445e-01
8.9281315552652818e-01
9.6936263563839026e-02
1.0000000000000000e+00
1.5096179965263445e-01
9.3940144973457795e-01
9.6936263563839026e-02
1.0000000000000000e+00
1.4864687352752526e-01
9.3940144973457795e-01
9.6936263563839026e-02
1.0000000000000000e+00
2.0260847510149915e-01
9.3940144973457795e-01
9.6936263563839026e-02
1.0000000000000000e+00
2.6350236461809118e-01
9.3940144973457795e-01
9.6936263563839026e-02
1.0000000000000000e+00
2.6350236461809118e-01
9.7085323474020702e-01
9.6936263563839026e-02
1.0000000000000000e+00
2.3981689515136395e-01
9.8811618527979594e-01
9.6936263563839026e-02
1.0000000000000000e+00
2.6630668381773148e-01
9.8811618527979594e-01
9.6936263563839026e-02
1.0000000000000000e+00
2.5617993290148888e-01
9.3684869921416980e-01
8.5364305834082194e-02
1.0000000000000000e+00
2.8292019891165410e-01
9.3684869921416980e-01
8.5364305834082194e-02
1.0000000000000000e+00
2.7049038040064488e-01
9.3684869921416980e-01
9.1041048942861386e-02
1.0000000000000000e+00
2.7049038040064488e-01
9.3684869921416980e-01
9.8570196843502350e-02
1.0000000000000000e+00
2.8206179423801814e-01
9.3684869921416980e-01
1.0613541766142590e-01
1.0000000000000000e+00
2.8406513987653170e-01
9.3684869921416980e-01
6.9265440991875954e-02
1.0000000000000000e+00
2.9260020742736970e-01
9.4277483281330210e-01
6.9265440991875954e-02
1.0000000000000000e+00
2.7013523171268616e-01
9.6245419104234320e-01
7.8543615481612511e-02
1.0000000000000000e+00
2.9045978239815895e-01
9.6245419104234320e-01
6.3544977410492726e-02
1.0000000000000000e+00
2.3781944117587273e-01
9.6245419104234320e-01
6.9932605094072647e-02
1.0000000000000000e+00
2.3781944117587273e-01
9.6245419104234320e-01
8.7316450617072411e-02
1.0000000000000000e+00
1.4567924714725677e-01
9.6245419104234320e-01
8.7316450617072411e-02
1.0000000000000000e+00
1.6099240589034025e-01
9.7156015094951731e-01
8.7316450617072411e-02
1.0000000000000000e+00
1.6099240589034025e-01
9.7156015094951731e-01
8.7316450617072411e-02
1.0000000000000000e+00
1.4870664342384998e-01
9.7156015094951731e-01
8.2438796712813206e-02
1.0000000000000000e+00
1.6053629904132549e-01
9.7156015094951731e-01
8.5635030596313305e-02
1.0000000000000000e+00
1.6053629904132549e-01
9.7156015094951731e-01
9.8098028405365773e-02
1.0000000000000000e+00
1.3499965197485153e-01
9.7156015094951731e-01
6.6428961186466046e-02
1.0000000000000000e+00
1.4675834314044778e-01
9.7156015094951731e-01
6.6428961186466046e-02
1.0000000000000000e+00
1.5116425142701928e-01
9.7156015094951731e-01
8.0710551888478227e-02
1.0000000000000000e+00
1.5152753521766726e-01
9.7156015094951731e-01
8.0824049733200815e-02
1.0000000000000000e+00
1.5152753521766726e-01
9.4113220144645315e-01
7.9062875670933869e-02
1.0000000000000000e+00
1.6040973090645139e-01
9.2482293267385107e-01
7.4749908255034830e-02
1.0000000000000000e+00
1.5422810898240868e-01
9.0010024849907500e-01
8.9981700138741877e-02
1.0000000000000000e+00
2.1117889606472318e-01
9.0010024849907500e-01
8.7784666180232312e-02
1.0000000000000000e+00
2.6797069334503476e-01
8.9347758852527481e-01
9.7393652502069022e-02
1.0000000000000000e+00
2.6797069334503476e-01
8.7428177111432892e-01
8.3165380250284221e-02
1.0000000000000000e+00
2.6355693773444955e-01
8.7428177111432892e-01
8.0214848819741752e-02
1.0000000000000000e+00
2.6355693773444955e-01
9.2610261925146919e-01
8.5828102038794901e-02
1.0000000000000000e+00
3.2797486805435483e-01
9.2610261925146919e-01
8.5828102038794901e-02
1.0000000000000000e+00
3.0476623785585844e-01
9.2610261925146919e-01
8.5828102038794901e-02
1.0000000000000000e+00
3.0476623785585844e-01
9.2610261925146919e-01
8.8984288818755891e-02
1.0000000000000000e+00
2.9122474149704658e-01
9.3868585918680769e-01
9.0472984671214368e-02
1.0000000000000000e+00
3.0515284103245222e-01
8.6323817317024809e-01
8.3739756567956652e-02
1.0000000000000000e+00
2.7199266862959348e-01
8.9941338692442518e-01
8.3739756567956652e-02
1.0000000000000000e+00
2.3330976080984556e-01
8.9941338692442518e-01
7.5819660405250039e-02
1.0000000000000000e+00
2.3330976080984556e-01
8.0878746007219893e-01
7.5819660405250039e-02
1.0000000000000000e+00
1.6514378739890390e-01
8.0878746007219893e-01
7.4782542380125966e-02
1.0000000000000000e+00
1.5365342470255428e-01
8.0878746007219893e-01
8.9329092259140458e-02
1.0000000000000000e+00
1.1855559097972446e-01
8.7339723422774118e-01
8.0775793137581792e-02
1.0000000000000000e+00
1.7200773745213382e-01
8.7339723422774118e-01
8.0143250952096429e-02
1.0000000000000000e+00
2.2711511596941136e-01
8.0662929579266351e-01
8.0143250952096429e-02
1.0000000000000000e+00
2.2711511596941136e-01
9.7201924431719822e-01
1.0037799035999342e-01
1.0000000000000000e+00
2.5807677477502011e-01
8.7367629665532154e-01
1.0037799035999342e-01
1.0000000000000000e+00
2.3669802851878785e-01
7.6214427161612552e-01
1.0037799035999342e-01
1.0000000000000000e+00
2.3669802851878785e-01
7.7533454946824354e-01
9.7140041839884367e-02
1.0000000000000000e+00
3.6908268637859010e-01
7.8107583462842745e-01
9.3521281805442419e-02
1.0000000000000000e+00
3.5850101232432507e-01
6.9262798722484153e-01
9.3521281805442419e-02
1.0000000000000000e+00
3.3396290697061204e-01
7.6157402094104332e-01
8.6648836460517492e-02
1.0000000000000000e+00
3.6982190504573964e-01
7.6112020142027181e-01
9.1400081951724138e-02
1.0000000000000000e+00
2.9794243991278790e-01
8.5827710605808538e-01
9.1400081951724138e-02
1.0000000000000000e+00
3.1906466640435838e-01
8.0144678182550710e-01
9.1400081951724138e-02
1.0000000000000000e+00
3.1906466640435838e-01
8.3682761467644018e-01
7.9101889413868781e-02
1.0000000000000000e+00
3.0077568709754132e-01
7.6868939526029867e-01
6.9462747332727309e-02
1.0000000000000000e+00
3.0394183739923619e-01
8.5751996315666479e-01
5.6244492550467845e-02
1.0000000000000000e+00
3.3692223835174673e-01
8.5751996315666479e-01
8.5109636207198497e-02
1.0000000000000000e+00
3.0620293203179472e-01
8.5751996315666479e-01
8.7085732976993319e-02
1.0000000000000000e+00
2.8221421572749250e-01
9.0661126734339637e-01
1.0359231733818888e-01
1.0000000000000000e+00
3.3737042759099722e-01
9.0661126734339637e-01
6.8799776743253466e-02
1.0000000000000000e+00
3.3737042759099722e-01
9.3968199552618903e-01
2.3067336316307779e-02
1.0000000000000000e+00
3.2894860188031316e-01
8.4749861420714301e-01
2.3067336316307779e-02
1.0000000000000000e+00
3.2894860188031316e-01
8.5669834246509713e-01
3.1340187435125705e-02
1.0000000000000000e+00
3.8408461193108678e-01
7.8843052019947213e-01
3.1340187435125705e-02
1.0000000000000000e+00
3.8408461193108678e-01
9.9475425561540765e-01
4.3981513028120395e-02
1.0000000000000000e+00
4.0637653929667295e-01
8.3491152604692620e-01
4.3981513028120395e-02
1.0000000000000000e+00
3.2877914424540222e-01
8.4709386886679572e-01
4.3981513028120395e-02
1.0000000000000000e+00
3.8658635135294617e-01
8.4709386886679572e-01
8.5402048794640001e-02
1.0000000000000000e+00
3.8658635135294617e-01
8.3084490695619029e-01
7.8910143832763430e-02
1.0000000000000000e+00
4.2444979868383825e-01
6.2293536761426371e-01
8.3941824521025415e-02
1.0000000000000000e+00
4.0440380669684828e-01
5.9069743925356311e-01
8.3941824521025415e-02
1.0000000000000000e+00
3.3560478038640440e-01
5.9069743925356311e-01
1.0449613632736146e-01
1.0000000000000000e+00
3.5062698091866196e-01
6.6699508005403918e-01
1.0259367061880767e-01
1.0000000000000000e+00
3.5062698091866196e-01
8.0651096427463931e-01
9.8090315257286426e-02
1.0000000000000000e+00
3.5062698091866196e-01
8.7251549014472407e-01
8.9902635217731591e-02
1.0000000000000000e+00
3.1603196359725416e-01
8.7251549014472407e-01
8.9902635217731591e-02
1.0000000000000000e+00
3.1083951428087175e-01
8.7251549014472407e-01
8.9902635217731591e-02
1.0000000000000000e+00
3.0533490426392973e-01
8.6029433259391230e-01
7.8549189978366490e-02
1.0000000000000000e+00
3.0533490426392973e-01
7.5800514766597193e-01
8.8458023402927216e-02
1.0000000000000000e+00
3.0552637673469007e-01
6.7759318450116557e-01
8.8458023402927216e-02
1.0000000000000000e+00
3.3776087224038065e-01
6.7759318450116557e-01
8.0669483073143061e-02
1.0000000000000000e+00
2.9981757238061846e-01
6.6683966839336795e-01
8.2065154934389289e-02
1.0000000000000000e+00
3.1459730214925230e-01
6.6533245540340435e-01
8.5013248046016093e-02
1.0000000000000000e+00
2.9797111548037947e-01
6.6533245540340435e-01
8.2955925512214895e-02
1.0000000000000000e+00
2.6080891586394728e-01
6.9462426400859845e-01
8.2955925512214895e-02
1.0000000000000000e+00
3.2840269993545235e-01
6.0687902963836682e-01
7.5852462808688875e-02
1.0000000000000000e+00
3.5178843330146492e-01
6.2386404558201325e-01
7.5852462808688875e-02
1.0000000000000000e+00
3.3352765834212050e-01
8.3909419759293091e-01
7.5852462808688875e-02
1.0000000000000000e+00
3.0249739738434300e-01
8.3909419759293091e-01
8.5561197037895914e-02
1.0000000000000000e+00
3.1192980378187940e-01
6.9068243189831269e-01
8.5177508668130036e-02
1.0000000000000000e+00
3.0028057142413900e-01
8.9722155614872467e-01
8.8728192049165960e-02
1.0000000000000000e+00
3.5984050526536748e-01
8.2614067777176392e-01
9.1000074307521578e-02
1.0000000000000000e+00
3.5984050526536748e-01
8.7363365127821457e-01
9.9776832173665758e-02
1.0000000000000000e+00
3.4599115929819391e-01
8.5033289737184536e-01
9.9776832173665758e-02
1.0000000000000000e+00
3.3950855626977727e-01
9.6230661518056881e-01
1.0003415986066103e-01
1.0000000000000000e+00
3.3950855626977727e-01
9.1965856797178280e-01
1.0003415986066103e-01
1.0000000000000000e+00
2.7445379781789825e-01
9.1965856797178280e-01
1.0003415986066103e-01
1.0000000000000000e+00
2.6306042305446908e-01
6.9265787138720047e-01
1.0003415986066103e-01
1.0000000000000000e+00
2.4406739135525868e-01
7.1512831210275185e-01
7.2925851932814117e-02
1.0000000000000000e+00
1.8788059984586880e-01
7.8966779469628823e-01
7.2925851932814117e-02
1.0000000000000000e+00
1.6378947903655217e-01
7.8756989350658846e-01
7.2925851932814117e-02
1.0000000000000000e+00
1.9520979930899784e-01
7.0625285336864185e-01
7.2925851932814117e-02
1.0000000000000000e+00
2.4878144447944806e-01
7.0625285336864185e-01
8.6247138931503292e-02
1.0000000000000000e+00
2.9028263150036082e-01
7.5429894680273724e-01
7.8735304783185717e-02
1.0000000000000000e+00
2.8528391963124022e-01
6.5872817391646099e-01
9.3622272620996233e-02
1.0000000000000000e+00
2.8528391963124022e-01
5.5682159865391445e-01
6.5124631180515286e-02
1.0000000000000000e+00
2.6915971024214969e-01
6.7584204578888607e-01
5.1113232058560248e-02
1.0000000000000000e+00
2.4750689484432087e-01
8.7632571065914822e-01
5.1113232058560248e-02
1.0000000000000000e+00
2.4750689484432087e-01
8.3291650654864502e-01
5.3420676636596914e-02
1.0000000000000000e+00
2.4750689484432087e-01
7.7236291112494659e-01
7.3988930967607308e-02
1.0000000000000000e+00
2.5039058432236061e-01
6.5236842723679733e-01
7.3988930967607308e-02
1.0000000000000000e+00
2.1689290806904182e-01
6.5236842723679733e-01
6.7720339187508222e-02
1.0000000000000000e+00
2.5588068526491270e-01
6.5236842723679733e-01
5.2439998447516706e-02
1.0000000000000000e+00
2.5588068526491270e-01
9.4901584180188370e-01
5.6230176318058517e-02
1.0000000000000000e+00
2.7556289427235470e-01
7.3235735016060066e-01
5.6230176318058517e-02
1.0000000000000000e+00
2.5561204992487774e-01
5.1060181575012398e-01
5.6230176318058517e-02
1.0000000000000000e+00
3.6013564814135179e-01
5.1060181575012398e-01
5.6230176318058517e-02
1.0000000000000000e+00
3.5880173553965733e-01
4.6307551207137299e-01
8.0471633080014732e-02
1.0000000000000000e+00
3.9490007047794506e-01
5.3027172384900045e-01
9.9395846560219075e-02
1.0000000000000000e+00
3.9490007047794506e-01
7.1796566991251898e-01
8.8643310203769948e-02
1.0000000000000000e+00
3.8622784798286602e-01
7.6518765090149832e-01
9.6982491746166494e-02
1.0000000000000000e+00
3.1661451419137165e-01
6.7934338746708822e-01
9.6982491746166494e-02
1.0000000000000000e+00
2.8488109153482810e-01
8.8466521723312330e-01
1.0245736277065590e-01
1.0000000000000000e+00
2.8690182682845489e-01
8.8466521723312330e-01
9.8321666553238179e-02
1.0000000000000000e+00
3.0760924911379561e-01
9.0311749836546373e-01
9.8502587677648995e-02
1.0000000000000000e+00
3.0598558238494888e-01
7.5376515181851578e-01
9.8502587677648995e-02
1.0000000000000000e+00
3.0796090988229707e-01
7.1054920645547104e-01
1.0225216873150203e-01
1.0000000000000000e+00
3.6089621586512521e-01
7.1054920645547104e-01
8.8748167303128872e-02
1.0000000000000000e+00
3.8441363638054327e-01
7.8745000155759048e-01
6.9917444406746659e-02
1.0000000000000000e+00
3.1841653687666849e-01
9.3228425176930618e-01
6.9917444406746659e-02
1.0000000000000000e+00
2.7069318489890293e-01
8.5243443863582802e-01
6.9917444406746659e-02
1.0000000000000000e+00
2.7069318489890293e-01
6.8903461935115051e-01
6.9611346732563112e-02
1.0000000000000000e+00
3.4825045252006248e-01
7.0939687358331871e-01
6.9611346732563112e-02
1.0000000000000000e+00
3.6368606248657898e-01
7.0939687358331871e-01
4.9869964282697771e-02
1.0000000000000000e+00
3.7756235161583618e-01
8.1101618798566055e-01
4.9869964282697771e-02
1.0000000000000000e+00
3.2877651611130432e-01
7.7730280624818993e-01
4.9004629754199419e-02
1.0000000000000000e+00
3.1585902543525890e-01
9.8757499920320702e-01
4.9004629754199419e-02
1.0000000000000000e+00
2.6941442312460140e-01
9.4795382859301758e-01
2.4971809738053713e-02
1.0000000000000000e+00
3.3306843610267833e-01
9.4795382859301758e-01
3.5847167052997980e-02
1.0000000000000000e+00
2.7786571727853016e-01
6.3463940935325813e-01
5.4959975682868395e-02
1.0000000000000000e+00
2.7786571727853016e-01
8.8123810755205345e-01
8.0304177046491537e-02
1.0000000000000000e+00
3.1172887803774074e-01
9.0858494954300117e-01
8.0304177046491537e-02
1.0000000000000000e+00
3.1172887803774074e-01
9.2871567325782967e-01
6.4204961561335955e-02
1.0000000000000000e+00
3.1172887803774074e-01
9.0964033080381346e-01
6.3521986861451302e-02
1.0000000000000000e+00
2.8619216391604141e-01
8.7380368633312178e-01
5.4091000090556923e-02
1.0000000000000000e+00
3.3300128960769371e-01
8.9750608241301966e-01
5.4091000090556923e-02
1.0000000000000000e+00
3.3290065970146543e-01
8.9750608241301966e-01
5.4091000090556923e-02
1.0000000000000000e+00
3.6044885735833532e-01
8.9750608241301966e-01
5.4091000090556923e-02
1.0000000000000000e+00
2.8404725232036299e-01
9.4681553354603243e-01
5.4091000090556923e-02
1.0000000000000000e+00
3.2251087837727255e-01
9.2729100024444056e-01
7.0175957492756430e-02
1.0000000000000000e+00
3.5612844564826673e-01
9.2729100024444056e-01
7.8792168385552946e-02
1.0000000000000000e+00
3.1409511976750082e-01
9.4043010657769632e-01
7.9883899864944402e-02
1.0000000000000000e+00
3.1409511976750082e-01
9.4043010657769632e-01
8.7471477546932880e-02
1.0000000000000000e+00
3.1081921379887945e-01
9.4043010657769632e-01
7.7692190976085845e-02
1.0000000000000000e+00
2.8761669952297098e-01
9.4043010657769632e-01
8.2709920452180091e-02
1.0000000000000000e+00
2.5225023139142877e-01
9.4043010657769632e-01
9.4270584033074561e-02
1.0000000000000000e+00
1.7938174173110610e-01
8.8128984904033136e-01
9.4270584033074561e-02
1.0000000000000000e+00
2.8278722479814178e-01
8.8128984904033136e-01
7.2630471409502212e-02
1.0000000000000000e+00
2.5476744683334118e-01
8.8128984904033136e-01
1.0095990155750770e-01
1.0000000000000000e+00
2.6547370716804153e-01
9.1931339910370302e-01
1.0841938420126099e-01
1.0000000000000000e+00
2.5266573909544832e-01
8.6473284101230097e-01
9.7859433246048871e-02
1.0000000000000000e+00
2.9661260969811565e-01
8.6473284101230097e-01
1.1543079125622172e-01
1.0000000000000000e+00
3.0671793786683565e-01
8.9950527435285044e-01
1.1543079125622172e-01
1.0000000000000000e+00
3.1431658478328472e-01
9.2092674968880606e-01
1.1492375055022422e-01
1.0000000000000000e+00
3.1431658478328472e-01
9.3365312738460493e-01
1.3607606341756764e-01
1.0000000000000000e+00
3.7674577819058186e-01
8.9092281459015799e-01
1.2449046833135072e-01
1.0000000000000000e+00
3.2411045493432766e-01
9.3999558499199343e-01
1.2449046833135072e-01
1.0000000000000000e+00
3.3605365274348742e-01
9.2199477737885904e-01
1.2449046833135072e-01
1.0000000000000000e+00
3.3605365274348742e-01
9.7737210987252188e-01
1.1552850672669593e-01
1.0000000000000000e+00
3.3605365274348742e-01
9.7737210987252188e-01
9.9233841324894462e-02
1.0000000000000000e+00
3.4212261024737245e-01
9.7737210987252188e-01
1.1577651327170316e-01
1.0000000000000000e+00
3.2335571251684314e-01
9.7737210987252188e-01
1.0543552836097661e-01
1.0000000000000000e+00
2.9831782966726905e-01
9.5978605512646031e-01
1.1649324515528861e-01
1.0000000000000000e+00
3.2188355415934211e-01
9.5978605512646031e-01
1.1072392299465719e-01
1.0000000000000000e+00
3.2824232993522173e-01
8.3784176174667668e-01
1.2100329369932297e-01
1.0000000000000000e+00
2.9305147943892962e-01
7.9441859152284455e-01
1.2098505753383507e-01
1.0000000000000000e+00
2.7888501440980917e-01
8.7068821814027619e-01
1.3113548453256954e-01
1.0000000000000000e+00
2.8573571849489099e-01
7.5995241429773164e-01
1.2056201449886431e-01
1.0000000000000000e+00
2.9606610681736356e-01
7.5995241429773164e-01
1.2376851085864474e-01
1.0000000000000000e+00
2.7045882545286304e-01
9.4785501387086701e-01
1.2199195972934831e-01
1.0000000000000000e+00
2.0685097813480979e-01
8.7154081042972398e-01
1.3777728691056837e-01
1.0000000000000000e+00
2.8085257910066730e-01
8.7154081042972398e-01
1.4340959475666751e-01
1.0000000000000000e+00
2.5835096329325324e-01
8.5825063333031726e-01
1.5108101801306476e-01
1.0000000000000000e+00
2.8725693240636474e-01
8.0677652776357722e-01
1.2204739344597329e-01
1.0000000000000000e+00
2.7144582249098903e-01
9.3553275287267756e-01
1.1379877371073235e-01
1.0000000000000000e+00
1.7989210836464054e-01
9.2034449938801122e-01
1.1482089464843739e-01
1.0000000000000000e+00
1.6671998571479207e-01
9.0719637878355575e-01
1.1400455903785769e-01
1.0000000000000000e+00
1.8151815846437103e-01
8.4620137743768287e-01
9.8295396115281625e-02
1.0000000000000000e+00
1.9855374708646423e-01
8.4620137743768287e-01
1.1729868866095786e-01
1.0000000000000000e+00
1.9855374708646423e-01
9.5629830516991210e-01
1.2853221866826062e-01
1.0000000000000000e+00
1.9855374708646423e-01
9.5629830516991210e-01
1.3221545672568027e-01
1.0000000000000000e+00
2.0168046379336602e-01
9.5629830516991210e-01
1.3221545672568027e-01
1.0000000000000000e+00
2.0174482364751611e-01
9.5629830516991210e-01
1.5176402187498753e-01
1.0000000000000000e+00
2.3390379820563112e-01
8.5818621188518596e-01
1.5176402187498753e-01
1.0000000000000000e+00
3.0535186727144037e-01
8.5921593893435788e-01
1.5176402187498753e-01
1.0000000000000000e+00
3.0535186727144037e-01
8.5921593893435788e-01
1.1096170886012260e-01
1.0000000000000000e+00
3.1454237822987352e-01
9.2695112664368939e-01
1.1337258565763478e-01
1.0000000000000000e+00
3.1454237822987352e-01
8.8682437081006360e-01
1.0789497468213086e-01
1.0000000000000000e+00
3.2254904594816480e-01
8.8682437081006360e-01
1.0789497468213086e-01
1.0000000000000000e+00
3.4456908602811609e-01
9.7811396557954144e-01
1.1932415972987656e-01
1.0000000000000000e+00
3.6736546170510564e-01
9.1564255531993699e-01
1.1932415972987656e-01
1.0000000000000000e+00
3.0409091424741064e-01
9.0572147395578217e-01
1.2271778929571156e-01
1.0000000000000000e+00
2.6284566980399404e-01
9.0572147395578217e-01
1.2161156073270832e-01
1.0000000000000000e+00
2.4151116416402374e-01
8.7261557903257203e-01
1.2161156073270832e-01
1.0000000000000000e+00
2.2264273085244213e-01
9.4858985345927072e-01
1.0885022118745838e-01
1.0000000000000000e+00
2.1158979453690563e-01
9.4858985345927072e-01
1.0885022118745838e-01
1.0000000000000000e+00
2.5808474973388229e-01
9.0504246901837182e-01
1.0885022118745838e-01
1.0000000000000000e+00
2.8331446081944023e-01
9.0504246901837182e-01
1.2361342463700567e-01
1.0000000000000000e+00
3.1020198010452305e-01
9.0504246901837182e-01
1.1442734025476967e-01
1.0000000000000000e+00
3.1020198010452305e-01
9.5434476759401154e-01
1.1419691659975797e-01
1.0000000000000000e+00
3.1020198010452305e-01
9.5434476759401154e-01
1.0948040292132646e-01
1.0000000000000000e+00
3.3462703942865346e-01
9.5434476759401154e-01
1.2372092811856419e-01
1.0000000000000000e+00
3.1627443588882898e-01
9.5434476759401154e-01
1.2372092811856419e-01
1.0000000000000000e+00
2.7764821208626245e-01
9.4846389673766685e-01
1.0162414519581944e-01
1.0000000000000000e+00
2.7932752824932550e-01
8.3279974244651389e-01
1.1691577531164513e-01
1.0000000000000000e+00
2.1152956753581975e-01
8.5670221455511641e-01
1.1976529409876094e-01
1.0000000000000000e+00
1.9221084534734700e-01
8.5670221455511641e-01
1.1976529409876094e-01
1.0000000000000000e+00
2.4977002448946450e-01
8.3434053927776408e-01
1.1976529409876094e-01
1.0000000000000000e+00
2.3071413829535459e-01
8.8956743523594928e-01
1.1976529409876094e-01
1.0000000000000000e+00
2.0228342262640808e-01
9.5620474264142108e-01
1.2398899238323793e-01
1.0000000000000000e+00
2.0228342262640808e-01
9.3349925845977855e-01
1.3245360258733854e-01
1.0000000000000000e+00
2.0228342262640808e-01
9.3349925845977855e-01
1.1473226066445932e-01
1.0000000000000000e+00
2.5449032259717796e-01
9.3349925845977855e-01
1.1473226066445932e-01
1.0000000000000000e+00
2.5449032259717796e-01
9.3860168520477605e-01
1.0796657562023029e-01
1.0000000000000000e+00
3.0032046062484596e-01
9.8438190061715436e-01
1.0612945033935831e-01
1.0000000000000000e+00
4.0514510630242739e-01
9.8438190061715436e-01
1.2824824041454122e-01
1.0000000000000000e+00
3.7477535328440581e-01
9.8438190061715436e-01
1.2672313869697974e-01
1.0000000000000000e+00
3.9749837427012835e-01
9.1317676890757871e-01
1.2672313869697974e-01
1.0000000000000000e+00
3.7473974532991861e-01
9.4954831058275890e-01
1.2562914852751420e-01
1.0000000000000000e+00
3.8431188433975194e-01
9.4954831058275890e-01
1.2562914852751420e-01
1.0000000000000000e+00
3.5259627730198417e-01
9.4954831058275890e-01
1.3178499423665926e-01
1.0000000000000000e+00
3.1640780151434456e-01
8.8492811376345348e-01
1.2960053057176993e-01
1.0000000000000000e+00
2.7989352953233038e-01
8.8492811376345348e-01
1.2872021583607421e-01
1.0000000000000000e+00
2.4937784385480199e-01
9.4934756958973598e-01
1.3681911336025224e-01
1.0000000000000000e+00
2.0545454782046590e-01
9.4934756958973598e-01
1.1440081273904071e-01
1.0000000000000000e+00
1.6972281870044981e-01
9.4934756958973598e-01
1.1440081273904071e-01
1.0000000000000000e+00
1.4404335704244886e-01
9.3081006871652794e-01
1.0749261531746016e-01
1.0000000000000000e+00
1.7905883949794088e-01
9.3081006871652794e-01
1.0749261531746016e-01
1.0000000000000000e+00
2.1063527551092420e-01
9.3081006871652794e-01
1.0749261531746016e-01
1.0000000000000000e+00
2.0758943054903511e-01
9.3081006871652794e-01
1.0820047268643976e-01
1.0000000000000000e+00
2.0276813563037877e-01
9.3081006871652794e-01
1.0820047268643976e-01
1.0000000000000000e+00
2.2189357252869968e-01
9.3081006871652794e-01
1.1607442600652576e-01
1.0000000000000000e+00
2.2189357252869968e-01
9.3600720910471868e-01
1.3722593747079373e-01
1.0000000000000000e+00
2.6624542037103538e-01
9.3600720910471868e-01
1.3722593747079373e-01
1.0000000000000000e+00
3.1769997910674874e-01
9.3600720910471868e-01
1.1978146471083165e-01
1.0000000000000000e+00
3.2351231020953719e-01
9.3600720910471868e-01
1.1978146471083165e-01
1.0000000000000000e+00
3.7697195638980929e-01
9.3600720910471868e-01
1.1169903762638569e-01
1.0000000000000000e+00
3.5672366437580649e-01
9.5954072846216154e-01
1.1169903762638569e-01
1.0000000000000000e+00
3.5282736788582270e-01
9.0953005848568869e-01
1.3068165667355061e-01
1.0000000000000000e+00
3.6853344526394949e-01
9.8289689047378492e-01
1.1883827522397042e-01
1.0000000000000000e+00
3.9596342548981056e-01
9.8289689047378492e-01
1.2062146086245776e-01
1.0000000000000000e+00
4.3179629624142990e-01
9.7560153713566256e-01
9.6952124871313577e-02
1.0000000000000000e+00
3.9017338373020038e-01
9.7560153713566256e-01
1.1208412088453770e-01
1.0000000000000000e+00
4.0564925849690781e-01
9.7560153713566256e-01
1.1485210261307657e-01
1.0000000000000000e+00
3.9078255623832092e-01
9.7560153713566256e-01
1.2761793113313616e-01
1.0000000000000000e+00
3.2946539178743706e-01
9.4024308582884264e-01
1.3531890106387437e-01
1.0000000000000000e+00
3.2946539178743706e-01
9.4024308582884264e-01
1.3367715794593096e-01
1.0000000000000000e+00
2.4396474913015709e-01
9.4024308582884264e-01
1.3367715794593096e-01
1.0000000000000000e+00
2.6736865818753586e-01
9.6726896612090063e-01
1.2941614855080844e-01
1.0000000000000000e+00
2.3858676196329043e-01
9.6726896612090063e-01
1.2850634843343869e-01
1.0000000000000000e+00
2.3862465274220312e-01
9.6726896612090063e-01
1.1030252181226388e-01
1.0000000000000000e+00
2.5440317754333819e-01
9.6726896612090063e-01
1.1498536538565532e-01
1.0000000000000000e+00
2.1638806526249255e-01
9.7495881978538823e-01
1.0215323321754113e-01
1.0000000000000000e+00
3.1625816960519160e-01
9.7495881978538823e-01
1.0486558867851273e-01
1.0000000000000000e+00
3.9013013978188837e-01
9.7495881978538823e-01
9.8381959798280155e-02
1.0000000000000000e+00
4.1182062019294108e-01
9.7495881978538823e-01
9.4457142078317707e-02
1.0000000000000000e+00
3.8017068513369168e-01
9.7093280170229268e-01
9.4457142078317707e-02
1.0000000000000000e+00
3.4878144420150647e-01
9.7093280170229268e-01
9.4457142078317707e-02
1.0000000000000000e+00
3.2931511111024747e-01
9.8015498228487563e-01
7.9215373867191380e-02
1.0000000000000000e+00
3.3993587649825940e-01
9.8015498228487563e-01
9.6708295890130108e-02
1.0000000000000000e+00
3.9558727464105914e-01
9.8015498228487563e-01
9.6708295890130108e-02
1.0000000000000000e+00
3.7533800287570784e-01
9.8015498228487563e-01
1.0362399558071048e-01
1.0000000000000000e+00
3.4560633154984544e-01
9.8015498228487563e-01
1.0362399558071048e-01
1.0000000000000000e+00
3.6015439203407595e-01
9.8015498228487563e-01
1.2654419338796288e-01
1.0000000000000000e+00
3.3847840113963912e-01
9.3005549393710685e-01
1.2654419338796288e-01
1.0000000000000000e+00
3.0537541892778108e-01
9.1310997119289827e-01
1.0851791969034821e-01
1.0000000000000000e+00
2.4076651532601545e-01
9.1310997119289827e-01
9.5204410166479653e-02
1.0000000000000000e+00
2.4819277536522577e-01
9.1310997119289827e-01
1.0514000805560500e-01
1.0000000000000000e+00
2.5363953860875199e-01
9.1310997119289827e-01
6.6601957217790192e-02
1.0000000000000000e+00
2.1940160246964524e-01
9.1241041010362101e-01
6.6601957217790192e-02
1.0000000000000000e+00
2.4034682458665202e-01
7.6975228076917124e-01
8.1792408623732632e-02
1.0000000000000000e+00
2.3630334793057273e-01
7.6975228076917124e-01
6.8449586653150624e-02
1.0000000000000000e+00
2.6538791677381823e-01
7.6975228076917124e-01
8.6829116591252392e-02
1.0000000000000000e+00
2.6091253741111586e-01
9.1574692910653543e-01
8.6829116591252392e-02
1.0000000000000000e+00
3.1003793312635253e-01
8.6078907361370516e-01
7.9117555776610976e-02
1.0000000000000000e+00
3.1003793312635253e-01
8.6078907361370516e-01
6.8982877442613250e-02
1.0000000000000000e+00
3.0960150681136156e-01
9.3502599744242620e-01
8.7354991259053355e-02
1.0000000000000000e+00
3.0852436869105304e-01
9.1985237410408449e-01
6.0492765763774520e-02
1.0000000000000000e+00
2.3388351675754393e-01
9.1985237410408449e-01
3.9173508668318396e-02
1.0000000000000000e+00
2.3388351675754393e-01
9.1985237410408449e-01
8.1622097548097378e-02
1.0000000000000000e+00
2.1498033766334856e-01
8.2719874194008303e-01
7.8066516341641551e-02
1.0000000000000000e+00
2.4812176766505445e-01
8.4749957172316503e-01
7.4305452080443507e-02
1.0000000000000000e+00
2.6654658781995977e-01
8.4749957172316503e-01
7.4305452080443507e-02
1.0000000000000000e+00
2.6654658781995977e-01
9.4820715857786131e-01
5.1275054831057792e-02
1.0000000000000000e+00
3.0477309449275936e-01
9.4820715857786131e-01
6.0855232086032635e-02
1.0000000000000000e+00
2.4913490972181762e-01
8.6496594919008207e-01
4.8609611485153442e-02
1.0000000000000000e+00
2.4913490972181762e-01
8.1349093651515436e-01
1.1954051349312073e-02
1.0000000000000000e+00
2.4913490972181762e-01
9.3241743182879877e-01
2.8538785781711346e-02
1.0000000000000000e+00
2.5803822402309606e-01
9.3241743182879877e-01
6.3066422846168285e-02
1.0000000000000000e+00
2.5803822402309606e-01
9.3890420531970453e-01
6.3066422846168285e-02
1.0000000000000000e+00
2.9189030018102358e-01
8.9058245902997446e-01
4.0191197674721485e-02
1.0000000000000000e+00
2.4929271016668508e-01
9.3676185047370386e-01
5.2371536521241074e-02
1.0000000000000000e+00
3.0445002515267561e-01
9.0138589030248117e-01
5.2371536521241074e-02
1.0000000000000000e+00
2.9515587568681667e-01
8.8889570905012083e-01
4.3216930842027074e-02
1.0000000000000000e+00
2.9515587568681667e-01
9.2654157055658293e-01
4.5819790707901126e-02
1.0000000000000000e+00
2.9515587568681667e-01
9.2654157055658293e-01
4.3261663429439073e-02
1.0000000000000000e+00
2.7550132672701011e-01
9.5968327297014189e-01
3.0389806628227239e-02
1.0000000000000000e+00
2.9882772553179393e-01
9.5968327297014189e-01
2.2662744298577314e-02
1.0000000000000000e+00
2.9932787357762436e-01
9.3709908796590757e-01
2.2662744298577314e-02
1.0000000000000000e+00
2.9508956889554838e-01
9.3709908796590757e-01
3.8151302281767135e-02
1.0000000000000000e+00
2.9100131925594042e-01
8.9914626253885221e-01
5.6703193951398140e-02
1.0000000000000000e+00
2.7074349236141870e-01
8.9914626253885221e-01
3.7000464648008352e-02
1.0000000000000000e+00
2.7001989901697243e-01
7.7933900429052305e-01
3.8593550818040973e-02
1.0000000000000000e+00
2.1583347663914765e-01
9.0371720118564558e-01
2.5113380479160702e-02
1.0000000000000000e+00
1.9367456658443416e-01
9.0371720118564558e-01
4.8717782681342220e-02
1.0000000000000000e+00
1.3860521967222894e-01
8.3443928135675383e-01
5.5773047578986740e-02
1.0000000000000000e+00
1.7737941573074067e-01
8.9322310684365225e-01
4.0280908369459217e-02
1.0000000000000000e+00
2.0191913972308839e-01
8.9322310684365225e-01
5.1585070812143391e-02
1.0000000000000000e+00
2.0191913972308839e-01
8.4470803754520607e-01
5.2349843923002487e-02
1.0000000000000000e+00
2.0191913972308839e-01
8.4470803754520607e-01
6.3833918329328304e-02
1.0000000000000000e+00
1.8074815663209165e-01
9.0599106716108513e-01
7.0721981953829532e-02
1.0000000000000000e+00
1.8768578041277806e-01
9.8033552521956158e-01
8.1260961387306457e-02
1.0000000000000000e+00
1.7749546393685023e-01
9.8033552521956158e-01
8.1260961387306457e-02
1.0000000000000000e+00
2.2555931210450808e-01
9.0297913456452084e-01
8.1260961387306457e-02
1.0000000000000000e+00
1.8856533751755933e-01
8.8897727148723793e-01
8.1260961387306457e-02
1.0000000000000000e+00
1.8319275458276252e-01
9.2313703240943146e-01
9.3399729373777524e-02
1.0000000000000000e+00
1.9241419755786637e-01
9.2313703240943146e-01
8.5432364399457589e-02
1.0000000000000000e+00
1.9241419755786637e-01
9.2313703240943146e-01
9.3913611750031128e-02
1.0000000000000000e+00
2.4560772296905498e-01
9.2313703240943146e-01
9.2795387403020874e-02
1.0000000000000000e+00
2.3106605508297662e-01
9.9616796614718628e-01
6.8654898115346447e-02
1.0000000000000000e+00
3.0652856653256322e-01
9.9616796614718628e-01
8.1825071507046238e-02
1.0000000000000000e+00
3.0652856653256322e-01
9.0603572966647339e-01
8.0265032620081916e-02
1.0000000000000000e+00
3.1049231918228770e-01
9.0603572966647339e-01
4.3938469867134705e-02
1.0000000000000000e+00
3.2551511482967044e-01
9.5988596322131348e-01
5.2855286541307583e-02
1.0000000000000000e+00
2.8821382218671943e-01
9.8133059123647404e-01
5.9592422823334351e-02
1.0000000000000000e+00
3.2938422560624758e-01
8.2403452972066593e-01
5.9592422823334351e-02
1.0000000000000000e+00
3.2608104632168988e-01
6.9572104791295719e-01
7.0864525417709961e-02
1.0000000000000000e+00
3.2533421828344444e-01
9.3309128562104893e-01
7.0864525417709961e-02
1.0000000000000000e+00
3.3706664475545267e-01
8.7302066663396549e-01
7.5156147153029457e-02
1.0000000000000000e+00
3.9580847027178834e-01
9.0339821109664631e-01
7.5156147153029457e-02
1.0000000000000000e+00
3.6688061135288308e-01
9.1160875463974667e-01
7.5156147153029457e-02
1.0000000000000000e+00
3.3412424179192612e-01
8.8198191950214100e-01
4.9090966143558040e-02
1.0000000000000000e+00
3.5610680731412003e-01
9.9047293046605778e-01
6.6467644208023563e-02
1.0000000000000000e+00
3.3226414008464644e-01
9.9047293046605778e-01
5.5851404116401687e-02
1.0000000000000000e+00
3.6476438848700354e-01
9.9047293046605778e-01
3.8574040428648010e-02
1.0000000000000000e+00
2.6802387444701026e-01
9.9047293046605778e-01
2.6002651573071495e-02
1.0000000000000000e+00
2.5003758615281413e-01
9.9047293046605778e-01
6.2296895802865043e-02
1.0000000000000000e+00
2.5003758615281413e-01
9.5502658838522625e-01
6.5261701614508644e-02
1.0000000000000000e+00
2.5694711769398282e-01
9.3832601511967373e-01
7.1372775853524223e-02
1.0000000000000000e+00
2.2208212343326750e-01
9.3832601511967373e-01
7.7253542401740566e-02
1.0000000000000000e+00
1.8914614645115080e-01
9.3832601511967373e-01
7.7253542401740566e-02
1.0000000000000000e+00
2.0408190255335512e-01
9.3408737376448703e-01
6.8652761661360279e-02
1.0000000000000000e+00
1.9764603236041012e-01
8.0850119188544345e-01
5.1231286981055751e-02
1.0000000000000000e+00
1.9032984580195489e-01
8.3691421941039157e-01
4.5682064284483209e-02
1.0000000000000000e+00
1.5897552184111419e-01
8.4199860271182847e-01
6.2637557302514330e-02
1.0000000000000000e+00
1.5286323921105804e-01
8.5173821214702916e-01
7.3300595422188058e-02
1.0000000000000000e+00
1.8214474738857689e-01
9.5698966037598443e-01
6.0476897311309591e-02
1.0000000000000000e+00
2.2603927812821212e-01
9.5698966037598443e-01
6.5133802619675413e-02
1.0000000000000000e+00
1.9953974410242381e-01
9.5698966037598443e-01
6.2749643604183808e-02
1.0000000000000000e+00
2.6177334859318080e-01
9.5698966037598443e-01
6.2749643604183808e-02
1.0000000000000000e+00
2.2279035373873057e-01
8.9156164925661874e-01
6.8793170413846388e-02
1.0000000000000000e+00
2.2279035373873057e-01
9.7748637151089501e-01
6.8793170413846388e-02
1.0000000000000000e+00
2.2279035373873057e-01
9.1873143937555146e-01
8.3541759360377915e-02
1.0000000000000000e+00
2.4430216550177875e-01
9.1873143937555146e-01
6.2972235563938744e-02
1.0000000000000000e+00
1.5169211178368869e-01
9.2768052078899932e-01
6.2972235563938744e-02
1.0000000000000000e+00
1.5169211178368869e-01
9.2768052078899932e-01
8.3951705205981858e-02
1.0000000000000000e+00
1.3317212350017371e-01
9.2768052078899932e-01
8.3951705205981858e-02
1.0000000000000000e+00
1.3317212350017371e-01
9.1365910180029464e-01
6.6392822727357276e-02
1.0000000000000000e+00
1.5021660439020934e-01
9.1365910180029464e-01
8.6316209177312031e-03
1.0000000000000000e+00
1.6068200188971105e-01
8.9874368112650704e-01
2.5533992227428831e-02
1.0000000000000000e+00
1.7459631319439950e-01
8.9874368112650704e-01
1.1126786366367020e-02
1.0000000000000000e+00
1.9534819926417413e-01
8.9874368112650704e-01
1.4623030916118301e-02
1.0000000000000000e+00
1.2440952825642171e-01
8.9874368112650704e-01
6.7866967365262654e-04
1.0000000000000000e+00
1.5340223283789101e-01
9.2138825494912457e-01
2.0141346392483689e-02
1.0000000000000000e+00
1.7920353384039345e-01
9.6109555054572415e-01
1.7120353191421606e-02
1.0000000000000000e+00
2.4645853908083382e-01
9.6109555054572415e-01
1.8713987677620031e-02
1.0000000000000000e+00
1.7109075681588592e-01
9.9759121749666524e-01
1.8713987677620031e-02
1.0000000000000000e+00
1.5768231269254329e-01
8.6504798147943807e-01
2.4120455387310363e-02
1.0000000000000000e+00
1.5768231269254329e-01
9.9004753211629581e-01
2.4850684754346736e-02
1.0000000000000000e+00
1.6816427143572810e-01
9.9004753211629581e-01
2.6759689977188833e-02
1.0000000000000000e+00
1.8373027215062621e-01
9.9004753211629581e-01
2.2366210656036861e-02
1.0000000000000000e+00
2.1508172158434036e-01
9.9004753211629581e-01
2.2366210656036861e-02
1.0000000000000000e+00
2.5155380744769218e-01
9.9004753211629581e-01
2.2366210656036861e-02
1.0000000000000000e+00
2.5155380744769218e-01
8.8738802353036594e-01
5.9058768512477405e-02
1.0000000000000000e+00
2.2147384406349602e-01
8.8738802353036594e-01
5.8464894200005807e-02
1.0000000000000000e+00
2.2147384406349602e-01
8.7601866850745869e-01
5.6532478321605600e-02
1.0000000000000000e+00
2.2147384406349602e-01
7.3199296740931463e-01
6.1733744934463181e-02
1.0000000000000000e+00
1.8501733270755949e-01
7.3199296740931463e-01
6.7409958586358704e-02
1.0000000000000000e+00
1.4735673581532183e-01
7.3226440373109658e-01
7.6671991393232025e-02
1.0000000000000000e+00
1.7919644554427805e-01
7.3226440373109658e-01
8.1999857340269960e-02
1.0000000000000000e+00
1.3396724899581613e-01
8.1232871535466988e-01
8.1999857340269960e-02
1.0000000000000000e+00
1.5714821805528345e-01
7.2105013254331429e-01
8.8389889698737539e-02
1.0000000000000000e+00
1.4019477208427134e-01
5.5434069457696755e-01
6.5832737263554014e-02
1.0000000000000000e+00
1.7464947168997469e-01
5.2624662640737374e-01
3.9409487869852461e-02
1.0000000000000000e+00
1.7464947168997469e-01
5.6131118956254800e-01
2.4881170842127182e-02
1.0000000000000000e+00
3.2969129223425853e-01
7.3044033768819649e-01
2.4881170842127182e-02
1.0000000000000000e+00
3.6115054924090373e-01
6.7968696031020959e-01
2.4881170842127182e-02
1.0000000000000000e+00
3.0906030301053988e-01
6.5058662417577584e-01
2.3800418491737224e-02
1.0000000000000000e+00
2.7937153305907714e-01
6.5058662417577584e-01
2.1427129174844600e-02
1.0000000000000000e+00
3.5837648388047683e-01
7.2587476345943291e-01
3.8260387967602588e-02
1.0000000000000000e+00
2.8540643069942462e-01
6.3800535142654557e-01
3.8260387967602588e-02
1.0000000000000000e+00
3.3020747218330371e-01
7.1332999855512758e-01
3.8260387967602588e-02
1.0000000000000000e+00
3.4644156646032798e-01
7.1332999855512758e-01
2.9295043682941474e-02
1.0000000000000000e+00
2.8963800378193127e-01
9.4626214891904969e-01
2.0896829327830352e-02
1.0000000000000000e+00
2.5503848351587521e-01
9.7622635193401952e-01
1.8277266657241859e-02
1.0000000000000000e+00
2.3523072943140733e-01
7.7368557431036611e-01
1.6849989433103479e-02
1.0000000000000000e+00
2.6343705922414529e-01
7.7558391996426512e-01
5.6367836783465519e-03
1.0000000000000000e+00
2.3552882157315480e-01
8.4137226351303984e-01
3.5449828382843412e-02
1.0000000000000000e+00
2.2904398895849454e-01
7.2558948107762267e-01
4.7055553075188078e-02
1.0000000000000000e+00
1.9546231206555831e-01
8.8487627812428404e-01
4.2954569112771429e-02
1.0000000000000000e+00
2.0464723695118892e-01
7.0284544107271363e-01
3.5439160548412479e-02
1.0000000000000000e+00
2.0052624026362764e-01
6.3119741705013444e-01
1.2985972583555855e-02
1.0000000000000000e+00
1.9165142903153765e-01
3.7454935339046647e-01
3.0393366592761650e-03
1.0000000000000000e+00
2.0633007584189045e-01
3.7454935339046647e-01
2.2443602688872494e-02
1.0000000000000000e+00
2.2796755841051208e-01
4.5172463905764748e-01
2.2443602688872494e-02
1.0000000000000000e+00
1.7660896385137903e-01
4.7257755500031640e-01
4.7796533338987507e-02
1.0000000000000000e+00
1.5668245868806707e-01
4.7257755500031640e-01
2.7553119592630543e-02
1.0000000000000000e+00
2.0978170352105963e-01
4.4956435252679516e-01
2.1509569034242310e-02
1.0000000000000000e+00
2.4964090015788543e-01
4.7783944559050728e-01
2.1509569034242310e-02
1.0000000000000000e+00
2.4964090015788543e-01
3.8620045584393670e-01
2.6148926362657227e-02
1.0000000000000000e+00
3.1103561211426722e-01
8.0140563648892571e-01
1.9927215658390202e-02
1.0000000000000000e+00
2.5590130824645030e-01
8.0456544052576651e-01
4.0942327946686424e-02
1.0000000000000000e+00
2.5590130824645030e-01
7.1618335846578707e-01
4.0942327946686424e-02
1.0000000000000000e+00
2.4330923844178187e-01
7.5023111853515734e-01
5.0773591164761461e-02
1.0000000000000000e+00
2.1885121251040118e-01
6.9753466699039568e-01
1.9757416402717359e-02
1.0000000000000000e+00
2.3442497486763614e-01
4.8378725502407183e-01
4.2154526641388662e-02
1.0000000000000000e+00
2.7263439456515925e-01
9.2418611621251334e-01
4.2154526641388662e-02
1.0000000000000000e+00
2.5891096154742854e-01
7.7522156214108695e-01
4.3692512741108663e-02
1.0000000000000000e+00
2.4720837558203357e-01
6.3320018922677268e-01
3.8254072727431782e-02
1.0000000000000000e+00
2.4720837558203357e-01
6.6923407291760673e-01
6.2537615258042939e-02
1.0000000000000000e+00
3.0390075656401905e-01
6.0246586253633727e-01
6.7986860010569222e-02
1.0000000000000000e+00
3.6802137309501859e-01
6.0246586253633727e-01
4.9079571455513366e-02
1.0000000000000000e+00
3.6802137309501859e-01
6.7794432690134276e-01
9.2502374738251097e-02
1.0000000000000000e+00
3.2945845687578412e-01
6.4192961727967490e-01
9.9379569886514224e-02
1.0000000000000000e+00
3.7088111268172952e-01
4.6713437711587180e-01
1.0278518883351354e-01
1.0000000000000000e+00
3.9914273323307725e-01
7.5892040705075492e-01
1.0959246720958618e-01
1.0000000000000000e+00
4.4338513484041187e-01
7.4099543517222632e-01
8.3280151373037375e-02
1.0000000000000000e+00
4.4338513484041187e-01
7.5843685505678882e-01
7.7157830482610740e-02
1.0000000000000000e+00
4.5449756171370836e-01
7.5843685505678882e-01
9.8594146909454145e-02
1.0000000000000000e+00
4.1491356577540728e-01
8.3457869676640262e-01
9.9908208603301324e-02
1.0000000000000000e+00
4.3080655757154318e-01
7.5383329776814212e-01
1.0413158255469171e-01
1.0000000000000000e+00
4.4013948079015108e-01
6.8556178746512164e-01
1.1240716500979034e-01
1.0000000000000000e+00
4.4013948079015108e-01
8.2348425326636066e-01
1.1377900828447310e-01
1.0000000000000000e+00
4.2015828277732226e-01
9.2832403829088439e-01
1.1377900828447310e-01
1.0000000000000000e+00
3.8897505488063189e-01
9.2832403829088439e-01
1.2893421751286951e-01
1.0000000000000000e+00
3.9497943121756407e-01
9.2919747002888475e-01
1.3480019745256869e-01
1.0000000000000000e+00
4.3537345427836271e-01
8.3917785652447496e-01
1.3209680061627296e-01
1.0000000000000000e+00
4.3537345427836271e-01
9.2488287047017370e-01
1.1284766836397467e-01
1.0000000000000000e+00
4.1146310876871439e-01
9.2488287047017370e-01
1.0423908779703198e-01
1.0000000000000000e+00
4.0422830816174837e-01
9.2488287047017370e-01
1.0075803707659362e-01
1.0000000000000000e+00
3.7137702192927691e-01
9.2488287047017370e-01
1.0075803707659362e-01
1.0000000000000000e+00
3.5648922096521574e-01
9.2488287047017370e-01
1.0429914133928833e-01
1.0000000000000000e+00
3.5648922096521574e-01
9.2828918581362818e-01
1.0429914133928833e-01
1.0000000000000000e+00
3.5648922096521574e-01
9.5017053263727580e-01
1.2668002980135498e-01
1.0000000000000000e+00
3.7580874409110265e-01
9.5017053263727580e-01
1.2668002980135498e-01
1.0000000000000000e+00
2.6011498491794782e-01
9.7982706765178595e-01
1.2668002980135498e-01
1.0000000000000000e+00
2.2529349602342563e-01
9.7982706765178595e-01
1.4340062370829401e-01
1.0000000000000000e+00
2.4662353224636036e-01
9.7982706765178595e-01
1.3563694247350214e-01
1.0000000000000000e+00
3.2152149207473713e-01
9.7982706765178595e-01
1.1034201191578177e-01
1.0000000000000000e+00
2.8252191315920072e-01
9.7982706765178595e-01
1.1034201191578177e-01
1.0000000000000000e+00
2.8252191315920072e-01
9.6341748798731719e-01
1.1118966313151760e-01
1.0000000000000000e+00
2.6952126655311304e-01
9.6341748798731719e-01
1.1118966313151760e-01
1.0000000000000000e+00
2.6952126655311304e-01
9.6147733444813643e-01
1.1118966313151760e-01
1.0000000000000000e+00
3.1374111059636789e-01
9.6147733444813643e-01
1.1118966313151760e-01
1.0000000000000000e+00
3.4570596772761064e-01
9.6147733444813643e-01
1.0290839588342351e-01
1.0000000000000000e+00
3.5188150718391853e-01
9.6657305986154829e-01
1.0290839588342351e-01
1.0000000000000000e+00
3.2472428060651737e-01
9.4636769250500952e-01
1.0290839588342351e-01
1.0000000000000000e+00
2.9606893039823490e-01
9.5073629119433467e-01
1.0290839588342351e-01
1.0000000000000000e+00
2.9606893039823490e-01
9.7499317438341682e-01
8.4725937527400680e-02
1.0000000000000000e+00
2.9606893039823490e-01
9.7499317438341682e-01
1.0474758648852003e-01
1.0000000000000000e+00
3.3357738364071565e-01
9.7499317438341682e-01
1.0688951572010411e-01
1.0000000000000000e+00
3.3889851565987783e-01
9.7499317438341682e-01
1.0673261045085383e-01
1.0000000000000000e+00
3.1794428148356246e-01
9.7499317438341682e-01
1.0115113605352236e-01
1.0000000000000000e+00
2.9228991338101196e-01
9.7499317438341682e-01
9.4936860795860417e-02
1.0000000000000000e+00
2.9228991338101196e-01
9.3117515272460882e-01
1.0520838487500442e-01
1.0000000000000000e+00
2.6662103341010379e-01
8.9860208607278769e-01
8.5358043271844514e-02
1.0000000000000000e+00
2.6662103341010379e-01
9.3059641397558157e-01
9.4477169053425319e-02
1.0000000000000000e+00
3.3097323843327331e-01
9.3059641397558157e-01
9.4477169053425319e-02
1.0000000000000000e+00
2.9399679063868689e-01
9.3059641397558157e-01
1.0391369073258830e-01
1.0000000000000000e+00
2.9643378125552999e-01
8.8747291541658346e-01
9.4712103554775245e-02
1.0000000000000000e+00
2.8148994849112796e-01
9.6319147474132483e-01
9.4712103554775245e-02
1.0000000000000000e+00
2.1487204984811115e-01
9.4410260482691233e-01
9.4712103554775245e-02
1.0000000000000000e+00
2.1487204984811115e-01
9.4410260482691233e-01
7.5309124612977035e-02
1.0000000000000000e+00
2.2917975180831718e-01
9.4410260482691233e-01
8.0249908217956550e-02
1.0000000000000000e+00
2.0874472589281368e-01
8.6819636165164416e-01
9.2969837436248787e-02
1.0000000000000000e+00
2.0037931737539338e-01
8.6819636165164416e-01
9.2873853469063766e-02
1.0000000000000000e+00
2.5830005922404098e-01
9.4404967962764208e-01
9.6691163327341206e-02
1.0000000000000000e+00
3.0510275320199298e-01
9.6373166791163389e-01
1.0566226493174327e-01
1.0000000000000000e+00
3.0741615777884590e-01
9.0056113800965254e-01
9.9962000805680878e-02
1.0000000000000000e+00
2.7470177270521390e-01
9.2475978932343428e-01
9.9962000805680878e-02
1.0000000000000000e+00
3.0177271690268981e-01
8.9778678952716295e-01
9.9962000805680878e-02
1.0000000000000000e+00
3.2771125154619085e-01
8.2566423057578509e-01
9.9962000805680878e-02
1.0000000000000000e+00
3.0982313955252039e-01
8.2566423057578509e-01
9.7943640384619363e-02
1.0000000000000000e+00
2.9842711960014867e-01
8.2566423057578509e-01
9.3599893688951857e-02
1.0000000000000000e+00
2.9842711960014867e-01
9.0069419979117815e-01
6.7247058684733935e-02
1.0000000000000000e+00
2.4415307187524604e-01
9.0069419979117815e-01
6.7247058684733935e-02
1.0000000000000000e+00
1.8455735755202340e-01
9.0069419979117815e-01
6.6762063693749957e-02
1.0000000000000000e+00
1.7780681208756732e-01
9.0069419979117815e-01
3.7363969296711735e-02
1.0000000000000000e+00
1.7780681208756732e-01
9.0635479469783609e-01
5.2616522223252110e-02
1.0000000000000000e+00
1.7780681208756732e-01
9.1038493295200174e-01
8.4283629939454846e-02
1.0000000000000000e+00
2.6876794801142978e-01
9.1469626543112104e-01
8.3542233840125851e-02
1.0000000000000000e+00
2.8419160165873336e-01
9.2548771989531819e-01
8.3542233840125851e-02
1.0000000000000000e+00
3.0375762724366950e-01
9.9006584794260566e-01
8.3542233840125851e-02
1.0000000000000000e+00
2.5819408961621093e-01
9.7449645162560050e-01
8.3542233840125851e-02
1.0000000000000000e+00
2.0981173005935716e-01
9.4003689051605765e-01
6.7934562959271722e-02
1.0000000000000000e+00
2.0981173005935716e-01
9.2288100481964652e-01
6.9245506585139088e-02
1.0000000000000000e+00
2.0981173005935716e-01
9.7886598617769782e-01
7.0322402910824172e-02
1.0000000000000000e+00
2.3296131354805993e-01
9.2465483997948472e-01
7.0322402910824172e-02
1.0000000000000000e+00
2.3296131354805993e-01
9.2465483997948472e-01
6.2942835660214774e-02
1.0000000000000000e+00
2.6422532436487245e-01
9.5141730499453847e-01
6.3567750372021697e-02
1.0000000000000000e+00
2.9044356690070572e-01
9.5619480307213967e-01
6.1238044157653354e-02
1.0000000000000000e+00
2.9044356690070572e-01
9.5725540311541413e-01
4.8064909160166286e-02
1.0000000000000000e+00
2.1216918683427366e-01
9.5725540311541413e-01
4.8064909160166286e-02
1.0000000000000000e+00
2.4279727360050174e-01
9.5725540311541413e-01
5.2159198310255311e-02
1.0000000000000000e+00
2.4279727360050174e-01
9.5725540311541413e-01
4.7973876802279852e-02
1.0000000000000000e+00
2.4279727360050174e-01
9.5725540311541413e-01
4.9144433619949274e-02
1.0000000000000000e+00
2.0522222241203281e-01
9.0908412130083893e-01
1.4659606660279684e-02
1.0000000000000000e+00
2.0245189165513011e-01
8.6998885364737366e-01
1.4659606660279684e-02
1.0000000000000000e+00
3.3259950524012538e-01
9.4244551898445938e-01
8.4105544206977412e-03
1.0000000000000000e+00
3.3259950524012538e-01
9.4244551898445938e-01
3.4662760277569815e-03
1.0000000000000000e+00
3.3259950524012538e-01
7.1419149877037857e-01
3.4662760277569815e-03
1.0000000000000000e+00
3.6875342709760162e-01
7.1419149877037857e-01
3.3703229761158637e-03
1.0000000000000000e+00
3.6732081723681631e-01
8.7106663228478287e-01
4.0240600261313431e-03
1.0000000000000000e+00
3.7305245994872394e-01
8.7552862481679772e-01
2.8690790340624522e-02
1.0000000000000000e+00
3.5792317967212739e-01
9.4483626501169060e-01
4.6053977266274165e-02
1.0000000000000000e+00
3.9754910375273766e-01
9.4483626501169060e-01
3.6695743668678921e-02
1.0000000000000000e+00
3.9754910375273766e-01
7.4250298978295182e-01
3.6695743668678921e-02
1.0000000000000000e+00
3.9754910375273766e-01
6.9848611818160866e-01
5.3042762670520466e-02
1.0000000000000000e+00
3.5668206940687242e-01
6.9848611818160866e-01
5.9683072138432186e-02
1.0000000000000000e+00
3.0681236814058366e-01
6.9848611818160866e-01
5.9555406148865592e-02
1.0000000000000000e+00
2.8365722465611043e-01
6.9848611818160866e-01
7.3585641037061583e-02
1.0000000000000000e+00
2.6656107771492543e-01
8.0912089960183953e-01
8.1056030865147483e-02
1.0000000000000000e+00
2.3579070790952983e-01
8.0912089960183953e-01
7.3918426807358634e-02
1.0000000000000000e+00
2.2221782644561472e-01
7.8972717986907814e-01
7.3918426807358634e-02
1.0000000000000000e+00
2.5913293058334830e-01
8.4946466849651192e-01
5.4230299244954955e-02
1.0000000000000000e+00
2.5913293058334830e-01
7.8760165588464592e-01
9.8478740013524663e-02
1.0000000000000000e+00
2.8488481002210619e-01
7.7628430405166005e-01
8.0433288521453511e-02
1.0000000000000000e+00
3.4862512121259215e-01
7.9657600873615597e-01
8.4629002425208461e-02
1.0000000000000000e+00
3.3342453981100562e-01
7.9657600873615597e-01
8.9711256082955521e-02
1.0000000000000000e+00
3.5471769379734042e-01
8.1229412376414989e-01
7.9001843687001388e-02
1.0000000000000000e+00
3.0690706385581734e-01
9.4892617880832408e-01
9.3302125334594171e-02
1.0000000000000000e+00
3.1978992143928053e-01
9.4892617880832408e-01
9.4380949498008709e-02
1.0000000000000000e+00
3.2426719138680937e-01
9.2128887220751499e-01
9.5925760329555493e-02
1.0000000000000000e+00
3.2426719138680937e-01
9.9858335598837589e-01
5.6225250349234562e-02
1.0000000000000000e+00
3.1295573761968853e-01
9.9858335598837589e-01
5.9164405907358747e-02
1.0000000000000000e+00
3.1295573761968853e-01
9.9858335598837589e-01
6.1817396771948557e-02
1.0000000000000000e+00
3.0471826767831089e-01
9.9858335598837589e-01
6.3722940516163368e-02
1.0000000000000000e+00
3.0973717993407490e-01
9.9858335598837589e-01
6.2582060816203017e-02
1.0000000000000000e+00
3.0973717993407490e-01
9.9858335598837589e-01
3.2278288742963929e-02
1.0000000000000000e+00
2.6125766573755982e-01
9.9858335598837589e-01
8.6455071932141442e-02
1.0000000000000000e+00
2.8275678520373049e-01
9.7757553874980663e-01
8.6455071932141442e-02
1.0000000000000000e+00
3.1708956350854578e-01
9.7757553874980663e-01
9.0720780780975480e-02
1.0000000000000000e+00
