4
94
3.3292869761868360e-01
9.6072683397214864e-01
1.0819751192320842e-02
1.0000000000000000e+00
1.9612437653637471e-01
9.1753500986378644e-01
5.9403697092056978e-02
1.0000000000000000e+00
1.7174169478033718e-01
9.0264007363002752e-01
8.2897194673569180e-02
1.0000000000000000e+00
3.4384736754958567e-01
8.5576323939021681e-01
8.8527639117819495e-02
1.0000000000000000e+00
3.3843110791434583e-01
9.5191380342002963e-01
9.2840231327136286e-02
1.0000000000000000e+00
2.6741530570228633e-01
9.3397983310278510e-01
6.2683315162394143e-02
1.0000000000000000e+00
2.4397994575059556e-01
8.4633717529941355e-01
7.9758300824869371e-02
1.0000000000000000e+00
3.7804736345509582e-01
9.1119249754119669e-01
1.1169459871653090e-01
1.0000000000000000e+00
3.4946961092731499e-01
9.5410251554567371e-01
9.4590654771855048e-02
1.0000000000000000e+00
2.7567502742834904e-01
8.7817759190220390e-01
8.1821433560071460e-02
1.0000000000000000e+00
2.9299847901069143e-01
8.2228876214940105e-01
6.6729390070213418e-02
1.0000000000000000e+00
3.0980619779523977e-01
7.8985190701205288e-01
7.4816931920031499e-02
1.0000000000000000e+00
2.8621610169733458e-01
5.7228345128241931e-01
6.8313980314178485e-02
1.0000000000000000e+00
4.7346408284005292e-01
4.4554888836573814e-01
9.8288671331010852e-02
1.0000000000000000e+00
4.8006438920941719e-01
8.6389329291414474e-01
7.2537316226862464e-02
1.0000000000000000e+00
5.1135011753734716e-01
8.1651933614630257e-01
6.8454812498293910e-02
1.0000000000000000e+00
5.1149802820958712e-01
9.4297509166499371e-01
4.5709148150399420e-02
1.0000000000000000e+00
4.1037464610502639e-01
7.1545608054002519e-01
7.2432170723095629e-02
1.0000000000000000e+00
3.6111571938175757e-01
6.6513991068204636e-01
2.5968532179012987e-02
1.0000000000000000e+00
2.6658189315725167e-01
4.3164363262330885e-01
2.4934861880956311e-02
1.0000000000000000e+00
3.4820666276294787e-01
5.0626144875859613e-01
2.7518459551265556e-02
1.0000000000000000e+00
3.7644701411858250e-01
7.8937826669862265e-01
2.8774810852246452e-02
1.0000000000000000e+00
4.3464593546462993e-01
9.8270241162827010e-01
6.3440901823105383e-02
1.0000000000000000e+00
2.1372664676977138e-01
9.8262187085201735e-01
5.7858909726837743e-02
1.0000000000000000e+00
3.1723454842807541e-01
8.5372345886280532e-01
2.0283015429504309e-02
1.0000000000000000e+00
2.9086861716581325e-01
7.6387088504707212e-01
4.7283864397286435e-03
1.0000000000000000e+00
1.3534969490950743e-01
7.8161284831439848e-01
1.9568384536887612e-02
1.0000000000000000e+00
1.8100049187427203e-01
7.8930296228354568e-01
3.6220548528126534e-02
1.0000000000000000e+00
2.1862772692924182e-01
7.6075520265003438e-01
5.3339333512758463e-02
1.0000000000000000e+00
1.4597117438910345e-01
3.1211410594260092e-01
6.0574164271292835e-02
1.0000000000000000e+00
2.8315135141832570e-01
8.9119377904426078e-01
6.1735383124960214e-02
1.0000000000000000e+00
2.0371951533246602e-01
8.6289599186129640e-01
5.7076225034597888e-02
1.0000000000000000e+00
4.3873822407562102e-01
9.3691639529861281e-01
6.0602813005152717e-02
1.0000000000000000e+00
4.2589209104420434e-01
7.7728578911483059e-01
5.9578310442793742e-02
1.0000000000000000e+00
4.7358812686519514e-01
8.6388676052301894e-01
7.6606354653540626e-02
1.0000000000000000e+00
4.4002874223309618e-01
7.0763186735421191e-01
6.4143185830380395e-02
1.0000000000000000e+00
2.3167642460697380e-01
5.4452472294069598e-01
3.0911462358835712e-02
1.0000000000000000e+00
2.6380544308716480e-01
7.8677114632300804e-01
6.1748531042303517e-02
1.0000000000000000e+00
2.8735555512042765e-01
5.6406657418556283e-01
2.4911350027741724e-02
1.0000000000000000e+00
2.6587897876828492e-01
4.0753753969765971e-01
7.8730795455248886e-02
1.0000000000000000e+00
3.0180080991789282e-01
6.0984924828953813e-01
5.7347488163122767e-02
1.0000000000000000e+00
3.8957150688014508e-01
3.2939560685626934e-01
9.2722703392701084e-02
1.0000000000000000e+00
2.9430411418519498e-01
1.3146185070654615e-01
8.1297749292480154e-02
1.0000000000000000e+00
3.6313574249010117e-01
8.7778873359347931e-01
9.8861447290892107e-02
1.0000000000000000e+00
2.7591021265919835e-01
7.7222753609094075e-01
8.7752403446847899e-02
1.0000000000000000e+00
2.0413475763137967e-01
8.2251721494394592e-01
7.6197249133747397e-02
1.0000000000000000e+00
2.0739696291360588e-01
8.2127666347223571e-01
5.9301717573453067e-02
1.0000000000000000e+00
2.2761713026642383e-01
7.2902364530164054e-01
4.9667581176527170e-02
1.0000000000000000e+00
3.1459173630076975e-01
6.9723559417325309e-01
3.7641537665877023e-03
1.0000000000000000e+00
3.6111672758210034e-01
6.3394579863670519e-01
3.5985648707628576e-02
1.0000000000000000e+00
3.5967294336381883e-01
8.7277015323779783e-01
8.0636896300348426e-04
1.0000000000000000e+00
3.8494612489097335e-01
9.0651905003032884e-01
4.2250203044295637e-02
1.0000000000000000e+00
2.5899355069935837e-01
6.6947754660650394e-01
2.5307426657582260e-02
1.0000000000000000e+00
2.6446053470220932e-01
9.2351287081401101e-01
5.0513784218401275e-02
1.0000000000000000e+00
2.4294176724009731e-01
7.1802313697553477e-01
1.7071991510511003e-02
1.0000000000000000e+00
2.0000755161248662e-01
8.3874934238410792e-01
6.5131439404558483e-02
1.0000000000000000e+00
2.7237464467265227e-01
5.9610658676392636e-01
5.2840956878844741e-02
1.0000000000000000e+00
2.7266637681253769e-01
9.7654121021769247e-01
5.8480891594626938e-03
1.0000000000000000e+00
2.6923654091746130e-01
5.3860029743082127e-01
5.3484187271442357e-02
1.0000000000000000e+00
2.6644417719302282e-01
6.9483231079793772e-01
4.8729669782096613e-02
1.0000000000000000e+00
1.8617541651559577e-01
3.3218324814952216e-01
6.8694209810109902e-02
1.0000000000000000e+00
4.5457972200614449e-01
1.4991800931311450e-01
1.0801467196060913e-01
1.0000000000000000e+00
5.1573412293595311e-01
2.1082631872995994e-01
1.1047053315187441e-01
1.0000000000000000e+00
3.3310356816303965e-01
1.2189400168426845e-02
1.0283375981007339e-01
1.0000000000000000e+00
1.9455482157439974e-01
-2.1400962238840249e-02
9.9032039171197545e-02
1.0000000000000000e+00
3.5320821432190996e-01
5.8917767160601220e-01
9.6914444408957939e-02
1.0000000000000000e+00
2.3391401703787551e-01
8.5444204953528247e-01
9.4389436998517345e-02
1.0000000000000000e+00
2.9781837741114714e-01
8.4911334167263708e-01
1.0039573100139024e-01
1.0000000000000000e+00
2.8331503857128837e-01
7.7264082643232546e-01
1.0020807552709812e-01
1.0000000000000000e+00
2.5480413265262314e-01
7.9078385747998259e-01
8.4210538581010047e-02
1.0000000000000000e+00
4.4623486456197270e-01
6.2705532882391712e-01
7.1884281626898888e-02
1.0000000000000000e+00
2.6108720552377918e-01
8.6104935456096432e-01
7.7937875742554757e-02
1.0000000000000000e+00
2.5441231069356718e-01
7.7248260660126111e-01
6.6406842422202322e-02
1.0000000000000000e+00
3.2855554114297547e-01
8.8223789541079900e-01
5.8097244545115251e-02
1.0000000000000000e+00
1.7323174842834987e-01
8.4370409047260186e-01
2.7589381460620649e-02
1.0000000000000000e+00
3.3683024582654753e-01
7.5834516321338019e-01
3.7013603046125360e-02
1.0000000000000000e+00
3.1412391891439029e-01
3.3069464915461144e-01
5.2814910151118971e-02
1.0000000000000000e+00
3.7815214847881862e-01
8.2479113295703432e-01
5.9453622866476513e-02
1.0000000000000000e+00
3.5851993030604490e-01
9.7933242332219383e-01
1.0885363145553134e-02
1.0000000000000000e+00
2.6533656954501339e-01
9.5097495943336985e-01
6.1016261278473399e-02
1.0000000000000000e+00
4.0397964409288534e-01
9.0048511840432188e-01
5.6002224379972182e-02
1.0000000000000000e+00
2.9215980175735012e-01
8.8215469640708766e-01
2.9215896435835026e-02
1.0000000000000000e+00
2.0279155665861026e-01
8.5462135241396031e-01
3.6450042323031090e-02
1.0000000000000000e+00
3.5710634483342574e-01
7.6518971116529433e-01
7.7882684468113444e-02
1.0000000000000000e+00
2.7493744925681085e-01
6.5941823848770587e-01
5.5844440291457437e-02
1.0000000000000000e+00
2.3369238223034472e-01
5.9207023789422242e-01
2.6884375597637705e-02
1.0000000000000000e+00
2.1880146605047912e-01
4.3176709969775406e-01
7.8463668111999146e-02
1.0000000000000000e+00
2.7016746800012470e-01
2.1961237902069120e-01
4.8027564879794232e-02
1.0000000000000000e+00
2.3429925961039544e-01
1.1448628218277013e-01
1.3262125298842881e-02
1.0000000000000000e+00
2.1226265665694655e-01
-7.2149520231978381e-01
3.3035086277868692e-02
1.0000000000000000e+00
2.5371057182286449e-01
-8.3334420229875827e-01
2.4028675906356517e-02
1.0000000000000000e+00
1.9509843780627989e-01
-7.0115790078052664e-01
1.7330800691615883e-02
1.0000000000000000e+00
1.5911567348024391e-01
-7.5849759233751679e-01
3.7719617640595976e-02
1.0000000000000000e+00
1.7307843544489288e-01
-3.3752067507812167e-01
1.2841542643491272e-02
1.0000000000000000e+00
