4
95
3.2555112203044700e-01
5.4918541133956755e-01
1.5388067173771561e-01
1.0000000000000000e+00
2.0047561883620801e-01
3.6227292687253798e-01
1.6186685780994595e-01
1.0000000000000000e+00
1.8309129758199560e-01
5.5886895748408283e-01
1.5138367463951000e-01
1.0000000000000000e+00
1.3445780130496132e-01
6.4208765959920133e-01
1.6567357332096436e-01
1.0000000000000000e+00
1.9826318633204210e-01
6.8372658457228686e-01
1.7884639073745348e-01
1.0000000000000000e+00
1.7112416757663595e-01
6.6622955573693621e-01
1.6987806878169068e-01
1.0000000000000000e+00
2.5151562320752419e-01
7.6232401689485418e-01
1.7916803754051217e-01
1.0000000000000000e+00
2.5536852321602055e-01
7.1862247062817919e-01
1.7362688175635413e-01
1.0000000000000000e+00
4.2738295140225091e-01
6.8048752763279485e-01
1.7423502131132410e-01
1.0000000000000000e+00
4.8446406922084861e-01
6.6074052092590141e-01
1.5312449963821564e-01
1.0000000000000000e+00
3.0779510463253246e-01
5.9067881551600299e-01
1.3940720992977731e-01
1.0000000000000000e+00
2.7514977037571953e-01
6.6477486190415225e-01
1.2810008006053977e-01
1.0000000000000000e+00
3.7281306885779486e-01
5.4863310001819632e-01
1.1759421729366296e-01
1.0000000000000000e+00
4.0095644712346257e-01
5.1257544152467749e-01
1.1717199172708206e-01
1.0000000000000000e+00
3.2341969886692823e-01
8.2463929384975931e-01
1.4278356148279273e-01
1.0000000000000000e+00
3.9289173565703095e-01
9.0102144751726887e-01
1.4056633271102328e-01
1.0000000000000000e+00
3.5169336153558106e-01
8.7173315931140682e-01
1.1852270287054126e-01
1.0000000000000000e+00
2.5437496416634531e-01
7.8304236836702334e-01
1.3202430788951461e-01
1.0000000000000000e+00
2.8518938320121379e-01
8.0140511028439509e-01
1.4425024734518957e-01
1.0000000000000000e+00
3.2799649099251837e-01
7.8812792350508976e-01
1.2463035674009007e-01
1.0000000000000000e+00
2.7330326458104537e-01
8.8281037065171408e-01
1.0760881467431319e-01
1.0000000000000000e+00
3.4241206577644334e-01
9.5492161473230230e-01
1.3387727033987176e-01
1.0000000000000000e+00
2.3216724448502646e-01
9.5492161473230230e-01
1.3388614121649881e-01
1.0000000000000000e+00
2.7923953248318867e-01
9.3145077850640523e-01
1.1528762963425834e-01
1.0000000000000000e+00
2.9661064263564185e-01
9.7538802761555421e-01
1.2533273930021097e-01
1.0000000000000000e+00
2.6770587725695805e-01
9.7057671088696229e-01
1.2919688455585857e-01
1.0000000000000000e+00
3.0911488359924988e-01
9.5891345839918363e-01
1.2759452284954023e-01
1.0000000000000000e+00
4.5355048359851935e-01
9.7546531563129979e-01
1.0548565921781120e-01
1.0000000000000000e+00
1.6820807298427098e-01
9.2592036922433185e-01
9.2438258865149697e-02
1.0000000000000000e+00
3.1204483865076327e-01
8.9360570919670868e-01
8.6810176458675420e-02
1.0000000000000000e+00
2.0055130891341832e-01
9.0270918664173228e-01
2.7773944451473659e-02
1.0000000000000000e+00
3.7297033936556545e-01
8.8555563297704798e-01
2.2790540731512016e-02
1.0000000000000000e+00
1.2395550635483232e-01
7.0428177049034280e-01
5.7962574320845311e-02
1.0000000000000000e+00
1.6574346785273519e-01
4.0020633960812124e-01
8.2777167577296501e-02
1.0000000000000000e+00
2.1121304059124668e-01
1.9048650010226997e-01
8.4169231262058025e-02
1.0000000000000000e+00
3.5082148477158626e-01
7.2196858066308822e-02
4.9261092464439576e-02
1.0000000000000000e+00
1.6155896736381692e-01
2.4704080081282886e-01
2.0729524979833519e-02
1.0000000000000000e+00
3.6497843270262820e-01
1.0652146098873350e-01
6.2196225824300205e-02
1.0000000000000000e+00
3.6794463316982728e-01
-1.5442111267038849e-01
2.6359999983105814e-02
1.0000000000000000e+00
2.6641698430830729e-01
-1.0712340211757687e-01
3.5852966096717870e-02
1.0000000000000000e+00
2.7576103182582301e-01
-5.6459828017541436e-01
1.2617596308700796e-03
1.0000000000000000e+00
3.7732424312343937e-01
-1.0082509292551545e-01
2.8738956514280295e-02
1.0000000000000000e+00
3.8998155300578219e-01
3.5975047216925349e-02
1.9987488712649798e-02
1.0000000000000000e+00
3.0842198017126066e-01
-8.1840547470637826e-01
3.3813945448491728e-02
1.0000000000000000e+00
3.5648780949486536e-01
-8.0914534459152487e-01
5.2179933025036013e-02
1.0000000000000000e+00
3.8508352295684745e-01
-5.4874574712739554e-01
6.8874926911666995e-02
1.0000000000000000e+00
2.6836744168031146e-01
-7.6344541779981223e-01
8.0478540004696703e-02
1.0000000000000000e+00
2.9544391933086445e-01
-7.7832714508549539e-01
4.3239216285292065e-02
1.0000000000000000e+00
2.6583402960750391e-01
-5.4497037076653210e-01
6.1454091186169540e-02
1.0000000000000000e+00
4.0769227805503760e-01
1.2434893666504654e-01
3.1455095182172960e-02
1.0000000000000000e+00
2.9435751236815122e-01
-6.4556927786470619e-01
1.8190336646512206e-03
1.0000000000000000e+00
3.0259886941712466e-01
-2.0064625510276524e-01
1.3915977464057511e-02
1.0000000000000000e+00
3.3935726549316314e-01
3.5615166213101479e-01
4.7362131089903420e-02
1.0000000000000000e+00
3.3595296071877101e-01
4.2346847878507110e-01
3.6123756051529204e-02
1.0000000000000000e+00
2.9703560740023249e-01
-5.7985353207477597e-01
2.5567203725222504e-02
1.0000000000000000e+00
2.6443836664117271e-01
-1.2740134464838770e-01
4.9850475770654712e-04
1.0000000000000000e+00
2.4774253753281528e-01
2.3136134102678629e-01
4.9881635870042379e-02
1.0000000000000000e+00
2.0048507734469467e-01
4.1981217600987297e-01
3.9268978576365049e-02
1.0000000000000000e+00
1.4809041063568884e-01
4.2846842748695058e-01
9.8323594389512492e-03
1.0000000000000000e+00
2.2168335691827679e-01
5.0591759975650352e-01
4.1197176611240144e-02
1.0000000000000000e+00
2.7619003691512489e-01
5.0890833731391472e-01
6.0516088440272148e-02
1.0000000000000000e+00
4.0006723162520075e-01
1.6699047512956899e-01
6.1401143811599473e-02
1.0000000000000000e+00
2.9516772542416447e-01
5.5123998723574918e-01
6.4229450039056252e-02
1.0000000000000000e+00
3.3226453547837309e-01
9.7108359528356236e-01
6.8104181958551641e-02
1.0000000000000000e+00
2.6110587583394818e-01
9.7800196693860930e-01
3.8371748345161910e-02
1.0000000000000000e+00
3.3731792971963159e-01
9.5526707805111077e-01
3.6030760344147039e-03
1.0000000000000000e+00
1.9481245966750294e-01
9.7211950439377692e-01
3.5556308048035140e-02
1.0000000000000000e+00
1.3346272957284100e-01
8.9716799584566620e-01
9.0288687264182960e-02
1.0000000000000000e+00
3.8127677113521941e-01
7.3532926132320431e-01
1.0356206896503864e-01
1.0000000000000000e+00
2.6382464653585203e-01
6.1953651932417420e-01
1.0994354782415031e-01
1.0000000000000000e+00
2.5378181086858831e-01
8.3520486646448266e-01
1.1298582512208669e-01
1.0000000000000000e+00
2.5160062202490963e-01
7.4289990843390119e-01
1.2904814300381987e-01
1.0000000000000000e+00
3.4744071570463575e-01
8.4851927238632929e-01
1.4067497075266147e-01
1.0000000000000000e+00
2.9668025748111404e-01
7.9429093350772750e-01
1.5557792998115474e-01
1.0000000000000000e+00
3.7257974862592391e-01
8.6560758364503276e-01
1.4322448830316717e-01
1.0000000000000000e+00
2.8024279524112217e-01
8.5296158653800380e-01
1.5012996253753955e-01
1.0000000000000000e+00
4.1709018184343449e-01
8.0767585393623453e-01
1.3115357229216898e-01
1.0000000000000000e+00
3.4468249289790265e-01
7.9234960545436484e-01
1.3206492492427060e-01
1.0000000000000000e+00
4.4484621298039428e-01
7.6065748986438853e-01
1.2050611677077541e-01
1.0000000000000000e+00
2.9380377405328773e-01
7.8833710621693176e-01
1.1558199895043800e-01
1.0000000000000000e+00
2.4924625852150939e-01
7.1569642329704952e-01
1.3293349108389521e-01
1.0000000000000000e+00
3.4218193707062028e-01
6.4747383723151875e-01
1.4786917233104760e-01
1.0000000000000000e+00
4.2895716126082561e-01
5.1524571048212242e-01
1.5963885077471787e-01
1.0000000000000000e+00
2.9024962981935687e-01
6.3325441079796296e-01
1.6334388311915973e-01
1.0000000000000000e+00
3.4171344008069582e-01
5.3763598306686622e-01
1.5404495748553018e-01
1.0000000000000000e+00
2.9538762796443052e-01
5.6824240936548454e-01
1.6563494011970761e-01
1.0000000000000000e+00
2.1009411098208375e-01
5.4718232257873756e-01
1.6566910401488713e-01
1.0000000000000000e+00
2.5274480920057840e-01
6.1225330280722123e-01
1.8086801450735948e-01
1.0000000000000000e+00
2.7033686690270997e-01
6.1327145677641970e-01
1.6557546133444703e-01
1.0000000000000000e+00
3.1049790832918234e-01
5.1082273844513115e-01
1.6602302207647882e-01
1.0000000000000000e+00
3.3040708553750164e-01
5.0022546427208003e-01
1.7660431114527456e-01
1.0000000000000000e+00
3.2390906335791669e-01
3.8858247028547344e-01
1.7478304582218698e-01
1.0000000000000000e+00
2.5201083009602598e-01
4.5809290876495656e-01
1.5395109237906582e-01
1.0000000000000000e+00
1.0638713499071173e-01
4.7364979788544592e-01
1.6167417842698342e-01
1.0000000000000000e+00
2.7967808104591541e-01
4.9661037132027563e-01
1.3467817694217957e-01
1.0000000000000000e+00
