3
1000
-6.4425912991777379e+00
-6.4425912991777379e+00
0.0000000000000000e+00
-6.4847624887867372e+00
-6.4847624887867372e+00
0.0000000000000000e+00
-6.7347319405720132e+00
-6.7347319405720132e+00
0.0000000000000000e+00
-6.4468536184853580e+00
-6.4468536184853580e+00
0.0000000000000000e+00
-6.4384094488757153e+00
-6.4384094488757153e+00
0.0000000000000000e+00
-6.5485275135455527e+00
-6.5485275135455527e+00
0.0000000000000000e+00
-7.0165887685090205e+00
-7.0165887685090205e+00
0.0000000000000000e+00
-7.3870870303112675e+00
-7.3870870303112675e+00
0.0000000000000000e+00
-7.2658893030592768e+00
-7.2658893030592768e+00
0.0000000000000000e+00
-6.5683390372045345e+00
-6.5683390372045345e+00
0.0000000000000000e+00
-6.4682924566643871e+00
-6.4682924566643871e+00
0.0000000000000000e+00
-6.4930405499612807e+00
-6.4930405499612807e+00
0.0000000000000000e+00
-6.6440354290001684e+00
-6.6440354290001684e+00
0.0000000000000000e+00
-7.1869926209347694e+00
-7.1869926209347694e+00
0.0000000000000000e+00
-7.3157439819478318e+00
-7.3157439819478318e+00
0.0000000000000000e+00
-7.2611587970402756e+00
-7.2611587970402756e+00
0.0000000000000000e+00
-7.3042553328918114e+00
-7.3042553328918114e+00
0.0000000000000000e+00
-6.9951184769347350e+00
-6.9951184769347350e+00
0.0000000000000000e+00
-7.3583536340087567e+00
-7.3583536340087567e+00
0.0000000000000000e+00
-6.9478449677271996e+00
-6.9478449677271996e+00
0.0000000000000000e+00
-5.3670210781830914e+00
-5.3670210781830914e+00
0.0000000000000000e+00
-5.4050234630218599e+00
-5.4050234630218599e+00
0.0000000000000000e+00
-6.1687581695902693e+00
-6.1687581695902693e+00
0.0000000000000000e+00
-5.4858530625425965e+00
-5.4858530625425965e+00
0.0000000000000000e+00
-6.0542935959967004e+00
-6.0542935959967004e+00
0.0000000000000000e+00
-6.2216790814892580e+00
-6.2216790814892580e+00
0.0000000000000000e+00
-5.6434881633919076e+00
-5.6434881633919076e+00
0.0000000000000000e+00
-5.7248878097187212e+00
-5.7248878097187212e+00
0.0000000000000000e+00
-6.3010954451211907e+00
-6.3010954451211907e+00
0.0000000000000000e+00
-7.7037811545861388e+00
-7.7037811545861388e+00
0.0000000000000000e+00
-7.1247822701117780e+00
-7.1247822701117780e+00
0.0000000000000000e+00
-6.0503907652786664e+00
-6.0503907652786664e+00
0.0000000000000000e+00
-6.0307936502424244e+00
-6.0307936502424244e+00
0.0000000000000000e+00
-6.4078355527347188e+00
-6.4078355527347188e+00
0.0000000000000000e+00
-5.7558390059731996e+00
-5.7558390059731996e+00
0.0000000000000000e+00
-6.1833079620399909e+00
-6.1833079620399909e+00
0.0000000000000000e+00
-6.1136472605934271e+00
-6.1136472605934271e+00
0.0000000000000000e+00
-6.1229136656447736e+00
-6.1229136656447736e+00
0.0000000000000000e+00
-5.9696659266162788e+00
-5.9696659266162788e+00
0.0000000000000000e+00
-5.8577490874549971e+00
-5.8577490874549971e+00
0.0000000000000000e+00
-5.8642677063353972e+00
-5.8642677063353972e+00
0.0000000000000000e+00
-5.8018768312729954e+00
-5.8018768312729954e+00
0.0000000000000000e+00
-6.1509445840369779e+00
-6.1509445840369779e+00
0.0000000000000000e+00
-5.9264522723360420e+00
-5.9264522723360420e+00
0.0000000000000000e+00
-6.2105669096041503e+00
-6.2105669096041503e+00
0.0000000000000000e+00
-6.1753116829119890e+00
-6.1753116829119890e+00
0.0000000000000000e+00
-6.4683414641777182e+00
-6.4683414641777182e+00
0.0000000000000000e+00
-6.0871165779221634e+00
-6.0871165779221634e+00
0.0000000000000000e+00
-6.1247322307562007e+00
-6.1247322307562007e+00
0.0000000000000000e+00
-6.5136271775329009e+00
-6.5136271775329009e+00
0.0000000000000000e+00
-6.3453140420981695e+00
-6.3453140420981695e+00
0.0000000000000000e+00
-6.5514119406973101e+00
-6.5514119406973101e+00
0.0000000000000000e+00
-6.7961205725207918e+00
-6.7961205725207918e+00
0.0000000000000000e+00
-6.2993246578691631e+00
-6.2993246578691631e+00
0.0000000000000000e+00
-6.4372548742848430e+00
-6.4372548742848430e+00
0.0000000000000000e+00
-6.2530695532455276e+00
-6.2530695532455276e+00
0.0000000000000000e+00
-6.3317181357342882e+00
-6.3317181357342882e+00
0.0000000000000000e+00
-6.4712756350732130e+00
-6.4712756350732130e+00
0.0000000000000000e+00
-6.7976961481013518e+00
-6.7976961481013518e+00
0.0000000000000000e+00
-6.8911657582632291e+00
-6.8911657582632291e+00
0.0000000000000000e+00
-6.6751965423394086e+00
-6.6751965423394086e+00
0.0000000000000000e+00
-6.5064941256972419e+00
-6.5064941256972419e+00
0.0000000000000000e+00
-7.1099365547764934e+00
-7.1099365547764934e+00
0.0000000000000000e+00
-7.1141839765197226e+00
-7.1141839765197226e+00
0.0000000000000000e+00
-7.0711090899941063e+00
-7.0711090899941063e+00
0.0000000000000000e+00
-6.8349315048220065e+00
-6.8349315048220065e+00
0.0000000000000000e+00
-6.9934994267302466e+00
-6.9934994267302466e+00
0.0000000000000000e+00
-7.2893829243617727e+00
-7.2893829243617727e+00
0.0000000000000000e+00
-7.8160693456701047e+00
-7.8160693456701047e+00
0.0000000000000000e+00
-6.9598761721538978e+00
-6.9598761721538978e+00
0.0000000000000000e+00
-7.5076696831998806e+00
-7.5076696831998806e+00
0.0000000000000000e+00
-7.1407881832254327e+00
-7.1407881832254327e+00
0.0000000000000000e+00
-8.2615658734285091e+00
-8.2615658734285091e+00
0.0000000000000000e+00
-8.4315028059160273e+00
-8.4315028059160273e+00
0.0000000000000000e+00
-8.1045697831062729e+00
-8.1045697831062729e+00
0.0000000000000000e+00
-8.0794490844124951e+00
-8.0794490844124951e+00
0.0000000000000000e+00
-7.7274594444624753e+00
-7.7274594444624753e+00
0.0000000000000000e+00
-8.3110800032274916e+00
-8.3110800032274916e+00
0.0000000000000000e+00
-7.9779237056890633e+00
-7.9779237056890633e+00
0.0000000000000000e+00
-7.5240698825749419e+00
-7.5240698825749419e+00
0.0000000000000000e+00
-7.4716210909696832e+00
-7.4716210909696832e+00
0.0000000000000000e+00
-7.2580073798683893e+00
-7.2580073798683893e+00
0.0000000000000000e+00
-7.2998909544871315e+00
-7.2998909544871315e+00
0.0000000000000000e+00
-8.3010000871376306e+00
-8.3010000871376306e+00
0.0000000000000000e+00
-7.2352283097418582e+00
-7.2352283097418582e+00
0.0000000000000000e+00
-7.1735233934890239e+00
-7.1735233934890239e+00
0.0000000000000000e+00
-6.7575898906353284e+00
-6.7575898906353284e+00
0.0000000000000000e+00
-6.6051683595853898e+00
-6.6051683595853898e+00
0.0000000000000000e+00
-6.7699214754208512e+00
-6.7699214754208512e+00
0.0000000000000000e+00
-6.8765028484738160e+00
-6.8765028484738160e+00
0.0000000000000000e+00
-6.9018191831538189e+00
-6.9018191831538189e+00
0.0000000000000000e+00
-6.8740213124988587e+00
-6.8740213124988587e+00
0.0000000000000000e+00
-6.7824626142529389e+00
-6.7824626142529389e+00
0.0000000000000000e+00
-7.0890104624899646e+00
-7.0890104624899646e+00
0.0000000000000000e+00
-7.3939662170535652e+00
-7.3939662170535652e+00
0.0000000000000000e+00
-7.7663593787133873e+00
-7.7663593787133873e+00
0.0000000000000000e+00
-7.6830658537748091e+00
-7.6830658537748091e+00
0.0000000000000000e+00
-7.9651754917582371e+00
-7.9651754917582371e+00
0.0000000000000000e+00
-7.9227378021503831e+00
-7.9227378021503831e+00
0.0000000000000000e+00
-7.1892836298846055e+00
-7.1892836298846055e+00
0.0000000000000000e+00
-7.8585560268063457e+00
-7.8585560268063457e+00
0.0000000000000000e+00
-7.0147959608472128e+00
-7.0147959608472128e+00
0.0000000000000000e+00
-6.5914645610483440e+00
-6.5914645610483440e+00
0.0000000000000000e+00
-6.0071280093021402e+00
-6.0071280093021402e+00
0.0000000000000000e+00
-6.3870923787703315e+00
-6.3870923787703315e+00
0.0000000000000000e+00
-6.1574479895211311e+00
-6.1574479895211311e+00
0.0000000000000000e+00
-6.1523118495394904e+00
-6.1523118495394904e+00
0.0000000000000000e+00
-6.0312136221261667e+00
-6.0312136221261667e+00
0.0000000000000000e+00
-6.1429501721783186e+00
-6.1429501721783186e+00
0.0000000000000000e+00
-6.1297948352314924e+00
-6.1297948352314924e+00
0.0000000000000000e+00
-6.3244421038933893e+00
-6.3244421038933893e+00
0.0000000000000000e+00
-6.6224695274922514e+00
-6.6224695274922514e+00
0.0000000000000000e+00
-6.5311402286820890e+00
-6.5311402286820890e+00
0.0000000000000000e+00
-6.2866425561943116e+00
-6.2866425561943116e+00
0.0000000000000000e+00
-6.3360405054543811e+00
-6.3360405054543811e+00
0.0000000000000000e+00
-6.3019779259362938e+00
-6.3019779259362938e+00
0.0000000000000000e+00
-6.7623712808228342e+00
-6.7623712808228342e+00
0.0000000000000000e+00
-6.5746287945141200e+00
-6.5746287945141200e+00
0.0000000000000000e+00
-7.1356986936729250e+00
-7.1356986936729250e+00
0.0000000000000000e+00
-7.0859206352236956e+00
-7.0859206352236956e+00
0.0000000000000000e+00
-6.4040678058579905e+00
-6.4040678058579905e+00
0.0000000000000000e+00
-6.6595804757685677e+00
-6.6595804757685677e+00
0.0000000000000000e+00
-6.7677502301144896e+00
-6.7677502301144896e+00
0.0000000000000000e+00
-6.4627749163068442e+00
-6.4627749163068442e+00
0.0000000000000000e+00
-6.2572722219520465e+00
-6.2572722219520465e+00
0.0000000000000000e+00
-6.1139723884048918e+00
-6.1139723884048918e+00
0.0000000000000000e+00
-5.9465048569533892e+00
-5.9465048569533892e+00
0.0000000000000000e+00
-6.0725950531349095e+00
-6.0725950531349095e+00
0.0000000000000000e+00
-5.9820082161982366e+00
-5.9820082161982366e+00
0.0000000000000000e+00
-6.4852811667945742e+00
-6.4852811667945742e+00
0.0000000000000000e+00
-6.9502362160789861e+00
-6.9502362160789861e+00
0.0000000000000000e+00
-6.0905139938911850e+00
-6.0905139938911850e+00
0.0000000000000000e+00
-6.0051134222308349e+00
-6.0051134222308349e+00
0.0000000000000000e+00
-5.9884173482515957e+00
-5.9884173482515957e+00
0.0000000000000000e+00
-5.9798846437258604e+00
-5.9798846437258604e+00
0.0000000000000000e+00
-5.9819983693862193e+00
-5.9819983693862193e+00
0.0000000000000000e+00
-5.9585363941522846e+00
-5.9585363941522846e+00
0.0000000000000000e+00
-5.9096877874116025e+00
-5.9096877874116025e+00
0.0000000000000000e+00
-6.8439197750002227e+00
-6.8439197750002227e+00
0.0000000000000000e+00
-6.4550191412437021e+00
-6.4550191412437021e+00
0.0000000000000000e+00
-7.8187395839411149e+00
-7.8187395839411149e+00
0.0000000000000000e+00
-6.9829079155548381e+00
-6.9829079155548381e+00
0.0000000000000000e+00
-6.5267094072743683e+00
-6.5267094072743683e+00
0.0000000000000000e+00
-6.8234153825938897e+00
-6.8234153825938897e+00
0.0000000000000000e+00
-6.5324978142209993e+00
-6.5324978142209993e+00
0.0000000000000000e+00
-7.2324082632828413e+00
-7.2324082632828413e+00
0.0000000000000000e+00
-7.3847707183443099e+00
-7.3847707183443099e+00
0.0000000000000000e+00
-6.7948577579963629e+00
-6.7948577579963629e+00
0.0000000000000000e+00
-6.2634754895111318e+00
-6.2634754895111318e+00
0.0000000000000000e+00
-6.5460191638987899e+00
-6.5460191638987899e+00
0.0000000000000000e+00
-6.2744625155798674e+00
-6.2744625155798674e+00
0.0000000000000000e+00
-5.9770325948092466e+00
-5.9770325948092466e+00
0.0000000000000000e+00
-6.4170281167396768e+00
-6.4170281167396768e+00
0.0000000000000000e+00
-6.3600973534609402e+00
-6.3600973534609402e+00
0.0000000000000000e+00
-5.9444640015288037e+00
-5.9444640015288037e+00
0.0000000000000000e+00
-6.0260471751122013e+00
-6.0260471751122013e+00
0.0000000000000000e+00
-5.9341940589273614e+00
-5.9341940589273614e+00
0.0000000000000000e+00
-6.4452225745683540e+00
-6.4452225745683540e+00
0.0000000000000000e+00
-6.0654248450368557e+00
-6.0654248450368557e+00
0.0000000000000000e+00
-6.2184220860947672e+00
-6.2184220860947672e+00
0.0000000000000000e+00
-6.7497674797217586e+00
-6.7497674797217586e+00
0.0000000000000000e+00
-5.9484511760948475e+00
-5.9484511760948475e+00
0.0000000000000000e+00
-6.2342946906555952e+00
-6.2342946906555952e+00
0.0000000000000000e+00
-7.1512416720843968e+00
-7.1512416720843968e+00
0.0000000000000000e+00
-6.9163727030260898e+00
-6.9163727030260898e+00
0.0000000000000000e+00
-6.2734974766525067e+00
-6.2734974766525067e+00
0.0000000000000000e+00
-6.3459933616092936e+00
-6.3459933616092936e+00
0.0000000000000000e+00
-6.1157496440195871e+00
-6.1157496440195871e+00
0.0000000000000000e+00
-5.8937158265219232e+00
-5.8937158265219232e+00
0.0000000000000000e+00
-6.2238630388883722e+00
-6.2238630388883722e+00
0.0000000000000000e+00
-6.3582836403517540e+00
-6.3582836403517540e+00
0.0000000000000000e+00
-7.2036669185087998e+00
-7.2036669185087998e+00
0.0000000000000000e+00
-6.5915965186226844e+00
-6.5915965186226844e+00
0.0000000000000000e+00
-6.6585280081772567e+00
-6.6585280081772567e+00
0.0000000000000000e+00
-6.9448603675832725e+00
-6.9448603675832725e+00
0.0000000000000000e+00
-6.0019084694276277e+00
-6.0019084694276277e+00
0.0000000000000000e+00
-6.3886134798015082e+00
-6.3886134798015082e+00
0.0000000000000000e+00
-6.6241479097434217e+00
-6.6241479097434217e+00
0.0000000000000000e+00
-5.7141442935309508e+00
-5.7141442935309508e+00
0.0000000000000000e+00
-5.3351737811200817e+00
-5.3351737811200817e+00
0.0000000000000000e+00
-5.7114144824157496e+00
-5.7114144824157496e+00
0.0000000000000000e+00
-5.4155445094518191e+00
-5.4155445094518191e+00
0.0000000000000000e+00
-6.1212016672251979e+00
-6.1212016672251979e+00
0.0000000000000000e+00
-5.5498074943362434e+00
-5.5498074943362434e+00
0.0000000000000000e+00
-5.2429047004571707e+00
-5.2429047004571707e+00
0.0000000000000000e+00
-5.0358658700822714e+00
-5.0358658700822714e+00
0.0000000000000000e+00
-5.6273332491740131e+00
-5.6273332491740131e+00
0.0000000000000000e+00
-5.4368512426533435e+00
-5.4368512426533435e+00
0.0000000000000000e+00
-5.3090760555134429e+00
-5.3090760555134429e+00
0.0000000000000000e+00
-6.3994907930016787e+00
-6.3994907930016787e+00
0.0000000000000000e+00
-6.5445248990754870e+00
-6.5445248990754870e+00
0.0000000000000000e+00
-6.1303895606986796e+00
-6.1303895606986796e+00
0.0000000000000000e+00
-6.9706095528210508e+00
-6.9706095528210508e+00
0.0000000000000000e+00
-6.9871985869861888e+00
-6.9871985869861888e+00
0.0000000000000000e+00
-6.6012765534852171e+00
-6.6012765534852171e+00
0.0000000000000000e+00
-6.7533798041296569e+00
-6.7533798041296569e+00
0.0000000000000000e+00
-5.3822793685134576e+00
-5.3822793685134576e+00
0.0000000000000000e+00
-5.2584692129796133e+00
-5.2584692129796133e+00
0.0000000000000000e+00
-5.9379663180989635e+00
-5.9379663180989635e+00
0.0000000000000000e+00
-6.7382623735185874e+00
-6.7382623735185874e+00
0.0000000000000000e+00
-7.1243303300452201e+00
-7.1243303300452201e+00
0.0000000000000000e+00
-7.5726248810818753e+00
-7.5726248810818753e+00
0.0000000000000000e+00
-7.3277196491871104e+00
-7.3277196491871104e+00
0.0000000000000000e+00
-6.9298648446740287e+00
-6.9298648446740287e+00
0.0000000000000000e+00
-7.3295590778759951e+00
-7.3295590778759951e+00
0.0000000000000000e+00
-6.8775656109208345e+00
-6.8775656109208345e+00
0.0000000000000000e+00
-6.0631423598809562e+00
-6.0631423598809562e+00
0.0000000000000000e+00
-5.7858748296861595e+00
-5.7858748296861595e+00
0.0000000000000000e+00
-6.6243462978405807e+00
-6.6243462978405807e+00
0.0000000000000000e+00
-6.6130780147285320e+00
-6.6130780147285320e+00
0.0000000000000000e+00
-6.8718509807858084e+00
-6.8718509807858084e+00
0.0000000000000000e+00
-6.3996930781422350e+00
-6.3996930781422350e+00
0.0000000000000000e+00
-6.1279109066683155e+00
-6.1279109066683155e+00
0.0000000000000000e+00
-6.9126827905532426e+00
-6.9126827905532426e+00
0.0000000000000000e+00
-6.2057317735863284e+00
-6.2057317735863284e+00
0.0000000000000000e+00
-6.5407848389491541e+00
-6.5407848389491541e+00
0.0000000000000000e+00
-5.5356948506981380e+00
-5.5356948506981380e+00
0.0000000000000000e+00
-6.5278418007728209e+00
-6.5278418007728209e+00
0.0000000000000000e+00
-5.9062147813267742e+00
-5.9062147813267742e+00
0.0000000000000000e+00
-5.5564797873852836e+00
-5.5564797873852836e+00
0.0000000000000000e+00
-7.9197336321730178e+00
-7.9197336321730178e+00
0.0000000000000000e+00
-6.5638783208003249e+00
-6.5638783208003249e+00
0.0000000000000000e+00
-6.4801132285669265e+00
-6.4801132285669265e+00
0.0000000000000000e+00
-6.6921069234977466e+00
-6.6921069234977466e+00
0.0000000000000000e+00
-6.2303330685732421e+00
-6.2303330685732421e+00
0.0000000000000000e+00
-8.3064171094915746e+00
-8.3064171094915746e+00
0.0000000000000000e+00
-6.4417293367387458e+00
-6.4417293367387458e+00
0.0000000000000000e+00
-7.7236911655748681e+00
-7.7236911655748681e+00
0.0000000000000000e+00
-7.9046221324261738e+00
-7.9046221324261738e+00
0.0000000000000000e+00
-8.1556090296127923e+00
-8.1556090296127923e+00
0.0000000000000000e+00
-6.0658301011801985e+00
-6.0658301011801985e+00
0.0000000000000000e+00
-6.0107187983801476e+00
-6.0107187983801476e+00
0.0000000000000000e+00
-6.0962221549996469e+00
-6.0962221549996469e+00
0.0000000000000000e+00
-6.8667694287962711e+00
-6.8667694287962711e+00
0.0000000000000000e+00
-6.3972489163086825e+00
-6.3972489163086825e+00
0.0000000000000000e+00
-6.4786376743160305e+00
-6.4786376743160305e+00
0.0000000000000000e+00
-6.3604323249124626e+00
-6.3604323249124626e+00
0.0000000000000000e+00
-6.8883362322090402e+00
-6.8883362322090402e+00
0.0000000000000000e+00
-6.7567393381739276e+00
-6.7567393381739276e+00
0.0000000000000000e+00
-5.5624625667179579e+00
-5.5624625667179579e+00
0.0000000000000000e+00
-5.5995947308484899e+00
-5.5995947308484899e+00
0.0000000000000000e+00
-5.1428945534555623e+00
-5.1428945534555623e+00
0.0000000000000000e+00
-5.8853032145382222e+00
-5.8853032145382222e+00
0.0000000000000000e+00
-5.6859784147445591e+00
-5.6859784147445591e+00
0.0000000000000000e+00
-5.9207722523807860e+00
-5.9207722523807860e+00
0.0000000000000000e+00
-6.3434006126745297e+00
-6.3434006126745297e+00
0.0000000000000000e+00
-7.9748654511896522e+00
-7.9748654511896522e+00
0.0000000000000000e+00
-6.2673605317335186e+00
-6.2673605317335186e+00
0.0000000000000000e+00
-5.4342629216534633e+00
-5.4342629216534633e+00
0.0000000000000000e+00
-5.1794217563417462e+00
-5.1794217563417462e+00
0.0000000000000000e+00
-6.4178214258819182e+00
-6.4178214258819182e+00
0.0000000000000000e+00
-6.5636791068476885e+00
-6.5636791068476885e+00
0.0000000000000000e+00
-6.9810933398730342e+00
-6.9810933398730342e+00
0.0000000000000000e+00
-6.1044963282241316e+00
-6.1044963282241316e+00
0.0000000000000000e+00
-6.0864745002107448e+00
-6.0864745002107448e+00
0.0000000000000000e+00
-6.7994760267057002e+00
-6.7994760267057002e+00
0.0000000000000000e+00
-5.9885059952099713e+00
-5.9885059952099713e+00
0.0000000000000000e+00
-6.2249436635830167e+00
-6.2249436635830167e+00
0.0000000000000000e+00
-5.4573229088950139e+00
-5.4573229088950139e+00
0.0000000000000000e+00
-5.1639578242385387e+00
-5.1639578242385387e+00
0.0000000000000000e+00
-4.9267606093082232e+00
-4.9267606093082232e+00
0.0000000000000000e+00
-5.7730343814505192e+00
-5.7730343814505192e+00
0.0000000000000000e+00
-5.4862210700503358e+00
-5.4862210700503358e+00
0.0000000000000000e+00
-5.3988318136486226e+00
-5.3988318136486226e+00
0.0000000000000000e+00
-5.1556387271403965e+00
-5.1556387271403965e+00
0.0000000000000000e+00
-6.1009458793642892e+00
-6.1009458793642892e+00
0.0000000000000000e+00
-5.4392224127399071e+00
-5.4392224127399071e+00
0.0000000000000000e+00
-5.4057059872547990e+00
-5.4057059872547990e+00
0.0000000000000000e+00
-5.0101597333082450e+00
-5.0101597333082450e+00
0.0000000000000000e+00
-5.0129506101475876e+00
-5.0129506101475876e+00
0.0000000000000000e+00
-5.4520739712981907e+00
-5.4520739712981907e+00
0.0000000000000000e+00
-5.5770333531528795e+00
-5.5770333531528795e+00
0.0000000000000000e+00
-5.0690363268533032e+00
-5.0690363268533032e+00
0.0000000000000000e+00
-5.1457905501176224e+00
-5.1457905501176224e+00
0.0000000000000000e+00
-6.1829366393071421e+00
-6.1829366393071421e+00
0.0000000000000000e+00
-5.4627884509149442e+00
-5.4627884509149442e+00
0.0000000000000000e+00
-5.8860465427026902e+00
-5.8860465427026902e+00
0.0000000000000000e+00
-5.2767821639440520e+00
-5.2767821639440520e+00
0.0000000000000000e+00
-5.6444648370369359e+00
-5.6444648370369359e+00
0.0000000000000000e+00
-6.1818098722253030e+00
-6.1818098722253030e+00
0.0000000000000000e+00
-6.3584346845810584e+00
-6.3584346845810584e+00
0.0000000000000000e+00
-5.1782406396331790e+00
-5.1782406396331790e+00
0.0000000000000000e+00
-6.3358207941326672e+00
-6.3358207941326672e+00
0.0000000000000000e+00
-5.5639805730834473e+00
-5.5639805730834473e+00
0.0000000000000000e+00
-5.2034363482721266e+00
-5.2034363482721266e+00
0.0000000000000000e+00
-5.4928010621640064e+00
-5.4928010621640064e+00
0.0000000000000000e+00
-6.9697951067401256e+00
-6.9697951067401256e+00
0.0000000000000000e+00
-5.5127491967585653e+00
-5.5127491967585653e+00
0.0000000000000000e+00
-5.3196963767979089e+00
-5.3196963767979089e+00
0.0000000000000000e+00
-5.4154279629819753e+00
-5.4154279629819753e+00
0.0000000000000000e+00
-7.6833059861122859e+00
-7.6833059861122859e+00
0.0000000000000000e+00
-6.0152018540746939e+00
-6.0152018540746939e+00
0.0000000000000000e+00
-6.2055246728602889e+00
-6.2055246728602889e+00
0.0000000000000000e+00
-5.2213699310942276e+00
-5.2213699310942276e+00
0.0000000000000000e+00
-6.0396027452983825e+00
-6.0396027452983825e+00
0.0000000000000000e+00
-5.5515416740048265e+00
-5.5515416740048265e+00
0.0000000000000000e+00
-6.6443114081270878e+00
-6.6443114081270878e+00
0.0000000000000000e+00
-5.9647012355235161e+00
-5.9647012355235161e+00
0.0000000000000000e+00
-5.3153907610130391e+00
-5.3153907610130391e+00
0.0000000000000000e+00
-5.3093125227948050e+00
-5.3093125227948050e+00
0.0000000000000000e+00
-7.1761556689531361e+00
-7.1761556689531361e+00
0.0000000000000000e+00
-6.9606472139712352e+00
-6.9606472139712352e+00
0.0000000000000000e+00
-8.0383198684875552e+00
-8.0383198684875552e+00
0.0000000000000000e+00
-9.7978132321427918e+00
-9.7978132321427918e+00
0.0000000000000000e+00
-9.4272237328888302e+00
-9.4272237328888302e+00
0.0000000000000000e+00
-6.1008951718153490e+00
-6.1008951718153490e+00
0.0000000000000000e+00
-5.8786362778736381e+00
-5.8786362778736381e+00
0.0000000000000000e+00
-6.7103790795478488e+00
-6.7103790795478488e+00
0.0000000000000000e+00
-6.2972987604295483e+00
-6.2972987604295483e+00
0.0000000000000000e+00
-6.2021902526059476e+00
-6.2021902526059476e+00
0.0000000000000000e+00
-5.8281336806800965e+00
-5.8281336806800965e+00
0.0000000000000000e+00
-5.2674756026822296e+00
-5.2674756026822296e+00
0.0000000000000000e+00
-5.4321144673547970e+00
-5.4321144673547970e+00
0.0000000000000000e+00
-5.8078091817024546e+00
-5.8078091817024546e+00
0.0000000000000000e+00
-6.0608193973345035e+00
-6.0608193973345035e+00
0.0000000000000000e+00
-6.5907459296034121e+00
-6.5907459296034121e+00
0.0000000000000000e+00
-8.4376080177493140e+00
-8.4376080177493140e+00
0.0000000000000000e+00
-7.4413776273565855e+00
-7.4413776273565855e+00
0.0000000000000000e+00
-5.9795162732120444e+00
-5.9795162732120444e+00
0.0000000000000000e+00
-5.9823637459402770e+00
-5.9823637459402770e+00
0.0000000000000000e+00
-5.3043013786750306e+00
-5.3043013786750306e+00
0.0000000000000000e+00
-5.3647132115888336e+00
-5.3647132115888336e+00
0.0000000000000000e+00
-5.0921547756461818e+00
-5.0921547756461818e+00
0.0000000000000000e+00
-5.1437801303565145e+00
-5.1437801303565145e+00
0.0000000000000000e+00
-5.0586023402171136e+00
-5.0586023402171136e+00
0.0000000000000000e+00
-5.3710365731997287e+00
-5.3710365731997287e+00
0.0000000000000000e+00
-5.2590030294726899e+00
-5.2590030294726899e+00
0.0000000000000000e+00
-5.7081527611602265e+00
-5.7081527611602265e+00
0.0000000000000000e+00
-7.2674552807989947e+00
-7.2674552807989947e+00
0.0000000000000000e+00
-7.4088831740930230e+00
-7.4088831740930230e+00
0.0000000000000000e+00
-6.7401003794689984e+00
-6.7401003794689984e+00
0.0000000000000000e+00
-6.7837052430403597e+00
-6.7837052430403597e+00
0.0000000000000000e+00
-8.0184459027393054e+00
-8.0184459027393054e+00
0.0000000000000000e+00
-9.4711664760225354e+00
-9.4711664760225354e+00
0.0000000000000000e+00
-7.5780603183028497e+00
-7.5780603183028497e+00
0.0000000000000000e+00
-8.0315355331814473e+00
-8.0315355331814473e+00
0.0000000000000000e+00
-7.3941070853788435e+00
-7.3941070853788435e+00
0.0000000000000000e+00
-5.0472578508034998e+00
-5.0472578508034998e+00
0.0000000000000000e+00
-5.4765958090030820e+00
-5.4765958090030820e+00
0.0000000000000000e+00
-6.0501890686305346e+00
-6.0501890686305346e+00
0.0000000000000000e+00
-5.1875171566330636e+00
-5.1875171566330636e+00
0.0000000000000000e+00
-5.8244539637635517e+00
-5.8244539637635517e+00
0.0000000000000000e+00
-6.3476221070829748e+00
-6.3476221070829748e+00
0.0000000000000000e+00
-6.4288553040034895e+00
-6.4288553040034895e+00
0.0000000000000000e+00
-6.5953687876066205e+00
-6.5953687876066205e+00
0.0000000000000000e+00
-6.6468885227628167e+00
-6.6468885227628167e+00
0.0000000000000000e+00
-6.6404056026006373e+00
-6.6404056026006373e+00
0.0000000000000000e+00
-7.5318679433016760e+00
-7.5318679433016760e+00
0.0000000000000000e+00
-6.4399303942031398e+00
-6.4399303942031398e+00
0.0000000000000000e+00
-7.4663743852439266e+00
-7.4663743852439266e+00
0.0000000000000000e+00
-8.5525419934156020e+00
-8.5525419934156020e+00
0.0000000000000000e+00
-9.3459817414125546e+00
-9.3459817414125546e+00
0.0000000000000000e+00
-8.6718420035792434e+00
-8.6718420035792434e+00
0.0000000000000000e+00
-7.7421346826567854e+00
-7.7421346826567854e+00
0.0000000000000000e+00
-6.7403571160069236e+00
-6.7403571160069236e+00
0.0000000000000000e+00
-6.6472898636939810e+00
-6.6472898636939810e+00
0.0000000000000000e+00
-6.5217664808213618e+00
-6.5217664808213618e+00
0.0000000000000000e+00
-6.3351406644169455e+00
-6.3351406644169455e+00
0.0000000000000000e+00
-5.8519677719063772e+00
-5.8519677719063772e+00
0.0000000000000000e+00
-7.6679647684204006e+00
-7.6679647684204006e+00
0.0000000000000000e+00
-5.8863514415777978e+00
-5.8863514415777978e+00
0.0000000000000000e+00
-5.7344761403087148e+00
-5.7344761403087148e+00
0.0000000000000000e+00
-6.3191657871352458e+00
-6.3191657871352458e+00
0.0000000000000000e+00
-7.5250868304857477e+00
-7.5250868304857477e+00
0.0000000000000000e+00
-9.1369813042553059e+00
-9.1369813042553059e+00
0.0000000000000000e+00
-9.1035064070373330e+00
-9.1035064070373330e+00
0.0000000000000000e+00
-6.6193872989690998e+00
-6.6193872989690998e+00
0.0000000000000000e+00
-6.9039727224099963e+00
-6.9039727224099963e+00
0.0000000000000000e+00
-6.4664433967819805e+00
-6.4664433967819805e+00
0.0000000000000000e+00
-6.1538865950679424e+00
-6.1538865950679424e+00
0.0000000000000000e+00
-6.0737061851610923e+00
-6.0737061851610923e+00
0.0000000000000000e+00
-4.9651706485200942e+00
-4.9651706485200942e+00
0.0000000000000000e+00
-6.0575944052345774e+00
-6.0575944052345774e+00
0.0000000000000000e+00
-6.1267975721928387e+00
-6.1267975721928387e+00
0.0000000000000000e+00
-6.8700881506692077e+00
-6.8700881506692077e+00
0.0000000000000000e+00
-6.1803272495873660e+00
-6.1803272495873660e+00
0.0000000000000000e+00
-5.3522487644482926e+00
-5.3522487644482926e+00
0.0000000000000000e+00
-5.2385672525623033e+00
-5.2385672525623033e+00
0.0000000000000000e+00
-6.4028849178919867e+00
-6.4028849178919867e+00
0.0000000000000000e+00
-6.0631115986113642e+00
-6.0631115986113642e+00
0.0000000000000000e+00
-6.0354251581555278e+00
-6.0354251581555278e+00
0.0000000000000000e+00
-6.7610254913365253e+00
-6.7610254913365253e+00
0.0000000000000000e+00
-5.4853950298475498e+00
-5.4853950298475498e+00
0.0000000000000000e+00
-8.8493024129722002e+00
-8.8493024129722002e+00
0.0000000000000000e+00
-8.2420013885035992e+00
-8.2420013885035992e+00
0.0000000000000000e+00
-8.2883645220854731e+00
-8.2883645220854731e+00
0.0000000000000000e+00
-7.3671409109012300e+00
-7.3671409109012300e+00
0.0000000000000000e+00
-7.3671409109012300e+00
-7.3671409109012300e+00
0.0000000000000000e+00
-5.5957622618112826e+00
-5.5957622618112826e+00
0.0000000000000000e+00
-6.1586270946708446e+00
-6.1586270946708446e+00
0.0000000000000000e+00
-5.9574597564644236e+00
-5.9574597564644236e+00
0.0000000000000000e+00
-5.8572009832078304e+00
-5.8572009832078304e+00
0.0000000000000000e+00
-6.3962502986608145e+00
-6.3962502986608145e+00
0.0000000000000000e+00
-5.1744423436842517e+00
-5.1744423436842517e+00
0.0000000000000000e+00
-5.2051383465694050e+00
-5.2051383465694050e+00
0.0000000000000000e+00
-6.9991321359519674e+00
-6.9991321359519674e+00
0.0000000000000000e+00
-7.7396905027138594e+00
-7.7396905027138594e+00
0.0000000000000000e+00
-7.2583435873244433e+00
-7.2583435873244433e+00
0.0000000000000000e+00
-6.9743950925044356e+00
-6.9743950925044356e+00
0.0000000000000000e+00
-6.4030855197693413e+00
-6.4030855197693413e+00
0.0000000000000000e+00
-6.4051351850518046e+00
-6.4051351850518046e+00
0.0000000000000000e+00
-5.6117560042996182e+00
-5.6117560042996182e+00
0.0000000000000000e+00
-5.6480021549260275e+00
-5.6480021549260275e+00
0.0000000000000000e+00
-5.5241888650956943e+00
-5.5241888650956943e+00
0.0000000000000000e+00
-5.9465305073470223e+00
-5.9465305073470223e+00
0.0000000000000000e+00
-6.1066390912803747e+00
-6.1066390912803747e+00
0.0000000000000000e+00
-7.1305243399822977e+00
-7.1305243399822977e+00
0.0000000000000000e+00
-6.7896232766289391e+00
-6.7896232766289391e+00
0.0000000000000000e+00
-5.1121724176042838e+00
-5.1121724176042838e+00
0.0000000000000000e+00
-5.6068060844543481e+00
-5.6068060844543481e+00
0.0000000000000000e+00
-5.6751817266791758e+00
-5.6751817266791758e+00
0.0000000000000000e+00
-5.4875303377774571e+00
-5.4875303377774571e+00
0.0000000000000000e+00
-5.1923554148411357e+00
-5.1923554148411357e+00
0.0000000000000000e+00
-5.2022100942820515e+00
-5.2022100942820515e+00
0.0000000000000000e+00
-5.0963181252212895e+00
-5.0963181252212895e+00
0.0000000000000000e+00
-5.1059835812845655e+00
-5.1059835812845655e+00
0.0000000000000000e+00
-5.3761194129443215e+00
-5.3761194129443215e+00
0.0000000000000000e+00
-5.9646673847789566e+00
-5.9646673847789566e+00
0.0000000000000000e+00
-5.6950080093505058e+00
-5.6950080093505058e+00
0.0000000000000000e+00
-6.1846678559780504e+00
-6.1846678559780504e+00
0.0000000000000000e+00
-6.2012369270103758e+00
-6.2012369270103758e+00
0.0000000000000000e+00
-6.0090111047182466e+00
-6.0090111047182466e+00
0.0000000000000000e+00
-5.4429725964771682e+00
-5.4429725964771682e+00
0.0000000000000000e+00
-5.5128819369133586e+00
-5.5128819369133586e+00
0.0000000000000000e+00
-5.3621555203871232e+00
-5.3621555203871232e+00
0.0000000000000000e+00
-5.5477329890464082e+00
-5.5477329890464082e+00
0.0000000000000000e+00
-5.5154658840377762e+00
-5.5154658840377762e+00
0.0000000000000000e+00
-5.1113729356446074e+00
-5.1113729356446074e+00
0.0000000000000000e+00
-5.0674282312060370e+00
-5.0674282312060370e+00
0.0000000000000000e+00
-5.3666613372902621e+00
-5.3666613372902621e+00
0.0000000000000000e+00
-5.5787846172493483e+00
-5.5787846172493483e+00
0.0000000000000000e+00
-5.6220883628385492e+00
-5.6220883628385492e+00
0.0000000000000000e+00
-6.9606852650807731e+00
-6.9606852650807731e+00
0.0000000000000000e+00
-6.9292968470988701e+00
-6.9292968470988701e+00
0.0000000000000000e+00
-5.4785976612565568e+00
-5.4785976612565568e+00
0.0000000000000000e+00
-6.1236176591042160e+00
-6.1236176591042160e+00
0.0000000000000000e+00
-6.7510517089963447e+00
-6.7510517089963447e+00
0.0000000000000000e+00
-5.6711855497521348e+00
-5.6711855497521348e+00
0.0000000000000000e+00
-5.5337430608859890e+00
-5.5337430608859890e+00
0.0000000000000000e+00
-5.8064722089337844e+00
-5.8064722089337844e+00
0.0000000000000000e+00
-5.3837773908371203e+00
-5.3837773908371203e+00
0.0000000000000000e+00
-5.7337862399065251e+00
-5.7337862399065251e+00
0.0000000000000000e+00
-7.1511686928617095e+00
-7.1511686928617095e+00
0.0000000000000000e+00
-6.0097986993800445e+00
-6.0097986993800445e+00
0.0000000000000000e+00
-5.8549822517308829e+00
-5.8549822517308829e+00
0.0000000000000000e+00
-5.4904293678621805e+00
-5.4904293678621805e+00
0.0000000000000000e+00
-6.4129323637382187e+00
-6.4129323637382187e+00
0.0000000000000000e+00
-6.5393633736180199e+00
-6.5393633736180199e+00
0.0000000000000000e+00
-6.9041273486849342e+00
-6.9041273486849342e+00
0.0000000000000000e+00
-5.4122133962436418e+00
-5.4122133962436418e+00
0.0000000000000000e+00
-5.8607514000122700e+00
-5.8607514000122700e+00
0.0000000000000000e+00
-6.2434492813833371e+00
-6.2434492813833371e+00
0.0000000000000000e+00
-7.5925931519209211e+00
-7.5925931519209211e+00
0.0000000000000000e+00
-6.8636005142741547e+00
-6.8636005142741547e+00
0.0000000000000000e+00
-5.9421942467388007e+00
-5.9421942467388007e+00
0.0000000000000000e+00
-6.7612622220991021e+00
-6.7612622220991021e+00
0.0000000000000000e+00
-6.2934066883756374e+00
-6.2934066883756374e+00
0.0000000000000000e+00
-6.1603549851976798e+00
-6.1603549851976798e+00
0.0000000000000000e+00
-5.8415197337458453e+00
-5.8415197337458453e+00
0.0000000000000000e+00
-5.4565901682971969e+00
-5.4565901682971969e+00
0.0000000000000000e+00
-5.5017791205846773e+00
-5.5017791205846773e+00
0.0000000000000000e+00
-5.1966509082402190e+00
-5.1966509082402190e+00
0.0000000000000000e+00
-7.7203729191824637e+00
-7.7203729191824637e+00
0.0000000000000000e+00
-8.0856880235037920e+00
-8.0856880235037920e+00
0.0000000000000000e+00
-6.7397231425205995e+00
-6.7397231425205995e+00
0.0000000000000000e+00
-6.2226350019636509e+00
-6.2226350019636509e+00
0.0000000000000000e+00
-6.2226350019636509e+00
-6.2226350019636509e+00
0.0000000000000000e+00
-5.9871122541690722e+00
-5.9871122541690722e+00
0.0000000000000000e+00
-5.9725972256393272e+00
-5.9725972256393272e+00
0.0000000000000000e+00
-5.5033840274496706e+00
-5.5033840274496706e+00
0.0000000000000000e+00
-5.8128778394224447e+00
-5.8128778394224447e+00
0.0000000000000000e+00
-5.3377271593905462e+00
-5.3377271593905462e+00
0.0000000000000000e+00
-5.4038467033587638e+00
-5.4038467033587638e+00
0.0000000000000000e+00
-6.2383140049215342e+00
-6.2383140049215342e+00
0.0000000000000000e+00
-7.1181771808403616e+00
-7.1181771808403616e+00
0.0000000000000000e+00
-7.8508509135796523e+00
-7.8508509135796523e+00
0.0000000000000000e+00
-8.0219023491471528e+00
-8.0219023491471528e+00
0.0000000000000000e+00
-5.7781963321447884e+00
-5.7781963321447884e+00
0.0000000000000000e+00
-5.6325750752884343e+00
-5.6325750752884343e+00
0.0000000000000000e+00
-5.6301803262186576e+00
-5.6301803262186576e+00
0.0000000000000000e+00
-5.7112313030174420e+00
-5.7112313030174420e+00
0.0000000000000000e+00
-5.9807743296650253e+00
-5.9807743296650253e+00
0.0000000000000000e+00
-5.1091828697554948e+00
-5.1091828697554948e+00
0.0000000000000000e+00
-5.0989662739783945e+00
-5.0989662739783945e+00
0.0000000000000000e+00
-4.9434291871493237e+00
-4.9434291871493237e+00
0.0000000000000000e+00
-5.2783457528427986e+00
-5.2783457528427986e+00
0.0000000000000000e+00
-6.2584641401669394e+00
-6.2584641401669394e+00
0.0000000000000000e+00
-5.9934301806147943e+00
-5.9934301806147943e+00
0.0000000000000000e+00
-5.4900507748806371e+00
-5.4900507748806371e+00
0.0000000000000000e+00
-7.7780297327757193e+00
-7.7780297327757193e+00
0.0000000000000000e+00
-8.0490296227970042e+00
-8.0490296227970042e+00
0.0000000000000000e+00
-7.3997753889994229e+00
-7.3997753889994229e+00
0.0000000000000000e+00
-8.3450741983607131e+00
-8.3450741983607131e+00
0.0000000000000000e+00
-5.9811578389322611e+00
-5.9811578389322611e+00
0.0000000000000000e+00
-5.4946958272098616e+00
-5.4946958272098616e+00
0.0000000000000000e+00
-5.6372910204361411e+00
-5.6372910204361411e+00
0.0000000000000000e+00
-5.9793578025037526e+00
-5.9793578025037526e+00
0.0000000000000000e+00
-5.8079356403673508e+00
-5.8079356403673508e+00
0.0000000000000000e+00
-5.9977300454316369e+00
-5.9977300454316369e+00
0.0000000000000000e+00
-6.0897493393371009e+00
-6.0897493393371009e+00
0.0000000000000000e+00
-6.4933463409085252e+00
-6.4933463409085252e+00
0.0000000000000000e+00
-6.5117010720224044e+00
-6.5117010720224044e+00
0.0000000000000000e+00
-5.6847342515406414e+00
-5.6847342515406414e+00
0.0000000000000000e+00
-5.9712152734331951e+00
-5.9712152734331951e+00
0.0000000000000000e+00
-5.9503372148258915e+00
-5.9503372148258915e+00
0.0000000000000000e+00
-5.2786099470758794e+00
-5.2786099470758794e+00
0.0000000000000000e+00
-5.1662763821526330e+00
-5.1662763821526330e+00
0.0000000000000000e+00
-5.8581131562816005e+00
-5.8581131562816005e+00
0.0000000000000000e+00
-5.6790317653850266e+00
-5.6790317653850266e+00
0.0000000000000000e+00
-5.8363282342024529e+00
-5.8363282342024529e+00
0.0000000000000000e+00
-5.9177350742629367e+00
-5.9177350742629367e+00
0.0000000000000000e+00
-6.2017462906391065e+00
-6.2017462906391065e+00
0.0000000000000000e+00
-6.6875100964821375e+00
-6.6875100964821375e+00
0.0000000000000000e+00
-6.7031876638923160e+00
-6.7031876638923160e+00
0.0000000000000000e+00
-6.2318516344528101e+00
-6.2318516344528101e+00
0.0000000000000000e+00
-6.2318516344528101e+00
-6.2318516344528101e+00
0.0000000000000000e+00
-6.5128372450170131e+00
-6.5128372450170131e+00
0.0000000000000000e+00
-6.0993595622656089e+00
-6.0993595622656089e+00
0.0000000000000000e+00
-6.1174186041611964e+00
-6.1174186041611964e+00
0.0000000000000000e+00
-6.4214804776415768e+00
-6.4214804776415768e+00
0.0000000000000000e+00
-6.2299739349215750e+00
-6.2299739349215750e+00
0.0000000000000000e+00
-6.0980970049901160e+00
-6.0980970049901160e+00
0.0000000000000000e+00
-5.9219286868369601e+00
-5.9219286868369601e+00
0.0000000000000000e+00
-6.2510852493073745e+00
-6.2510852493073745e+00
0.0000000000000000e+00
-6.4634437763974431e+00
-6.4634437763974431e+00
0.0000000000000000e+00
-6.0094060309136594e+00
-6.0094060309136594e+00
0.0000000000000000e+00
-6.1256975137708345e+00
-6.1256975137708345e+00
0.0000000000000000e+00
-5.8166206531177025e+00
-5.8166206531177025e+00
0.0000000000000000e+00
-6.6530240955841045e+00
-6.6530240955841045e+00
0.0000000000000000e+00
-5.1218015940676809e+00
-5.1218015940676809e+00
0.0000000000000000e+00
-5.5798584917045648e+00
-5.5798584917045648e+00
0.0000000000000000e+00
-4.9638638021952923e+00
-4.9638638021952923e+00
0.0000000000000000e+00
-5.1559440602193485e+00
-5.1559440602193485e+00
0.0000000000000000e+00
-6.2333064343019524e+00
-6.2333064343019524e+00
0.0000000000000000e+00
-6.4044501724007308e+00
-6.4044501724007308e+00
0.0000000000000000e+00
-7.1157364809090140e+00
-7.1157364809090140e+00
0.0000000000000000e+00
-8.0023625184066329e+00
-8.0023625184066329e+00
0.0000000000000000e+00
-7.6393861563681513e+00
-7.6393861563681513e+00
0.0000000000000000e+00
-7.7675469401581756e+00
-7.7675469401581756e+00
0.0000000000000000e+00
-6.0077112354989399e+00
-6.0077112354989399e+00
0.0000000000000000e+00
-5.5207111671684403e+00
-5.5207111671684403e+00
0.0000000000000000e+00
-5.2493137552825768e+00
-5.2493137552825768e+00
0.0000000000000000e+00
-5.5321078580709013e+00
-5.5321078580709013e+00
0.0000000000000000e+00
-5.5321078580709013e+00
-5.5321078580709013e+00
0.0000000000000000e+00
-5.6211330516227580e+00
-5.6211330516227580e+00
0.0000000000000000e+00
-5.8947793703272824e+00
-5.8947793703272824e+00
0.0000000000000000e+00
-5.9900352658105938e+00
-5.9900352658105938e+00
0.0000000000000000e+00
-5.3924304658228195e+00
-5.3924304658228195e+00
0.0000000000000000e+00
-5.2222264572616899e+00
-5.2222264572616899e+00
0.0000000000000000e+00
-5.2958338511844332e+00
-5.2958338511844332e+00
0.0000000000000000e+00
-7.6696219985063721e+00
-7.6696219985063721e+00
0.0000000000000000e+00
-7.6658533808063787e+00
-7.6658533808063787e+00
0.0000000000000000e+00
-5.3342348758775415e+00
-5.3342348758775415e+00
0.0000000000000000e+00
-5.6878638398915502e+00
-5.6878638398915502e+00
0.0000000000000000e+00
-5.9854140144172181e+00
-5.9854140144172181e+00
0.0000000000000000e+00
-7.1567065192442998e+00
-7.1567065192442998e+00
0.0000000000000000e+00
-7.2521757783744247e+00
-7.2521757783744247e+00
0.0000000000000000e+00
-7.3273142184212920e+00
-7.3273142184212920e+00
0.0000000000000000e+00
-6.9185062432636064e+00
-6.9185062432636064e+00
0.0000000000000000e+00
-7.8344528713943751e+00
-7.8344528713943751e+00
0.0000000000000000e+00
-6.7373689110854080e+00
-6.7373689110854080e+00
0.0000000000000000e+00
-6.1656365368521842e+00
-6.1656365368521842e+00
0.0000000000000000e+00
-6.0296189351405314e+00
-6.0296189351405314e+00
0.0000000000000000e+00
-6.6485281816818027e+00
-6.6485281816818027e+00
0.0000000000000000e+00
-6.4300204972801831e+00
-6.4300204972801831e+00
0.0000000000000000e+00
-6.5617034414751512e+00
-6.5617034414751512e+00
0.0000000000000000e+00
-6.9555863946124550e+00
-6.9555863946124550e+00
0.0000000000000000e+00
-6.9104720265126787e+00
-6.9104720265126787e+00
0.0000000000000000e+00
-6.8551825979156042e+00
-6.8551825979156042e+00
0.0000000000000000e+00
-6.9043574535575605e+00
-6.9043574535575605e+00
0.0000000000000000e+00
-7.3699887169677751e+00
-7.3699887169677751e+00
0.0000000000000000e+00
-6.8741592103244606e+00
-6.8741592103244606e+00
0.0000000000000000e+00
-6.9814506027549612e+00
-6.9814506027549612e+00
0.0000000000000000e+00
-6.4684823089636430e+00
-6.4684823089636430e+00
0.0000000000000000e+00
-6.1285033761607863e+00
-6.1285033761607863e+00
0.0000000000000000e+00
-6.2570380690650849e+00
-6.2570380690650849e+00
0.0000000000000000e+00
-6.4151351948815405e+00
-6.4151351948815405e+00
0.0000000000000000e+00
-6.1830611749157214e+00
-6.1830611749157214e+00
0.0000000000000000e+00
-6.3100480019842839e+00
-6.3100480019842839e+00
0.0000000000000000e+00
-6.3794123875163677e+00
-6.3794123875163677e+00
0.0000000000000000e+00
-6.3456185048903757e+00
-6.3456185048903757e+00
0.0000000000000000e+00
-6.5502447055290896e+00
-6.5502447055290896e+00
0.0000000000000000e+00
-6.4239176026323221e+00
-6.4239176026323221e+00
0.0000000000000000e+00
-7.2034853350988408e+00
-7.2034853350988408e+00
0.0000000000000000e+00
-6.3000098726946918e+00
-6.3000098726946918e+00
0.0000000000000000e+00
-5.4453072301165495e+00
-5.4453072301165495e+00
0.0000000000000000e+00
-5.9090647145501167e+00
-5.9090647145501167e+00
0.0000000000000000e+00
-6.7681370861158818e+00
-6.7681370861158818e+00
0.0000000000000000e+00
-5.6959797940779033e+00
-5.6959797940779033e+00
0.0000000000000000e+00
-6.2754205237839482e+00
-6.2754205237839482e+00
0.0000000000000000e+00
-6.6471023540948746e+00
-6.6471023540948746e+00
0.0000000000000000e+00
-6.4814655516415636e+00
-6.4814655516415636e+00
0.0000000000000000e+00
-5.5560848797956117e+00
-5.5560848797956117e+00
0.0000000000000000e+00
-5.3314697906324087e+00
-5.3314697906324087e+00
0.0000000000000000e+00
-5.2374947250275632e+00
-5.2374947250275632e+00
0.0000000000000000e+00
-5.3762492742421975e+00
-5.3762492742421975e+00
0.0000000000000000e+00
-6.5896896596732617e+00
-6.5896896596732617e+00
0.0000000000000000e+00
-6.0015926371186374e+00
-6.0015926371186374e+00
0.0000000000000000e+00
-5.5341374149014992e+00
-5.5341374149014992e+00
0.0000000000000000e+00
-5.9933432042097570e+00
-5.9933432042097570e+00
0.0000000000000000e+00
-6.0018130983488778e+00
-6.0018130983488778e+00
0.0000000000000000e+00
-6.1714603025100319e+00
-6.1714603025100319e+00
0.0000000000000000e+00
-6.1580955915744955e+00
-6.1580955915744955e+00
0.0000000000000000e+00
-7.0496996672944752e+00
-7.0496996672944752e+00
0.0000000000000000e+00
-6.4692645778834379e+00
-6.4692645778834379e+00
0.0000000000000000e+00
-7.2644353420552363e+00
-7.2644353420552363e+00
0.0000000000000000e+00
-6.5622226237760639e+00
-6.5622226237760639e+00
0.0000000000000000e+00
-5.7264790644961492e+00
-5.7264790644961492e+00
0.0000000000000000e+00
-4.9701303075996091e+00
-4.9701303075996091e+00
0.0000000000000000e+00
-4.8855053295559570e+00
-4.8855053295559570e+00
0.0000000000000000e+00
-4.9205895731493809e+00
-4.9205895731493809e+00
0.0000000000000000e+00
-5.6627416941959918e+00
-5.6627416941959918e+00
0.0000000000000000e+00
-5.5717019802993999e+00
-5.5717019802993999e+00
0.0000000000000000e+00
-6.0898900004271983e+00
-6.0898900004271983e+00
0.0000000000000000e+00
-6.7282454190995562e+00
-6.7282454190995562e+00
0.0000000000000000e+00
-6.6462113069592457e+00
-6.6462113069592457e+00
0.0000000000000000e+00
-7.0086582757550007e+00
-7.0086582757550007e+00
0.0000000000000000e+00
-7.2643889570441971e+00
-7.2643889570441971e+00
0.0000000000000000e+00
-6.6692480910923937e+00
-6.6692480910923937e+00
0.0000000000000000e+00
-5.6477774265475178e+00
-5.6477774265475178e+00
0.0000000000000000e+00
-5.8416420316284068e+00
-5.8416420316284068e+00
0.0000000000000000e+00
-5.7361891731740871e+00
-5.7361891731740871e+00
0.0000000000000000e+00
-5.3504014610245605e+00
-5.3504014610245605e+00
0.0000000000000000e+00
-5.3348666624686878e+00
-5.3348666624686878e+00
0.0000000000000000e+00
-5.5297845247259891e+00
-5.5297845247259891e+00
0.0000000000000000e+00
-5.4302341266985144e+00
-5.4302341266985144e+00
0.0000000000000000e+00
-5.2881130054949521e+00
-5.2881130054949521e+00
0.0000000000000000e+00
-5.2320279865570054e+00
-5.2320279865570054e+00
0.0000000000000000e+00
-5.5984411335724884e+00
-5.5984411335724884e+00
0.0000000000000000e+00
-5.6988167220262351e+00
-5.6988167220262351e+00
0.0000000000000000e+00
-5.8642689969151727e+00
-5.8642689969151727e+00
0.0000000000000000e+00
-5.9360009685989548e+00
-5.9360009685989548e+00
0.0000000000000000e+00
-5.9426282404490864e+00
-5.9426282404490864e+00
0.0000000000000000e+00
-5.5924985721114959e+00
-5.5924985721114959e+00
0.0000000000000000e+00
-5.9947209370002579e+00
-5.9947209370002579e+00
0.0000000000000000e+00
-5.6835709820190941e+00
-5.6835709820190941e+00
0.0000000000000000e+00
-5.6391995460097890e+00
-5.6391995460097890e+00
0.0000000000000000e+00
-6.2923194051548359e+00
-6.2923194051548359e+00
0.0000000000000000e+00
-5.5425290983575994e+00
-5.5425290983575994e+00
0.0000000000000000e+00
-5.0490006212359875e+00
-5.0490006212359875e+00
0.0000000000000000e+00
-5.3358711856960577e+00
-5.3358711856960577e+00
0.0000000000000000e+00
-5.6241308051871206e+00
-5.6241308051871206e+00
0.0000000000000000e+00
-6.7686381901475574e+00
-6.7686381901475574e+00
0.0000000000000000e+00
-7.5426554874928460e+00
-7.5426554874928460e+00
0.0000000000000000e+00
-8.3103411190732057e+00
-8.3103411190732057e+00
0.0000000000000000e+00
-7.8456825179412775e+00
-7.8456825179412775e+00
0.0000000000000000e+00
-7.3963653370088362e+00
-7.3963653370088362e+00
0.0000000000000000e+00
-7.4016319457195952e+00
-7.4016319457195952e+00
0.0000000000000000e+00
-7.0600490137671326e+00
-7.0600490137671326e+00
0.0000000000000000e+00
-6.3871836889892917e+00
-6.3871836889892917e+00
0.0000000000000000e+00
-9.9762667695211835e+00
-9.9762667695211835e+00
0.0000000000000000e+00
-1.0228320971260676e+01
-1.0228320971260676e+01
0.0000000000000000e+00
-7.9720467947818534e+00
-7.9720467947818534e+00
0.0000000000000000e+00
-6.3852295155663743e+00
-6.3852295155663743e+00
0.0000000000000000e+00
-7.1689899089667382e+00
-7.1689899089667382e+00
0.0000000000000000e+00
-7.2061592621224513e+00
-7.2061592621224513e+00
0.0000000000000000e+00
-6.1663721903887199e+00
-6.1663721903887199e+00
0.0000000000000000e+00
-6.5387672370922498e+00
-6.5387672370922498e+00
0.0000000000000000e+00
-7.0709843820174578e+00
-7.0709843820174578e+00
0.0000000000000000e+00
-7.2970706487746835e+00
-7.2970706487746835e+00
0.0000000000000000e+00
-8.2819862523178891e+00
-8.2819862523178891e+00
0.0000000000000000e+00
-9.6304107732173740e+00
-9.6304107732173740e+00
0.0000000000000000e+00
-9.1031665391006911e+00
-9.1031665391006911e+00
0.0000000000000000e+00
-8.9294599392075114e+00
-8.9294599392075114e+00
0.0000000000000000e+00
-8.9271831475806884e+00
-8.9271831475806884e+00
0.0000000000000000e+00
-7.3506320524852846e+00
-7.3506320524852846e+00
0.0000000000000000e+00
-5.3536999582804903e+00
-5.3536999582804903e+00
0.0000000000000000e+00
-6.1929743887620905e+00
-6.1929743887620905e+00
0.0000000000000000e+00
-5.6787972429935127e+00
-5.6787972429935127e+00
0.0000000000000000e+00
-5.6654883388318300e+00
-5.6654883388318300e+00
0.0000000000000000e+00
-5.6410806494746470e+00
-5.6410806494746470e+00
0.0000000000000000e+00
-5.2604110954565249e+00
-5.2604110954565249e+00
0.0000000000000000e+00
-5.2317082012901182e+00
-5.2317082012901182e+00
0.0000000000000000e+00
-5.6617688448531522e+00
-5.6617688448531522e+00
0.0000000000000000e+00
-6.4643722233682883e+00
-6.4643722233682883e+00
0.0000000000000000e+00
-5.9333184037065640e+00
-5.9333184037065640e+00
0.0000000000000000e+00
-5.6688824195702967e+00
-5.6688824195702967e+00
0.0000000000000000e+00
-5.0598108202868275e+00
-5.0598108202868275e+00
0.0000000000000000e+00
-5.1678725412830548e+00
-5.1678725412830548e+00
0.0000000000000000e+00
-5.1611552141863939e+00
-5.1611552141863939e+00
0.0000000000000000e+00
-5.2213789023449086e+00
-5.2213789023449086e+00
0.0000000000000000e+00
-5.2156878450530915e+00
-5.2156878450530915e+00
0.0000000000000000e+00
-5.3453132069988616e+00
-5.3453132069988616e+00
0.0000000000000000e+00
-5.2033905698521590e+00
-5.2033905698521590e+00
0.0000000000000000e+00
-5.1340707875420453e+00
-5.1340707875420453e+00
0.0000000000000000e+00
-5.0558998590938602e+00
-5.0558998590938602e+00
0.0000000000000000e+00
-5.0320719491683983e+00
-5.0320719491683983e+00
0.0000000000000000e+00
-6.7629352568654202e+00
-6.7629352568654202e+00
0.0000000000000000e+00
-6.6948988994177903e+00
-6.6948988994177903e+00
0.0000000000000000e+00
-6.7982033842464906e+00
-6.7982033842464906e+00
0.0000000000000000e+00
-6.7222066821094408e+00
-6.7222066821094408e+00
0.0000000000000000e+00
-6.7270399661943507e+00
-6.7270399661943507e+00
0.0000000000000000e+00
-6.7257833734856192e+00
-6.7257833734856192e+00
0.0000000000000000e+00
-6.7114020169415056e+00
-6.7114020169415056e+00
0.0000000000000000e+00
-6.4639029564680950e+00
-6.4639029564680950e+00
0.0000000000000000e+00
-1.0455692994829157e+01
-1.0455692994829157e+01
0.0000000000000000e+00
-1.4620112669621076e+01
-1.4620112669621076e+01
0.0000000000000000e+00
-1.1681796472749308e+01
-1.1681796472749308e+01
0.0000000000000000e+00
-6.8262966334884121e+00
-6.8262966334884121e+00
0.0000000000000000e+00
-5.5117780282872735e+00
-5.5117780282872735e+00
0.0000000000000000e+00
-5.6335680171716938e+00
-5.6335680171716938e+00
0.0000000000000000e+00
-5.3350304302240499e+00
-5.3350304302240499e+00
0.0000000000000000e+00
-5.4435829110545626e+00
-5.4435829110545626e+00
0.0000000000000000e+00
-5.4251200834180153e+00
-5.4251200834180153e+00
0.0000000000000000e+00
-5.4238051865053336e+00
-5.4238051865053336e+00
0.0000000000000000e+00
-5.3935998650219652e+00
-5.3935998650219652e+00
0.0000000000000000e+00
-5.3746695951730485e+00
-5.3746695951730485e+00
0.0000000000000000e+00
-5.5039296321674058e+00
-5.5039296321674058e+00
0.0000000000000000e+00
-5.6335133502642076e+00
-5.6335133502642076e+00
0.0000000000000000e+00
-5.7370502589034116e+00
-5.7370502589034116e+00
0.0000000000000000e+00
-6.4606492932217074e+00
-6.4606492932217074e+00
0.0000000000000000e+00
-6.4616163473090005e+00
-6.4616163473090005e+00
0.0000000000000000e+00
-6.5084319379257476e+00
-6.5084319379257476e+00
0.0000000000000000e+00
-6.1774244050702043e+00
-6.1774244050702043e+00
0.0000000000000000e+00
-6.2579688002320939e+00
-6.2579688002320939e+00
0.0000000000000000e+00
-5.6114135484049790e+00
-5.6114135484049790e+00
0.0000000000000000e+00
-5.0913592703390353e+00
-5.0913592703390353e+00
0.0000000000000000e+00
-5.6410466157035941e+00
-5.6410466157035941e+00
0.0000000000000000e+00
-6.7170001145162637e+00
-6.7170001145162637e+00
0.0000000000000000e+00
-5.9194333734577196e+00
-5.9194333734577196e+00
0.0000000000000000e+00
-5.5865508736837235e+00
-5.5865508736837235e+00
0.0000000000000000e+00
-5.6570526943179287e+00
-5.6570526943179287e+00
0.0000000000000000e+00
-5.6799893803192081e+00
-5.6799893803192081e+00
0.0000000000000000e+00
-5.5845814328087133e+00
-5.5845814328087133e+00
0.0000000000000000e+00
-5.2467456617435682e+00
-5.2467456617435682e+00
0.0000000000000000e+00
-4.9800523427275776e+00
-4.9800523427275776e+00
0.0000000000000000e+00
-5.1730262727827512e+00
-5.1730262727827512e+00
0.0000000000000000e+00
-4.9916562476382760e+00
-4.9916562476382760e+00
0.0000000000000000e+00
-4.9311550798413988e+00
-4.9311550798413988e+00
0.0000000000000000e+00
-4.9902787004528646e+00
-4.9902787004528646e+00
0.0000000000000000e+00
-4.9288498504564027e+00
-4.9288498504564027e+00
0.0000000000000000e+00
-4.8442588144142276e+00
-4.8442588144142276e+00
0.0000000000000000e+00
-4.9253108118260229e+00
-4.9253108118260229e+00
0.0000000000000000e+00
-4.9804891038076899e+00
-4.9804891038076899e+00
0.0000000000000000e+00
-5.0551567511706432e+00
-5.0551567511706432e+00
0.0000000000000000e+00
-5.7346615875840126e+00
-5.7346615875840126e+00
0.0000000000000000e+00
-6.0315425834653951e+00
-6.0315425834653951e+00
0.0000000000000000e+00
-6.2559382764191431e+00
-6.2559382764191431e+00
0.0000000000000000e+00
-6.1182256649243421e+00
-6.1182256649243421e+00
0.0000000000000000e+00
-6.2329705311567078e+00
-6.2329705311567078e+00
0.0000000000000000e+00
-6.1417623379168393e+00
-6.1417623379168393e+00
0.0000000000000000e+00
-5.9950432020776816e+00
-5.9950432020776816e+00
0.0000000000000000e+00
-5.1729824889269409e+00
-5.1729824889269409e+00
0.0000000000000000e+00
-5.3533582759545624e+00
-5.3533582759545624e+00
0.0000000000000000e+00
-5.7826343857041218e+00
-5.7826343857041218e+00
0.0000000000000000e+00
-6.3209821123819356e+00
-6.3209821123819356e+00
0.0000000000000000e+00
-5.5920518783661404e+00
-5.5920518783661404e+00
0.0000000000000000e+00
-5.9387090798372846e+00
-5.9387090798372846e+00
0.0000000000000000e+00
-6.1858035330270980e+00
-6.1858035330270980e+00
0.0000000000000000e+00
-5.8492073300875127e+00
-5.8492073300875127e+00
0.0000000000000000e+00
-5.6208596221562601e+00
-5.6208596221562601e+00
0.0000000000000000e+00
-5.5492422755862947e+00
-5.5492422755862947e+00
0.0000000000000000e+00
-6.8168545398355160e+00
-6.8168545398355160e+00
0.0000000000000000e+00
-6.9457037931762100e+00
-6.9457037931762100e+00
0.0000000000000000e+00
-5.9375092883259128e+00
-5.9375092883259128e+00
0.0000000000000000e+00
-6.2467712124631101e+00
-6.2467712124631101e+00
0.0000000000000000e+00
-6.6187273171725884e+00
-6.6187273171725884e+00
0.0000000000000000e+00
-6.7953951498598313e+00
-6.7953951498598313e+00
0.0000000000000000e+00
-6.7055296344054440e+00
-6.7055296344054440e+00
0.0000000000000000e+00
-5.8779717082961653e+00
-5.8779717082961653e+00
0.0000000000000000e+00
-5.8258676189593679e+00
-5.8258676189593679e+00
0.0000000000000000e+00
-5.8686522325772144e+00
-5.8686522325772144e+00
0.0000000000000000e+00
-5.9122424364720390e+00
-5.9122424364720390e+00
0.0000000000000000e+00
-5.9827832588935346e+00
-5.9827832588935346e+00
0.0000000000000000e+00
-5.8563275931629217e+00
-5.8563275931629217e+00
0.0000000000000000e+00
-6.1279760302914923e+00
-6.1279760302914923e+00
0.0000000000000000e+00
-5.7954013078373290e+00
-5.7954013078373290e+00
0.0000000000000000e+00
-5.6522574729196045e+00
-5.6522574729196045e+00
0.0000000000000000e+00
-5.1414565940781118e+00
-5.1414565940781118e+00
0.0000000000000000e+00
-5.0912137127615908e+00
-5.0912137127615908e+00
0.0000000000000000e+00
-5.1680091133379262e+00
-5.1680091133379262e+00
0.0000000000000000e+00
-6.5857761256828482e+00
-6.5857761256828482e+00
0.0000000000000000e+00
-5.3849986938451604e+00
-5.3849986938451604e+00
0.0000000000000000e+00
-5.0107901125665766e+00
-5.0107901125665766e+00
0.0000000000000000e+00
-5.5181609948470314e+00
-5.5181609948470314e+00
0.0000000000000000e+00
-5.5394132296537641e+00
-5.5394132296537641e+00
0.0000000000000000e+00
-5.2551744909412061e+00
-5.2551744909412061e+00
0.0000000000000000e+00
-5.4550579134103447e+00
-5.4550579134103447e+00
0.0000000000000000e+00
-5.2452751769393275e+00
-5.2452751769393275e+00
0.0000000000000000e+00
-5.1129068642638096e+00
-5.1129068642638096e+00
0.0000000000000000e+00
-6.9047406295253282e+00
-6.9047406295253282e+00
0.0000000000000000e+00
-5.3712878508551372e+00
-5.3712878508551372e+00
0.0000000000000000e+00
-5.1276063103321272e+00
-5.1276063103321272e+00
0.0000000000000000e+00
-5.1278847247636197e+00
-5.1278847247636197e+00
0.0000000000000000e+00
-5.1765960484174443e+00
-5.1765960484174443e+00
0.0000000000000000e+00
-5.2437015034715158e+00
-5.2437015034715158e+00
0.0000000000000000e+00
-5.3586997533770351e+00
-5.3586997533770351e+00
0.0000000000000000e+00
-5.6789205038696338e+00
-5.6789205038696338e+00
0.0000000000000000e+00
-5.0416700123172999e+00
-5.0416700123172999e+00
0.0000000000000000e+00
-5.0217588667642303e+00
-5.0217588667642303e+00
0.0000000000000000e+00
-6.3233885990396637e+00
-6.3233885990396637e+00
0.0000000000000000e+00
-6.8612739507366935e+00
-6.8612739507366935e+00
0.0000000000000000e+00
-5.5216046674458674e+00
-5.5216046674458674e+00
0.0000000000000000e+00
-5.3048932943071518e+00
-5.3048932943071518e+00
0.0000000000000000e+00
-5.1796019340961870e+00
-5.1796019340961870e+00
0.0000000000000000e+00
-5.5553821778210102e+00
-5.5553821778210102e+00
0.0000000000000000e+00
-5.2672685061781905e+00
-5.2672685061781905e+00
0.0000000000000000e+00
-5.2276148369829629e+00
-5.2276148369829629e+00
0.0000000000000000e+00
-5.1976646414374157e+00
-5.1976646414374157e+00
0.0000000000000000e+00
-5.1263263926293128e+00
-5.1263263926293128e+00
0.0000000000000000e+00
-5.2395468168093462e+00
-5.2395468168093462e+00
0.0000000000000000e+00
-5.1104981641729577e+00
-5.1104981641729577e+00
0.0000000000000000e+00
-5.5059044998517921e+00
-5.5059044998517921e+00
0.0000000000000000e+00
-5.6243156148812279e+00
-5.6243156148812279e+00
0.0000000000000000e+00
-5.6381051556946753e+00
-5.6381051556946753e+00
0.0000000000000000e+00
-5.5791069999218479e+00
-5.5791069999218479e+00
0.0000000000000000e+00
-5.6345535007950005e+00
-5.6345535007950005e+00
0.0000000000000000e+00
-5.6390994328920510e+00
-5.6390994328920510e+00
0.0000000000000000e+00
-5.0435071481063050e+00
-5.0435071481063050e+00
0.0000000000000000e+00
-6.2290056425455091e+00
-6.2290056425455091e+00
0.0000000000000000e+00
-5.1881551740449838e+00
-5.1881551740449838e+00
0.0000000000000000e+00
-5.9252402232947725e+00
-5.9252402232947725e+00
0.0000000000000000e+00
-6.4954029350099409e+00
-6.4954029350099409e+00
0.0000000000000000e+00
-6.4485253688064770e+00
-6.4485253688064770e+00
0.0000000000000000e+00
-6.1629075899328125e+00
-6.1629075899328125e+00
0.0000000000000000e+00
-6.2134084076618405e+00
-6.2134084076618405e+00
0.0000000000000000e+00
-6.6546052826656856e+00
-6.6546052826656856e+00
0.0000000000000000e+00
-5.5159400787118287e+00
-5.5159400787118287e+00
0.0000000000000000e+00
-5.4947489153235631e+00
-5.4947489153235631e+00
0.0000000000000000e+00
-5.5675756519638471e+00
-5.5675756519638471e+00
0.0000000000000000e+00
-5.4572122704956598e+00
-5.4572122704956598e+00
0.0000000000000000e+00
-6.1870284682621488e+00
-6.1870284682621488e+00
0.0000000000000000e+00
-8.2975220602618638e+00
-8.2975220602618638e+00
0.0000000000000000e+00
-8.7938709551823280e+00
-8.7938709551823280e+00
0.0000000000000000e+00
-5.7727359900688624e+00
-5.7727359900688624e+00
0.0000000000000000e+00
-5.6817329021892453e+00
-5.6817329021892453e+00
0.0000000000000000e+00
-5.9255734706603098e+00
-5.9255734706603098e+00
0.0000000000000000e+00
-6.0680873618967412e+00
-6.0680873618967412e+00
0.0000000000000000e+00
-7.2770525747880166e+00
-7.2770525747880166e+00
0.0000000000000000e+00
-8.3034155864257944e+00
-8.3034155864257944e+00
0.0000000000000000e+00
-6.7723512522369465e+00
-6.7723512522369465e+00
0.0000000000000000e+00
-7.0122474738537104e+00
-7.0122474738537104e+00
0.0000000000000000e+00
-7.3752149018491888e+00
-7.3752149018491888e+00
0.0000000000000000e+00
-6.5590819695007792e+00
-6.5590819695007792e+00
0.0000000000000000e+00
-5.7591358610215231e+00
-5.7591358610215231e+00
0.0000000000000000e+00
-5.8685973431940717e+00
-5.8685973431940717e+00
0.0000000000000000e+00
-6.1945366135005697e+00
-6.1945366135005697e+00
0.0000000000000000e+00
-5.8750533203880897e+00
-5.8750533203880897e+00
0.0000000000000000e+00
-5.7262885356691653e+00
-5.7262885356691653e+00
0.0000000000000000e+00
-6.3490919650308530e+00
-6.3490919650308530e+00
0.0000000000000000e+00
-6.5062783429705870e+00
-6.5062783429705870e+00
0.0000000000000000e+00
-6.5145179824571757e+00
-6.5145179824571757e+00
0.0000000000000000e+00
-5.4268910111249564e+00
-5.4268910111249564e+00
0.0000000000000000e+00
-5.0201690798298708e+00
-5.0201690798298708e+00
0.0000000000000000e+00
-5.5587020898086621e+00
-5.5587020898086621e+00
0.0000000000000000e+00
-5.0653788303756357e+00
-5.0653788303756357e+00
0.0000000000000000e+00
-5.0498968738544407e+00
-5.0498968738544407e+00
0.0000000000000000e+00
-6.0694854456564071e+00
-6.0694854456564071e+00
0.0000000000000000e+00
-6.2244293067485135e+00
-6.2244293067485135e+00
0.0000000000000000e+00
-5.5255394873675954e+00
-5.5255394873675954e+00
0.0000000000000000e+00
-5.1008009136785484e+00
-5.1008009136785484e+00
0.0000000000000000e+00
-6.1953038019999571e+00
-6.1953038019999571e+00
0.0000000000000000e+00
-6.1846201906693867e+00
-6.1846201906693867e+00
0.0000000000000000e+00
-6.9666335890013169e+00
-6.9666335890013169e+00
0.0000000000000000e+00
-7.8154237660931827e+00
-7.8154237660931827e+00
0.0000000000000000e+00
-6.8274052025845089e+00
-6.8274052025845089e+00
0.0000000000000000e+00
-6.3377130353788935e+00
-6.3377130353788935e+00
0.0000000000000000e+00
-6.0562411533703422e+00
-6.0562411533703422e+00
0.0000000000000000e+00
-6.3238277475524143e+00
-6.3238277475524143e+00
0.0000000000000000e+00
-6.3844984486717919e+00
-6.3844984486717919e+00
0.0000000000000000e+00
-6.4220288104252825e+00
-6.4220288104252825e+00
0.0000000000000000e+00
-6.0816805062217902e+00
-6.0816805062217902e+00
0.0000000000000000e+00
-6.1548684853659923e+00
-6.1548684853659923e+00
0.0000000000000000e+00
-6.2203786250552735e+00
-6.2203786250552735e+00
0.0000000000000000e+00
-6.1424734163363102e+00
-6.1424734163363102e+00
0.0000000000000000e+00
-5.9155532722096558e+00
-5.9155532722096558e+00
0.0000000000000000e+00
-6.0962869641441149e+00
-6.0962869641441149e+00
0.0000000000000000e+00
-6.1105799723539009e+00
-6.1105799723539009e+00
0.0000000000000000e+00
-5.8510595458763186e+00
-5.8510595458763186e+00
0.0000000000000000e+00
-5.6354441123314949e+00
-5.6354441123314949e+00
0.0000000000000000e+00
-6.5478027244560435e+00
-6.5478027244560435e+00
0.0000000000000000e+00
-6.5429431912023208e+00
-6.5429431912023208e+00
0.0000000000000000e+00
-5.9328080495901165e+00
-5.9328080495901165e+00
0.0000000000000000e+00
-6.0162097537179902e+00
-6.0162097537179902e+00
0.0000000000000000e+00
-6.2732754234475090e+00
-6.2732754234475090e+00
0.0000000000000000e+00
-5.7304295523774300e+00
-5.7304295523774300e+00
0.0000000000000000e+00
-5.5867324233653370e+00
-5.5867324233653370e+00
0.0000000000000000e+00
-5.7417646702496539e+00
-5.7417646702496539e+00
0.0000000000000000e+00
-6.2416892513459992e+00
-6.2416892513459992e+00
0.0000000000000000e+00
-6.6927798212411034e+00
-6.6927798212411034e+00
0.0000000000000000e+00
-7.4867884060447762e+00
-7.4867884060447762e+00
0.0000000000000000e+00
-7.4397610754705497e+00
-7.4397610754705497e+00
0.0000000000000000e+00
-7.6385590314424814e+00
-7.6385590314424814e+00
0.0000000000000000e+00
-7.4232752213438058e+00
-7.4232752213438058e+00
0.0000000000000000e+00
-6.6278298195377214e+00
-6.6278298195377214e+00
0.0000000000000000e+00
-5.8701788242384438e+00
-5.8701788242384438e+00
0.0000000000000000e+00
-5.8945300627748125e+00
-5.8945300627748125e+00
0.0000000000000000e+00
-6.0623046272840639e+00
-6.0623046272840639e+00
0.0000000000000000e+00
-6.7294341947733534e+00
-6.7294341947733534e+00
0.0000000000000000e+00
-6.6482308184925234e+00
-6.6482308184925234e+00
0.0000000000000000e+00
-6.1111606465057324e+00
-6.1111606465057324e+00
0.0000000000000000e+00
-6.8823662327870689e+00
-6.8823662327870689e+00
0.0000000000000000e+00
-5.8860328528949477e+00
-5.8860328528949477e+00
0.0000000000000000e+00
-6.5043110504027535e+00
-6.5043110504027535e+00
0.0000000000000000e+00
-6.5380188551223775e+00
-6.5380188551223775e+00
0.0000000000000000e+00
-6.0624573060635676e+00
-6.0624573060635676e+00
0.0000000000000000e+00
-5.9646582477194627e+00
-5.9646582477194627e+00
0.0000000000000000e+00
-5.6620429042673734e+00
-5.6620429042673734e+00
0.0000000000000000e+00
-5.8712748122931782e+00
-5.8712748122931782e+00
0.0000000000000000e+00
-5.8705696371917373e+00
-5.8705696371917373e+00
0.0000000000000000e+00
-5.9784752565557850e+00
-5.9784752565557850e+00
0.0000000000000000e+00
-6.8267442099710376e+00
-6.8267442099710376e+00
0.0000000000000000e+00
-7.3801225054472059e+00
-7.3801225054472059e+00
0.0000000000000000e+00
-6.8117017355546476e+00
-6.8117017355546476e+00
0.0000000000000000e+00
-6.8867264473210703e+00
-6.8867264473210703e+00
0.0000000000000000e+00
-6.2522267536171867e+00
-6.2522267536171867e+00
0.0000000000000000e+00
-7.0879176066518932e+00
-7.0879176066518932e+00
0.0000000000000000e+00
-8.1079001690389774e+00
-8.1079001690389774e+00
0.0000000000000000e+00
-8.7929030449236745e+00
-8.7929030449236745e+00
0.0000000000000000e+00
-8.0526667976810096e+00
-8.0526667976810096e+00
0.0000000000000000e+00
-6.3072994058036169e+00
-6.3072994058036169e+00
0.0000000000000000e+00
-6.4089758013038374e+00
-6.4089758013038374e+00
0.0000000000000000e+00
-5.5360954788119194e+00
-5.5360954788119194e+00
0.0000000000000000e+00
-6.1010642832861235e+00
-6.1010642832861235e+00
0.0000000000000000e+00
-6.3532747148107163e+00
-6.3532747148107163e+00
0.0000000000000000e+00
-6.4057228864118905e+00
-6.4057228864118905e+00
0.0000000000000000e+00
-5.9905571751888012e+00
-5.9905571751888012e+00
0.0000000000000000e+00
-5.8757012464952227e+00
-5.8757012464952227e+00
0.0000000000000000e+00
-6.5811335530842383e+00
-6.5811335530842383e+00
0.0000000000000000e+00
-6.7707446234509376e+00
-6.7707446234509376e+00
0.0000000000000000e+00
-6.6785948859933315e+00
-6.6785948859933315e+00
0.0000000000000000e+00
-6.3010636874244010e+00
-6.3010636874244010e+00
0.0000000000000000e+00
-6.8115837479180268e+00
-6.8115837479180268e+00
0.0000000000000000e+00
-6.5632105084961010e+00
-6.5632105084961010e+00
0.0000000000000000e+00
-6.9821372286542598e+00
-6.9821372286542598e+00
0.0000000000000000e+00
-5.5211036567199354e+00
-5.5211036567199354e+00
0.0000000000000000e+00
-5.2493668970375715e+00
-5.2493668970375715e+00
0.0000000000000000e+00
-5.2259098934818393e+00
-5.2259098934818393e+00
0.0000000000000000e+00
-5.9146822503617464e+00
-5.9146822503617464e+00
0.0000000000000000e+00
-5.7072508083842735e+00
-5.7072508083842735e+00
0.0000000000000000e+00
-6.1781687337104332e+00
-6.1781687337104332e+00
0.0000000000000000e+00
-5.0555134270550210e+00
-5.0555134270550210e+00
0.0000000000000000e+00
-5.1161553531507149e+00
-5.1161553531507149e+00
0.0000000000000000e+00
-4.9110631727102785e+00
-4.9110631727102785e+00
0.0000000000000000e+00
-5.6733529010016639e+00
-5.6733529010016639e+00
0.0000000000000000e+00
-5.1258359665280722e+00
-5.1258359665280722e+00
0.0000000000000000e+00
-4.9807858106516552e+00
-4.9807858106516552e+00
0.0000000000000000e+00
-5.1252190155123776e+00
-5.1252190155123776e+00
0.0000000000000000e+00
-4.8889530979266809e+00
-4.8889530979266809e+00
0.0000000000000000e+00
-4.9157850231726696e+00
-4.9157850231726696e+00
0.0000000000000000e+00
-5.0119265807561559e+00
-5.0119265807561559e+00
0.0000000000000000e+00
-4.9032514018377436e+00
-4.9032514018377436e+00
0.0000000000000000e+00
-7.2139625008321424e+00
-7.2139625008321424e+00
0.0000000000000000e+00
-4.9415243430600526e+00
-4.9415243430600526e+00
0.0000000000000000e+00
-5.0387278984598725e+00
-5.0387278984598725e+00
0.0000000000000000e+00
-5.0234065614857553e+00
-5.0234065614857553e+00
0.0000000000000000e+00
-5.1768473088463614e+00
-5.1768473088463614e+00
0.0000000000000000e+00
-5.5774880476812640e+00
-5.5774880476812640e+00
0.0000000000000000e+00
-5.2760407043790023e+00
-5.2760407043790023e+00
0.0000000000000000e+00
-5.3284353697276075e+00
-5.3284353697276075e+00
0.0000000000000000e+00
-6.1990000739373343e+00
-6.1990000739373343e+00
0.0000000000000000e+00
-5.5151822134042572e+00
-5.5151822134042572e+00
0.0000000000000000e+00
-5.0006661149476823e+00
-5.0006661149476823e+00
0.0000000000000000e+00
-5.0838520543002224e+00
-5.0838520543002224e+00
0.0000000000000000e+00
-5.2668940156831541e+00
-5.2668940156831541e+00
0.0000000000000000e+00
-5.6274247246506039e+00
-5.6274247246506039e+00
0.0000000000000000e+00
-5.4057287843575628e+00
-5.4057287843575628e+00
0.0000000000000000e+00
-5.5018717879223145e+00
-5.5018717879223145e+00
0.0000000000000000e+00
-6.2259930286562648e+00
-6.2259930286562648e+00
0.0000000000000000e+00
-6.2761613601127824e+00
-6.2761613601127824e+00
0.0000000000000000e+00
-5.8447498957837754e+00
-5.8447498957837754e+00
0.0000000000000000e+00
-5.9289911294250821e+00
-5.9289911294250821e+00
0.0000000000000000e+00
-5.4898199512990020e+00
-5.4898199512990020e+00
0.0000000000000000e+00
-6.8315166565620880e+00
-6.8315166565620880e+00
0.0000000000000000e+00
-7.3714860190696792e+00
-7.3714860190696792e+00
0.0000000000000000e+00
-6.2549250456547512e+00
-6.2549250456547512e+00
0.0000000000000000e+00
-5.2916142793940919e+00
-5.2916142793940919e+00
0.0000000000000000e+00
-6.5471108061602070e+00
-6.5471108061602070e+00
0.0000000000000000e+00
-8.5997387122862801e+00
-8.5997387122862801e+00
0.0000000000000000e+00
-8.0197774282469823e+00
-8.0197774282469823e+00
0.0000000000000000e+00
-7.5093748308025345e+00
-7.5093748308025345e+00
0.0000000000000000e+00
-8.0663796852497587e+00
-8.0663796852497587e+00
0.0000000000000000e+00
-8.0764787118123227e+00
-8.0764787118123227e+00
0.0000000000000000e+00
-7.5382351270290524e+00
-7.5382351270290524e+00
0.0000000000000000e+00
-7.1515755796012215e+00
-7.1515755796012215e+00
0.0000000000000000e+00
-7.6317654069578378e+00
-7.6317654069578378e+00
0.0000000000000000e+00
-7.7754725205879236e+00
-7.7754725205879236e+00
0.0000000000000000e+00
-7.3514030181458629e+00
-7.3514030181458629e+00
0.0000000000000000e+00
-8.2795793643761701e+00
-8.2795793643761701e+00
0.0000000000000000e+00
-6.3807237931634271e+00
-6.3807237931634271e+00
0.0000000000000000e+00
-6.0150710531428855e+00
-6.0150710531428855e+00
0.0000000000000000e+00
-8.3840500008871288e+00
-8.3840500008871288e+00
0.0000000000000000e+00
-7.8973739202075546e+00
-7.8973739202075546e+00
0.0000000000000000e+00
-5.2129272193154748e+00
-5.2129272193154748e+00
0.0000000000000000e+00
-6.4403773250900800e+00
-6.4403773250900800e+00
0.0000000000000000e+00
-5.0891030923424863e+00
-5.0891030923424863e+00
0.0000000000000000e+00
-5.0280208329582301e+00
-5.0280208329582301e+00
0.0000000000000000e+00
-5.0288862898331042e+00
-5.0288862898331042e+00
0.0000000000000000e+00
-5.1425816727925797e+00
-5.1425816727925797e+00
0.0000000000000000e+00
-5.0420821030493226e+00
-5.0420821030493226e+00
0.0000000000000000e+00
-6.1138181698120393e+00
-6.1138181698120393e+00
0.0000000000000000e+00
-6.9506767103939371e+00
-6.9506767103939371e+00
0.0000000000000000e+00
-6.7841270571281829e+00
-6.7841270571281829e+00
0.0000000000000000e+00
-5.4714830401723278e+00
-5.4714830401723278e+00
0.0000000000000000e+00
-5.3363414951912640e+00
-5.3363414951912640e+00
0.0000000000000000e+00
-5.3181540326633252e+00
-5.3181540326633252e+00
0.0000000000000000e+00
-5.0790421418114020e+00
-5.0790421418114020e+00
0.0000000000000000e+00
-5.4470139856144231e+00
-5.4470139856144231e+00
0.0000000000000000e+00
-5.1011957794138159e+00
-5.1011957794138159e+00
0.0000000000000000e+00
-5.1465563000154937e+00
-5.1465563000154937e+00
0.0000000000000000e+00
