4
90
3.6069208706697964e-01
5.3283650773009872e-01
4.9945551864766513e-03
1.0000000000000000e+00
3.1978458855968483e-01
6.0567638948923563e-01
5.4294713400940969e-02
1.0000000000000000e+00
4.4147173275354135e-01
2.9534088652944779e-01
5.2998749924063310e-02
1.0000000000000000e+00
2.7160467167499291e-01
4.0224941652631974e-01
1.6202824953415990e-02
1.0000000000000000e+00
3.4167582571620869e-01
-2.1051224302136684e-01
6.0441913475278858e-02
1.0000000000000000e+00
3.1263612962442267e-01
-8.1552150352945274e-02
1.9018882870204840e-02
1.0000000000000000e+00
3.8311807358053329e-01
-5.9157992403124804e-01
3.7341359521724377e-02
1.0000000000000000e+00
3.8147374953490498e-01
-1.2354601702754731e-01
2.3185642537191603e-02
1.0000000000000000e+00
3.6364930764187875e-01
-8.1502852887933797e-02
1.9961399360090587e-02
1.0000000000000000e+00
3.4420537099589410e-01
4.6544920590604311e-01
2.7260815069075767e-02
1.0000000000000000e+00
2.3926878430296483e-01
-1.9253449111347432e-01
4.4265799441836867e-02
1.0000000000000000e+00
3.2668204408486190e-01
2.7392607957954174e-01
5.5117325558148883e-02
1.0000000000000000e+00
2.8846691072334352e-01
5.7877294377321964e-01
3.5703788998125680e-02
1.0000000000000000e+00
2.0802394522701206e-01
-8.0036156388086921e-02
7.0788897798684053e-02
1.0000000000000000e+00
2.2724676517185571e-01
1.6687542498475527e-01
9.0664184411343746e-02
1.0000000000000000e+00
3.0622331065472963e-01
2.8316122033065771e-01
6.6926641381633095e-02
1.0000000000000000e+00
4.0648607991982999e-01
7.0560359135633921e-01
8.2793510801911913e-02
1.0000000000000000e+00
2.6421051007577034e-01
7.0730283828816032e-01
9.8728706644669734e-02
1.0000000000000000e+00
2.1572991996885094e-01
5.1902633749778038e-01
1.1500574494775720e-01
1.0000000000000000e+00
2.3597856821373853e-01
2.6881162294084793e-01
1.2300278589746086e-01
1.0000000000000000e+00
3.4505379640262390e-01
2.4352836569669312e-01
1.0814426792703671e-01
1.0000000000000000e+00
3.4689567008985023e-01
4.3757388887825077e-01
7.6691049033888709e-02
1.0000000000000000e+00
3.9305735802275876e-01
6.3848405059325164e-01
9.1970759326704871e-02
1.0000000000000000e+00
4.1656791469080190e-01
8.7026463735746806e-01
1.2461938627448035e-01
1.0000000000000000e+00
3.4947827614081461e-01
9.1764035828309720e-01
1.2205082375940038e-01
1.0000000000000000e+00
2.7845692301337976e-01
9.1040101235630577e-01
1.1774928017903222e-01
1.0000000000000000e+00
3.5431765874085386e-01
9.6183852416361337e-01
1.0377972398337079e-01
1.0000000000000000e+00
2.7400038756599088e-01
9.7560900200987821e-01
1.2046890973497285e-01
1.0000000000000000e+00
1.6967816282698323e-01
8.8121272374773985e-01
1.2588032113771988e-01
1.0000000000000000e+00
2.1884920522273887e-01
8.5384563294137483e-01
1.4384606186567908e-01
1.0000000000000000e+00
3.0994583042041768e-01
8.8039008744890457e-01
1.3600809634872349e-01
1.0000000000000000e+00
3.1489322544069864e-01
9.1687487748349672e-01
1.2704875984409228e-01
1.0000000000000000e+00
1.7286653694458209e-01
8.8736816223608916e-01
1.4438776428060010e-01
1.0000000000000000e+00
2.3269689401780624e-01
9.3714815909406757e-01
1.6542739794303998e-01
1.0000000000000000e+00
2.9327828491108221e-01
9.0503027425511395e-01
1.6570684259122573e-01
1.0000000000000000e+00
2.1323086788828505e-01
9.1247492418988263e-01
1.8332294320052825e-01
1.0000000000000000e+00
2.5746729960150105e-01
8.9974549827529704e-01
1.6481893076625057e-01
1.0000000000000000e+00
2.2900043837211115e-01
8.6707572541563427e-01
1.7293755710770711e-01
1.0000000000000000e+00
2.9733032368307022e-01
8.4547808575807726e-01
1.6414919240114614e-01
1.0000000000000000e+00
2.9054100330171195e-01
8.7093994575916445e-01
1.5745385479303878e-01
1.0000000000000000e+00
3.2892138495293466e-01
8.3802840598291373e-01
1.6229166270122733e-01
1.0000000000000000e+00
3.1464121044331250e-01
9.1231704475721931e-01
1.5809910132438745e-01
1.0000000000000000e+00
2.5821202296714318e-01
9.2143628875855943e-01
1.5587782809516285e-01
1.0000000000000000e+00
2.7007350467096103e-01
8.9042440512348553e-01
1.5649559560470153e-01
1.0000000000000000e+00
2.5513953205148709e-01
8.9802725137342354e-01
1.4498232458490748e-01
1.0000000000000000e+00
2.3976867182130945e-01
9.2504197721500536e-01
1.7042303005937356e-01
1.0000000000000000e+00
2.6827864600267048e-01
9.6001509008128783e-01
1.6280651816405226e-01
1.0000000000000000e+00
2.0693212102554526e-01
9.3569345994983455e-01
1.5018114155745935e-01
1.0000000000000000e+00
2.7090716159358408e-01
9.5262854303364297e-01
1.2853311781427693e-01
1.0000000000000000e+00
3.6015450536427807e-01
9.6506837978158733e-01
1.1482995666219722e-01
1.0000000000000000e+00
2.6412670175699304e-01
8.9883973998148581e-01
9.1488279074019380e-02
1.0000000000000000e+00
2.8315759672472041e-01
9.9354375702459952e-01
1.0006948061991353e-01
1.0000000000000000e+00
3.8482916926653843e-01
9.7472800211180588e-01
8.9415328598170168e-02
1.0000000000000000e+00
3.9019382024338256e-01
9.7682684277315279e-01
8.3056390655747242e-02
1.0000000000000000e+00
3.7149327226137530e-01
9.4976885234136721e-01
8.8344377486555464e-02
1.0000000000000000e+00
3.2842233335753690e-01
9.7807823483963152e-01
6.5885982904637791e-02
1.0000000000000000e+00
3.7307757512820672e-01
8.6890429370469069e-01
4.8414116164258308e-02
1.0000000000000000e+00
3.7407046499350827e-01
9.5432430617875075e-01
1.2623862966484017e-02
1.0000000000000000e+00
4.2345553951957982e-01
8.2793173020836552e-01
4.1542778700204563e-03
1.0000000000000000e+00
4.4885269751461010e-01
8.7516897219829848e-01
1.7616975375040062e-02
1.0000000000000000e+00
3.7868548680484082e-01
7.2716749752071341e-01
6.3741050710723363e-02
1.0000000000000000e+00
2.0964364002787761e-01
9.2907816836741408e-01
4.4117653326884471e-02
1.0000000000000000e+00
3.1665694259203292e-01
6.2623003499247720e-01
1.8577092813848145e-02
1.0000000000000000e+00
2.3006235144197262e-01
8.0708513037898233e-01
4.6808368314577825e-02
1.0000000000000000e+00
1.8865159770570017e-01
9.8139115351732475e-01
4.8237815054653771e-02
1.0000000000000000e+00
3.6906607180929996e-01
9.7966741513009770e-01
2.5058493548476696e-02
1.0000000000000000e+00
2.5333560893699314e-01
9.6309810386519534e-01
3.0095218046972155e-02
1.0000000000000000e+00
3.1983589993245687e-01
7.8670929193394845e-01
2.7574993210782855e-02
1.0000000000000000e+00
3.4890204768083777e-01
7.3451832922073668e-01
1.2634964433436841e-02
1.0000000000000000e+00
2.9552028375832151e-01
9.4928213868188327e-01
5.3817051192800142e-02
1.0000000000000000e+00
3.4060734464941333e-01
9.3337333745221263e-01
3.5917592197711207e-02
1.0000000000000000e+00
3.9613860875755336e-01
9.2723210698823100e-01
3.9189924099537171e-02
1.0000000000000000e+00
3.2682538324655752e-01
8.9662438801387911e-01
3.1165478917591832e-02
1.0000000000000000e+00
3.9632926847474437e-01
8.1007528859554445e-01
8.3537771634837610e-03
1.0000000000000000e+00
3.7503572353665504e-01
6.1444078614367759e-01
6.8184617949646059e-02
1.0000000000000000e+00
3.4851137270374011e-01
8.2183797583347773e-01
5.4578699214380327e-02
1.0000000000000000e+00
3.1823545846776824e-01
9.1595201236559665e-01
3.8849057730749342e-02
1.0000000000000000e+00
3.3132685804520179e-01
6.6393573065652167e-01
5.6962293906599376e-02
1.0000000000000000e+00
3.5430367135921870e-01
8.5115954927532589e-01
1.2684568732856866e-02
1.0000000000000000e+00
2.7925953868469833e-01
5.8945959569318807e-01
4.9913823574661370e-02
1.0000000000000000e+00
2.1110658225296675e-01
6.4990819380982434e-01
9.3743763564816673e-03
1.0000000000000000e+00
2.9816804040382294e-01
7.0626992405668720e-01
9.5081180271336108e-03
1.0000000000000000e+00
4.1607153764852001e-01
7.1246500778288469e-01
6.9167997448948887e-02
1.0000000000000000e+00
4.0742293256261064e-01
9.1930674714312777e-01
4.8205476338898740e-02
1.0000000000000000e+00
3.0389478802607073e-01
9.1215518442259058e-01
3.9606096074840030e-02
1.0000000000000000e+00
3.0964497767780585e-01
9.8008546185956225e-01
6.5684218771912134e-02
1.0000000000000000e+00
3.1544440227952464e-01
9.4365160026864037e-01
4.0478448962949193e-02
1.0000000000000000e+00
3.1435862320284969e-01
9.1980387968287691e-01
8.4571751159364800e-02
1.0000000000000000e+00
4.3850586477418574e-01
8.9970560510919317e-01
4.2165684256451647e-02
1.0000000000000000e+00
3.0609263754666927e-01
9.7559574990809783e-01
5.2716752373362402e-02
1.0000000000000000e+00
