1
1000
1.3562228499138659e-01
1.3444553753366212e-01
1.2840650395939548e-01
1.3213140343659319e-01
1.1292052364098186e-01
1.2599634910414850e-01
1.4068173618214408e-01
1.1800942967528844e-01
1.2361983163394574e-01
1.3555021927778366e-01
1.3846795443564053e-01
1.3550016596606196e-01
1.7946700887500552e-01
1.4680435090118227e-01
1.6403908053443417e-01
2.5653989270225064e-01
1.8367274347965054e-01
2.2262283756763604e-01
1.9100987383436935e-01
1.8828750342535372e-01
1.7177014440866259e-01
1.9391277868885509e-01
1.8864233499988994e-01
1.5180777312362143e-01
1.5686926231652784e-01
1.4982637724334580e-01
1.7618993984248760e-01
2.1304531184701594e-01
1.8200581989257825e-01
1.7390875247101614e-01
1.8996591980881905e-01
1.4964944734602009e-01
1.7604278393503772e-01
1.6497420043839683e-01
1.8165381046481840e-01
2.0051031630645558e-01
2.2778387755161320e-01
1.6978224781709184e-01
1.6295930504149947e-01
1.4904517295742684e-01
1.3011791191100108e-01
1.4549456897274285e-01
1.2176462441760048e-01
1.2033453034832663e-01
1.5354049412721424e-01
1.5354049412721424e-01
1.6009741713371026e-01
1.5244984833721681e-01
1.4495466386094805e-01
1.3049825372888574e-01
1.3773106956064227e-01
1.8369547165288400e-01
1.4625225968193603e-01
1.4524226711387864e-01
1.3324664570579270e-01
1.2935845437143054e-01
1.7957496776268062e-01
1.7498127555732179e-01
2.0155402442906301e-01
1.7152915810430941e-01
1.6541329981222144e-01
1.6132982783029962e-01
1.5000474485510767e-01
1.6695120535262561e-01
1.9385588931945452e-01
1.8944157862744210e-01
2.0362480689926776e-01
2.2179111144293523e-01
2.2333033193132340e-01
2.2860778890642794e-01
2.4253613459866344e-01
2.4991142971556765e-01
2.3867310112712747e-01
1.8306950254069990e-01
1.9969890613027380e-01
2.0326765343479886e-01
1.8656094087142866e-01
2.0600478045310497e-01
2.1951072400520399e-01
2.1775737740681353e-01
2.0346070288737081e-01
1.7491762002829922e-01
4.7453670712325019e-01
5.4492891655716558e-01
4.6284897145958337e-01
2.1360334696247643e-01
2.0273152135261685e-01
2.2276527146832450e-01
2.1372653894011587e-01
1.8519170414128103e-01
1.8881381573185141e-01
1.9150565805532641e-01
1.9671092491938913e-01
1.9186840879640454e-01
2.1280940606781207e-01
2.0525887630264664e-01
2.1954319158852340e-01
2.1396005115864022e-01
2.1735648597429169e-01
2.0243803492564791e-01
1.9044684577774448e-01
2.0075512187309980e-01
2.2646599861673944e-01
2.2104212026942252e-01
1.9632340712276844e-01
2.0164704700498903e-01
2.2233626687323718e-01
2.1573661387289012e-01
2.1142563928707367e-01
3.5616620892986495e-01
3.6911606216802406e-01
1.7464915623439237e-01
1.9739496945192003e-01
1.7556816682320212e-01
2.1197083481440449e-01
2.2291950156809445e-01
2.1025636603611392e-01
1.8619215628351354e-01
2.0303896210030584e-01
2.1297994570576187e-01
2.3424416553734706e-01
2.0209986005889541e-01
1.9519960344139378e-01
1.9658711857508571e-01
2.0541484839299087e-01
2.5918258386202297e-01
2.1014777156774200e-01
3.6128317555167988e-01
2.0657737863407064e-01
2.4494078035988082e-01
2.2997163412432639e-01
1.6947655911859574e-01
1.6637564038503702e-01
1.6364323108470694e-01
1.5345446761994277e-01
1.4409348475302461e-01
1.4403926855521071e-01
1.4237961620661169e-01
1.5313415015491771e-01
1.4561649989674458e-01
1.6432268065743258e-01
1.6845377726730579e-01
1.8342414893419387e-01
3.2209897519063146e-01
2.6919891844412525e-01
1.7764930480294738e-01
1.6679915897479120e-01
1.8976254728601802e-01
2.0796404748361927e-01
2.7791226114971429e-01
2.5722088966931006e-01
1.5172946726237455e-01
1.6102507248900497e-01
1.5483105027188770e-01
1.5066960084544417e-01
1.9342982243481197e-01
1.6059945083930635e-01
1.6950011826099387e-01
1.5241385500946078e-01
1.6438323364820484e-01
1.5176522424433223e-01
1.4422130155974155e-01
1.4241483399678720e-01
1.6838217794744850e-01
1.6818416479574341e-01
2.2867339619070642e-01
2.0786885480164899e-01
1.3418312786907985e-01
1.4195130762811570e-01
1.4297394901573596e-01
1.3987415823666832e-01
1.4273096545027950e-01
1.4307492071184191e-01
1.4007465064482205e-01
1.2800981922808283e-01
1.3859906866850313e-01
1.4668841728734613e-01
1.2965705735563982e-01
1.2282373355835777e-01
1.1893428664901143e-01
1.7612535917473424e-01
1.6867453321421855e-01
2.6770669564946065e-01
2.5125781979350881e-01
2.7701923642663956e-01
2.4194885870857241e-01
2.5847646101071203e-01
2.8874838281664256e-01
1.7255655318335225e-01
1.5963842991445890e-01
1.7000040520606002e-01
1.6601129138475376e-01
1.4947632442312739e-01
1.3727749293253466e-01
1.3761734838213938e-01
1.6805808954401302e-01
1.3767131775067695e-01
1.4153347167866104e-01
1.5736115280174548e-01
1.5379248822881722e-01
2.1610505780648981e-01
2.1244870918629960e-01
1.4832127536984260e-01
1.3730849883462523e-01
1.3441735057072013e-01
1.3463608942953839e-01
1.2908785096985326e-01
1.3228855285786870e-01
1.2930088613247762e-01
1.3888660240382492e-01
1.4080605322868675e-01
1.4679328188423291e-01
1.6022225747935093e-01
1.7177186641368350e-01
1.5958401483899856e-01
1.5338228414947538e-01
1.6663908790766851e-01
1.4145496107559472e-01
1.7883167636192521e-01
1.3340399204099918e-01
1.4394649796575051e-01
1.8348522829617270e-01
1.2894682918417844e-01
1.4541621345155356e-01
1.2248588756540264e-01
1.9439613718231150e-01
1.2591164838539920e-01
1.2572731261155348e-01
1.3000256701336624e-01
1.3134674264690127e-01
1.3194596020758781e-01
1.3298968550187387e-01
1.2442240718502383e-01
1.1953505533308198e-01
1.1625697240247559e-01
1.4050048691685024e-01
1.3546969984803076e-01
1.3938770791733207e-01
1.5785212639777146e-01
1.3723101529269877e-01
1.3576425495275032e-01
1.4740529356052096e-01
1.5126144387742882e-01
1.4338697424783997e-01
1.4406120301935793e-01
1.6103159973979758e-01
2.0779491031545849e-01
2.0522427318996045e-01
1.8760620965584748e-01
1.7755730907612349e-01
2.0037432131580551e-01
1.6045835135938755e-01
1.6462092715860702e-01
2.3341091378837348e-01
1.7559999801761714e-01
1.8512755841450690e-01
2.1409111022128066e-01
1.9910319069448118e-01
1.9076747965747004e-01
1.6873995613874856e-01
1.6590122318437067e-01
1.5049539895809363e-01
1.5660209515457332e-01
1.5332933328832310e-01
1.5712134241697626e-01
1.4692633290863794e-01
1.4349371831277463e-01
1.2809962052577897e-01
1.2580812894668786e-01
1.2239671004495102e-01
1.2445978610198320e-01
1.4056302073239635e-01
1.4898214694728423e-01
1.3899883340918526e-01
1.4235462944460406e-01
1.4786580758871792e-01
1.4147007052494495e-01
1.3864968737530842e-01
1.5115945414633239e-01
1.7433343020684397e-01
1.4556483011487001e-01
1.3295346792091242e-01
1.4121382426097925e-01
1.2523139968865524e-01
1.3072958266790791e-01
1.3510536823122743e-01
1.3773454438184707e-01
1.2572229670786123e-01
1.1952185116366218e-01
1.2048601967321465e-01
1.2109059072961673e-01
1.1034073317026960e-01
1.0968893068481517e-01
1.1660985551365950e-01
1.1231767432078066e-01
1.1092980226049179e-01
1.1590443024065199e-01
1.0891166595459127e-01
1.0724910763286523e-01
1.1368121537610813e-01
1.1049287997795343e-01
1.2681597008186862e-01
1.2806674827924455e-01
1.3557403887323624e-01
1.5590816028245352e-01
1.5185044160409492e-01
1.3780188235528762e-01
1.0839714604143130e-01
1.1417675891618093e-01
1.1642033465162052e-01
1.2153237696868806e-01
1.1403027852434602e-01
1.1349538139682597e-01
1.0736901596238846e-01
1.0645371751298177e-01
1.2136085834760481e-01
1.1021352506846592e-01
1.0929434617794964e-01
1.0456505185675351e-01
1.0360357746705275e-01
1.2306253954763900e-01
1.2605103167480894e-01
1.1519947450860743e-01
1.2140881515550142e-01
1.2433150666691702e-01
1.0446687961152187e-01
1.0996346742592740e-01
1.2727123444832786e-01
1.2722663940632514e-01
1.1944698288705745e-01
1.2055118855058349e-01
1.0621578798450580e-01
1.0470645451308475e-01
1.0743257696103861e-01
1.0896495079173657e-01
1.0715220653979352e-01
1.1970121153633738e-01
1.1321054901242615e-01
1.1227602026937396e-01
1.0774646211597058e-01
1.0700500109335827e-01
1.1735500324655916e-01
1.1009619652379192e-01
1.0889960280263504e-01
1.1092277272880015e-01
1.1122653335302721e-01
1.0901582770115356e-01
1.1078939881682202e-01
1.0400813365993399e-01
1.0184929837750216e-01
1.0424700199144198e-01
1.0063625021852146e-01
1.0392365258107511e-01
1.0601273376652780e-01
1.0588303773188595e-01
1.1251841243318950e-01
1.0741704961882471e-01
1.0686867335978029e-01
9.9981986746215237e-02
1.0046571167850671e-01
1.1137302553073573e-01
1.2163542948859439e-01
1.2557062958841222e-01
1.2895442917424055e-01
1.3189829611603701e-01
1.2627239370673338e-01
1.3718060261032378e-01
1.4025014574706154e-01
1.4084189986079609e-01
1.3602392919146528e-01
1.3225797284984550e-01
1.2496052678829918e-01
1.2034753086441213e-01
1.3014481692608437e-01
1.4813759143241328e-01
1.3758806737395329e-01
1.4244606448959826e-01
1.3743940921637551e-01
1.3002285618252205e-01
1.3278528764813657e-01
1.3604278795934838e-01
1.4257945384416387e-01
1.3747856380799489e-01
1.2222430384816853e-01
1.2253130657095782e-01
1.3462960536105403e-01
1.1645780480567794e-01
1.2122980930987030e-01
1.4221355528267934e-01
1.3148837638122493e-01
1.3934284483586296e-01
1.3433790607884064e-01
1.4332519280504369e-01
1.2021141596433368e-01
1.3334266565377173e-01
1.1606322744810540e-01
1.2083476952837263e-01
1.2054029161851196e-01
1.2507782726071948e-01
1.3217409541850741e-01
1.3282516526855667e-01
1.3419158164700551e-01
1.3205999425998935e-01
1.4831079351803267e-01
1.5078565035095767e-01
1.4789584204750211e-01
1.4559018595945317e-01
1.4129911482921156e-01
1.4582396407180601e-01
1.4317368936265093e-01
1.3691407756434826e-01
1.5063910416386311e-01
1.3985400681761695e-01
1.3314640293777233e-01
1.3286251710052083e-01
1.3626347383107329e-01
1.2458633154084353e-01
1.2063474145747649e-01
1.1376331303614229e-01
1.1552663642095697e-01
1.1212368611143003e-01
1.1136690852266970e-01
1.1929670861383448e-01
1.2707795397378613e-01
1.4578212913859484e-01
2.7709726204007035e-01
1.4596946933440835e-01
1.3224722002207751e-01
1.3642675655237921e-01
1.3019925806852364e-01
1.3813323837659633e-01
1.3098454541033014e-01
1.3246351047231431e-01
1.2532940181214872e-01
1.2433022876174281e-01
1.2388404935590686e-01
1.2413110332308244e-01
1.3455660965119776e-01
1.2652569731049218e-01
2.0413172127664136e-01
2.0603676853832767e-01
1.1835146350705489e-01
1.7734806930721855e-01
1.2656750037728984e-01
1.3522570593519379e-01
1.3302983031629076e-01
1.3712679602270772e-01
1.2739980750424404e-01
1.3431634214803215e-01
1.3184761374100223e-01
1.3057034097250558e-01
1.2600779729762757e-01
1.3628180448578331e-01
1.4265624337001517e-01
1.5606560239239681e-01
1.4182265703563524e-01
1.4270658842818748e-01
1.4263984289428033e-01
1.2123525983298199e-01
1.3494005746095777e-01
1.3010466031301685e-01
1.2897889480970640e-01
1.1687277220643946e-01
1.2000696571635441e-01
1.1693551071033291e-01
1.2736486579437822e-01
1.2650161554026923e-01
1.2507959701546795e-01
1.2728677803552021e-01
1.2326349863067890e-01
1.1991399438391526e-01
1.1722795496811977e-01
1.1732864132173550e-01
1.1764519417732144e-01
1.1403317811287451e-01
1.1296864861776418e-01
1.1570317719882117e-01
1.2307439557861766e-01
1.2624093972503825e-01
1.3055714787387415e-01
1.2169103961881951e-01
1.3325767575472172e-01
1.3149040645405680e-01
1.2513951847501650e-01
1.2856479621025899e-01
1.2762461510950951e-01
1.3539874698475526e-01
1.4340089761388000e-01
1.3336883758300047e-01
1.2985545439996585e-01
1.3820767770335013e-01
1.5026988615648754e-01
1.3648602366323062e-01
1.2244800942997314e-01
1.4202168018588776e-01
1.5179774320236325e-01
1.4572569921461498e-01
1.3581450824733748e-01
1.4159830569355925e-01
1.3903754826801282e-01
1.3534292681182580e-01
1.1999732592701776e-01
1.1573474512779260e-01
1.1495656985167660e-01
1.3053350089446664e-01
1.3422405343194468e-01
1.3641989244047767e-01
1.8742488251789749e-01
1.6065013475519849e-01
1.3488699006412344e-01
1.3388939461212801e-01
1.3178397440600093e-01
1.3483889166142415e-01
1.4313371514117931e-01
1.4310159406999057e-01
1.4087952880348964e-01
1.1874349567417336e-01
1.1922158898763860e-01
1.1649080165769049e-01
1.0191035134466615e-01
1.0349659176594146e-01
1.1433473264904820e-01
1.0984914330982021e-01
1.1313880458470869e-01
1.0505713732788599e-01
1.0477690310192563e-01
1.0936891666776476e-01
1.0947588789784631e-01
1.1866449559576958e-01
1.4328963081868507e-01
1.3025060588773676e-01
1.1560487142661056e-01
1.2747871443059516e-01
1.5703412949183382e-01
2.7346859002417573e-01
1.3737026722831813e-01
1.2793019019959451e-01
1.2225598172007850e-01
1.1592793836260172e-01
1.0778790800830819e-01
1.2367406646920623e-01
1.5484372776725441e-01
1.4705610221736931e-01
1.2639032640825928e-01
1.3549786745816553e-01
1.4209489642203532e-01
3.3642133275272312e-01
2.4605962165155104e-01
2.4876816214339681e-01
2.7725113412293939e-01
1.5082492952866430e-01
1.4687558687144997e-01
1.5084068029881434e-01
1.4061241030707161e-01
1.3821193294596434e-01
1.4364455230419521e-01
1.4454887804563135e-01
1.4064225482593082e-01
1.5232919679828508e-01
1.9123288242689401e-01
1.4098472282073252e-01
1.3202064990103204e-01
1.1478511504852885e-01
1.2940830753511390e-01
1.3749574889211616e-01
1.2963146388878596e-01
1.3803704402294220e-01
1.3692332051238862e-01
1.4966065018556268e-01
1.4269765832647263e-01
1.4575571185083847e-01
1.4088695000223239e-01
1.2576426604681901e-01
1.2922623424398219e-01
1.3054826882962370e-01
1.1044523758909432e-01
1.0451298531673245e-01
1.1120941012444999e-01
1.1384031181669714e-01
1.2365633367718423e-01
1.3224017970281823e-01
1.3176910556024557e-01
1.3025867959675011e-01
1.3084394378685793e-01
1.3218598453765948e-01
1.5091752507239689e-01
1.4205213501508662e-01
1.4581769033599173e-01
1.2767384564931375e-01
1.1699314321783857e-01
1.3143203860318736e-01
1.2007888795200378e-01
1.1456192684244675e-01
1.1054942114967310e-01
1.1359065450150296e-01
9.8712183327584052e-02
1.1509223007729902e-01
1.2359929934811145e-01
1.2858863733251016e-01
1.3876981584962464e-01
1.4353225845053605e-01
1.2606485209446930e-01
1.5411561069824975e-01
1.5613936718307961e-01
1.8151454150787547e-01
1.9529722951487866e-01
1.6938838758727776e-01
1.2904021271708493e-01
1.2165695037275824e-01
1.2340659704020593e-01
1.6242527083500524e-01
1.7962747357381420e-01
1.9447677263317512e-01
2.0430078816782590e-01
1.5485922133677657e-01
1.2326633602226464e-01
1.3134740247620272e-01
1.2548845059113914e-01
1.2407005548952402e-01
1.2532156876818396e-01
1.3268983853201213e-01
1.4048339518685449e-01
1.4010910014825090e-01
1.3432120139772519e-01
1.4270658435413891e-01
1.2160381923148381e-01
1.2689030763870573e-01
1.2993198900518352e-01
1.3539794900235833e-01
1.8229378851794056e-01
1.6638405716908214e-01
1.5836169837197700e-01
1.5653877975775113e-01
1.7559008232766385e-01
1.7437385282300230e-01
1.4506037028618182e-01
1.6507390803063707e-01
1.6162402475307475e-01
1.4078479389191526e-01
1.4237898160574899e-01
1.3998532715751708e-01
1.4031177903848541e-01
1.2698714672605907e-01
1.6388886773002917e-01
1.7783782862250250e-01
1.9602291945196973e-01
1.5877325285905217e-01
1.4848173000281184e-01
1.4295656110858787e-01
1.5195149603929392e-01
1.5102372580389548e-01
1.4619662194939320e-01
1.2793711604938707e-01
1.1707648397830192e-01
1.1338246966532636e-01
1.2581572593047918e-01
1.4364106520173345e-01
1.5134317333181188e-01
1.6132758732086863e-01
1.5235380655086433e-01
1.6572612479431609e-01
1.9507872821812927e-01
1.7880233654365221e-01
1.8176928413627441e-01
1.3079728604935106e-01
2.2329685497544677e-01
1.4332122966408689e-01
1.0744114106864940e-01
1.4801987225661009e-01
1.1074755825532107e-01
1.2980943135027506e-01
1.2773085343057619e-01
1.2085439332392836e-01
1.2084328052813489e-01
1.3063208479248595e-01
1.4340274518784754e-01
1.4812294588775077e-01
1.3118455849460353e-01
1.3539873667866298e-01
1.1631701923770617e-01
1.2383207175529493e-01
2.1090467012212413e-01
1.6181495185552394e-01
1.2562149362269853e-01
1.3321854732645627e-01
1.6129359870315940e-01
1.5646269628676057e-01
1.3430827942707657e-01
1.1624994606680174e-01
1.1389571571444684e-01
1.0929422131465608e-01
1.0987087203015290e-01
1.1319007028771817e-01
1.0711416328503309e-01
1.0277881971243279e-01
1.0435617767197711e-01
9.6967291668338867e-02
9.1436478403154997e-02
9.8026014584841656e-02
1.0914908129289914e-01
1.3114191619355020e-01
1.3568619202468718e-01
1.4069195016165442e-01
1.3886737771114277e-01
1.4842085432686719e-01
1.5971719134193108e-01
1.6582555496470580e-01
1.4567246988883104e-01
1.5375165586892930e-01
1.4536708198918435e-01
1.4058506248344479e-01
1.5148673792189446e-01
1.5530578004857282e-01
1.6098147076371777e-01
1.6825421753081884e-01
1.7713721428013279e-01
1.9456097307292236e-01
1.7143967402248511e-01
1.3454519387366795e-01
1.2651688562666488e-01
1.7425297221102962e-01
1.3746832216276769e-01
1.5128648861481253e-01
1.5923138484606728e-01
1.6228543048097410e-01
1.8564502151025450e-01
1.6521827760661703e-01
1.5236691643956393e-01
1.5623913966204256e-01
1.6192926985521450e-01
1.7054904961392617e-01
1.7416085000599779e-01
1.7631738057827587e-01
1.8015906885535679e-01
1.8690486163996034e-01
1.7694568173580139e-01
1.6866656260079238e-01
1.5500643347709522e-01
1.9045599901319069e-01
1.3997552355016285e-01
1.3985338020247298e-01
2.6394061512445061e-01
2.6115768884768603e-01
1.5406137518984342e-01
4.4427046820610605e-01
1.5519337477657577e-01
1.5978499648990263e-01
1.6831014308425904e-01
1.1908021062164396e-01
1.2537938479313129e-01
1.2388831487636562e-01
1.5993345457542454e-01
1.8051641694970338e-01
1.1691473735605239e-01
1.2408036566713562e-01
1.2687637794527384e-01
1.5901074162643652e-01
1.7657127721865551e-01
1.4479037392884722e-01
1.6053950875623899e-01
1.3929208177547245e-01
1.3432958198811673e-01
1.4792819037758190e-01
1.4903132248737483e-01
1.5786188804739110e-01
1.4597098769638056e-01
1.4659572285602951e-01
1.4947797184692713e-01
1.2600218263043186e-01
1.2115243131789709e-01
1.2450577305945605e-01
1.2281829005898742e-01
1.1731692959559953e-01
1.2836008270927107e-01
1.5106607104876121e-01
1.5045462871572801e-01
1.5018883261304480e-01
1.5656741508588093e-01
1.3107749502750077e-01
1.1919359422288020e-01
1.3958887365859560e-01
1.4196542684709046e-01
1.5762333389769390e-01
1.2382970286138857e-01
1.2960002045762312e-01
1.2007084220498830e-01
1.1289638850978700e-01
1.1435851411702506e-01
1.1818846601922212e-01
1.5162129577337011e-01
1.6016772219485009e-01
1.5152780635869609e-01
1.1831570789848778e-01
1.2492462283204439e-01
1.2620752207845154e-01
1.6438332782498521e-01
1.3695924542794971e-01
1.6439873456860180e-01
1.5317754311851320e-01
1.5789193898599507e-01
1.5706260335372310e-01
1.4960333755741589e-01
1.6242306645706209e-01
1.6713985401727147e-01
1.3724325316612693e-01
1.4155754115913072e-01
1.5623409514139583e-01
1.6021444485690556e-01
1.7912818583316287e-01
1.7894005141044581e-01
1.8789767777010113e-01
1.6475329001586861e-01
1.6541212723784748e-01
1.6311502214833748e-01
1.6495660345052168e-01
2.4558105604138084e-01
2.5736204981577970e-01
1.5323893731994762e-01
1.7124757593855550e-01
1.7213764957476582e-01
1.8462149062978392e-01
1.9552380180625048e-01
1.7523917299978539e-01
1.7737169050719195e-01
1.7538799474743519e-01
1.9765834153248982e-01
1.9256161538394700e-01
2.0703037901013593e-01
2.0320975233140590e-01
2.1692967561946885e-01
2.4373085816442935e-01
2.4495062445042884e-01
2.2331809063231692e-01
1.8951931561946164e-01
1.9550136122964429e-01
1.9332620601969375e-01
1.9493550088506489e-01
2.0180453835835321e-01
1.8995171055969412e-01
1.9289671832929856e-01
1.8356548818252794e-01
1.7020048375917082e-01
1.7034411127143936e-01
1.7536192537405232e-01
1.9346694741614037e-01
2.0002382576968167e-01
2.0075184590593423e-01
1.5811248547012161e-01
2.1054236642034246e-01
2.0734773245974394e-01
2.1488169538094382e-01
2.2629145869333120e-01
2.3415097310334332e-01
2.4947472512399585e-01
1.7749413806566491e-01
1.8796707975782506e-01
1.7585066103235308e-01
1.8794898740363064e-01
1.7088167493847095e-01
1.5494242750060885e-01
1.6366524554107115e-01
1.5304972361374236e-01
1.5129742337729277e-01
1.5547535423340192e-01
1.5621070486643043e-01
1.4934173731583752e-01
1.6287304322076601e-01
1.7665561518039233e-01
1.6451432757245071e-01
1.1376648406815161e-01
1.1246402749978408e-01
1.1121358318181292e-01
1.0870074747937458e-01
1.0083112827657949e-01
1.0083112827657949e-01
9.8228029950367640e-02
9.9853582734102442e-02
1.0442404110630804e-01
1.2347457470631877e-01
1.2647556445716104e-01
1.0153247985648851e-01
1.2366426217823377e-01
1.1750840443571875e-01
1.3272499553312142e-01
1.1113777193390841e-01
1.1226455984126621e-01
1.1078468073081738e-01
1.0621168420807132e-01
1.0759978153544651e-01
1.0804968884888293e-01
1.2106201683744956e-01
1.3957699756710160e-01
1.3199024852116367e-01
1.2576720283521126e-01
1.0515772767792035e-01
1.1196708784889083e-01
1.1328355852820411e-01
1.0455816630526307e-01
1.3890849947562336e-01
1.7376483988437749e-01
1.9588602585089934e-01
1.7402318254590768e-01
1.8540647220680070e-01
1.6469383752260153e-01
1.7659310560624433e-01
1.9324529353616174e-01
1.5771445516466026e-01
1.8489245397955603e-01
1.8198040101271970e-01
1.9200546476508826e-01
1.7279885142251752e-01
1.7942038343829089e-01
1.7515203032658655e-01
1.5272146356511451e-01
1.4564120352673171e-01
1.4622645619552879e-01
1.5628191732873678e-01
1.5359456898099258e-01
1.3823064317884376e-01
1.7773535508750896e-01
1.7015798066373924e-01
1.5446015564392973e-01
1.6089155610445866e-01
1.5148520771092919e-01
1.2814467629506743e-01
1.2853758453114783e-01
1.5845673780017130e-01
1.3537041717823434e-01
1.2725878430257240e-01
1.1426434671365626e-01
1.8844274911091477e-01
1.9223157122930812e-01
1.7289014373916053e-01
1.5058294992509091e-01
1.1604736212931491e-01
1.1207509532023863e-01
1.4463629655437579e-01
1.4527232134754878e-01
1.0919374879473071e-01
1.0382603837708987e-01
1.0559176365594368e-01
9.6972037185421606e-02
1.0104368741110006e-01
1.0143522508483349e-01
9.6633985205271541e-02
1.1474868005684849e-01
1.3250838009455668e-01
1.3442835807899123e-01
1.2595365311582390e-01
1.2263794551224244e-01
1.1283255535646881e-01
1.1425242699524732e-01
1.1218351146244732e-01
1.0977910788311376e-01
1.0971893547778298e-01
9.5434422608824787e-02
9.5941754360781617e-02
9.9351970503695514e-02
9.6773453149556946e-02
1.0354014929564891e-01
1.0317916295459613e-01
1.0610814629471260e-01
1.0202394717544019e-01
1.0659835016460179e-01
1.0633747771020881e-01
1.1552529024300703e-01
1.0222608664082369e-01
1.0529920220058436e-01
1.0637397791897969e-01
1.0583118471857031e-01
1.0838170787970261e-01
1.2092685180913422e-01
1.1050511389693644e-01
1.1221862034252444e-01
1.2778969180768399e-01
1.3137126273053870e-01
1.2344220185383908e-01
1.2286571881817451e-01
1.2490071206326721e-01
1.4454643651314597e-01
1.5310195483405387e-01
1.2811077308914434e-01
1.0947605081968619e-01
1.4005719612578973e-01
1.1362748146871976e-01
1.0584681064441502e-01
9.9985774590442861e-02
1.0612600507599319e-01
1.0862197435721047e-01
1.0335604983938182e-01
1.1162361555308292e-01
1.1513845580407323e-01
1.1098035134489845e-01
1.2019782605948932e-01
1.1349431387718151e-01
1.1352895269842835e-01
1.1554792992088220e-01
1.1723825490581342e-01
1.0527161894604971e-01
1.4788608833876893e-01
