1
1000
1.2008810241145111e-01
1.2113809193587571e-01
1.2304606558732470e-01
1.1618040847482490e-01
1.1420794280684288e-01
1.2003407605259846e-01
1.2032765757859452e-01
1.3587681167713153e-01
1.3268651428115019e-01
1.3560493249011421e-01
1.1787843398257934e-01
1.1784991101783886e-01
1.1484626086415804e-01
1.2100963050818145e-01
1.2743492233544054e-01
1.3277780825934088e-01
1.3610323708253946e-01
1.4343155009778935e-01
1.3768140276334218e-01
1.3576937500398079e-01
1.3046928786514628e-01
1.3450111309466156e-01
1.3061609792633011e-01
1.3830293440300939e-01
1.2480718966958460e-01
1.2734515517158915e-01
1.2125352380909309e-01
1.1730466964243647e-01
1.2711122365839267e-01
1.2147986866830238e-01
1.2023472601250201e-01
1.2120958240103823e-01
1.2321303694269538e-01
1.1879198822479654e-01
1.2321096304971402e-01
1.2312085699482740e-01
1.1938439695390062e-01
1.1920722676511035e-01
1.2126837381180211e-01
1.2558677408985941e-01
1.3226610055711885e-01
1.2841511785842410e-01
1.2566854348474210e-01
1.2119533407691549e-01
1.1963148084675299e-01
1.1541945632112696e-01
1.1598192533865168e-01
1.0992459045174244e-01
1.1266761163778455e-01
1.1259779518267715e-01
9.9191648355123119e-02
1.0134302190006834e-01
9.9569481805559634e-02
9.9875984920241662e-02
1.0754546105784164e-01
1.0872754107578123e-01
1.0919696297132556e-01
1.0555194852190267e-01
1.0807630649857351e-01
1.1020263052734817e-01
1.0846868631251269e-01
1.1459841782450737e-01
1.0833586137680921e-01
1.0824285853643360e-01
1.0963968572244019e-01
1.0816935622279990e-01
1.1038829026241874e-01
1.1244163006056175e-01
1.1560338747792619e-01
1.3898088440266521e-01
1.4502826110775774e-01
1.4260826769127916e-01
1.4100827448556616e-01
1.3930947743764141e-01
1.3573184757215581e-01
1.3567700703885385e-01
1.2916235807534876e-01
1.3433874119780234e-01
1.3540080637431820e-01
1.3620851803435069e-01
1.4815160061235400e-01
1.3598848442792499e-01
1.3170004534193597e-01
1.9855727401778617e-01
1.6389718467621411e-01
1.3051908809216523e-01
1.1664184477095121e-01
1.3501899083657665e-01
1.4319269991720160e-01
1.5037975668315290e-01
1.3008699606199611e-01
1.3515689585435689e-01
1.2331691902372131e-01
1.8465205059871956e-01
1.9463008192361894e-01
1.9568983901466674e-01
1.9389181754230703e-01
1.6577298612830346e-01
1.5280273095023303e-01
2.2211403166874200e-01
2.3777887375258616e-01
2.0012639003541227e-01
1.6051009802617780e-01
2.2835123528536855e-01
2.9112935588516808e-01
1.7982258646074764e-01
1.3059483078651213e-01
1.4600056528780450e-01
1.4436366731755507e-01
1.5298528432371680e-01
1.8790284430516105e-01
1.7513343433656867e-01
1.5796954331519630e-01
1.6352613786582448e-01
1.8730761556648112e-01
2.0968709260044677e-01
1.8947732050582089e-01
1.9022906352954194e-01
1.8441113359419187e-01
1.6465519375278934e-01
1.9402467625636968e-01
1.7875353947533731e-01
1.7948513350558096e-01
1.8264392822749287e-01
2.1502100493243773e-01
1.7477758784945466e-01
1.9963037738540351e-01
2.1677746927484454e-01
1.7491848711041744e-01
1.5569863775223630e-01
1.7892018647990313e-01
1.8146947165603142e-01
1.7911108736868653e-01
1.7811919111834559e-01
1.7333054803503931e-01
1.6550374414867883e-01
1.8375986024801583e-01
1.6099010895118129e-01
1.6339426096096804e-01
1.5124641722181595e-01
2.6068881457787080e-01
2.6648585562982924e-01
2.8785318243489544e-01
2.5533127386991916e-01
2.5016658178008333e-01
2.4319304121863639e-01
2.4141230086839321e-01
2.5495324190533059e-01
2.0934786298352603e-01
1.6373805771916763e-01
1.5245772509372396e-01
1.6167141127472831e-01
1.4619809059524966e-01
1.5618656948738951e-01
1.6761189960500644e-01
1.7009311507983860e-01
1.6571216401700287e-01
1.5057366471646702e-01
1.6473060980687684e-01
1.8346452411078945e-01
1.8184594353687580e-01
1.7132067637449747e-01
1.6006260089137189e-01
1.4452315591750692e-01
1.5506155155617318e-01
1.3089952697789087e-01
1.2318688364317602e-01
1.3526155800702561e-01
1.3970894245907564e-01
1.4167179365157834e-01
1.3430080875573439e-01
1.2707172866555747e-01
1.1588026104657910e-01
1.3060957012437446e-01
1.2793599009022333e-01
1.3508496358674496e-01
1.4050417928036280e-01
1.4921600713546029e-01
1.4887308350512918e-01
1.6091318556343537e-01
1.6366475470511230e-01
1.6366475470511230e-01
1.6266538811360268e-01
1.7126206614517714e-01
1.5835939818465339e-01
1.6049291055445253e-01
1.5783949913177442e-01
1.6946121378535053e-01
1.5334190723672345e-01
1.3743618127853530e-01
1.3665639172836572e-01
1.4179384120926958e-01
1.4179804805869459e-01
1.4040634007590891e-01
1.3843465087749807e-01
1.2258137576479716e-01
1.2624206353958670e-01
1.1999861688341631e-01
1.1782817669011186e-01
1.1576251482174627e-01
1.2455020480603966e-01
1.5333610374659856e-01
1.3915567829161771e-01
1.3830458035340892e-01
1.3362984783816667e-01
1.3020777745982440e-01
1.3930522413399365e-01
1.2932394662586244e-01
1.4071126769613021e-01
1.3712919475312360e-01
1.3902945347948986e-01
1.2924909457625250e-01
1.3322089403452991e-01
1.3429568046566598e-01
1.3434039616388532e-01
1.2397586002671446e-01
1.3175059998616695e-01
1.3243037791678605e-01
1.4397049827730027e-01
1.4540199509705101e-01
1.4474915922070117e-01
1.4124488180855260e-01
1.3478610860732881e-01
1.3521396939056748e-01
1.2505123723594236e-01
1.2819843621335500e-01
1.3880713047788046e-01
1.3282476988350733e-01
1.3365145264659536e-01
1.3736411383604683e-01
1.3576893512363075e-01
1.3538977009006270e-01
1.2451878876474030e-01
1.2764081442236308e-01
1.3271499607307280e-01
1.4645181528306422e-01
1.4356281944638455e-01
1.4412046226286729e-01
1.4054942627394473e-01
1.4601155483986597e-01
1.4531742510561199e-01
1.3940043028997431e-01
1.3810046498050091e-01
1.4197564432523102e-01
1.4034502036817417e-01
1.4342568955814483e-01
1.4512085054811444e-01
1.3286220004937135e-01
1.2773328767414371e-01
1.2843604182172119e-01
1.3086828567756645e-01
1.2009474366254302e-01
1.2137043193885838e-01
1.1730842184457621e-01
1.2191076168082042e-01
1.2057624889650104e-01
1.2126431451987837e-01
1.1363342101446948e-01
1.2128725099990108e-01
1.2083380681105525e-01
1.2654586702599777e-01
1.1809401590200323e-01
1.1500741134503631e-01
1.1457928672449405e-01
1.1980008057226899e-01
1.2509605384726266e-01
1.1234905269554360e-01
1.2792811332637768e-01
1.2598002619568283e-01
1.3098682165829764e-01
1.3404783818340640e-01
1.3610402744768393e-01
1.2066484735089020e-01
1.2007289893173637e-01
1.2295722351861044e-01
1.2788080482726519e-01
1.3251102605500553e-01
1.2983099967021958e-01
1.2441263347388894e-01
1.1903554904779683e-01
1.2031948031386115e-01
1.3404671122700751e-01
1.3600304499535282e-01
1.3547156611375483e-01
1.4914053007168726e-01
1.5523489813030578e-01
1.4246865241661308e-01
1.3876037800084420e-01
1.3409658901144675e-01
1.2968579511765779e-01
1.3169264663033053e-01
1.3256296785623148e-01
1.2789553765641540e-01
1.2027080162779463e-01
1.3353888250256862e-01
1.2815336573207373e-01
1.2856965615534466e-01
1.2859067574891336e-01
1.2243492744533988e-01
1.2001970349010616e-01
1.2413045336073450e-01
1.3345692519339250e-01
1.4182377200092580e-01
1.4628594348432122e-01
1.2464709162785885e-01
1.2471933334957425e-01
1.2465051943232468e-01
1.2211306363233676e-01
1.1571874206559407e-01
1.1766392739679375e-01
1.1939430747325411e-01
1.2191892299086801e-01
1.2187791880055507e-01
1.2979292544091742e-01
1.3524902386713658e-01
1.3480263288965008e-01
1.2905331297335126e-01
1.3128087784041431e-01
1.3005501024526642e-01
1.3336616114544500e-01
1.2414633840879985e-01
1.2258375766528851e-01
1.2441733954819406e-01
1.1528667487200785e-01
1.2272567769350688e-01
1.2334671788429336e-01
1.2740022190477535e-01
1.2236278034278217e-01
1.1656807502344042e-01
1.2302593388075098e-01
1.2429766419750146e-01
1.2518070506692294e-01
1.2113578144794528e-01
1.2444828669706787e-01
1.2849783743229073e-01
1.2487760148457890e-01
1.1110265589155155e-01
1.0999151057525064e-01
1.1191211030130101e-01
1.1217123778285787e-01
1.2856392101944386e-01
1.2399401173726682e-01
1.2686143639648009e-01
1.2066272188198424e-01
1.3133454436521716e-01
1.1602795259637827e-01
1.1310669084227984e-01
1.0468694644570148e-01
1.2049416885593754e-01
1.2526819836234324e-01
1.2560832835769489e-01
1.2004558912144013e-01
1.1669888959907321e-01
1.2054883599753408e-01
1.2392342994290660e-01
1.2372330631051655e-01
1.4253402105466573e-01
1.4050436088120744e-01
1.4244351950448284e-01
1.4705386325571201e-01
1.3292507547193838e-01
1.5386776295667454e-01
1.3782314691490755e-01
1.3444880488779856e-01
1.2204297717303896e-01
1.0828076297007883e-01
1.0936762557566772e-01
1.0412240403561764e-01
9.9007072372483726e-02
1.2815577279180113e-01
1.3355459011627380e-01
1.0078739181809861e-01
1.1304339686872504e-01
1.7997171267793338e-01
1.6370510278152270e-01
1.6010855299686774e-01
1.2053553597603876e-01
1.2189504235921135e-01
1.0912725904302045e-01
1.3094224680703473e-01
1.2448693736498032e-01
1.1863849801372829e-01
1.1866665116658913e-01
1.3304774314552753e-01
1.4246724088540058e-01
1.5129694612521832e-01
1.5547866762738297e-01
1.5493267348456696e-01
1.5640217391662761e-01
1.3167139933350133e-01
1.2454162171872779e-01
1.1967600705271719e-01
1.1722441190677582e-01
1.0732228540404223e-01
1.1106616719935269e-01
1.0711444531811037e-01
1.1068262614621271e-01
1.0582080910683167e-01
1.0175952531049698e-01
1.0016146374158019e-01
1.1021412804035097e-01
1.0941415380304616e-01
1.0456281784417611e-01
1.0660182712275415e-01
1.2007970720677889e-01
1.2982345636605933e-01
1.1769212023835812e-01
1.1137066634056601e-01
1.2004372645324370e-01
1.1577191879219276e-01
1.1315708710821612e-01
1.1864008825748859e-01
1.3463205036975748e-01
1.2355034713825716e-01
1.2500932407760620e-01
1.2389690827543168e-01
1.3948038965255213e-01
1.3366000728051664e-01
1.2013388921730155e-01
1.1783570793801111e-01
1.1898562487686130e-01
1.3150014914145466e-01
1.0979295720665905e-01
1.0862737086717057e-01
1.0701120030268520e-01
1.1122805766156152e-01
1.1500008268807903e-01
1.1721618353872651e-01
1.2374761943867085e-01
1.2183888695878503e-01
1.1741712496884615e-01
1.2458876046889479e-01
1.3261986275978921e-01
1.4190549585852033e-01
1.3474669275663989e-01
1.1451045952661359e-01
1.1461419491607330e-01
1.2251072117010847e-01
1.4681280296104099e-01
1.8631970041716867e-01
1.5783933128217839e-01
1.7349028107655798e-01
1.7910699538094441e-01
1.6874501140027631e-01
2.0789501147779960e-01
1.2952053022006468e-01
1.2348077149425839e-01
1.6999205498207520e-01
1.8852400847628775e-01
2.3273331780911138e-01
2.1699495563246060e-01
2.0097798672204767e-01
2.0097798672204767e-01
1.6569299636016879e-01
1.8380072487723254e-01
1.8288447537340285e-01
1.5121622706115820e-01
1.4408328302437781e-01
1.4115080562934701e-01
1.3987791050991025e-01
1.4627233985178342e-01
1.5048092596022783e-01
1.5089970113540221e-01
1.4913844325157588e-01
1.4913844325157588e-01
1.4209493707407833e-01
1.4895008475185961e-01
1.5549117944633981e-01
2.4903879448462238e-01
2.0486400756137280e-01
1.2443313055834110e-01
1.2283936197089168e-01
1.5125565962161347e-01
1.5125565962161347e-01
1.5063059614220511e-01
1.5196720704752203e-01
1.3468847119814290e-01
1.3106228962120603e-01
1.2775824188916313e-01
1.3830152076158239e-01
1.6230667442296087e-01
1.5901038767634210e-01
1.5025199414667104e-01
1.5950043327728541e-01
1.5561857638777643e-01
1.3627761378305980e-01
1.2036829376471507e-01
1.3643994779224625e-01
1.3017805011935318e-01
1.5158539234852561e-01
1.4111854907927163e-01
1.3953889791797852e-01
1.1547506383403805e-01
1.2608866280432560e-01
1.4804585073696835e-01
1.3876011568548674e-01
2.6824484457377151e-01
2.1268797676658516e-01
1.8466983159697939e-01
2.0123542831801430e-01
1.9903751509825621e-01
1.3774412718039705e-01
2.0853670144018960e-01
3.2054108660787928e-01
1.6329728978787902e-01
1.5242465635725172e-01
1.6501059084071162e-01
1.6183520523802783e-01
1.8060317967003983e-01
1.6643990354906843e-01
1.7101330042238236e-01
1.3650001977057966e-01
1.4022688133129749e-01
1.3918776066914770e-01
1.4251063277404488e-01
1.4349973163320920e-01
1.3415784771296030e-01
1.2294394616287369e-01
1.4752698665837222e-01
1.4992404854425831e-01
1.6066026092768571e-01
1.6736404887356976e-01
1.4578736872867759e-01
1.3232494237867418e-01
1.5974538385311432e-01
1.6882923145793544e-01
2.9547549158073422e-01
3.2234703686251309e-01
3.5327431763819361e-01
3.1957161676912088e-01
3.4523956677700596e-01
3.1497484971306716e-01
2.3688982842227865e-01
2.1098444494893109e-01
2.2083044386596021e-01
2.4164647871401321e-01
2.1824783145988003e-01
2.2591001078279224e-01
2.6039361263103489e-01
2.3437991556822080e-01
2.2929270621286549e-01
2.7893081269606551e-01
2.7007823220387567e-01
2.5602772789220490e-01
2.3481805466426064e-01
2.5076615712185862e-01
2.7079444137733272e-01
2.7121891940625770e-01
2.7949013831832581e-01
2.6375768936171790e-01
2.6714098627030208e-01
2.7158646454452134e-01
2.5467838925372738e-01
2.7573291646530373e-01
3.2227370052046905e-01
3.0467483755598801e-01
3.1205482306768695e-01
3.0604902165432935e-01
2.7933252145578596e-01
2.8903106239364251e-01
2.0215435452591765e-01
2.1250007652982597e-01
1.8234425291973261e-01
1.9598438762815815e-01
4.4356083407187552e-01
4.4356083407187552e-01
2.0197926793027166e-01
2.9860461912167158e-01
2.0183335991688001e-01
1.6112327711477825e-01
1.5303696954442794e-01
1.6138733402090691e-01
1.5294124404845291e-01
1.6259789158821383e-01
1.8006627658601451e-01
1.8006627658601451e-01
1.9267241704367738e-01
1.8251428606399542e-01
1.9966823736409794e-01
1.9782146412476945e-01
1.9859359945924848e-01
1.9198918688431335e-01
1.6823965817965425e-01
1.7512289140410278e-01
1.7081985673117578e-01
1.6421366898704157e-01
1.8363101428104261e-01
1.7784269289247501e-01
1.9220327200512538e-01
1.8964549696890284e-01
1.6637877467324269e-01
1.8367404249408192e-01
1.6116012283055586e-01
1.6275422753502972e-01
1.6551939196890000e-01
1.6481372832592706e-01
1.9224688457458494e-01
1.7409094318025442e-01
1.9165178116595136e-01
2.1942741747753999e-01
2.0863051430273824e-01
1.9739028080041252e-01
1.9669745621199625e-01
1.8896339317140426e-01
2.2598876990816019e-01
2.3429522579398912e-01
2.2808235160116880e-01
2.1657342719324188e-01
2.2147141126053188e-01
2.3007217725079318e-01
1.7628376445646451e-01
1.8930488884659458e-01
1.7625838882754807e-01
1.7852708582500793e-01
1.7031175173459567e-01
1.6432181190871045e-01
1.6343036088328347e-01
1.4444309601140068e-01
1.6011061969917947e-01
2.8443680989066278e-01
1.8979467702964647e-01
1.6954577730803130e-01
1.6213116518807694e-01
1.5400788388046185e-01
1.7716203625275401e-01
1.7740116316393637e-01
1.6464043785365931e-01
1.6153391308951803e-01
1.7369289744618807e-01
1.6781036897162260e-01
1.8544566017288716e-01
1.8080741549466300e-01
1.8337347902517384e-01
1.7299666628505722e-01
1.7532280941938488e-01
1.9064609491902174e-01
1.9000519976900346e-01
1.5588524704826517e-01
1.5722309027414869e-01
1.7106466613476021e-01
1.6514382843975953e-01
1.6873243795079657e-01
1.3825670643668120e-01
1.4493029246330788e-01
1.1296887184219441e-01
1.2800293344872160e-01
1.3149344304974053e-01
1.3135673034225662e-01
1.2133563007267570e-01
1.1023440556902982e-01
1.0579656565356284e-01
1.1506360467868895e-01
1.1842634691689291e-01
1.4995584357858585e-01
1.3779364443759939e-01
1.5781788679690981e-01
1.5163890004711916e-01
2.5262904360009508e-01
2.7433848391081511e-01
1.8153981087291052e-01
1.7323682584660782e-01
1.7119082316555112e-01
1.7259665936258589e-01
1.8595715749604022e-01
1.6172884297820475e-01
1.7303524363617498e-01
1.7725055351240648e-01
1.7652223451604612e-01
1.7762182709110746e-01
2.6261401109786631e-01
1.9117090395562539e-01
1.8397119805533849e-01
2.2674485926400947e-01
1.8851987929424616e-01
2.2821768773284737e-01
2.1745815211005418e-01
1.9463561068612939e-01
2.0248679807047182e-01
1.9191486637536159e-01
1.9636812145304647e-01
1.9631200114516847e-01
2.0107353681581061e-01
2.1368323241442372e-01
5.5421509640417743e-01
2.0859485650912138e-01
1.9418748614471934e-01
1.7989054828829498e-01
1.7214429879590792e-01
1.9481459879778548e-01
2.0935176304600489e-01
2.0676407256216209e-01
2.9518714286124870e-01
1.6925151942427230e-01
2.5313876884085329e-01
1.5273495851115773e-01
1.8366253063437160e-01
1.7440483526439618e-01
1.5612196977336742e-01
1.6237389830789975e-01
2.3261428044964702e-01
1.8747562085424793e-01
1.9347271885320186e-01
2.0446132224089367e-01
1.6717179387894085e-01
1.6541328426488003e-01
1.6432858644700460e-01
1.6904161858293842e-01
1.7249137091587077e-01
1.5749675589754991e-01
1.5884466565604627e-01
1.3160041681832316e-01
1.5259259459358637e-01
1.5145514765683021e-01
1.3463500933903499e-01
1.3403693428785921e-01
1.2059673386129371e-01
1.2835363073047007e-01
1.4868061897099621e-01
1.3019411052703719e-01
1.2692970717557495e-01
1.2172564820917268e-01
1.1876092406988395e-01
1.1463171170918093e-01
1.3282230989832791e-01
1.2619922562385141e-01
1.2325667447715383e-01
1.3393815598155917e-01
1.3133844988787247e-01
1.3286086013640577e-01
1.3281605046065389e-01
1.2727312154071910e-01
1.2955016126174740e-01
1.2862382308899359e-01
1.4154640660799378e-01
1.2406974133484611e-01
1.2619366999908299e-01
1.3389106547939358e-01
1.2915885024558624e-01
1.2346484707476942e-01
1.2872870149784985e-01
1.3931195403501906e-01
1.4302259093669467e-01
1.5612258350247760e-01
1.7930079538262197e-01
1.5681950602273037e-01
1.4362121352202992e-01
1.8993787922946986e-01
1.5380341250867868e-01
2.4099146811835415e-01
2.2228669916448390e-01
1.5441136914852038e-01
1.2680107422587875e-01
1.5360770937501958e-01
1.5360770937501958e-01
1.3665189745084003e-01
1.2934382064113728e-01
1.2923425927151527e-01
1.2657412826814529e-01
1.2952882657734602e-01
1.3491872184838538e-01
1.2469693335451655e-01
1.2188646546711977e-01
1.1852589892708658e-01
1.2502750958121953e-01
1.1572500522721847e-01
1.1716121081752863e-01
1.1275033285216626e-01
1.1160589514188671e-01
1.2438019568395989e-01
1.4694918036460372e-01
1.4267912457256182e-01
1.5124249203741638e-01
1.0680401105002532e-01
1.0761974150044372e-01
1.0567725091549907e-01
1.0859994212693806e-01
1.1777249164805882e-01
1.1894366466022988e-01
1.1182317221020265e-01
1.0728229962226678e-01
1.0413627475949744e-01
1.0077968703371191e-01
1.0068398179866062e-01
1.0910377896786327e-01
1.1133886502493009e-01
1.3715049436236715e-01
1.4227822838723361e-01
1.6149914993619724e-01
1.7186532854270753e-01
1.4394136765935539e-01
1.2435646380842616e-01
1.3800195980639116e-01
1.5620362537254373e-01
1.4651146640919119e-01
1.6341704859421302e-01
1.4441206160557812e-01
1.5256809813696959e-01
1.5981269015574359e-01
1.5863128351467867e-01
1.7572748092164547e-01
2.0802126068805010e-01
1.4079156440123394e-01
1.3676238619727785e-01
1.4563169092054851e-01
1.4458218496638545e-01
1.6155457855164188e-01
1.2349713348828051e-01
1.4248254357983334e-01
1.2127976501668941e-01
1.1962239391747852e-01
1.3633849254353114e-01
1.3040119394802485e-01
1.2391636388738413e-01
1.2556436116189654e-01
1.3425661134072267e-01
1.2114765413999523e-01
1.1459323017086837e-01
1.2932479979718522e-01
1.1399852208008317e-01
1.1102063030894246e-01
1.0984675007602870e-01
1.0800562855109008e-01
9.6908073627358593e-02
9.8626956149188025e-02
1.0874604774612866e-01
1.2041892066062322e-01
1.1758264051208506e-01
1.2167648111569146e-01
1.0980830599800591e-01
1.1552072192326807e-01
1.2998598646236142e-01
1.2461757035922631e-01
1.3173260615980406e-01
1.1805884486171353e-01
1.2375862331315260e-01
1.2794733460369956e-01
1.2673779873062863e-01
1.5535935203782983e-01
1.4057485055483324e-01
1.2528534713886041e-01
1.2516565239160132e-01
1.1858521183954585e-01
1.1173267740589965e-01
1.1109017305315984e-01
1.1481505222810932e-01
1.1283876126910844e-01
1.1139491994698045e-01
1.2957328328436588e-01
1.3069181010725545e-01
1.3536847364972351e-01
1.3149349335619012e-01
1.2497863987654306e-01
1.3042725596595339e-01
1.4328722608118713e-01
1.0881191276202024e-01
1.3015583073441500e-01
2.8021479017743756e-01
1.2142502700807048e-01
1.2838310367823416e-01
1.9543208778022347e-01
1.7065816996259822e-01
1.7720363462153724e-01
1.7720363462153724e-01
1.7536743088344109e-01
1.6578471822295174e-01
1.6409993840557097e-01
1.7865542912027965e-01
1.5466780081667394e-01
1.2219129825839023e-01
1.1355061306824521e-01
1.2009714894807580e-01
1.2136882264362089e-01
1.2253625950895149e-01
1.1878529534842765e-01
1.2316416439680308e-01
1.3390074120726442e-01
1.2015327849322940e-01
1.2400887086115008e-01
1.1971197596333844e-01
1.3296301747158665e-01
1.3975130936404534e-01
1.3727286099124836e-01
1.4178908666464865e-01
1.3122284426469727e-01
1.2968578140241618e-01
1.3016721139578247e-01
1.1677811373800635e-01
1.2217805689947825e-01
1.2584799393482443e-01
1.2911274224426356e-01
1.4223795788313251e-01
1.7029297840033358e-01
1.5886612614043727e-01
1.5227147916619491e-01
1.5842292230286559e-01
2.0509611662500940e-01
1.5215655377126050e-01
1.4935837221911372e-01
1.4941970599725987e-01
1.5363497120772393e-01
1.5506777242095476e-01
1.6588424660416595e-01
1.6865652066550113e-01
1.6530014254729772e-01
1.5596970079991201e-01
1.4497614135639592e-01
1.4876520409131497e-01
1.3984068031232419e-01
1.4071740751060766e-01
1.3895978076539892e-01
1.9297518648007120e-01
2.3542615170847889e-01
2.1733357621773719e-01
1.8782637201447727e-01
1.7146823402121453e-01
1.8462798839044628e-01
1.9651186814093527e-01
1.8664624564471421e-01
1.7346644891995097e-01
1.8326390167940748e-01
1.6485236241716264e-01
1.5409025715264060e-01
1.6239405751216765e-01
1.2682011583302411e-01
2.4839632253105279e-01
2.8146427040777455e-01
2.8597575823356342e-01
1.7345265049517911e-01
1.6320532329367757e-01
1.4681467925839889e-01
1.5594927013850982e-01
1.6047285836168432e-01
1.8338824218130753e-01
1.7350233531388709e-01
1.5272043620777453e-01
1.5869308806390969e-01
1.5986957902412879e-01
1.5547399336110307e-01
1.6910274076386023e-01
1.5391685915566408e-01
1.4985059022425895e-01
1.3330210668872530e-01
1.3463420696187364e-01
1.3773550413834579e-01
1.4544571982149032e-01
1.7318919815025891e-01
1.4697680041859271e-01
1.6556348191486667e-01
1.6329289122324231e-01
1.4311912088408055e-01
1.7964339210952127e-01
1.9605331688756891e-01
1.7652148436536938e-01
1.7119261543625883e-01
1.4598307872264615e-01
1.5006860319025508e-01
1.7085533500867173e-01
1.6949335646217523e-01
1.8383175030752733e-01
1.5293367812002531e-01
1.5096817626828918e-01
1.4535074203561277e-01
1.4258049497892902e-01
1.8899542379437542e-01
1.9595275580412674e-01
1.9814550446932891e-01
1.9648666999994613e-01
2.0651570589569462e-01
2.2057792441365240e-01
2.2605764813089141e-01
1.5894455828028567e-01
1.5105971642010174e-01
1.5157926895391258e-01
1.5280997600142354e-01
1.8692223255522886e-01
1.8923683911897407e-01
1.7083151372712319e-01
2.0006466669076434e-01
1.7268577972819654e-01
1.3813619776952307e-01
1.5151865526573080e-01
1.3586606264192513e-01
1.4815137762445230e-01
1.4401691934446081e-01
1.4400832014044337e-01
1.5363484236948513e-01
1.4036293775262404e-01
1.3847093024267257e-01
1.5858342627463784e-01
1.4110706611719812e-01
1.4416837127738405e-01
1.5703723733356859e-01
1.4552829013321245e-01
1.4038556824300891e-01
1.4700195188063328e-01
1.3858711856242639e-01
1.5239870476756076e-01
1.5068080213211743e-01
1.4924600715814754e-01
1.4662265989955314e-01
