4
94
1.6403987885968263e-01
-2.6416657794943599e-01
1.3650289443095287e-01
1.0000000000000000e+00
1.7925484680853288e-01
-9.8502031059251705e-02
1.1889054000849908e-01
1.0000000000000000e+00
2.4151074922809812e-01
1.2135843048126849e-01
1.0798332302139213e-01
1.0000000000000000e+00
3.3665530466640803e-01
2.1445457684130820e-01
8.1810903709913396e-02
1.0000000000000000e+00
2.5577714516947481e-01
3.6768804444254788e-01
8.5933283731640109e-02
1.0000000000000000e+00
1.7653214545970286e-01
5.1983842882582398e-01
5.6126248709119642e-03
1.0000000000000000e+00
2.4112347104636456e-01
6.7293611234599671e-01
3.4220129636309826e-03
1.0000000000000000e+00
2.4433145030451442e-01
6.3640136552821791e-01
7.2822660185124510e-03
1.0000000000000000e+00
2.8899496850607420e-01
7.1212158353846466e-01
2.5424141003816181e-02
1.0000000000000000e+00
2.7709183270161475e-01
8.3829593892987764e-01
5.8430978460023431e-03
1.0000000000000000e+00
3.2085291248330350e-01
9.0358060134421980e-01
2.2236193544017402e-03
1.0000000000000000e+00
3.8818785785514365e-01
6.2846797077763772e-01
2.0166617831932632e-03
1.0000000000000000e+00
3.6703761194183926e-01
7.0707217815179324e-01
7.0898692137347785e-03
1.0000000000000000e+00
4.0596605469289671e-01
5.1920395928282237e-01
1.7884916312971177e-02
1.0000000000000000e+00
3.5385639841950933e-01
7.4682128687236404e-01
6.9901042224159715e-03
1.0000000000000000e+00
2.2983925316765408e-01
9.0705096979472732e-01
9.0712896561967460e-03
1.0000000000000000e+00
2.3294672060109178e-01
5.5705630385164118e-01
5.0520742697619858e-02
1.0000000000000000e+00
2.5666520329940568e-01
8.9824783105250394e-01
6.2631410932146969e-02
1.0000000000000000e+00
3.0643923585120092e-01
9.0482931894330254e-01
8.6516091941950868e-02
1.0000000000000000e+00
2.6746313092115770e-01
8.2358618620746715e-01
9.8753040358053545e-02
1.0000000000000000e+00
2.5726991989466796e-01
9.5338812079244240e-01
1.0124604717558439e-01
1.0000000000000000e+00
2.5449776514250289e-01
9.4955013615508510e-01
1.1052514716712947e-01
1.0000000000000000e+00
3.2099415500232453e-01
9.5167553510946168e-01
1.1473066549652911e-01
1.0000000000000000e+00
3.2698440084749336e-01
9.1233657991942896e-01
9.5900572261518824e-02
1.0000000000000000e+00
2.8801304609913814e-01
9.3446689418015016e-01
6.9303914329714167e-02
1.0000000000000000e+00
2.1879928578090357e-01
8.5364832908344401e-01
7.7398686094886648e-02
1.0000000000000000e+00
2.0737392902191232e-01
8.6532597911973430e-01
1.0006214970045446e-01
1.0000000000000000e+00
2.5514096678051601e-01
7.3103745530788733e-01
1.1469427310649960e-01
1.0000000000000000e+00
2.0428613117945815e-01
5.9538412250076367e-01
1.1479052739006190e-01
1.0000000000000000e+00
3.0322974278641368e-01
5.8926870643590523e-01
1.1083819042679577e-01
1.0000000000000000e+00
2.8868479967167104e-01
8.6636598962904832e-01
9.2396025800474013e-02
1.0000000000000000e+00
3.2008478824099029e-01
7.9409907288463732e-01
9.9859044792458440e-02
1.0000000000000000e+00
3.5795330700165096e-01
9.4404912083955428e-01
1.1028439419889080e-01
1.0000000000000000e+00
3.6221851660337734e-01
8.7942314648880715e-01
1.2464919257755580e-01
1.0000000000000000e+00
3.5688813375708150e-01
8.8753772282852883e-01
1.1214882696359607e-01
1.0000000000000000e+00
3.1300305268194961e-01
7.5314333491023722e-01
9.4034174711771334e-02
1.0000000000000000e+00
3.8384431829143750e-01
7.0907622218128386e-01
8.7768108867669503e-02
1.0000000000000000e+00
3.0792905944798576e-01
8.7457383660130295e-01
4.4690945702234308e-02
1.0000000000000000e+00
4.1811435362723159e-01
8.7041735978327783e-01
6.5883451083129763e-02
1.0000000000000000e+00
4.2333941553187060e-01
6.7838425611607822e-01
4.1998703847559660e-02
1.0000000000000000e+00
3.1211803253353310e-01
6.5599971500687393e-01
8.3818159531722336e-02
1.0000000000000000e+00
2.9031887312265781e-01
8.1462630027435812e-01
7.7976847591264664e-02
1.0000000000000000e+00
3.1435598269416687e-01
8.4642983929716142e-01
8.0670923751233636e-02
1.0000000000000000e+00
2.4029547959179354e-01
8.1679435391906741e-01
9.1937973513188331e-02
1.0000000000000000e+00
2.6845186171084379e-01
8.8409675882194283e-01
1.0714114038265732e-01
1.0000000000000000e+00
3.4484106199778353e-01
7.9970521587874832e-01
1.1705164320293304e-01
1.0000000000000000e+00
2.6724156448580061e-01
6.9582369007166567e-01
1.1345270334269342e-01
1.0000000000000000e+00
2.9098065124088635e-01
7.4845140349116268e-01
1.2446853367138144e-01
1.0000000000000000e+00
2.6163840732732524e-01
7.2035108894106092e-01
1.1031053750767794e-01
1.0000000000000000e+00
3.3606095329122354e-01
5.9824730203017684e-01
1.2415880546897140e-01
1.0000000000000000e+00
2.1710124078634863e-01
6.7115480199918243e-01
1.4474690594935280e-01
1.0000000000000000e+00
2.4409301255326454e-01
8.0778369892850610e-01
1.4680237780695504e-01
1.0000000000000000e+00
3.4926923011624922e-01
6.7685082721054646e-01
1.5254183390781006e-01
1.0000000000000000e+00
3.2599574906015505e-01
6.8675264044195505e-01
1.4040919321261069e-01
1.0000000000000000e+00
3.0134100952381004e-01
6.6891531439960095e-01
1.5187259810764997e-01
1.0000000000000000e+00
2.5561583236520846e-01
7.6705161275804135e-01
1.5565101704115702e-01
1.0000000000000000e+00
3.5958663894524534e-01
7.9483983459413143e-01
1.5995188762454970e-01
1.0000000000000000e+00
4.0519726633755226e-01
7.7242671887852343e-01
1.6626461642582624e-01
1.0000000000000000e+00
2.1728974868273099e-01
8.2111082741521391e-01
1.6250005871544315e-01
1.0000000000000000e+00
3.4762500164760013e-01
8.0238602919034752e-01
1.5434411803281589e-01
1.0000000000000000e+00
2.6175824723867436e-01
8.1594202437900099e-01
1.5115942095136459e-01
1.0000000000000000e+00
2.1357924138391127e-01
8.3198382010214122e-01
1.2976500135110880e-01
1.0000000000000000e+00
3.5304293818734322e-01
8.3570186843626293e-01
1.4940586243020559e-01
1.0000000000000000e+00
3.2708940075207238e-01
7.2604908611156138e-01
1.4470008201161588e-01
1.0000000000000000e+00
3.4938916385834773e-01
8.7647181915581318e-01
1.4545020259530472e-01
1.0000000000000000e+00
3.2727921555596140e-01
7.5613816493187191e-01
1.4543810291062298e-01
1.0000000000000000e+00
3.9723895664172915e-01
7.6570580565366986e-01
1.4131136117058529e-01
1.0000000000000000e+00
3.9495125912907270e-01
8.6547221005075703e-01
1.3130815345349445e-01
1.0000000000000000e+00
3.4673811075589356e-01
7.9573197936751972e-01
1.1806742585750951e-01
1.0000000000000000e+00
3.8679316176529710e-01
7.6218083309122453e-01
9.1074312578632521e-02
1.0000000000000000e+00
3.6961849699690674e-01
8.8360625220575462e-01
9.9728825060003579e-02
1.0000000000000000e+00
1.8810242335274552e-01
8.5874004563429485e-01
7.0739462762423932e-02
1.0000000000000000e+00
2.0170585499107574e-01
8.0966440585671084e-01
5.7440012484141767e-02
1.0000000000000000e+00
3.9039893555417393e-01
9.6660951074209156e-01
4.7358081888808079e-02
1.0000000000000000e+00
3.9033094661971290e-01
9.7666716683652344e-01
6.5076804335978955e-02
1.0000000000000000e+00
4.9139961841245849e-01
9.3747394965957942e-01
6.4937016426404148e-02
1.0000000000000000e+00
3.9509844182720144e-01
8.8924250068139377e-01
5.9188693639873668e-02
1.0000000000000000e+00
3.4921647140544110e-01
9.0719725998114886e-01
6.9743063012651652e-03
1.0000000000000000e+00
2.5373000568032467e-01
7.1845012475732806e-01
3.1700098299472734e-02
1.0000000000000000e+00
3.7115063574418627e-01
4.6766806618306878e-01
4.2309278965979025e-02
1.0000000000000000e+00
3.0641377156388216e-01
8.0558716730211022e-01
3.3554106712392673e-02
1.0000000000000000e+00
1.8122179251184889e-01
6.6044401066374125e-01
8.0729930888912782e-02
1.0000000000000000e+00
2.5379816725870796e-01
3.7291657404039147e-01
1.0403652904816452e-01
1.0000000000000000e+00
2.4009436139857598e-01
8.0350845036991858e-02
1.0788290437805015e-01
1.0000000000000000e+00
2.5238781123442777e-01
1.6743638451207521e-01
1.2499053755337852e-01
1.0000000000000000e+00
3.8859882512150534e-01
1.7183594635916966e-01
1.2467175293742228e-01
1.0000000000000000e+00
2.8622980096514539e-01
1.9705996357333833e-02
1.3144950792221832e-01
1.0000000000000000e+00
3.1786897738601283e-01
-1.6685951177732927e-01
1.3331268543871599e-01
1.0000000000000000e+00
3.3130001632633821e-01
2.1087747204346674e-01
1.1065894422600875e-01
1.0000000000000000e+00
3.6268169416251794e-01
9.4479823925030404e-02
9.4063799673597237e-02
1.0000000000000000e+00
3.5377279536004380e-01
1.8954179689717465e-02
1.0375948712127181e-01
1.0000000000000000e+00
1.8580677257085654e-01
1.6576517882986086e-01
1.1685013027991997e-01
1.0000000000000000e+00
2.4173565617928716e-01
2.8008555944306868e-01
1.1105541153475540e-01
1.0000000000000000e+00
2.5324564887085899e-01
1.0052202499700802e-01
1.0679884478114443e-01
1.0000000000000000e+00
