3
1000
-5.0487793720691929e+00
-5.0487793720691929e+00
0.0000000000000000e+00
-5.1663562514029273e+00
-5.1663562514029273e+00
0.0000000000000000e+00
-5.0586759220148165e+00
-5.0586759220148165e+00
0.0000000000000000e+00
-5.1113080042818986e+00
-5.1113080042818986e+00
0.0000000000000000e+00
-5.2158112565622270e+00
-5.2158112565622270e+00
0.0000000000000000e+00
-5.7540811298167620e+00
-5.7540811298167620e+00
0.0000000000000000e+00
-1.0435772624500906e+01
-1.0435772624500906e+01
0.0000000000000000e+00
-1.0015039700805216e+01
-1.0015039700805216e+01
0.0000000000000000e+00
-7.9738475948988663e+00
-7.9738475948988663e+00
0.0000000000000000e+00
-7.8022802558385251e+00
-7.8022802558385251e+00
0.0000000000000000e+00
-6.4479574498426260e+00
-6.4479574498426260e+00
0.0000000000000000e+00
-5.2557618530035812e+00
-5.2557618530035812e+00
0.0000000000000000e+00
-5.0808782639690273e+00
-5.0808782639690273e+00
0.0000000000000000e+00
-5.0917484618256754e+00
-5.0917484618256754e+00
0.0000000000000000e+00
-5.0879169883797442e+00
-5.0879169883797442e+00
0.0000000000000000e+00
-4.9936667398627357e+00
-4.9936667398627357e+00
0.0000000000000000e+00
-4.9168483655883257e+00
-4.9168483655883257e+00
0.0000000000000000e+00
-4.8739183817205225e+00
-4.8739183817205225e+00
0.0000000000000000e+00
-4.9859272306985734e+00
-4.9859272306985734e+00
0.0000000000000000e+00
-5.0518063160055009e+00
-5.0518063160055009e+00
0.0000000000000000e+00
-5.9567227601645198e+00
-5.9567227601645198e+00
0.0000000000000000e+00
-5.4618249121753459e+00
-5.4618249121753459e+00
0.0000000000000000e+00
-5.1405891799846390e+00
-5.1405891799846390e+00
0.0000000000000000e+00
-5.7929246665515608e+00
-5.7929246665515608e+00
0.0000000000000000e+00
-6.3276823468351822e+00
-6.3276823468351822e+00
0.0000000000000000e+00
-6.1732541775084897e+00
-6.1732541775084897e+00
0.0000000000000000e+00
-6.6128562808479519e+00
-6.6128562808479519e+00
0.0000000000000000e+00
-6.0437797972377281e+00
-6.0437797972377281e+00
0.0000000000000000e+00
-6.8619025496615844e+00
-6.8619025496615844e+00
0.0000000000000000e+00
-6.4484838706331482e+00
-6.4484838706331482e+00
0.0000000000000000e+00
-5.7364785553099544e+00
-5.7364785553099544e+00
0.0000000000000000e+00
-5.2438215059866984e+00
-5.2438215059866984e+00
0.0000000000000000e+00
-5.4184928365088245e+00
-5.4184928365088245e+00
0.0000000000000000e+00
-6.4915044445461749e+00
-6.4915044445461749e+00
0.0000000000000000e+00
-8.6905868970711246e+00
-8.6905868970711246e+00
0.0000000000000000e+00
-1.0642332125932267e+01
-1.0642332125932267e+01
0.0000000000000000e+00
-1.1019822258993184e+01
-1.1019822258993184e+01
0.0000000000000000e+00
-1.1028207074975214e+01
-1.1028207074975214e+01
0.0000000000000000e+00
-1.0559811889774997e+01
-1.0559811889774997e+01
0.0000000000000000e+00
-1.1907212254960122e+01
-1.1907212254960122e+01
0.0000000000000000e+00
-9.9466204545667605e+00
-9.9466204545667605e+00
0.0000000000000000e+00
-8.0673627811823998e+00
-8.0673627811823998e+00
0.0000000000000000e+00
-7.8307001468676667e+00
-7.8307001468676667e+00
0.0000000000000000e+00
-7.4736956938484500e+00
-7.4736956938484500e+00
0.0000000000000000e+00
-9.8649967167761297e+00
-9.8649967167761297e+00
0.0000000000000000e+00
-8.1786675006962319e+00
-8.1786675006962319e+00
0.0000000000000000e+00
-6.6201607593653300e+00
-6.6201607593653300e+00
0.0000000000000000e+00
-7.2989713360324622e+00
-7.2989713360324622e+00
0.0000000000000000e+00
-8.8069812972595827e+00
-8.8069812972595827e+00
0.0000000000000000e+00
-7.7261288948778120e+00
-7.7261288948778120e+00
0.0000000000000000e+00
-7.6922049548445388e+00
-7.6922049548445388e+00
0.0000000000000000e+00
-6.0767070694278980e+00
-6.0767070694278980e+00
0.0000000000000000e+00
-6.2206518605552059e+00
-6.2206518605552059e+00
0.0000000000000000e+00
-6.1984928219718656e+00
-6.1984928219718656e+00
0.0000000000000000e+00
-6.8089919629639155e+00
-6.8089919629639155e+00
0.0000000000000000e+00
-7.4256016393775379e+00
-7.4256016393775379e+00
0.0000000000000000e+00
-5.4082315967363606e+00
-5.4082315967363606e+00
0.0000000000000000e+00
-5.6262409313048138e+00
-5.6262409313048138e+00
0.0000000000000000e+00
-5.7384661324637491e+00
-5.7384661324637491e+00
0.0000000000000000e+00
-5.3746699300100422e+00
-5.3746699300100422e+00
0.0000000000000000e+00
-5.1499287512928467e+00
-5.1499287512928467e+00
0.0000000000000000e+00
-5.4645842615898319e+00
-5.4645842615898319e+00
0.0000000000000000e+00
-5.3741879772773782e+00
-5.3741879772773782e+00
0.0000000000000000e+00
-5.4459592204207388e+00
-5.4459592204207388e+00
0.0000000000000000e+00
-4.8998993991687207e+00
-4.8998993991687207e+00
0.0000000000000000e+00
-4.9677127453124408e+00
-4.9677127453124408e+00
0.0000000000000000e+00
-5.0580849074093095e+00
-5.0580849074093095e+00
0.0000000000000000e+00
-5.2135697931315228e+00
-5.2135697931315228e+00
0.0000000000000000e+00
-5.7769909344567054e+00
-5.7769909344567054e+00
0.0000000000000000e+00
-6.0754728210529088e+00
-6.0754728210529088e+00
0.0000000000000000e+00
-5.9054027824810840e+00
-5.9054027824810840e+00
0.0000000000000000e+00
-6.0303084024203351e+00
-6.0303084024203351e+00
0.0000000000000000e+00
-5.6844565276740564e+00
-5.6844565276740564e+00
0.0000000000000000e+00
-5.2456173163886026e+00
-5.2456173163886026e+00
0.0000000000000000e+00
-6.9506382985959352e+00
-6.9506382985959352e+00
0.0000000000000000e+00
-5.1976537004853078e+00
-5.1976537004853078e+00
0.0000000000000000e+00
-5.1810154954605370e+00
-5.1810154954605370e+00
0.0000000000000000e+00
-5.4630553395764476e+00
-5.4630553395764476e+00
0.0000000000000000e+00
-4.9001341690330262e+00
-4.9001341690330262e+00
0.0000000000000000e+00
-5.2483382682576867e+00
-5.2483382682576867e+00
0.0000000000000000e+00
-5.3006360617138952e+00
-5.3006360617138952e+00
0.0000000000000000e+00
-5.1348700636498599e+00
-5.1348700636498599e+00
0.0000000000000000e+00
-5.6106557231462029e+00
-5.6106557231462029e+00
0.0000000000000000e+00
-5.4241410040079252e+00
-5.4241410040079252e+00
0.0000000000000000e+00
-6.0319140821897497e+00
-6.0319140821897497e+00
0.0000000000000000e+00
-5.5176132206081618e+00
-5.5176132206081618e+00
0.0000000000000000e+00
-7.7962472499595954e+00
-7.7962472499595954e+00
0.0000000000000000e+00
-6.9248497415156471e+00
-6.9248497415156471e+00
0.0000000000000000e+00
-6.3370472375851516e+00
-6.3370472375851516e+00
0.0000000000000000e+00
-7.2874286580691869e+00
-7.2874286580691869e+00
0.0000000000000000e+00
-7.5961424820745389e+00
-7.5961424820745389e+00
0.0000000000000000e+00
-6.7012657524069974e+00
-6.7012657524069974e+00
0.0000000000000000e+00
-7.0835448293177912e+00
-7.0835448293177912e+00
0.0000000000000000e+00
-7.9831973584147171e+00
-7.9831973584147171e+00
0.0000000000000000e+00
-7.4463421047847946e+00
-7.4463421047847946e+00
0.0000000000000000e+00
-7.0548077838834438e+00
-7.0548077838834438e+00
0.0000000000000000e+00
-7.1785202128601036e+00
-7.1785202128601036e+00
0.0000000000000000e+00
-7.5181974777007792e+00
-7.5181974777007792e+00
0.0000000000000000e+00
-8.5528824816013245e+00
-8.5528824816013245e+00
0.0000000000000000e+00
-7.5487613467822516e+00
-7.5487613467822516e+00
0.0000000000000000e+00
-8.1898920381755858e+00
-8.1898920381755858e+00
0.0000000000000000e+00
-9.3511012998204173e+00
-9.3511012998204173e+00
0.0000000000000000e+00
-8.6179646121304039e+00
-8.6179646121304039e+00
0.0000000000000000e+00
-9.1313823744302205e+00
-9.1313823744302205e+00
0.0000000000000000e+00
-8.4533191887386376e+00
-8.4533191887386376e+00
0.0000000000000000e+00
-7.6589469299110027e+00
-7.6589469299110027e+00
0.0000000000000000e+00
-7.3745378935082826e+00
-7.3745378935082826e+00
0.0000000000000000e+00
-7.0119453758070032e+00
-7.0119453758070032e+00
0.0000000000000000e+00
-5.8078458031223894e+00
-5.8078458031223894e+00
0.0000000000000000e+00
-5.3137145905542473e+00
-5.3137145905542473e+00
0.0000000000000000e+00
-4.9132093954593916e+00
-4.9132093954593916e+00
0.0000000000000000e+00
-5.2065576360245283e+00
-5.2065576360245283e+00
0.0000000000000000e+00
-5.3830136575447067e+00
-5.3830136575447067e+00
0.0000000000000000e+00
-5.1865754069982195e+00
-5.1865754069982195e+00
0.0000000000000000e+00
-5.8059222845868241e+00
-5.8059222845868241e+00
0.0000000000000000e+00
-6.2859983655951250e+00
-6.2859983655951250e+00
0.0000000000000000e+00
-6.2627178451411352e+00
-6.2627178451411352e+00
0.0000000000000000e+00
-5.8435226095768140e+00
-5.8435226095768140e+00
0.0000000000000000e+00
-5.2787436571487314e+00
-5.2787436571487314e+00
0.0000000000000000e+00
-4.9779250974054028e+00
-4.9779250974054028e+00
0.0000000000000000e+00
-5.3454215334216286e+00
-5.3454215334216286e+00
0.0000000000000000e+00
-6.6225660130123387e+00
-6.6225660130123387e+00
0.0000000000000000e+00
-6.6597357454368371e+00
-6.6597357454368371e+00
0.0000000000000000e+00
-5.7658205834569340e+00
-5.7658205834569340e+00
0.0000000000000000e+00
-5.0396011847794666e+00
-5.0396011847794666e+00
0.0000000000000000e+00
-6.1421097237904920e+00
-6.1421097237904920e+00
0.0000000000000000e+00
-9.6240464154183520e+00
-9.6240464154183520e+00
0.0000000000000000e+00
-9.6330991406255855e+00
-9.6330991406255855e+00
0.0000000000000000e+00
-9.2541114398687832e+00
-9.2541114398687832e+00
0.0000000000000000e+00
-7.7435079506915541e+00
-7.7435079506915541e+00
0.0000000000000000e+00
-7.3304001447389382e+00
-7.3304001447389382e+00
0.0000000000000000e+00
-7.7898859762529291e+00
-7.7898859762529291e+00
0.0000000000000000e+00
-6.5330601343483741e+00
-6.5330601343483741e+00
0.0000000000000000e+00
-6.2863167538663527e+00
-6.2863167538663527e+00
0.0000000000000000e+00
-6.3855814056154045e+00
-6.3855814056154045e+00
0.0000000000000000e+00
-5.5982705410248261e+00
-5.5982705410248261e+00
0.0000000000000000e+00
-5.7470274419775098e+00
-5.7470274419775098e+00
0.0000000000000000e+00
-6.0935586149209664e+00
-6.0935586149209664e+00
0.0000000000000000e+00
-6.2681471860439801e+00
-6.2681471860439801e+00
0.0000000000000000e+00
-5.3496320043777015e+00
-5.3496320043777015e+00
0.0000000000000000e+00
-5.6710913918112169e+00
-5.6710913918112169e+00
0.0000000000000000e+00
-6.5030150030717335e+00
-6.5030150030717335e+00
0.0000000000000000e+00
-8.4816523290888330e+00
-8.4816523290888330e+00
0.0000000000000000e+00
-1.2291250899228599e+01
-1.2291250899228599e+01
0.0000000000000000e+00
-6.2602740481829811e+00
-6.2602740481829811e+00
0.0000000000000000e+00
-6.9903806163001487e+00
-6.9903806163001487e+00
0.0000000000000000e+00
-6.5830396255781549e+00
-6.5830396255781549e+00
0.0000000000000000e+00
-6.6510222393716667e+00
-6.6510222393716667e+00
0.0000000000000000e+00
-7.1260578167175357e+00
-7.1260578167175357e+00
0.0000000000000000e+00
-5.9950814338151535e+00
-5.9950814338151535e+00
0.0000000000000000e+00
-6.9810905374631531e+00
-6.9810905374631531e+00
0.0000000000000000e+00
-6.2805383000568948e+00
-6.2805383000568948e+00
0.0000000000000000e+00
-1.0991504612377472e+01
-1.0991504612377472e+01
0.0000000000000000e+00
-1.0746695652561847e+01
-1.0746695652561847e+01
0.0000000000000000e+00
-9.8215680180000113e+00
-9.8215680180000113e+00
0.0000000000000000e+00
-6.1918629791463218e+00
-6.1918629791463218e+00
0.0000000000000000e+00
-8.4251777228693143e+00
-8.4251777228693143e+00
0.0000000000000000e+00
-7.3837863291723282e+00
-7.3837863291723282e+00
0.0000000000000000e+00
-6.4253616726026541e+00
-6.4253616726026541e+00
0.0000000000000000e+00
-8.7847177856866328e+00
-8.7847177856866328e+00
0.0000000000000000e+00
-1.0876681735017609e+01
-1.0876681735017609e+01
0.0000000000000000e+00
-1.0373486860177508e+01
-1.0373486860177508e+01
0.0000000000000000e+00
-5.5369130865904737e+00
-5.5369130865904737e+00
0.0000000000000000e+00
-5.8575558614262935e+00
-5.8575558614262935e+00
0.0000000000000000e+00
-5.8511790256094978e+00
-5.8511790256094978e+00
0.0000000000000000e+00
-7.5457609359664950e+00
-7.5457609359664950e+00
0.0000000000000000e+00
-8.2763678207335420e+00
-8.2763678207335420e+00
0.0000000000000000e+00
-7.6279940912194792e+00
-7.6279940912194792e+00
0.0000000000000000e+00
-6.7058305005303263e+00
-6.7058305005303263e+00
0.0000000000000000e+00
-7.2614749322972969e+00
-7.2614749322972969e+00
0.0000000000000000e+00
-6.5837888849911881e+00
-6.5837888849911881e+00
0.0000000000000000e+00
-6.0686953198886631e+00
-6.0686953198886631e+00
0.0000000000000000e+00
-5.9997873997646343e+00
-5.9997873997646343e+00
0.0000000000000000e+00
-5.5103368711883274e+00
-5.5103368711883274e+00
0.0000000000000000e+00
-5.6044864161327528e+00
-5.6044864161327528e+00
0.0000000000000000e+00
-5.3071155232277327e+00
-5.3071155232277327e+00
0.0000000000000000e+00
-5.1336057923988090e+00
-5.1336057923988090e+00
0.0000000000000000e+00
-6.6073871732552076e+00
-6.6073871732552076e+00
0.0000000000000000e+00
-6.6521736227801211e+00
-6.6521736227801211e+00
0.0000000000000000e+00
-6.3096565251608565e+00
-6.3096565251608565e+00
0.0000000000000000e+00
-5.8637081180053681e+00
-5.8637081180053681e+00
0.0000000000000000e+00
-5.3225452066053673e+00
-5.3225452066053673e+00
0.0000000000000000e+00
-5.3157953701126619e+00
-5.3157953701126619e+00
0.0000000000000000e+00
-5.5237474395706467e+00
-5.5237474395706467e+00
0.0000000000000000e+00
-6.8918767257446216e+00
-6.8918767257446216e+00
0.0000000000000000e+00
-5.3327802263344966e+00
-5.3327802263344966e+00
0.0000000000000000e+00
-5.6955960367980500e+00
-5.6955960367980500e+00
0.0000000000000000e+00
-5.6015376500851071e+00
-5.6015376500851071e+00
0.0000000000000000e+00
-5.6855022482186337e+00
-5.6855022482186337e+00
0.0000000000000000e+00
-5.6872374811301665e+00
-5.6872374811301665e+00
0.0000000000000000e+00
-6.2130453259458847e+00
-6.2130453259458847e+00
0.0000000000000000e+00
-5.6928426327513106e+00
-5.6928426327513106e+00
0.0000000000000000e+00
-5.0041890971161722e+00
-5.0041890971161722e+00
0.0000000000000000e+00
-6.0102986464617532e+00
-6.0102986464617532e+00
0.0000000000000000e+00
-6.1781700229711110e+00
-6.1781700229711110e+00
0.0000000000000000e+00
-6.3999560082803075e+00
-6.3999560082803075e+00
0.0000000000000000e+00
-8.8216007409613120e+00
-8.8216007409613120e+00
0.0000000000000000e+00
-6.8078094131225377e+00
-6.8078094131225377e+00
0.0000000000000000e+00
-6.3724922663914745e+00
-6.3724922663914745e+00
0.0000000000000000e+00
-6.2622237264026595e+00
-6.2622237264026595e+00
0.0000000000000000e+00
-5.2379862680781315e+00
-5.2379862680781315e+00
0.0000000000000000e+00
-5.3301574170420505e+00
-5.3301574170420505e+00
0.0000000000000000e+00
-5.2892171800256431e+00
-5.2892171800256431e+00
0.0000000000000000e+00
-5.6758298727638872e+00
-5.6758298727638872e+00
0.0000000000000000e+00
-5.1328333357811129e+00
-5.1328333357811129e+00
0.0000000000000000e+00
-5.4589644472534058e+00
-5.4589644472534058e+00
0.0000000000000000e+00
-6.3186147938733654e+00
-6.3186147938733654e+00
0.0000000000000000e+00
-5.8173420044753801e+00
-5.8173420044753801e+00
0.0000000000000000e+00
-5.6271360541146560e+00
-5.6271360541146560e+00
0.0000000000000000e+00
-5.4988989472758032e+00
-5.4988989472758032e+00
0.0000000000000000e+00
-5.5062910786273838e+00
-5.5062910786273838e+00
0.0000000000000000e+00
-6.1388867240932923e+00
-6.1388867240932923e+00
0.0000000000000000e+00
-7.6686154451902375e+00
-7.6686154451902375e+00
0.0000000000000000e+00
-5.1161069246585971e+00
-5.1161069246585971e+00
0.0000000000000000e+00
-5.5431181420001145e+00
-5.5431181420001145e+00
0.0000000000000000e+00
-7.2584748229538700e+00
-7.2584748229538700e+00
0.0000000000000000e+00
-5.1742499725820776e+00
-5.1742499725820776e+00
0.0000000000000000e+00
-5.3244492779821559e+00
-5.3244492779821559e+00
0.0000000000000000e+00
-5.1513358053999596e+00
-5.1513358053999596e+00
0.0000000000000000e+00
-5.4193574301413481e+00
-5.4193574301413481e+00
0.0000000000000000e+00
-6.2016075196270739e+00
-6.2016075196270739e+00
0.0000000000000000e+00
-6.1698663582820892e+00
-6.1698663582820892e+00
0.0000000000000000e+00
-7.2383904834514343e+00
-7.2383904834514343e+00
0.0000000000000000e+00
-5.3087923361989908e+00
-5.3087923361989908e+00
0.0000000000000000e+00
-5.6241125781374324e+00
-5.6241125781374324e+00
0.0000000000000000e+00
-5.2089223812745615e+00
-5.2089223812745615e+00
0.0000000000000000e+00
-5.0570876412153316e+00
-5.0570876412153316e+00
0.0000000000000000e+00
-6.7506653499092630e+00
-6.7506653499092630e+00
0.0000000000000000e+00
-7.0039117003959923e+00
-7.0039117003959923e+00
0.0000000000000000e+00
-7.8898484053637548e+00
-7.8898484053637548e+00
0.0000000000000000e+00
-7.8549276104726662e+00
-7.8549276104726662e+00
0.0000000000000000e+00
-1.0066965907727447e+01
-1.0066965907727447e+01
0.0000000000000000e+00
-8.9828950532494538e+00
-8.9828950532494538e+00
0.0000000000000000e+00
-5.7755073045139174e+00
-5.7755073045139174e+00
0.0000000000000000e+00
-5.8300448325530780e+00
-5.8300448325530780e+00
0.0000000000000000e+00
-5.9317178679370288e+00
-5.9317178679370288e+00
0.0000000000000000e+00
-5.5243727508623515e+00
-5.5243727508623515e+00
0.0000000000000000e+00
-7.7826730205555101e+00
-7.7826730205555101e+00
0.0000000000000000e+00
-7.4924728219929655e+00
-7.4924728219929655e+00
0.0000000000000000e+00
-7.1106515950882763e+00
-7.1106515950882763e+00
0.0000000000000000e+00
-5.6720963403932396e+00
-5.6720963403932396e+00
0.0000000000000000e+00
-5.5049304426761605e+00
-5.5049304426761605e+00
0.0000000000000000e+00
-5.6801267642196098e+00
-5.6801267642196098e+00
0.0000000000000000e+00
-5.3583412910815547e+00
-5.3583412910815547e+00
0.0000000000000000e+00
-5.0894294016897224e+00
-5.0894294016897224e+00
0.0000000000000000e+00
-5.2351615017461217e+00
-5.2351615017461217e+00
0.0000000000000000e+00
-5.7351127575207865e+00
-5.7351127575207865e+00
0.0000000000000000e+00
-5.5468603138166070e+00
-5.5468603138166070e+00
0.0000000000000000e+00
-5.8781700108100434e+00
-5.8781700108100434e+00
0.0000000000000000e+00
-5.8608664588422856e+00
-5.8608664588422856e+00
0.0000000000000000e+00
-5.5092963920560862e+00
-5.5092963920560862e+00
0.0000000000000000e+00
-5.7531057982490630e+00
-5.7531057982490630e+00
0.0000000000000000e+00
-6.0292669622565018e+00
-6.0292669622565018e+00
0.0000000000000000e+00
-8.4962194614506039e+00
-8.4962194614506039e+00
0.0000000000000000e+00
-7.0233705154483737e+00
-7.0233705154483737e+00
0.0000000000000000e+00
-7.1053059438946997e+00
-7.1053059438946997e+00
0.0000000000000000e+00
-7.4307616933058611e+00
-7.4307616933058611e+00
0.0000000000000000e+00
-6.7293670867166586e+00
-6.7293670867166586e+00
0.0000000000000000e+00
-6.1328989964577936e+00
-6.1328989964577936e+00
0.0000000000000000e+00
-5.6137280224829507e+00
-5.6137280224829507e+00
0.0000000000000000e+00
-5.6830615868763488e+00
-5.6830615868763488e+00
0.0000000000000000e+00
-5.6531169971967463e+00
-5.6531169971967463e+00
0.0000000000000000e+00
-5.3557903181537201e+00
-5.3557903181537201e+00
0.0000000000000000e+00
-5.8661448419930107e+00
-5.8661448419930107e+00
0.0000000000000000e+00
-5.1464275315367569e+00
-5.1464275315367569e+00
0.0000000000000000e+00
-5.3026908655960900e+00
-5.3026908655960900e+00
0.0000000000000000e+00
-6.2793435371922568e+00
-6.2793435371922568e+00
0.0000000000000000e+00
-5.3069755573265445e+00
-5.3069755573265445e+00
0.0000000000000000e+00
-5.9594662618003778e+00
-5.9594662618003778e+00
0.0000000000000000e+00
-9.2374957587911268e+00
-9.2374957587911268e+00
0.0000000000000000e+00
-5.7211049845390409e+00
-5.7211049845390409e+00
0.0000000000000000e+00
-6.5321491961972740e+00
-6.5321491961972740e+00
0.0000000000000000e+00
-5.2243703420387035e+00
-5.2243703420387035e+00
0.0000000000000000e+00
-5.1184549037777582e+00
-5.1184549037777582e+00
0.0000000000000000e+00
-5.9254625508328118e+00
-5.9254625508328118e+00
0.0000000000000000e+00
-4.9786174920087518e+00
-4.9786174920087518e+00
0.0000000000000000e+00
-5.2347250573804658e+00
-5.2347250573804658e+00
0.0000000000000000e+00
-5.6208840116518815e+00
-5.6208840116518815e+00
0.0000000000000000e+00
-5.1677964887110042e+00
-5.1677964887110042e+00
0.0000000000000000e+00
-5.1481372004251362e+00
-5.1481372004251362e+00
0.0000000000000000e+00
-5.0422352084401361e+00
-5.0422352084401361e+00
0.0000000000000000e+00
-5.4089908291518309e+00
-5.4089908291518309e+00
0.0000000000000000e+00
-5.2879298028142259e+00
-5.2879298028142259e+00
0.0000000000000000e+00
-5.2160525818554717e+00
-5.2160525818554717e+00
0.0000000000000000e+00
-5.0284383979141465e+00
-5.0284383979141465e+00
0.0000000000000000e+00
-6.7354206347354850e+00
-6.7354206347354850e+00
0.0000000000000000e+00
-6.0600334175993975e+00
-6.0600334175993975e+00
0.0000000000000000e+00
-5.6086813027522737e+00
-5.6086813027522737e+00
0.0000000000000000e+00
-5.5016161318557000e+00
-5.5016161318557000e+00
0.0000000000000000e+00
-5.9210699181459425e+00
-5.9210699181459425e+00
0.0000000000000000e+00
-5.5077419354373367e+00
-5.5077419354373367e+00
0.0000000000000000e+00
-5.5847123910696332e+00
-5.5847123910696332e+00
0.0000000000000000e+00
-5.8098665733330996e+00
-5.8098665733330996e+00
0.0000000000000000e+00
-5.5414247366269214e+00
-5.5414247366269214e+00
0.0000000000000000e+00
-5.4198790700496113e+00
-5.4198790700496113e+00
0.0000000000000000e+00
-5.3558658598206978e+00
-5.3558658598206978e+00
0.0000000000000000e+00
-5.6652199293474466e+00
-5.6652199293474466e+00
0.0000000000000000e+00
-6.5898400691835253e+00
-6.5898400691835253e+00
0.0000000000000000e+00
-4.9597934819708538e+00
-4.9597934819708538e+00
0.0000000000000000e+00
-4.9104667372111370e+00
-4.9104667372111370e+00
0.0000000000000000e+00
-6.4281652735682879e+00
-6.4281652735682879e+00
0.0000000000000000e+00
-6.8020167196064811e+00
-6.8020167196064811e+00
0.0000000000000000e+00
-8.0343821145836412e+00
-8.0343821145836412e+00
0.0000000000000000e+00
-8.6384292581738933e+00
-8.6384292581738933e+00
0.0000000000000000e+00
-8.5796260073630854e+00
-8.5796260073630854e+00
0.0000000000000000e+00
-8.9730819241601445e+00
-8.9730819241601445e+00
0.0000000000000000e+00
-8.9226952881505710e+00
-8.9226952881505710e+00
0.0000000000000000e+00
-8.9496067884528578e+00
-8.9496067884528578e+00
0.0000000000000000e+00
-8.8601523588779827e+00
-8.8601523588779827e+00
0.0000000000000000e+00
-9.4391323257523823e+00
-9.4391323257523823e+00
0.0000000000000000e+00
-1.0226075035502520e+01
-1.0226075035502520e+01
0.0000000000000000e+00
-9.0109962475184275e+00
-9.0109962475184275e+00
0.0000000000000000e+00
-7.4963485884506671e+00
-7.4963485884506671e+00
0.0000000000000000e+00
-6.7110428461476861e+00
-6.7110428461476861e+00
0.0000000000000000e+00
-6.8247622761354627e+00
-6.8247622761354627e+00
0.0000000000000000e+00
-7.4738187730158163e+00
-7.4738187730158163e+00
0.0000000000000000e+00
-6.0786568050616152e+00
-6.0786568050616152e+00
0.0000000000000000e+00
-6.2864045234705834e+00
-6.2864045234705834e+00
0.0000000000000000e+00
-7.9499812521689250e+00
-7.9499812521689250e+00
0.0000000000000000e+00
-7.0646304121918941e+00
-7.0646304121918941e+00
0.0000000000000000e+00
-6.1823213316063832e+00
-6.1823213316063832e+00
0.0000000000000000e+00
-6.4457176749166543e+00
-6.4457176749166543e+00
0.0000000000000000e+00
-6.2525094912152568e+00
-6.2525094912152568e+00
0.0000000000000000e+00
-5.9249405796737760e+00
-5.9249405796737760e+00
0.0000000000000000e+00
-5.9836680475440778e+00
-5.9836680475440778e+00
0.0000000000000000e+00
-5.6122988560534051e+00
-5.6122988560534051e+00
0.0000000000000000e+00
-5.7892338101339691e+00
-5.7892338101339691e+00
0.0000000000000000e+00
-6.0048322208590381e+00
-6.0048322208590381e+00
0.0000000000000000e+00
-6.3204953301636735e+00
-6.3204953301636735e+00
0.0000000000000000e+00
-7.3521617659319434e+00
-7.3521617659319434e+00
0.0000000000000000e+00
-7.3276420319783746e+00
-7.3276420319783746e+00
0.0000000000000000e+00
-7.3890893698899838e+00
-7.3890893698899838e+00
0.0000000000000000e+00
-7.3308983786419999e+00
-7.3308983786419999e+00
0.0000000000000000e+00
-9.1887708524872984e+00
-9.1887708524872984e+00
0.0000000000000000e+00
-8.5194471947514216e+00
-8.5194471947514216e+00
0.0000000000000000e+00
-6.3595486911795289e+00
-6.3595486911795289e+00
0.0000000000000000e+00
-6.7223912757437816e+00
-6.7223912757437816e+00
0.0000000000000000e+00
-5.5104485143697950e+00
-5.5104485143697950e+00
0.0000000000000000e+00
-5.1096257877538722e+00
-5.1096257877538722e+00
0.0000000000000000e+00
-4.9821198542924874e+00
-4.9821198542924874e+00
0.0000000000000000e+00
-7.0472145176991736e+00
-7.0472145176991736e+00
0.0000000000000000e+00
-5.7937450717115215e+00
-5.7937450717115215e+00
0.0000000000000000e+00
-6.2749835214358862e+00
-6.2749835214358862e+00
0.0000000000000000e+00
-5.8483015430907876e+00
-5.8483015430907876e+00
0.0000000000000000e+00
-6.2466627221182991e+00
-6.2466627221182991e+00
0.0000000000000000e+00
-6.9580769024722890e+00
-6.9580769024722890e+00
0.0000000000000000e+00
-8.5624825783231095e+00
-8.5624825783231095e+00
0.0000000000000000e+00
-6.5409485582278020e+00
-6.5409485582278020e+00
0.0000000000000000e+00
-6.5395242772833075e+00
-6.5395242772833075e+00
0.0000000000000000e+00
-6.1640008296272830e+00
-6.1640008296272830e+00
0.0000000000000000e+00
-5.9462101607566549e+00
-5.9462101607566549e+00
0.0000000000000000e+00
-6.5364073744867248e+00
-6.5364073744867248e+00
0.0000000000000000e+00
-7.0510451562410354e+00
-7.0510451562410354e+00
0.0000000000000000e+00
-6.6194695920404865e+00
-6.6194695920404865e+00
0.0000000000000000e+00
-6.7118263100811735e+00
-6.7118263100811735e+00
0.0000000000000000e+00
-6.9129853521071585e+00
-6.9129853521071585e+00
0.0000000000000000e+00
-6.4248934330213823e+00
-6.4248934330213823e+00
0.0000000000000000e+00
-5.6323461758388769e+00
-5.6323461758388769e+00
0.0000000000000000e+00
-5.7396297229124000e+00
-5.7396297229124000e+00
0.0000000000000000e+00
-5.9386379063342059e+00
-5.9386379063342059e+00
0.0000000000000000e+00
-6.2473628332520850e+00
-6.2473628332520850e+00
0.0000000000000000e+00
-5.9476081454938354e+00
-5.9476081454938354e+00
0.0000000000000000e+00
-5.6747063483757225e+00
-5.6747063483757225e+00
0.0000000000000000e+00
-6.1487169759623228e+00
-6.1487169759623228e+00
0.0000000000000000e+00
-5.6717601464190048e+00
-5.6717601464190048e+00
0.0000000000000000e+00
-5.6247175007686554e+00
-5.6247175007686554e+00
0.0000000000000000e+00
-5.6777807400631959e+00
-5.6777807400631959e+00
0.0000000000000000e+00
-5.6838563568974658e+00
-5.6838563568974658e+00
0.0000000000000000e+00
-5.3009531327052697e+00
-5.3009531327052697e+00
0.0000000000000000e+00
-5.4688619015403983e+00
-5.4688619015403983e+00
0.0000000000000000e+00
-5.3498384685320826e+00
-5.3498384685320826e+00
0.0000000000000000e+00
-5.4677679606094935e+00
-5.4677679606094935e+00
0.0000000000000000e+00
-5.5965419486935764e+00
-5.5965419486935764e+00
0.0000000000000000e+00
-5.6820171981958332e+00
-5.6820171981958332e+00
0.0000000000000000e+00
-5.9973567066594349e+00
-5.9973567066594349e+00
0.0000000000000000e+00
-5.3439128508536928e+00
-5.3439128508536928e+00
0.0000000000000000e+00
-5.7972490857659320e+00
-5.7972490857659320e+00
0.0000000000000000e+00
-6.1347263334614404e+00
-6.1347263334614404e+00
0.0000000000000000e+00
-5.7704769122371200e+00
-5.7704769122371200e+00
0.0000000000000000e+00
-6.7143863731623572e+00
-6.7143863731623572e+00
0.0000000000000000e+00
-7.2854254098223450e+00
-7.2854254098223450e+00
0.0000000000000000e+00
-6.7890126835679432e+00
-6.7890126835679432e+00
0.0000000000000000e+00
-5.8679806813378885e+00
-5.8679806813378885e+00
0.0000000000000000e+00
-5.7815792364909759e+00
-5.7815792364909759e+00
0.0000000000000000e+00
-5.9049162868008640e+00
-5.9049162868008640e+00
0.0000000000000000e+00
-6.6538957700592647e+00
-6.6538957700592647e+00
0.0000000000000000e+00
-6.4565303782027694e+00
-6.4565303782027694e+00
0.0000000000000000e+00
-6.9618864317608349e+00
-6.9618864317608349e+00
0.0000000000000000e+00
-5.3098748462369745e+00
-5.3098748462369745e+00
0.0000000000000000e+00
-6.2019476792499004e+00
-6.2019476792499004e+00
0.0000000000000000e+00
-6.8803405142448941e+00
-6.8803405142448941e+00
0.0000000000000000e+00
-6.8890043816464566e+00
-6.8890043816464566e+00
0.0000000000000000e+00
-8.9977789988514161e+00
-8.9977789988514161e+00
0.0000000000000000e+00
-8.9027809225063148e+00
-8.9027809225063148e+00
0.0000000000000000e+00
-8.9511402991223648e+00
-8.9511402991223648e+00
0.0000000000000000e+00
-8.9479496860786014e+00
-8.9479496860786014e+00
0.0000000000000000e+00
-8.6049016974594021e+00
-8.6049016974594021e+00
0.0000000000000000e+00
-8.4978868362192106e+00
-8.4978868362192106e+00
0.0000000000000000e+00
-6.6509690667126691e+00
-6.6509690667126691e+00
0.0000000000000000e+00
-7.0548912817291400e+00
-7.0548912817291400e+00
0.0000000000000000e+00
-6.3064744629415079e+00
-6.3064744629415079e+00
0.0000000000000000e+00
-6.2684344287390807e+00
-6.2684344287390807e+00
0.0000000000000000e+00
-5.6407946528674797e+00
-5.6407946528674797e+00
0.0000000000000000e+00
-6.0263471463248948e+00
-6.0263471463248948e+00
0.0000000000000000e+00
-6.0809438327981153e+00
-6.0809438327981153e+00
0.0000000000000000e+00
-6.2020679546109942e+00
-6.2020679546109942e+00
0.0000000000000000e+00
-6.9776719689413902e+00
-6.9776719689413902e+00
0.0000000000000000e+00
-8.0902111363681861e+00
-8.0902111363681861e+00
0.0000000000000000e+00
-9.1797678340367170e+00
-9.1797678340367170e+00
0.0000000000000000e+00
-9.5087486454227310e+00
-9.5087486454227310e+00
0.0000000000000000e+00
-8.7254277663879023e+00
-8.7254277663879023e+00
0.0000000000000000e+00
-8.9435893926007139e+00
-8.9435893926007139e+00
0.0000000000000000e+00
-9.2328059696028948e+00
-9.2328059696028948e+00
0.0000000000000000e+00
-8.6145464920490724e+00
-8.6145464920490724e+00
0.0000000000000000e+00
-8.0090014727516401e+00
-8.0090014727516401e+00
0.0000000000000000e+00
-8.9357678297193353e+00
-8.9357678297193353e+00
0.0000000000000000e+00
-8.1745655894624747e+00
-8.1745655894624747e+00
0.0000000000000000e+00
-8.5657264639150625e+00
-8.5657264639150625e+00
0.0000000000000000e+00
-8.0987845559706670e+00
-8.0987845559706670e+00
0.0000000000000000e+00
-7.7100898102971502e+00
-7.7100898102971502e+00
0.0000000000000000e+00
-7.6257350453096358e+00
-7.6257350453096358e+00
0.0000000000000000e+00
-7.8696031280598238e+00
-7.8696031280598238e+00
0.0000000000000000e+00
-6.6238786202818263e+00
-6.6238786202818263e+00
0.0000000000000000e+00
-5.9240798466400646e+00
-5.9240798466400646e+00
0.0000000000000000e+00
-5.8558576476681488e+00
-5.8558576476681488e+00
0.0000000000000000e+00
-5.6657422301164928e+00
-5.6657422301164928e+00
0.0000000000000000e+00
-5.5486981801383779e+00
-5.5486981801383779e+00
0.0000000000000000e+00
-5.5949258239170252e+00
-5.5949258239170252e+00
0.0000000000000000e+00
-5.4399380610156545e+00
-5.4399380610156545e+00
0.0000000000000000e+00
-5.7630017399273372e+00
-5.7630017399273372e+00
0.0000000000000000e+00
-6.1320288211266014e+00
-6.1320288211266014e+00
0.0000000000000000e+00
-5.9860835936221655e+00
-5.9860835936221655e+00
0.0000000000000000e+00
-5.7880991855817623e+00
-5.7880991855817623e+00
0.0000000000000000e+00
-5.6462741775557568e+00
-5.6462741775557568e+00
0.0000000000000000e+00
-5.5340932848748698e+00
-5.5340932848748698e+00
0.0000000000000000e+00
-5.5160232597732488e+00
-5.5160232597732488e+00
0.0000000000000000e+00
-5.4368969388746633e+00
-5.4368969388746633e+00
0.0000000000000000e+00
-5.7578850460697879e+00
-5.7578850460697879e+00
0.0000000000000000e+00
-6.3523037156810904e+00
-6.3523037156810904e+00
0.0000000000000000e+00
-5.9228283459505171e+00
-5.9228283459505171e+00
0.0000000000000000e+00
-6.0352078086316450e+00
-6.0352078086316450e+00
0.0000000000000000e+00
-6.5617786434618610e+00
-6.5617786434618610e+00
0.0000000000000000e+00
-6.1490708146186277e+00
-6.1490708146186277e+00
0.0000000000000000e+00
-5.6255092720414206e+00
-5.6255092720414206e+00
0.0000000000000000e+00
-5.5558296470040984e+00
-5.5558296470040984e+00
0.0000000000000000e+00
-5.5922235185865468e+00
-5.5922235185865468e+00
0.0000000000000000e+00
-5.6142495242310400e+00
-5.6142495242310400e+00
0.0000000000000000e+00
-5.6979228081604703e+00
-5.6979228081604703e+00
0.0000000000000000e+00
-6.0788805450747860e+00
-6.0788805450747860e+00
0.0000000000000000e+00
-6.1512769947863859e+00
-6.1512769947863859e+00
0.0000000000000000e+00
-5.4487515078049578e+00
-5.4487515078049578e+00
0.0000000000000000e+00
-5.4462789303500898e+00
-5.4462789303500898e+00
0.0000000000000000e+00
-5.7258886291873523e+00
-5.7258886291873523e+00
0.0000000000000000e+00
-6.0150510245227995e+00
-6.0150510245227995e+00
0.0000000000000000e+00
-6.5956933925062309e+00
-6.5956933925062309e+00
0.0000000000000000e+00
-6.4217170961420464e+00
-6.4217170961420464e+00
0.0000000000000000e+00
-6.1098327254048961e+00
-6.1098327254048961e+00
0.0000000000000000e+00
-6.2124675377403769e+00
-6.2124675377403769e+00
0.0000000000000000e+00
-5.8499379154164366e+00
-5.8499379154164366e+00
0.0000000000000000e+00
-5.9264873863032870e+00
-5.9264873863032870e+00
0.0000000000000000e+00
-5.6042508875875692e+00
-5.6042508875875692e+00
0.0000000000000000e+00
-5.8975065838268987e+00
-5.8975065838268987e+00
0.0000000000000000e+00
-5.9165672961711842e+00
-5.9165672961711842e+00
0.0000000000000000e+00
-6.6618592478151850e+00
-6.6618592478151850e+00
0.0000000000000000e+00
-7.2684180900016342e+00
-7.2684180900016342e+00
0.0000000000000000e+00
-7.2269491096799889e+00
-7.2269491096799889e+00
0.0000000000000000e+00
-6.8463569250126106e+00
-6.8463569250126106e+00
0.0000000000000000e+00
-5.5686571545326853e+00
-5.5686571545326853e+00
0.0000000000000000e+00
-5.5467158205034810e+00
-5.5467158205034810e+00
0.0000000000000000e+00
-5.6708971113996860e+00
-5.6708971113996860e+00
0.0000000000000000e+00
-5.5819083055446734e+00
-5.5819083055446734e+00
0.0000000000000000e+00
-6.9176584964874017e+00
-6.9176584964874017e+00
0.0000000000000000e+00
-6.1774961696308690e+00
-6.1774961696308690e+00
0.0000000000000000e+00
-5.8662550948651218e+00
-5.8662550948651218e+00
0.0000000000000000e+00
-5.2370041300043315e+00
-5.2370041300043315e+00
0.0000000000000000e+00
-5.6435605116652852e+00
-5.6435605116652852e+00
0.0000000000000000e+00
-5.3371829123705687e+00
-5.3371829123705687e+00
0.0000000000000000e+00
-5.2900730050146203e+00
-5.2900730050146203e+00
0.0000000000000000e+00
-5.1338523661358693e+00
-5.1338523661358693e+00
0.0000000000000000e+00
-5.4056702194384449e+00
-5.4056702194384449e+00
0.0000000000000000e+00
-5.5484508061997584e+00
-5.5484508061997584e+00
0.0000000000000000e+00
-6.1481326320212686e+00
-6.1481326320212686e+00
0.0000000000000000e+00
-6.0284483410308498e+00
-6.0284483410308498e+00
0.0000000000000000e+00
-5.5093369179262082e+00
-5.5093369179262082e+00
0.0000000000000000e+00
-5.6041964314893722e+00
-5.6041964314893722e+00
0.0000000000000000e+00
-7.2467945519790611e+00
-7.2467945519790611e+00
0.0000000000000000e+00
-5.6116353451724130e+00
-5.6116353451724130e+00
0.0000000000000000e+00
-5.6224744453988560e+00
-5.6224744453988560e+00
0.0000000000000000e+00
-5.8801732301784053e+00
-5.8801732301784053e+00
0.0000000000000000e+00
-5.7813565318168649e+00
-5.7813565318168649e+00
0.0000000000000000e+00
-5.7551887628575997e+00
-5.7551887628575997e+00
0.0000000000000000e+00
-6.1667840011658281e+00
-6.1667840011658281e+00
0.0000000000000000e+00
-5.6201716221004006e+00
-5.6201716221004006e+00
0.0000000000000000e+00
-6.0863379662442387e+00
-6.0863379662442387e+00
0.0000000000000000e+00
-6.2758882817354831e+00
-6.2758882817354831e+00
0.0000000000000000e+00
-5.3148016344192559e+00
-5.3148016344192559e+00
0.0000000000000000e+00
-5.3024497908884545e+00
-5.3024497908884545e+00
0.0000000000000000e+00
-6.8092323042089706e+00
-6.8092323042089706e+00
0.0000000000000000e+00
-6.8112638834135106e+00
-6.8112638834135106e+00
0.0000000000000000e+00
-5.8028140079226898e+00
-5.8028140079226898e+00
0.0000000000000000e+00
-5.6940743052847216e+00
-5.6940743052847216e+00
0.0000000000000000e+00
-5.1568169023027890e+00
-5.1568169023027890e+00
0.0000000000000000e+00
-6.8772302499781626e+00
-6.8772302499781626e+00
0.0000000000000000e+00
-7.2109592384942012e+00
-7.2109592384942012e+00
0.0000000000000000e+00
-6.5374634266495093e+00
-6.5374634266495093e+00
0.0000000000000000e+00
-7.3231232969983218e+00
-7.3231232969983218e+00
0.0000000000000000e+00
-7.2656872523560132e+00
-7.2656872523560132e+00
0.0000000000000000e+00
-8.3451561538462258e+00
-8.3451561538462258e+00
0.0000000000000000e+00
-8.3325375782229045e+00
-8.3325375782229045e+00
0.0000000000000000e+00
-6.4210499492783644e+00
-6.4210499492783644e+00
0.0000000000000000e+00
-6.6193292570996691e+00
-6.6193292570996691e+00
0.0000000000000000e+00
-5.0789590472039396e+00
-5.0789590472039396e+00
0.0000000000000000e+00
-5.7974270307544788e+00
-5.7974270307544788e+00
0.0000000000000000e+00
-5.7952934722735918e+00
-5.7952934722735918e+00
0.0000000000000000e+00
-5.1469545924834259e+00
-5.1469545924834259e+00
0.0000000000000000e+00
-5.3096381308246006e+00
-5.3096381308246006e+00
0.0000000000000000e+00
-5.2099959852424460e+00
-5.2099959852424460e+00
0.0000000000000000e+00
-6.0410485431568786e+00
-6.0410485431568786e+00
0.0000000000000000e+00
-5.8721562172242603e+00
-5.8721562172242603e+00
0.0000000000000000e+00
-5.5634047000611231e+00
-5.5634047000611231e+00
0.0000000000000000e+00
-5.0801609945385149e+00
-5.0801609945385149e+00
0.0000000000000000e+00
-5.5337012001197152e+00
-5.5337012001197152e+00
0.0000000000000000e+00
-5.6309685137040217e+00
-5.6309685137040217e+00
0.0000000000000000e+00
-5.6802705011742702e+00
-5.6802705011742702e+00
0.0000000000000000e+00
-5.1048170962863271e+00
-5.1048170962863271e+00
0.0000000000000000e+00
-5.3742660929161081e+00
-5.3742660929161081e+00
0.0000000000000000e+00
-5.6493741130356696e+00
-5.6493741130356696e+00
0.0000000000000000e+00
-5.8550789242969810e+00
-5.8550789242969810e+00
0.0000000000000000e+00
-7.5831654586836486e+00
-7.5831654586836486e+00
0.0000000000000000e+00
-7.8792983044378699e+00
-7.8792983044378699e+00
0.0000000000000000e+00
-7.3964057976960689e+00
-7.3964057976960689e+00
0.0000000000000000e+00
-6.1221008382090218e+00
-6.1221008382090218e+00
0.0000000000000000e+00
-5.3063926350110115e+00
-5.3063926350110115e+00
0.0000000000000000e+00
-5.6892765723858698e+00
-5.6892765723858698e+00
0.0000000000000000e+00
-5.7648024273553373e+00
-5.7648024273553373e+00
0.0000000000000000e+00
-6.1779850264189839e+00
-6.1779850264189839e+00
0.0000000000000000e+00
-5.8835816665950045e+00
-5.8835816665950045e+00
0.0000000000000000e+00
-6.3050954572495757e+00
-6.3050954572495757e+00
0.0000000000000000e+00
-5.7539218182870471e+00
-5.7539218182870471e+00
0.0000000000000000e+00
-6.5482417784702083e+00
-6.5482417784702083e+00
0.0000000000000000e+00
-7.2920733199431593e+00
-7.2920733199431593e+00
0.0000000000000000e+00
-7.1145714484630247e+00
-7.1145714484630247e+00
0.0000000000000000e+00
-5.2034007998912299e+00
-5.2034007998912299e+00
0.0000000000000000e+00
-7.1657654153726238e+00
-7.1657654153726238e+00
0.0000000000000000e+00
-7.2195971630299907e+00
-7.2195971630299907e+00
0.0000000000000000e+00
-8.9768538012174179e+00
-8.9768538012174179e+00
0.0000000000000000e+00
-7.3371615872276710e+00
-7.3371615872276710e+00
0.0000000000000000e+00
-5.8482723069928610e+00
-5.8482723069928610e+00
0.0000000000000000e+00
-6.3865036469006844e+00
-6.3865036469006844e+00
0.0000000000000000e+00
-6.3558127886880325e+00
-6.3558127886880325e+00
0.0000000000000000e+00
-6.2819787203140169e+00
-6.2819787203140169e+00
0.0000000000000000e+00
-7.2608239980630209e+00
-7.2608239980630209e+00
0.0000000000000000e+00
-5.6748329897789693e+00
-5.6748329897789693e+00
0.0000000000000000e+00
-5.5621839685318175e+00
-5.5621839685318175e+00
0.0000000000000000e+00
-5.2675261996410692e+00
-5.2675261996410692e+00
0.0000000000000000e+00
-5.4371525351018377e+00
-5.4371525351018377e+00
0.0000000000000000e+00
-5.4574711835651861e+00
-5.4574711835651861e+00
0.0000000000000000e+00
-5.5753547428061720e+00
-5.5753547428061720e+00
0.0000000000000000e+00
-6.0401814399941305e+00
-6.0401814399941305e+00
0.0000000000000000e+00
-5.6281675721052942e+00
-5.6281675721052942e+00
0.0000000000000000e+00
-5.3498165981302286e+00
-5.3498165981302286e+00
0.0000000000000000e+00
-5.9583492947392216e+00
-5.9583492947392216e+00
0.0000000000000000e+00
-7.9321384186433033e+00
-7.9321384186433033e+00
0.0000000000000000e+00
-7.5346259875509123e+00
-7.5346259875509123e+00
0.0000000000000000e+00
-7.8133788337172678e+00
-7.8133788337172678e+00
0.0000000000000000e+00
-8.1576156714190784e+00
-8.1576156714190784e+00
0.0000000000000000e+00
-8.8218902423250327e+00
-8.8218902423250327e+00
0.0000000000000000e+00
-8.8172847684955435e+00
-8.8172847684955435e+00
0.0000000000000000e+00
-9.2752162642517479e+00
-9.2752162642517479e+00
0.0000000000000000e+00
-9.7452899409330502e+00
-9.7452899409330502e+00
0.0000000000000000e+00
-9.3607060693146416e+00
-9.3607060693146416e+00
0.0000000000000000e+00
-7.9042474914102980e+00
-7.9042474914102980e+00
0.0000000000000000e+00
-7.8345991902542291e+00
-7.8345991902542291e+00
0.0000000000000000e+00
-6.7074591429841366e+00
-6.7074591429841366e+00
0.0000000000000000e+00
-6.3900935198810318e+00
-6.3900935198810318e+00
0.0000000000000000e+00
-6.3226216301089879e+00
-6.3226216301089879e+00
0.0000000000000000e+00
-8.0246915291179572e+00
-8.0246915291179572e+00
0.0000000000000000e+00
-8.9082049347146661e+00
-8.9082049347146661e+00
0.0000000000000000e+00
-8.2002069293580000e+00
-8.2002069293580000e+00
0.0000000000000000e+00
-7.5475096202612182e+00
-7.5475096202612182e+00
0.0000000000000000e+00
-6.5086013979913853e+00
-6.5086013979913853e+00
0.0000000000000000e+00
-6.1783780847007774e+00
-6.1783780847007774e+00
0.0000000000000000e+00
-8.0242225803050431e+00
-8.0242225803050431e+00
0.0000000000000000e+00
-6.2590588314493933e+00
-6.2590588314493933e+00
0.0000000000000000e+00
-7.7380714550403171e+00
-7.7380714550403171e+00
0.0000000000000000e+00
-1.1040493153927692e+01
-1.1040493153927692e+01
0.0000000000000000e+00
-1.1864310363943559e+01
-1.1864310363943559e+01
0.0000000000000000e+00
-1.0512648271201325e+01
-1.0512648271201325e+01
0.0000000000000000e+00
-1.2427121737946575e+01
-1.2427121737946575e+01
0.0000000000000000e+00
-1.2093802744391299e+01
-1.2093802744391299e+01
0.0000000000000000e+00
-1.2067699597231226e+01
-1.2067699597231226e+01
0.0000000000000000e+00
-9.7895040927073147e+00
-9.7895040927073147e+00
0.0000000000000000e+00
-8.8738338128517427e+00
-8.8738338128517427e+00
0.0000000000000000e+00
-9.8619227533865832e+00
-9.8619227533865832e+00
0.0000000000000000e+00
-7.9552787270931624e+00
-7.9552787270931624e+00
0.0000000000000000e+00
-7.8825367898040994e+00
-7.8825367898040994e+00
0.0000000000000000e+00
-6.6155898911910125e+00
-6.6155898911910125e+00
0.0000000000000000e+00
-6.5076361611646494e+00
-6.5076361611646494e+00
0.0000000000000000e+00
-5.8387462705340525e+00
-5.8387462705340525e+00
0.0000000000000000e+00
-6.0108685008632827e+00
-6.0108685008632827e+00
0.0000000000000000e+00
-5.4733835576182654e+00
-5.4733835576182654e+00
0.0000000000000000e+00
-5.5028344962451330e+00
-5.5028344962451330e+00
0.0000000000000000e+00
-5.5511454508384848e+00
-5.5511454508384848e+00
0.0000000000000000e+00
-5.6291113935469204e+00
-5.6291113935469204e+00
0.0000000000000000e+00
-5.8240614100568360e+00
-5.8240614100568360e+00
0.0000000000000000e+00
-5.8865923696205122e+00
-5.8865923696205122e+00
0.0000000000000000e+00
-7.8827397019048338e+00
-7.8827397019048338e+00
0.0000000000000000e+00
-7.1341871626982698e+00
-7.1341871626982698e+00
0.0000000000000000e+00
-7.3880100429880518e+00
-7.3880100429880518e+00
0.0000000000000000e+00
-8.6715350743540185e+00
-8.6715350743540185e+00
0.0000000000000000e+00
-6.7832153371515123e+00
-6.7832153371515123e+00
0.0000000000000000e+00
-6.8681769008263007e+00
-6.8681769008263007e+00
0.0000000000000000e+00
-8.2410356749306821e+00
-8.2410356749306821e+00
0.0000000000000000e+00
-8.9349338918663630e+00
-8.9349338918663630e+00
0.0000000000000000e+00
-6.6598886098464440e+00
-6.6598886098464440e+00
0.0000000000000000e+00
-6.8030805100124940e+00
-6.8030805100124940e+00
0.0000000000000000e+00
-7.3990590901533668e+00
-7.3990590901533668e+00
0.0000000000000000e+00
-7.2650198109871873e+00
-7.2650198109871873e+00
0.0000000000000000e+00
-6.9413865984397400e+00
-6.9413865984397400e+00
0.0000000000000000e+00
-5.9098918775625293e+00
-5.9098918775625293e+00
0.0000000000000000e+00
-5.7351808211854447e+00
-5.7351808211854447e+00
0.0000000000000000e+00
-5.7005042295925268e+00
-5.7005042295925268e+00
0.0000000000000000e+00
-5.5999144631437172e+00
-5.5999144631437172e+00
0.0000000000000000e+00
-6.0325285592002267e+00
-6.0325285592002267e+00
0.0000000000000000e+00
-5.7108294643514084e+00
-5.7108294643514084e+00
0.0000000000000000e+00
-6.0955083973479738e+00
-6.0955083973479738e+00
0.0000000000000000e+00
-5.8130381541652421e+00
-5.8130381541652421e+00
0.0000000000000000e+00
-6.0222950962587394e+00
-6.0222950962587394e+00
0.0000000000000000e+00
-7.5917735331512599e+00
-7.5917735331512599e+00
0.0000000000000000e+00
-7.5419420896956009e+00
-7.5419420896956009e+00
0.0000000000000000e+00
-7.5448849499949873e+00
-7.5448849499949873e+00
0.0000000000000000e+00
-6.2134546837095357e+00
-6.2134546837095357e+00
0.0000000000000000e+00
-7.0019229122833027e+00
-7.0019229122833027e+00
0.0000000000000000e+00
-6.2648345389610984e+00
-6.2648345389610984e+00
0.0000000000000000e+00
-5.2831377848838930e+00
-5.2831377848838930e+00
0.0000000000000000e+00
-5.4719276428980237e+00
-5.4719276428980237e+00
0.0000000000000000e+00
-5.3210422602379648e+00
-5.3210422602379648e+00
0.0000000000000000e+00
-5.4146114884997569e+00
-5.4146114884997569e+00
0.0000000000000000e+00
-7.3832196627992115e+00
-7.3832196627992115e+00
0.0000000000000000e+00
-9.7222456110189945e+00
-9.7222456110189945e+00
0.0000000000000000e+00
-7.3696743146626629e+00
-7.3696743146626629e+00
0.0000000000000000e+00
-5.4966561950975787e+00
-5.4966561950975787e+00
0.0000000000000000e+00
-5.3325110381986116e+00
-5.3325110381986116e+00
0.0000000000000000e+00
-5.5415419635475720e+00
-5.5415419635475720e+00
0.0000000000000000e+00
-5.7094720870225615e+00
-5.7094720870225615e+00
0.0000000000000000e+00
-5.5555477333095213e+00
-5.5555477333095213e+00
0.0000000000000000e+00
-5.6034966986613775e+00
-5.6034966986613775e+00
0.0000000000000000e+00
-5.7177818727547951e+00
-5.7177818727547951e+00
0.0000000000000000e+00
-5.5765644232339451e+00
-5.5765644232339451e+00
0.0000000000000000e+00
-5.5273661930273121e+00
-5.5273661930273121e+00
0.0000000000000000e+00
-6.2534886277453330e+00
-6.2534886277453330e+00
0.0000000000000000e+00
-6.5078309781544190e+00
-6.5078309781544190e+00
0.0000000000000000e+00
-5.8791990660009663e+00
-5.8791990660009663e+00
0.0000000000000000e+00
-7.1824076805183505e+00
-7.1824076805183505e+00
0.0000000000000000e+00
-6.5526874717014465e+00
-6.5526874717014465e+00
0.0000000000000000e+00
-6.5587651608773800e+00
-6.5587651608773800e+00
0.0000000000000000e+00
-6.5729752116106237e+00
-6.5729752116106237e+00
0.0000000000000000e+00
-6.3868238257905583e+00
-6.3868238257905583e+00
0.0000000000000000e+00
-6.7871580940296337e+00
-6.7871580940296337e+00
0.0000000000000000e+00
-6.4009815090927855e+00
-6.4009815090927855e+00
0.0000000000000000e+00
-5.5628030349190754e+00
-5.5628030349190754e+00
0.0000000000000000e+00
-5.5582433183282918e+00
-5.5582433183282918e+00
0.0000000000000000e+00
-6.6543371790740320e+00
-6.6543371790740320e+00
0.0000000000000000e+00
-6.9274703301285996e+00
-6.9274703301285996e+00
0.0000000000000000e+00
-6.9935645960530159e+00
-6.9935645960530159e+00
0.0000000000000000e+00
-5.7965446856060776e+00
-5.7965446856060776e+00
0.0000000000000000e+00
-5.9522024580581645e+00
-5.9522024580581645e+00
0.0000000000000000e+00
-6.8969787451849918e+00
-6.8969787451849918e+00
0.0000000000000000e+00
-6.2952579164541049e+00
-6.2952579164541049e+00
0.0000000000000000e+00
-5.7210444797781070e+00
-5.7210444797781070e+00
0.0000000000000000e+00
-6.0321752674315325e+00
-6.0321752674315325e+00
0.0000000000000000e+00
-5.7211808081327682e+00
-5.7211808081327682e+00
0.0000000000000000e+00
-5.9065966136646839e+00
-5.9065966136646839e+00
0.0000000000000000e+00
-5.7405218893113599e+00
-5.7405218893113599e+00
0.0000000000000000e+00
-6.5023626145793756e+00
-6.5023626145793756e+00
0.0000000000000000e+00
-7.4963846963757330e+00
-7.4963846963757330e+00
0.0000000000000000e+00
-8.0002638574069245e+00
-8.0002638574069245e+00
0.0000000000000000e+00
-9.7395963770835294e+00
-9.7395963770835294e+00
0.0000000000000000e+00
-9.6391762518996345e+00
-9.6391762518996345e+00
0.0000000000000000e+00
-9.3638530391332626e+00
-9.3638530391332626e+00
0.0000000000000000e+00
-6.8784617662811787e+00
-6.8784617662811787e+00
0.0000000000000000e+00
-9.1049938401791923e+00
-9.1049938401791923e+00
0.0000000000000000e+00
-7.4185127327537783e+00
-7.4185127327537783e+00
0.0000000000000000e+00
-7.9628593268262833e+00
-7.9628593268262833e+00
0.0000000000000000e+00
-9.4171328961108145e+00
-9.4171328961108145e+00
0.0000000000000000e+00
-6.8328096218627863e+00
-6.8328096218627863e+00
0.0000000000000000e+00
-6.9388655189532731e+00
-6.9388655189532731e+00
0.0000000000000000e+00
-7.2298974051747189e+00
-7.2298974051747189e+00
0.0000000000000000e+00
-6.5024203195703825e+00
-6.5024203195703825e+00
0.0000000000000000e+00
-6.2874614274171714e+00
-6.2874614274171714e+00
0.0000000000000000e+00
-8.2390085016507975e+00
-8.2390085016507975e+00
0.0000000000000000e+00
-7.1626869672194111e+00
-7.1626869672194111e+00
0.0000000000000000e+00
-8.8555675449678315e+00
-8.8555675449678315e+00
0.0000000000000000e+00
-8.4327770028026379e+00
-8.4327770028026379e+00
0.0000000000000000e+00
-1.0408929657289381e+01
-1.0408929657289381e+01
0.0000000000000000e+00
-6.3611808939056651e+00
-6.3611808939056651e+00
0.0000000000000000e+00
-7.1187182840744736e+00
-7.1187182840744736e+00
0.0000000000000000e+00
-5.4815891468146329e+00
-5.4815891468146329e+00
0.0000000000000000e+00
-5.6720877878454132e+00
-5.6720877878454132e+00
0.0000000000000000e+00
-5.6088517390557637e+00
-5.6088517390557637e+00
0.0000000000000000e+00
-5.5424140286804935e+00
-5.5424140286804935e+00
0.0000000000000000e+00
-5.9877592296482973e+00
-5.9877592296482973e+00
0.0000000000000000e+00
-6.1702452038563056e+00
-6.1702452038563056e+00
0.0000000000000000e+00
-6.1579332242630196e+00
-6.1579332242630196e+00
0.0000000000000000e+00
-6.2145621042280341e+00
-6.2145621042280341e+00
0.0000000000000000e+00
-6.1422081132533091e+00
-6.1422081132533091e+00
0.0000000000000000e+00
-6.3305997235176017e+00
-6.3305997235176017e+00
0.0000000000000000e+00
-5.5567176991242118e+00
-5.5567176991242118e+00
0.0000000000000000e+00
-5.6726447100965887e+00
-5.6726447100965887e+00
0.0000000000000000e+00
-7.5425365299579603e+00
-7.5425365299579603e+00
0.0000000000000000e+00
-8.7085257957356887e+00
-8.7085257957356887e+00
0.0000000000000000e+00
-7.1813084167685428e+00
-7.1813084167685428e+00
0.0000000000000000e+00
-6.6774848351083840e+00
-6.6774848351083840e+00
0.0000000000000000e+00
-6.2862020804420027e+00
-6.2862020804420027e+00
0.0000000000000000e+00
-7.5211914638870194e+00
-7.5211914638870194e+00
0.0000000000000000e+00
-7.1852632088340469e+00
-7.1852632088340469e+00
0.0000000000000000e+00
-6.1566979711791285e+00
-6.1566979711791285e+00
0.0000000000000000e+00
-5.5763930100252104e+00
-5.5763930100252104e+00
0.0000000000000000e+00
-7.5212838545518572e+00
-7.5212838545518572e+00
0.0000000000000000e+00
-6.0457981627378334e+00
-6.0457981627378334e+00
0.0000000000000000e+00
-6.4183940667740647e+00
-6.4183940667740647e+00
0.0000000000000000e+00
-6.9468079017869933e+00
-6.9468079017869933e+00
0.0000000000000000e+00
-6.6578847537195056e+00
-6.6578847537195056e+00
0.0000000000000000e+00
-6.4637743573172415e+00
-6.4637743573172415e+00
0.0000000000000000e+00
-5.9757901608443920e+00
-5.9757901608443920e+00
0.0000000000000000e+00
-6.9251028511746329e+00
-6.9251028511746329e+00
0.0000000000000000e+00
-6.1835840401205600e+00
-6.1835840401205600e+00
0.0000000000000000e+00
-6.3737637478278959e+00
-6.3737637478278959e+00
0.0000000000000000e+00
-7.7301446490125336e+00
-7.7301446490125336e+00
0.0000000000000000e+00
-7.7675107768870966e+00
-7.7675107768870966e+00
0.0000000000000000e+00
-7.4647658372349950e+00
-7.4647658372349950e+00
0.0000000000000000e+00
-8.0823018785966276e+00
-8.0823018785966276e+00
0.0000000000000000e+00
-9.3134885000323262e+00
-9.3134885000323262e+00
0.0000000000000000e+00
-8.0650300234149892e+00
-8.0650300234149892e+00
0.0000000000000000e+00
-8.6856859461891514e+00
-8.6856859461891514e+00
0.0000000000000000e+00
-1.0212178730125409e+01
-1.0212178730125409e+01
0.0000000000000000e+00
-7.4476825572124792e+00
-7.4476825572124792e+00
0.0000000000000000e+00
-1.0264650453613541e+01
-1.0264650453613541e+01
0.0000000000000000e+00
-1.0180618722418490e+01
-1.0180618722418490e+01
0.0000000000000000e+00
-7.5409675213601632e+00
-7.5409675213601632e+00
0.0000000000000000e+00
-7.8636115898812715e+00
-7.8636115898812715e+00
0.0000000000000000e+00
-9.7772243841930209e+00
-9.7772243841930209e+00
0.0000000000000000e+00
-8.1679294278628340e+00
-8.1679294278628340e+00
0.0000000000000000e+00
-7.8751828545365985e+00
-7.8751828545365985e+00
0.0000000000000000e+00
-7.4059295327912888e+00
-7.4059295327912888e+00
0.0000000000000000e+00
-7.3996432377454386e+00
-7.3996432377454386e+00
0.0000000000000000e+00
-8.5121664687938949e+00
-8.5121664687938949e+00
0.0000000000000000e+00
-6.6726682323788644e+00
-6.6726682323788644e+00
0.0000000000000000e+00
-6.6790233927064886e+00
-6.6790233927064886e+00
0.0000000000000000e+00
-6.8561906591484068e+00
-6.8561906591484068e+00
0.0000000000000000e+00
-6.1288594612425751e+00
-6.1288594612425751e+00
0.0000000000000000e+00
-5.8431925730061929e+00
-5.8431925730061929e+00
0.0000000000000000e+00
-7.1200804694523034e+00
-7.1200804694523034e+00
0.0000000000000000e+00
-6.1923114358530853e+00
-6.1923114358530853e+00
0.0000000000000000e+00
-6.0735409959023325e+00
-6.0735409959023325e+00
0.0000000000000000e+00
-5.9788185275436696e+00
-5.9788185275436696e+00
0.0000000000000000e+00
-5.5129258716630805e+00
-5.5129258716630805e+00
0.0000000000000000e+00
-6.2486788211628301e+00
-6.2486788211628301e+00
0.0000000000000000e+00
-6.5379854234650274e+00
-6.5379854234650274e+00
0.0000000000000000e+00
-6.9330740687761239e+00
-6.9330740687761239e+00
0.0000000000000000e+00
-5.8591443561190903e+00
-5.8591443561190903e+00
0.0000000000000000e+00
-6.1231845617858980e+00
-6.1231845617858980e+00
0.0000000000000000e+00
-5.9736841629913595e+00
-5.9736841629913595e+00
0.0000000000000000e+00
-5.6723149812188183e+00
-5.6723149812188183e+00
0.0000000000000000e+00
-6.7020913994946456e+00
-6.7020913994946456e+00
0.0000000000000000e+00
-6.6475414154037313e+00
-6.6475414154037313e+00
0.0000000000000000e+00
-6.5582973921600640e+00
-6.5582973921600640e+00
0.0000000000000000e+00
-6.4277627272302365e+00
-6.4277627272302365e+00
0.0000000000000000e+00
-6.4363703702376931e+00
-6.4363703702376931e+00
0.0000000000000000e+00
-8.3867178722912268e+00
-8.3867178722912268e+00
0.0000000000000000e+00
-7.4361228778474882e+00
-7.4361228778474882e+00
0.0000000000000000e+00
-6.3425407788886243e+00
-6.3425407788886243e+00
0.0000000000000000e+00
-6.9960911323173436e+00
-6.9960911323173436e+00
0.0000000000000000e+00
-6.6100985351330106e+00
-6.6100985351330106e+00
0.0000000000000000e+00
-6.8469384286386878e+00
-6.8469384286386878e+00
0.0000000000000000e+00
-6.8775595455810610e+00
-6.8775595455810610e+00
0.0000000000000000e+00
-6.2572197160744052e+00
-6.2572197160744052e+00
0.0000000000000000e+00
-5.9519934859549695e+00
-5.9519934859549695e+00
0.0000000000000000e+00
-5.4387234322357143e+00
-5.4387234322357143e+00
0.0000000000000000e+00
-5.3884178592870802e+00
-5.3884178592870802e+00
0.0000000000000000e+00
-6.4800854370646030e+00
-6.4800854370646030e+00
0.0000000000000000e+00
-5.4572443211035022e+00
-5.4572443211035022e+00
0.0000000000000000e+00
-6.3334197114051376e+00
-6.3334197114051376e+00
0.0000000000000000e+00
-7.4044043903875618e+00
-7.4044043903875618e+00
0.0000000000000000e+00
-7.2252828212344689e+00
-7.2252828212344689e+00
0.0000000000000000e+00
-7.5850336062386159e+00
-7.5850336062386159e+00
0.0000000000000000e+00
-5.8761164543792752e+00
-5.8761164543792752e+00
0.0000000000000000e+00
-6.1247021063697034e+00
-6.1247021063697034e+00
0.0000000000000000e+00
-7.1054388344539348e+00
-7.1054388344539348e+00
0.0000000000000000e+00
-7.2118476031536289e+00
-7.2118476031536289e+00
0.0000000000000000e+00
-8.1490002329911206e+00
-8.1490002329911206e+00
0.0000000000000000e+00
-9.2297593176659625e+00
-9.2297593176659625e+00
0.0000000000000000e+00
-8.2508723967222828e+00
-8.2508723967222828e+00
0.0000000000000000e+00
-7.2015635776389582e+00
-7.2015635776389582e+00
0.0000000000000000e+00
-6.9345407887100201e+00
-6.9345407887100201e+00
0.0000000000000000e+00
-6.9815154358084994e+00
-6.9815154358084994e+00
0.0000000000000000e+00
-8.4374217035960388e+00
-8.4374217035960388e+00
0.0000000000000000e+00
-7.7311451085098764e+00
-7.7311451085098764e+00
0.0000000000000000e+00
-8.7766527949485109e+00
-8.7766527949485109e+00
0.0000000000000000e+00
-9.3602182539348036e+00
-9.3602182539348036e+00
0.0000000000000000e+00
-1.1007518028362350e+01
-1.1007518028362350e+01
0.0000000000000000e+00
-1.0144497971997122e+01
-1.0144497971997122e+01
0.0000000000000000e+00
-9.0472272697218461e+00
-9.0472272697218461e+00
0.0000000000000000e+00
-8.9114678780305887e+00
-8.9114678780305887e+00
0.0000000000000000e+00
-8.9622171659405367e+00
-8.9622171659405367e+00
0.0000000000000000e+00
-9.3123957671429878e+00
-9.3123957671429878e+00
0.0000000000000000e+00
-1.0037392090653256e+01
-1.0037392090653256e+01
0.0000000000000000e+00
-9.1802614095900150e+00
-9.1802614095900150e+00
0.0000000000000000e+00
-9.5584274962893190e+00
-9.5584274962893190e+00
0.0000000000000000e+00
-8.4356117404421074e+00
-8.4356117404421074e+00
0.0000000000000000e+00
-9.8700620670006600e+00
-9.8700620670006600e+00
0.0000000000000000e+00
-1.1523847329351673e+01
-1.1523847329351673e+01
0.0000000000000000e+00
-1.2079339940502493e+01
-1.2079339940502493e+01
0.0000000000000000e+00
-1.4386780906487658e+01
-1.4386780906487658e+01
0.0000000000000000e+00
-1.4989142640348621e+01
-1.4989142640348621e+01
0.0000000000000000e+00
-1.5185645384929041e+01
-1.5185645384929041e+01
0.0000000000000000e+00
-1.2006697341226392e+01
-1.2006697341226392e+01
0.0000000000000000e+00
-9.0707480352916150e+00
-9.0707480352916150e+00
0.0000000000000000e+00
-8.5261046308245358e+00
-8.5261046308245358e+00
0.0000000000000000e+00
-6.9344922687848509e+00
-6.9344922687848509e+00
0.0000000000000000e+00
-9.5189923862808605e+00
-9.5189923862808605e+00
0.0000000000000000e+00
-7.2204610821583479e+00
-7.2204610821583479e+00
0.0000000000000000e+00
-7.5569051414871016e+00
-7.5569051414871016e+00
0.0000000000000000e+00
-8.1813347846923303e+00
-8.1813347846923303e+00
0.0000000000000000e+00
-8.1025388094492872e+00
-8.1025388094492872e+00
0.0000000000000000e+00
-7.4540834863808225e+00
-7.4540834863808225e+00
0.0000000000000000e+00
-9.7508540277301812e+00
-9.7508540277301812e+00
0.0000000000000000e+00
-9.1257397726013405e+00
-9.1257397726013405e+00
0.0000000000000000e+00
-7.5438929100311842e+00
-7.5438929100311842e+00
0.0000000000000000e+00
-7.4879743722957315e+00
-7.4879743722957315e+00
0.0000000000000000e+00
-8.0040795726460043e+00
-8.0040795726460043e+00
0.0000000000000000e+00
-7.7780081101965184e+00
-7.7780081101965184e+00
0.0000000000000000e+00
-6.7936150863338742e+00
-6.7936150863338742e+00
0.0000000000000000e+00
-6.6901445119024494e+00
-6.6901445119024494e+00
0.0000000000000000e+00
-6.6058533424373085e+00
-6.6058533424373085e+00
0.0000000000000000e+00
-5.5923040538769815e+00
-5.5923040538769815e+00
0.0000000000000000e+00
-6.9888046359950620e+00
-6.9888046359950620e+00
0.0000000000000000e+00
-6.5025262360323408e+00
-6.5025262360323408e+00
0.0000000000000000e+00
-6.3387498586156532e+00
-6.3387498586156532e+00
0.0000000000000000e+00
-6.6604635439160802e+00
-6.6604635439160802e+00
0.0000000000000000e+00
-7.6990682205696697e+00
-7.6990682205696697e+00
0.0000000000000000e+00
-6.4716181518202029e+00
-6.4716181518202029e+00
0.0000000000000000e+00
-5.7879308584248621e+00
-5.7879308584248621e+00
0.0000000000000000e+00
-6.4046587451745332e+00
-6.4046587451745332e+00
0.0000000000000000e+00
-6.7513646623403760e+00
-6.7513646623403760e+00
0.0000000000000000e+00
-6.6532527448869434e+00
-6.6532527448869434e+00
0.0000000000000000e+00
-6.3377618920753154e+00
-6.3377618920753154e+00
0.0000000000000000e+00
-5.4576740242085906e+00
-5.4576740242085906e+00
0.0000000000000000e+00
-5.8732603886383323e+00
-5.8732603886383323e+00
0.0000000000000000e+00
-6.3141919916330211e+00
-6.3141919916330211e+00
0.0000000000000000e+00
-5.8663876110306159e+00
-5.8663876110306159e+00
0.0000000000000000e+00
-5.2981925962863023e+00
-5.2981925962863023e+00
0.0000000000000000e+00
-6.3814319519935712e+00
-6.3814319519935712e+00
0.0000000000000000e+00
-5.3155436207094100e+00
-5.3155436207094100e+00
0.0000000000000000e+00
-5.8988389903667047e+00
-5.8988389903667047e+00
0.0000000000000000e+00
-7.0002513977303753e+00
-7.0002513977303753e+00
0.0000000000000000e+00
-6.3362698224615102e+00
-6.3362698224615102e+00
0.0000000000000000e+00
-5.9207859396829239e+00
-5.9207859396829239e+00
0.0000000000000000e+00
-7.2732389188769595e+00
-7.2732389188769595e+00
0.0000000000000000e+00
-5.1544665800466456e+00
-5.1544665800466456e+00
0.0000000000000000e+00
-5.6037060931560578e+00
-5.6037060931560578e+00
0.0000000000000000e+00
-5.3592403548575236e+00
-5.3592403548575236e+00
0.0000000000000000e+00
-5.5197428172116991e+00
-5.5197428172116991e+00
0.0000000000000000e+00
-6.3199835534428939e+00
-6.3199835534428939e+00
0.0000000000000000e+00
-5.8609760229503642e+00
-5.8609760229503642e+00
0.0000000000000000e+00
-6.8039680732286314e+00
-6.8039680732286314e+00
0.0000000000000000e+00
-6.4788401610487867e+00
-6.4788401610487867e+00
0.0000000000000000e+00
-6.6252808653574427e+00
-6.6252808653574427e+00
0.0000000000000000e+00
-6.5022291042530531e+00
-6.5022291042530531e+00
0.0000000000000000e+00
-5.6338840473694258e+00
-5.6338840473694258e+00
0.0000000000000000e+00
-5.4149660223079668e+00
-5.4149660223079668e+00
0.0000000000000000e+00
-5.2961911312113132e+00
-5.2961911312113132e+00
0.0000000000000000e+00
-5.8505646110552201e+00
-5.8505646110552201e+00
0.0000000000000000e+00
-5.8505646110552201e+00
-5.8505646110552201e+00
0.0000000000000000e+00
-5.8143799847829643e+00
-5.8143799847829643e+00
0.0000000000000000e+00
-6.4920991948603319e+00
-6.4920991948603319e+00
0.0000000000000000e+00
-6.3428997470819937e+00
-6.3428997470819937e+00
0.0000000000000000e+00
-6.0409088044228056e+00
-6.0409088044228056e+00
0.0000000000000000e+00
-6.7480325671291341e+00
-6.7480325671291341e+00
0.0000000000000000e+00
-6.2107551340120182e+00
-6.2107551340120182e+00
0.0000000000000000e+00
-6.4891364663878832e+00
-6.4891364663878832e+00
0.0000000000000000e+00
-7.0397103219637156e+00
-7.0397103219637156e+00
0.0000000000000000e+00
-6.8122602733066948e+00
-6.8122602733066948e+00
0.0000000000000000e+00
-7.5312996192507580e+00
-7.5312996192507580e+00
0.0000000000000000e+00
-6.7104379571283870e+00
-6.7104379571283870e+00
0.0000000000000000e+00
-6.0537796091269422e+00
-6.0537796091269422e+00
0.0000000000000000e+00
-5.8159396937908152e+00
-5.8159396937908152e+00
0.0000000000000000e+00
-6.1562277017329974e+00
-6.1562277017329974e+00
0.0000000000000000e+00
-6.2102725785073147e+00
-6.2102725785073147e+00
0.0000000000000000e+00
-5.3656647958328270e+00
-5.3656647958328270e+00
0.0000000000000000e+00
-5.3639927964373175e+00
-5.3639927964373175e+00
0.0000000000000000e+00
-6.2247639464588644e+00
-6.2247639464588644e+00
0.0000000000000000e+00
-6.2247639464588644e+00
-6.2247639464588644e+00
0.0000000000000000e+00
-6.1223602559347272e+00
-6.1223602559347272e+00
0.0000000000000000e+00
-5.3401620900727966e+00
-5.3401620900727966e+00
0.0000000000000000e+00
-5.6562822813712188e+00
-5.6562822813712188e+00
0.0000000000000000e+00
-5.5283299065742799e+00
-5.5283299065742799e+00
0.0000000000000000e+00
-5.2131056638685482e+00
-5.2131056638685482e+00
0.0000000000000000e+00
-5.2064477938293665e+00
-5.2064477938293665e+00
0.0000000000000000e+00
-5.2663351532951355e+00
-5.2663351532951355e+00
0.0000000000000000e+00
-5.4826205934241168e+00
-5.4826205934241168e+00
0.0000000000000000e+00
-5.9981960281599775e+00
-5.9981960281599775e+00
0.0000000000000000e+00
-5.6826608956686009e+00
-5.6826608956686009e+00
0.0000000000000000e+00
-5.4878860797826601e+00
-5.4878860797826601e+00
0.0000000000000000e+00
-5.6589840582366246e+00
-5.6589840582366246e+00
0.0000000000000000e+00
-5.9650456164959582e+00
-5.9650456164959582e+00
0.0000000000000000e+00
-6.9386180788012712e+00
-6.9386180788012712e+00
0.0000000000000000e+00
-7.7136325617110133e+00
-7.7136325617110133e+00
0.0000000000000000e+00
-6.2761030375508788e+00
-6.2761030375508788e+00
0.0000000000000000e+00
-5.8437034792687159e+00
-5.8437034792687159e+00
0.0000000000000000e+00
-6.1289058402796037e+00
-6.1289058402796037e+00
0.0000000000000000e+00
-5.5181725565828224e+00
-5.5181725565828224e+00
0.0000000000000000e+00
-5.7509454554927775e+00
-5.7509454554927775e+00
0.0000000000000000e+00
-9.5167443743426539e+00
-9.5167443743426539e+00
0.0000000000000000e+00
-1.1088381157206754e+01
-1.1088381157206754e+01
0.0000000000000000e+00
-1.1618418834504386e+01
-1.1618418834504386e+01
0.0000000000000000e+00
-8.3186548326418048e+00
-8.3186548326418048e+00
0.0000000000000000e+00
-6.5160931779972007e+00
-6.5160931779972007e+00
0.0000000000000000e+00
-6.8318931119610511e+00
-6.8318931119610511e+00
0.0000000000000000e+00
-6.0471634205688378e+00
-6.0471634205688378e+00
0.0000000000000000e+00
-5.3160376380798784e+00
-5.3160376380798784e+00
0.0000000000000000e+00
-5.3089862883200558e+00
-5.3089862883200558e+00
0.0000000000000000e+00
-5.6513290907753575e+00
-5.6513290907753575e+00
0.0000000000000000e+00
-7.8378019572074216e+00
-7.8378019572074216e+00
0.0000000000000000e+00
-9.9532365400677190e+00
-9.9532365400677190e+00
0.0000000000000000e+00
-6.3043163920506462e+00
-6.3043163920506462e+00
0.0000000000000000e+00
-6.2295763133267137e+00
-6.2295763133267137e+00
0.0000000000000000e+00
-6.0793653153042655e+00
-6.0793653153042655e+00
0.0000000000000000e+00
-6.6818060075114181e+00
-6.6818060075114181e+00
0.0000000000000000e+00
-6.0615208660057194e+00
-6.0615208660057194e+00
0.0000000000000000e+00
-5.1952565685271157e+00
-5.1952565685271157e+00
0.0000000000000000e+00
-5.1651261414742953e+00
-5.1651261414742953e+00
0.0000000000000000e+00
-5.5455513635095750e+00
-5.5455513635095750e+00
0.0000000000000000e+00
-5.1763677749805268e+00
-5.1763677749805268e+00
0.0000000000000000e+00
-5.3478584733328081e+00
-5.3478584733328081e+00
0.0000000000000000e+00
-5.3850624911104532e+00
-5.3850624911104532e+00
0.0000000000000000e+00
-6.4840235919725639e+00
-6.4840235919725639e+00
0.0000000000000000e+00
-5.7171356811132634e+00
-5.7171356811132634e+00
0.0000000000000000e+00
-8.2160686656775166e+00
-8.2160686656775166e+00
0.0000000000000000e+00
-7.8077978799498027e+00
-7.8077978799498027e+00
0.0000000000000000e+00
-6.5015078316184338e+00
-6.5015078316184338e+00
0.0000000000000000e+00
-6.2670556827527131e+00
-6.2670556827527131e+00
0.0000000000000000e+00
-6.4897646924629608e+00
-6.4897646924629608e+00
0.0000000000000000e+00
-6.1895611923799825e+00
-6.1895611923799825e+00
0.0000000000000000e+00
-6.2496702803690205e+00
-6.2496702803690205e+00
0.0000000000000000e+00
-7.0767729375173865e+00
-7.0767729375173865e+00
0.0000000000000000e+00
-7.6345389445576153e+00
-7.6345389445576153e+00
0.0000000000000000e+00
-7.4430021365664985e+00
-7.4430021365664985e+00
0.0000000000000000e+00
-6.9418987663540497e+00
-6.9418987663540497e+00
0.0000000000000000e+00
-9.3037719464960187e+00
-9.3037719464960187e+00
0.0000000000000000e+00
-6.6214727891961216e+00
-6.6214727891961216e+00
0.0000000000000000e+00
-8.4643888883033309e+00
-8.4643888883033309e+00
0.0000000000000000e+00
-7.0020998252844482e+00
-7.0020998252844482e+00
0.0000000000000000e+00
-9.0861091585317268e+00
-9.0861091585317268e+00
0.0000000000000000e+00
-8.4491388134761127e+00
-8.4491388134761127e+00
0.0000000000000000e+00
-6.7454801557104851e+00
-6.7454801557104851e+00
0.0000000000000000e+00
-7.3617117980865334e+00
-7.3617117980865334e+00
0.0000000000000000e+00
-1.0632032264827107e+01
-1.0632032264827107e+01
0.0000000000000000e+00
-1.0966641582089272e+01
-1.0966641582089272e+01
0.0000000000000000e+00
-1.0418205847512070e+01
-1.0418205847512070e+01
0.0000000000000000e+00
-1.4340680100079240e+01
-1.4340680100079240e+01
0.0000000000000000e+00
-6.1862857013249082e+00
-6.1862857013249082e+00
0.0000000000000000e+00
-7.7676173099332715e+00
-7.7676173099332715e+00
0.0000000000000000e+00
-5.3281145922019455e+00
-5.3281145922019455e+00
0.0000000000000000e+00
-6.7528701263965250e+00
-6.7528701263965250e+00
0.0000000000000000e+00
-7.6171579701021637e+00
-7.6171579701021637e+00
0.0000000000000000e+00
-6.1887629153580708e+00
-6.1887629153580708e+00
0.0000000000000000e+00
-6.2426587816152077e+00
-6.2426587816152077e+00
0.0000000000000000e+00
-6.1933988185585838e+00
-6.1933988185585838e+00
0.0000000000000000e+00
-7.2743845410083381e+00
-7.2743845410083381e+00
0.0000000000000000e+00
-7.9596022392923196e+00
-7.9596022392923196e+00
0.0000000000000000e+00
-7.7355038421302140e+00
-7.7355038421302140e+00
0.0000000000000000e+00
-5.5092016169069637e+00
-5.5092016169069637e+00
0.0000000000000000e+00
-5.8290540914033464e+00
-5.8290540914033464e+00
0.0000000000000000e+00
-5.8935995662499590e+00
-5.8935995662499590e+00
0.0000000000000000e+00
-5.6840565456587093e+00
-5.6840565456587093e+00
0.0000000000000000e+00
-5.9852259685471516e+00
-5.9852259685471516e+00
0.0000000000000000e+00
-6.3076707211460699e+00
-6.3076707211460699e+00
0.0000000000000000e+00
-6.6405352167392309e+00
-6.6405352167392309e+00
0.0000000000000000e+00
-5.9938957617486190e+00
-5.9938957617486190e+00
0.0000000000000000e+00
-6.4517050078128957e+00
-6.4517050078128957e+00
0.0000000000000000e+00
-7.9982197154266270e+00
-7.9982197154266270e+00
0.0000000000000000e+00
-6.7452237406682460e+00
-6.7452237406682460e+00
0.0000000000000000e+00
-8.0195155868858929e+00
-8.0195155868858929e+00
0.0000000000000000e+00
-6.1531084390710680e+00
-6.1531084390710680e+00
0.0000000000000000e+00
-5.7192563321301604e+00
-5.7192563321301604e+00
0.0000000000000000e+00
-5.8361988108891021e+00
-5.8361988108891021e+00
0.0000000000000000e+00
-6.5940428881670430e+00
-6.5940428881670430e+00
0.0000000000000000e+00
-6.0559822488789941e+00
-6.0559822488789941e+00
0.0000000000000000e+00
-6.3721645663099018e+00
-6.3721645663099018e+00
0.0000000000000000e+00
-6.5952435770080964e+00
-6.5952435770080964e+00
0.0000000000000000e+00
-8.7141185600305882e+00
-8.7141185600305882e+00
0.0000000000000000e+00
-7.8140105197227001e+00
-7.8140105197227001e+00
0.0000000000000000e+00
-6.6139684067511872e+00
-6.6139684067511872e+00
0.0000000000000000e+00
-5.9661195700415695e+00
-5.9661195700415695e+00
0.0000000000000000e+00
-6.8446698965949722e+00
-6.8446698965949722e+00
0.0000000000000000e+00
-6.0984362576061990e+00
-6.0984362576061990e+00
0.0000000000000000e+00
-6.6809241636477594e+00
-6.6809241636477594e+00
0.0000000000000000e+00
-6.2005482057333765e+00
-6.2005482057333765e+00
0.0000000000000000e+00
-7.8687178878426502e+00
-7.8687178878426502e+00
0.0000000000000000e+00
