1
1000
2.3057954782838488e-01
2.3363473899272161e-01
2.4981289357503342e-01
2.6086924951853208e-01
1.8935505632611566e-01
2.0525146294628768e-01
1.9969712715577018e-01
1.7979026426778283e-01
2.1797826865558687e-01
2.2627570138335154e-01
2.0531485124002186e-01
1.9524930898029932e-01
1.8663731159434774e-01
1.8507184983633279e-01
1.7319713017561639e-01
1.8833082851793118e-01
1.5043782591958846e-01
1.4691102825528890e-01
1.6232235625429794e-01
1.3405937060219958e-01
1.3641135689572673e-01
1.4558997460850467e-01
1.7217840578531626e-01
1.8751656493607599e-01
1.8888754646191586e-01
1.9071731485306873e-01
1.5685512198958557e-01
1.6200188881604879e-01
1.4779123224334179e-01
1.4207724217683113e-01
1.3809382937353903e-01
1.3223037208905830e-01
1.3412466278129387e-01
1.2763895821947704e-01
1.0612334488299872e-01
1.0636667238733721e-01
1.0544186771811410e-01
1.2314806563218933e-01
1.1877084476271241e-01
1.1912429802215897e-01
1.1922476209430105e-01
1.1262424797766871e-01
1.1596432635023131e-01
1.2111270032671452e-01
1.1796708384141638e-01
1.3132770540484970e-01
1.1883854619244433e-01
1.3416310048534505e-01
1.2209359749535802e-01
1.3023575108585098e-01
1.1301045495292980e-01
1.2632089211204670e-01
1.1656126005873878e-01
1.2616772396834275e-01
1.2765787206397328e-01
1.1710986385354696e-01
1.4348553351976850e-01
1.4160243794981683e-01
1.4733896057807733e-01
1.2902752870663570e-01
1.4185466127117041e-01
1.2731332552093227e-01
1.2108269565726125e-01
1.3502556119666745e-01
1.3610025501100220e-01
1.3317095802682993e-01
1.6314204713023903e-01
1.4051439446349354e-01
1.4086313313339180e-01
1.4762114969499368e-01
1.4096166281077399e-01
1.1589209698453302e-01
1.2521608129564923e-01
1.2987730149980245e-01
1.2500722994747512e-01
1.5835852097374889e-01
1.3856361234433170e-01
1.5729492499818618e-01
1.5230081700795181e-01
1.3110285573450903e-01
1.3758094795822845e-01
1.3441304846072888e-01
1.1675549306995282e-01
1.1705986119707285e-01
1.0764087611023811e-01
1.0621934341974409e-01
1.0658808231958948e-01
1.3720386598510931e-01
1.1565834758710374e-01
1.1188330162265153e-01
1.1367257600599798e-01
1.2524723658155140e-01
1.2038979357637024e-01
1.0650131952229530e-01
1.1190842798686183e-01
1.1799748192010279e-01
1.2513610254536453e-01
1.2886170303054020e-01
1.3352103023956213e-01
1.2921690754527859e-01
1.1837797317330861e-01
1.5490060076811349e-01
1.4691022340367543e-01
1.3992289315874915e-01
1.5259292059792695e-01
2.0972196633605986e-01
2.7243868544294370e-01
2.9834472273792284e-01
2.9213782590142706e-01
1.4188888793589294e-01
1.4420649167949817e-01
1.4469588765050043e-01
1.5472350165346371e-01
1.5559837764357295e-01
1.9200154009237688e-01
1.4597521415964451e-01
1.4250084363034887e-01
1.2509227638245879e-01
1.1754905114791014e-01
1.1939519000028406e-01
1.3115426098881011e-01
1.2490339059562272e-01
1.2687247377869831e-01
1.2613139002817383e-01
1.0853104346297435e-01
1.1418315918134432e-01
1.1915480285228959e-01
1.0783625700529170e-01
1.0557717777343184e-01
1.1653625314831588e-01
1.1017931828086334e-01
1.0562644832607368e-01
1.1780321723082271e-01
1.2130080818680897e-01
1.2131703366134700e-01
1.1648223340088101e-01
1.1495457774556714e-01
1.1001999820200163e-01
1.1326903635079422e-01
1.1541934394260543e-01
1.3175331271447571e-01
1.2713263276553655e-01
1.0751128158322601e-01
1.0494077133776165e-01
1.0509167630618593e-01
1.0581482005387938e-01
1.0696768821881117e-01
1.2384365959932531e-01
1.2536503292952980e-01
1.2023544792463320e-01
1.1464435137222626e-01
1.1521605457449459e-01
1.1715285280255264e-01
1.1848239345494573e-01
1.2078285480644707e-01
1.2028364784661286e-01
1.0934445284556725e-01
1.0477466891986857e-01
1.0967680071306157e-01
1.0057997354324719e-01
9.5211227279289906e-02
9.2539425824164814e-02
8.8566587373374250e-02
1.1367966505388458e-01
1.2772474605679901e-01
1.3308647870012577e-01
1.2688486918177563e-01
1.3767720831302921e-01
1.3631728837715559e-01
1.3640002041064869e-01
1.2009283634336800e-01
1.1897130118201613e-01
1.3214508127641067e-01
1.2892586387155192e-01
1.3496828408694334e-01
1.3486120085059705e-01
1.2615020989146766e-01
1.2679663729450030e-01
1.2431223206698372e-01
1.1924836054052131e-01
1.0989582358869628e-01
1.1045669619441537e-01
1.2397702408020994e-01
1.3372921463292756e-01
1.4186203192082153e-01
1.3941510458889092e-01
1.3226249063239062e-01
1.3630098887986811e-01
1.1282872817065850e-01
1.2167771547252958e-01
1.2106177105245557e-01
1.3132503331778625e-01
1.3853548413826988e-01
1.3510351820287844e-01
1.2780178672779605e-01
1.3093191245634583e-01
1.3561602756493435e-01
1.1860388168908514e-01
1.1602172393907527e-01
1.1734803121588298e-01
1.1835254222723723e-01
1.1877017583213562e-01
1.2228395339776181e-01
1.2346997088529772e-01
1.2425554016281078e-01
1.2747451587175079e-01
1.2062203020065225e-01
1.1835562983432972e-01
1.1658249328505813e-01
1.1512946045028859e-01
1.1647630955340396e-01
1.1577159450023519e-01
1.1630923028347082e-01
1.1430313137972391e-01
1.2038666351971099e-01
1.1977738580461880e-01
1.1824281451299874e-01
1.0863318853289609e-01
1.0799768546994842e-01
1.1326190536016412e-01
1.1031178644596906e-01
1.1713254127884025e-01
1.1488613809804184e-01
1.1320881011465826e-01
1.1218074138638730e-01
1.1875781693555093e-01
1.3185620912711418e-01
1.4477463636854912e-01
1.5397568375674908e-01
1.2068732608734985e-01
1.2042600814775779e-01
1.1192712902528934e-01
1.0830124719910263e-01
1.0723332011493709e-01
1.0712722180970982e-01
1.0402869593313013e-01
1.0986289666125396e-01
1.0890605153925445e-01
1.0761769587199956e-01
1.0433454932357770e-01
1.0849867941901048e-01
1.0888365233973389e-01
1.1471090848419246e-01
1.2214745323781201e-01
1.2530165829820791e-01
1.2054472933574205e-01
1.1579604331824565e-01
1.1103086722072925e-01
1.1172686196222653e-01
1.2231066360959897e-01
1.0412004503553325e-01
1.0034549797626945e-01
1.2260119612767109e-01
1.2121497526401555e-01
1.6743926663772421e-01
1.7152053540189705e-01
1.2459282000199855e-01
1.0899496121948457e-01
9.8402522796124284e-02
1.6045236030882687e-01
1.2447959454319145e-01
1.2169191759118352e-01
1.4434165213671971e-01
1.2906660802974179e-01
1.5478150303502292e-01
1.3788589885683339e-01
1.3603899380111353e-01
1.3323353946580965e-01
1.3223523203653109e-01
1.2012301485741878e-01
1.1225784356544027e-01
1.2214520862644511e-01
1.2796994182987295e-01
1.1796451240019998e-01
1.1078955922725882e-01
1.0925644294455676e-01
1.0652038240526390e-01
1.1959902634026676e-01
1.1159807244367205e-01
1.1034705480329615e-01
1.2129332078852421e-01
1.3377882041350914e-01
1.4725430495065825e-01
1.6706933912979635e-01
1.7218986763458055e-01
1.7043264182133055e-01
1.9632320242240645e-01
1.4137607773210051e-01
1.3405645082757142e-01
1.4729775422352454e-01
1.3465862812881738e-01
1.5981914453076190e-01
1.4521844596173944e-01
1.4372545989169289e-01
1.5383994049685135e-01
1.7504261790156053e-01
1.2530533585035794e-01
1.3693768075478271e-01
1.3707304880048010e-01
1.3474419933077697e-01
1.3490289223299501e-01
1.3891005814364271e-01
1.7986417914620090e-01
1.2296475473961438e-01
1.2589961169976180e-01
1.3198955452007358e-01
1.5946143351165282e-01
1.3753809311741391e-01
1.4919778052872240e-01
1.4163439182077131e-01
1.4063696875457857e-01
1.3756088091553290e-01
1.3063178275186627e-01
1.3544542514413196e-01
1.1914040705406968e-01
1.2502549443569355e-01
1.2172389966316517e-01
1.0459487189431121e-01
1.0168121342762537e-01
1.0317614956476069e-01
1.0212740410068134e-01
1.0770470875229464e-01
1.1128046926124485e-01
1.2239491731683812e-01
1.2390720138668639e-01
1.2034359805740485e-01
1.0941033460197330e-01
1.0789504922178816e-01
1.0296222509705891e-01
9.9900071054153605e-02
9.8916700085002043e-02
1.0008180166910957e-01
9.5158349351489716e-02
1.0165407322656550e-01
1.1021822196068910e-01
1.0881299016295599e-01
1.1921054862007470e-01
1.4508419384362997e-01
1.5350755062525984e-01
1.4206068419226303e-01
1.4327894504894226e-01
1.3618301717640902e-01
1.2923425544180348e-01
1.2637080031744916e-01
1.3321469422603363e-01
1.2791468197311784e-01
1.4157975030159034e-01
1.3353874819678652e-01
1.3374891486474755e-01
1.2219499580796203e-01
1.2120599857861764e-01
1.2617834022066238e-01
1.3226193685001905e-01
1.3353853254595657e-01
1.5179236018271142e-01
1.5687771621960575e-01
1.5979773100056818e-01
1.8383467965061459e-01
1.5887428720007599e-01
1.4928025887105981e-01
1.2979377665517070e-01
1.2589232487646884e-01
1.3291442170878265e-01
1.3928549958995348e-01
1.8626834871494963e-01
1.7885900168092742e-01
1.8642481693375251e-01
2.1847468862588276e-01
1.5472394997183536e-01
1.5459646342048855e-01
1.6374521103753320e-01
1.6522454926016458e-01
1.7706807870452340e-01
1.5714545728858967e-01
1.6639425138385164e-01
1.6923174181608094e-01
1.6904237564774699e-01
2.1360649322608982e-01
2.3666493502227140e-01
2.1957161951488949e-01
2.0159060677532936e-01
1.9571556033191834e-01
2.3345061603805969e-01
2.2666191210254380e-01
2.0355953952385616e-01
1.8943885842087607e-01
1.9489873638188165e-01
1.8788498242943522e-01
1.5211031040334538e-01
1.4954325470328583e-01
1.2875932419975114e-01
1.2748149271335810e-01
1.2886084275011947e-01
1.4664764774181996e-01
1.3517304052339532e-01
1.2362618308638706e-01
1.3105778189530987e-01
1.4031032339429048e-01
1.3382627195413652e-01
1.3898250651583330e-01
1.3781699607354311e-01
1.3178863655422318e-01
1.1937159970030581e-01
1.4440915708251048e-01
1.1534486575273512e-01
1.1972966218417323e-01
1.2781106718497776e-01
1.2252364440660049e-01
1.2318136927508869e-01
1.1936308456020579e-01
1.2942285004899928e-01
1.2662665000286596e-01
1.3160170241246050e-01
1.2638142582862280e-01
1.1901144713359578e-01
1.3123973888153229e-01
1.2993318337800322e-01
1.1827880244836120e-01
1.2805915668208734e-01
1.2289664784368905e-01
1.1582047978632301e-01
1.1113720702623515e-01
1.2039927184788402e-01
1.1758057441362407e-01
1.2774980682158316e-01
1.4554276775243463e-01
1.3567827232588106e-01
1.3761189174098032e-01
1.3677179965324521e-01
1.4118917987506335e-01
1.4117047617850922e-01
1.3450533767400671e-01
1.3200657232950688e-01
1.2896960749938999e-01
1.2429547695217115e-01
1.1933107798603283e-01
1.1263762494664391e-01
1.1752453787755414e-01
1.2026304570181620e-01
1.1993199313602375e-01
1.1603925261980097e-01
1.2286470487329304e-01
1.2520738046470556e-01
1.2830497453607692e-01
1.2844880350567192e-01
1.2408285062262525e-01
1.3160868844362919e-01
1.2065422603231273e-01
1.2129188338884958e-01
1.2213431824211014e-01
1.2695936174579711e-01
1.2904812112577022e-01
1.3476401018816250e-01
1.2517546938435692e-01
1.2327431064224031e-01
1.1990341134728308e-01
1.2558269971985628e-01
1.2667679479587179e-01
1.2363033932375651e-01
1.2749727980112524e-01
1.2699392193230860e-01
1.2824099298242861e-01
1.2670782716760670e-01
1.2828696925023603e-01
1.2358570846460999e-01
1.2765234218714225e-01
1.3504220306510301e-01
1.3288643996597083e-01
1.4645299226356728e-01
1.4201928441943756e-01
1.3992084433722668e-01
1.4475325876647013e-01
1.4723921359398207e-01
1.5013566885810156e-01
1.5388693845339782e-01
1.5719185023722967e-01
1.6877749316262708e-01
1.6266612577757139e-01
1.6142206329381811e-01
1.3960439910095934e-01
1.3916037841079240e-01
1.3705939033928100e-01
1.4301012163222773e-01
1.4058583400144875e-01
1.4290691255000937e-01
1.3479331496729186e-01
1.3427748012737969e-01
1.2207902563663606e-01
1.1855876176535705e-01
1.2353788845161111e-01
1.1667602978092088e-01
1.1338983172334449e-01
1.0690186929572761e-01
1.0751132235875449e-01
1.1544135512425199e-01
1.2472324258315862e-01
1.2859175116360402e-01
1.2643102154509828e-01
1.2402469756306403e-01
1.2644807337746616e-01
1.2975813032214176e-01
1.2974931148326202e-01
1.2889352735132192e-01
1.3519240535626945e-01
1.4070441284302668e-01
1.3512570642516120e-01
1.3526928240711530e-01
1.2729431433850805e-01
1.2554716435688923e-01
1.2505326507722303e-01
1.2285061084933251e-01
1.3017987254687430e-01
1.3196904798156661e-01
1.2058143743372549e-01
1.2340895002303492e-01
1.1177731515628732e-01
1.0517099270051751e-01
1.1194315358148944e-01
1.0602448669320924e-01
1.0580693602639418e-01
1.0190401705324813e-01
1.1023970290494695e-01
1.1299271199792588e-01
1.4180435678282818e-01
1.4846131762121362e-01
1.3233277378317307e-01
1.3776997420178172e-01
1.3806828557164999e-01
1.4035122372076989e-01
1.4455473812458847e-01
1.4267147303629807e-01
1.3653084731834264e-01
1.2549861432412965e-01
1.2537289009061264e-01
1.3408041075200761e-01
1.3818296480634346e-01
1.3951384977958800e-01
1.5358987270081356e-01
1.5546790413928452e-01
1.5154296695316072e-01
1.7268632275528120e-01
1.6928187735891981e-01
1.7194219579595113e-01
1.4382002560244658e-01
1.3549984185950092e-01
2.3668547730458023e-01
2.4052293863860122e-01
2.1903841143837152e-01
1.9915624795054562e-01
1.7147504634085878e-01
2.1861561735667073e-01
1.4609706834745073e-01
1.7152495637986745e-01
1.8793603840038250e-01
1.8857416827302512e-01
1.6832232898591859e-01
1.8663420242529166e-01
1.9315840400380624e-01
1.9485044532166815e-01
1.9637680432819526e-01
2.1836427496922436e-01
1.8982702207595847e-01
2.0061844531631917e-01
2.0095760487140635e-01
1.6770484305248565e-01
1.9124341077167867e-01
1.6528450051914853e-01
1.3911567882621731e-01
1.3919457373563515e-01
1.4119440723156207e-01
1.4193683261700493e-01
1.3898371920931143e-01
1.3271008053238029e-01
1.3092585437599374e-01
1.2540739282121435e-01
1.2605616275906764e-01
1.2142807869609226e-01
1.1905143890607053e-01
1.1407071639523375e-01
1.1179935426375082e-01
1.0580294105570891e-01
1.0563806984717922e-01
1.4260132427321526e-01
1.4576084088209285e-01
1.3869585005320079e-01
1.7777923663683656e-01
1.1888765045880760e-01
1.1386287924543220e-01
1.2378974697682352e-01
1.4942558133032655e-01
1.5503091423692031e-01
1.3736364018438729e-01
1.3744870198191428e-01
1.1110684760787040e-01
1.0706389411227893e-01
1.0956924613355536e-01
1.1261686181724566e-01
1.3183108578385855e-01
1.3323098972548336e-01
1.3159123082475280e-01
1.3505616911639218e-01
1.2679035604103273e-01
1.3228410359586051e-01
1.3073993604215026e-01
1.2618743748376374e-01
1.3169582329617643e-01
1.1564481044187862e-01
1.1457238594641987e-01
1.1814236551084412e-01
1.2124429465751833e-01
1.5508334414748451e-01
1.7599642645925773e-01
1.7280215225342624e-01
1.6901768440874385e-01
1.6359107346317728e-01
1.7904440676888936e-01
1.7212989362624195e-01
4.9214889181744398e-01
2.1564589984361907e-01
2.4914424617894018e-01
2.2455803251896927e-01
2.0487992529778912e-01
1.9915929463838139e-01
3.3390315949019972e-01
3.2149432445177972e-01
1.7412437188528251e-01
2.0309401407784752e-01
4.2540852193506429e-01
4.3397679705502040e-01
1.9606517786679159e-01
1.6511669540158910e-01
1.5131774805866469e-01
1.5198911248454125e-01
1.5210129536440531e-01
1.9278212660919192e-01
1.6110468786383861e-01
1.6403901226882808e-01
1.4051207449028058e-01
1.3048297998699090e-01
1.2087157099451559e-01
1.2529848422846349e-01
1.2569816543795501e-01
1.2287500975866131e-01
1.2487304349976565e-01
1.1296422967192253e-01
1.0977096981625845e-01
1.5560100230819773e-01
2.5837066478946297e-01
1.4952748361159635e-01
1.5447333916966002e-01
1.8317259725639892e-01
1.7742962232823994e-01
1.6402387323029327e-01
1.6100488872578228e-01
1.6376153577376429e-01
1.3553424637338066e-01
1.3543322579531913e-01
1.8481770223143279e-01
1.4250352749808784e-01
1.3713078482232621e-01
1.3571035524384953e-01
1.3634094750836026e-01
1.2667653118245381e-01
1.2680667120448816e-01
1.3535844272145012e-01
1.3813243666329528e-01
1.4088804300453392e-01
1.6459971476631391e-01
2.2737614782216567e-01
1.8563774231085958e-01
1.8998775970511161e-01
1.8866252261822175e-01
1.7382241779291710e-01
1.7281059587573555e-01
1.7024940224319665e-01
1.7906408742342139e-01
1.9967231414612222e-01
2.1723891209740448e-01
3.7532685276112304e-01
1.8413740142689425e-01
2.1310275131206663e-01
1.8197204679219411e-01
1.9293246360820313e-01
1.8975885396199757e-01
1.6467527975395080e-01
1.5929090750756270e-01
1.7208785496419476e-01
1.6454472067019535e-01
1.6923418105922791e-01
1.7700424719312544e-01
1.6360710762180569e-01
1.5331705375101987e-01
1.6524743619274360e-01
1.6879156232353268e-01
1.6517155599469258e-01
1.8060406187967584e-01
1.6152983861166745e-01
1.5307735004949452e-01
1.5380387382850680e-01
1.5261230109021059e-01
1.5036200659129245e-01
1.4664198581670335e-01
1.5236954538533498e-01
1.4903079813307873e-01
1.4590049662282170e-01
1.5977050855534544e-01
1.4902404727778518e-01
1.2516457345643850e-01
1.2764678531665172e-01
1.2836595157166900e-01
1.2379206943033495e-01
1.3853240850323428e-01
1.4630079683064853e-01
1.5474608420863598e-01
1.4828239364386278e-01
1.6079524502896769e-01
1.4397403257040520e-01
1.2773353710552190e-01
1.1983249158323743e-01
1.3139597577804624e-01
1.4180568013583700e-01
1.3237205655526560e-01
1.3068298766905920e-01
1.3716508024891272e-01
1.4286403324098182e-01
1.6261931930895865e-01
1.3902444721674281e-01
1.2739729373431707e-01
1.1794176683767839e-01
1.2104540994397914e-01
1.1783652715315852e-01
1.2494932613120606e-01
1.1807832209443685e-01
1.1755061613745582e-01
1.0966398721377567e-01
1.0929410799303631e-01
9.7876232186229720e-02
1.0555502729888566e-01
1.0288760886475039e-01
1.0363489797657838e-01
1.1278561474611662e-01
1.0938374152502715e-01
1.1596720244589274e-01
1.2802698990155664e-01
1.1630653465313073e-01
1.5137207126369340e-01
1.8825172114980379e-01
1.9546488352652933e-01
1.4503941021868377e-01
1.4334008498817230e-01
1.2395202664590632e-01
1.1035442129289171e-01
1.0502972209238080e-01
1.2618477643932549e-01
1.1668173578934905e-01
1.4997230183807894e-01
1.3286248810366791e-01
1.6194467364865389e-01
1.5651567993805859e-01
1.7204602944070740e-01
1.3294299572545720e-01
1.5288699316920681e-01
1.5298785169090248e-01
1.4350646953335666e-01
1.3494425447799963e-01
1.2260250039321384e-01
1.3133305247126306e-01
1.8125648081300841e-01
1.7312345066997792e-01
1.7468797386265930e-01
2.7624828095142517e-01
1.4773638075387294e-01
1.6407882987886158e-01
1.6955010877433879e-01
2.6528767287994193e-01
2.8038870386299336e-01
2.2470060307912809e-01
1.7492934754773773e-01
1.8490600886291594e-01
1.8609017665759928e-01
2.2988641524518677e-01
2.5258023918821931e-01
2.7199145662047103e-01
2.0994061124454080e-01
1.8737769087916756e-01
1.8168484957745751e-01
1.8170734593658863e-01
1.7626734900274596e-01
1.6847886428642181e-01
1.6427764683372226e-01
1.6222933134201323e-01
1.6933002701639335e-01
1.5968582257662561e-01
1.7136731302356814e-01
1.6961773558906729e-01
1.8220611933180617e-01
1.5986657608586383e-01
1.8125946069872165e-01
1.5235561757977018e-01
1.4994712314867331e-01
1.4146438630140920e-01
1.6765417444168285e-01
2.3950714982101379e-01
2.4940508391189994e-01
2.0867983785929337e-01
2.3505612667513978e-01
3.1318105309983291e-01
2.9460270124419108e-01
2.4218439872479092e-01
2.3186259219233463e-01
2.4367493203901056e-01
2.5156689582166647e-01
2.6730422044476171e-01
2.5395298835109087e-01
2.5395298835109087e-01
3.1549442790358084e-01
3.2462649375889296e-01
3.0492972065518559e-01
2.9674498606687488e-01
3.2734471136586440e-01
2.9215865632035892e-01
3.0625769130087183e-01
2.8548958993815754e-01
3.3520707869785549e-01
3.3711169033974492e-01
3.3772631119407331e-01
2.5868236716170068e-01
2.0191497097831415e-01
2.1017896296250477e-01
1.8039748551000606e-01
1.9474024906590370e-01
1.7319638248313576e-01
1.7044655652768795e-01
1.8626550564526631e-01
1.8730723381221753e-01
2.0732657892734166e-01
1.6558478096989671e-01
1.7371455006028430e-01
1.6902679535373924e-01
1.8902002699867532e-01
1.8756285926687860e-01
2.0771781039690024e-01
2.1148548868311692e-01
2.2676239114848890e-01
1.9484657491772167e-01
1.7607090990049357e-01
1.7290784719875732e-01
1.8648330699084997e-01
1.7170183169116243e-01
1.7061608092091218e-01
1.8116901891043974e-01
1.8112426469484977e-01
1.7230255914633957e-01
1.6693451096238313e-01
1.5805374787405443e-01
1.5959056389919415e-01
1.5697976626994087e-01
1.5076551616398914e-01
1.5813878620298058e-01
1.7330132268511567e-01
1.6137440586621540e-01
1.7941954971264820e-01
1.7713115291997056e-01
2.1360153861211548e-01
1.9318559239747377e-01
1.8580662467149356e-01
1.7645507677865716e-01
1.7194305083637268e-01
1.9991780963496683e-01
2.0319042425134928e-01
2.3217052844245623e-01
2.0883667823125801e-01
2.1098109555601507e-01
2.6024332969512215e-01
3.1402721253142785e-01
1.7448827153026311e-01
1.8374102055813168e-01
2.0268299660489769e-01
1.7394711113238440e-01
2.7020675534925070e-01
2.4390347095988790e-01
2.3518674883633583e-01
1.8343157711544852e-01
1.8073904035720154e-01
2.3009688155083155e-01
2.3858332510834987e-01
2.2789678801606264e-01
1.9037226556630177e-01
2.5293333257511497e-01
2.3625767086619331e-01
1.9474551942778970e-01
1.9940157313000262e-01
1.7881529331967758e-01
1.7335867744113778e-01
2.0876328514888506e-01
2.0958794323875496e-01
2.0915080199482369e-01
1.9585750718815692e-01
1.7366956506751233e-01
1.6764812181972594e-01
1.7965022943711006e-01
1.8530938851944045e-01
1.6967585777821523e-01
1.7716764212771061e-01
1.7411212777027044e-01
1.6616207146864867e-01
1.9670101693214992e-01
1.8481902877204348e-01
1.8440050980897213e-01
1.7455006946708951e-01
1.6798137122420140e-01
1.6643552583625681e-01
1.9716890313726496e-01
2.0175578415802309e-01
1.9784060102725295e-01
1.8468973515893375e-01
1.9522961810837597e-01
1.8073163996849700e-01
1.9390719552445501e-01
1.6629388025292755e-01
2.4227804402990538e-01
2.5674325791264563e-01
2.5291585336910483e-01
2.3768696977992662e-01
2.6748349231875151e-01
3.3882507767718673e-01
1.7669547784470713e-01
1.7353614327020331e-01
1.7614962012133287e-01
1.8360591140361998e-01
1.8662541156381096e-01
1.9578718342059001e-01
1.8467831830018802e-01
1.7395339873794635e-01
1.7933095022245635e-01
1.6545186159679226e-01
1.8343222376793755e-01
1.8786891214669546e-01
1.7994337684707740e-01
1.8023787889304707e-01
3.5421809533577880e-01
2.8984872828828062e-01
3.0845873102163907e-01
2.7678638243706144e-01
3.4175641458817224e-01
3.7046316010779934e-01
2.3668014468613915e-01
2.2416906678864712e-01
2.2893240734244930e-01
1.6538699194000242e-01
1.5497874082226015e-01
1.4975941843856491e-01
1.6347591147338125e-01
1.3570220797907731e-01
1.4182575420469146e-01
1.3575889706642261e-01
1.6227747357351047e-01
1.9051389619605286e-01
1.5513037729915916e-01
2.3319193432519839e-01
1.6179558440119465e-01
1.5740208169844738e-01
1.4798256284789343e-01
1.5696067970591282e-01
1.5261598839455515e-01
1.5409312037173539e-01
1.5453930866293614e-01
1.5600333476042605e-01
1.6119484481869231e-01
1.7138114116437669e-01
3.2008046486924796e-01
1.8127289250541878e-01
1.8105837041778375e-01
1.5524909320746919e-01
1.6264037447733518e-01
1.4531510636591766e-01
1.4886517954615422e-01
1.4542243235449784e-01
1.4335384325105283e-01
1.4693805770030763e-01
1.3393798576244118e-01
1.3992231588961893e-01
1.4044527070852764e-01
1.4431133958979830e-01
1.3512960549259090e-01
1.3212849619597972e-01
1.3797572684862558e-01
1.1662990837718132e-01
1.1425924103357431e-01
1.1415324396386385e-01
1.2235373797270252e-01
1.2716014333888126e-01
1.3256630346584131e-01
1.3426399826719096e-01
1.3829910434901480e-01
1.3267001618914395e-01
1.5745490694446113e-01
1.4673751637866395e-01
1.2523885780037522e-01
1.2064606749668781e-01
