3
1000
-7.4135127641654393e+00
-7.4135127641654393e+00
0.0000000000000000e+00
-7.8219324149944276e+00
-7.8219324149944276e+00
0.0000000000000000e+00
-7.0192890722693591e+00
-7.0192890722693591e+00
0.0000000000000000e+00
-6.7809728487306895e+00
-6.7809728487306895e+00
0.0000000000000000e+00
-8.1059171093279474e+00
-8.1059171093279474e+00
0.0000000000000000e+00
-6.1181548953526548e+00
-6.1181548953526548e+00
0.0000000000000000e+00
-6.1387118857906913e+00
-6.1387118857906913e+00
0.0000000000000000e+00
-6.0245325496620472e+00
-6.0245325496620472e+00
0.0000000000000000e+00
-6.2298519125847065e+00
-6.2298519125847065e+00
0.0000000000000000e+00
-5.6207036262100321e+00
-5.6207036262100321e+00
0.0000000000000000e+00
-5.4015869089416402e+00
-5.4015869089416402e+00
0.0000000000000000e+00
-8.7216257792186838e+00
-8.7216257792186838e+00
0.0000000000000000e+00
-7.7905008938221112e+00
-7.7905008938221112e+00
0.0000000000000000e+00
-9.7536249874758294e+00
-9.7536249874758294e+00
0.0000000000000000e+00
-5.9567321860001137e+00
-5.9567321860001137e+00
0.0000000000000000e+00
-8.0149603793905140e+00
-8.0149603793905140e+00
0.0000000000000000e+00
-5.2578238847617467e+00
-5.2578238847617467e+00
0.0000000000000000e+00
-5.3903566902690878e+00
-5.3903566902690878e+00
0.0000000000000000e+00
-5.7098519542777986e+00
-5.7098519542777986e+00
0.0000000000000000e+00
-6.4136757898885373e+00
-6.4136757898885373e+00
0.0000000000000000e+00
-6.1691044095598002e+00
-6.1691044095598002e+00
0.0000000000000000e+00
-6.6149759727470965e+00
-6.6149759727470965e+00
0.0000000000000000e+00
-7.4278207076322476e+00
-7.4278207076322476e+00
0.0000000000000000e+00
-7.6718087372368524e+00
-7.6718087372368524e+00
0.0000000000000000e+00
-8.0086375140099850e+00
-8.0086375140099850e+00
0.0000000000000000e+00
-7.6184915756826550e+00
-7.6184915756826550e+00
0.0000000000000000e+00
-7.1927656545647380e+00
-7.1927656545647380e+00
0.0000000000000000e+00
-7.8129553796904521e+00
-7.8129553796904521e+00
0.0000000000000000e+00
-7.2015509598641074e+00
-7.2015509598641074e+00
0.0000000000000000e+00
-6.9669834083146318e+00
-6.9669834083146318e+00
0.0000000000000000e+00
-8.3871034001363007e+00
-8.3871034001363007e+00
0.0000000000000000e+00
-6.2139956132528251e+00
-6.2139956132528251e+00
0.0000000000000000e+00
-6.4858687542888562e+00
-6.4858687542888562e+00
0.0000000000000000e+00
-5.6549547098673747e+00
-5.6549547098673747e+00
0.0000000000000000e+00
-6.1128197470928480e+00
-6.1128197470928480e+00
0.0000000000000000e+00
-6.0854654173870530e+00
-6.0854654173870530e+00
0.0000000000000000e+00
-6.1536262142773070e+00
-6.1536262142773070e+00
0.0000000000000000e+00
-7.1031314869176736e+00
-7.1031314869176736e+00
0.0000000000000000e+00
-8.3173861049376825e+00
-8.3173861049376825e+00
0.0000000000000000e+00
-7.3850878231795427e+00
-7.3850878231795427e+00
0.0000000000000000e+00
-6.8357459481064247e+00
-6.8357459481064247e+00
0.0000000000000000e+00
-6.4754779451005104e+00
-6.4754779451005104e+00
0.0000000000000000e+00
-6.2674713954877719e+00
-6.2674713954877719e+00
0.0000000000000000e+00
-6.6889781297510318e+00
-6.6889781297510318e+00
0.0000000000000000e+00
-6.9729773018796166e+00
-6.9729773018796166e+00
0.0000000000000000e+00
-6.5812421665573977e+00
-6.5812421665573977e+00
0.0000000000000000e+00
-5.2925217078263929e+00
-5.2925217078263929e+00
0.0000000000000000e+00
-5.2030851677225494e+00
-5.2030851677225494e+00
0.0000000000000000e+00
-5.5922280485605373e+00
-5.5922280485605373e+00
0.0000000000000000e+00
-6.3439670261900050e+00
-6.3439670261900050e+00
0.0000000000000000e+00
-5.9338395369119548e+00
-5.9338395369119548e+00
0.0000000000000000e+00
-7.0658129251692303e+00
-7.0658129251692303e+00
0.0000000000000000e+00
-6.2860741898216883e+00
-6.2860741898216883e+00
0.0000000000000000e+00
-5.3800158821347033e+00
-5.3800158821347033e+00
0.0000000000000000e+00
-6.0359986689906764e+00
-6.0359986689906764e+00
0.0000000000000000e+00
-6.8603860117008635e+00
-6.8603860117008635e+00
0.0000000000000000e+00
-6.0100442774684044e+00
-6.0100442774684044e+00
0.0000000000000000e+00
-5.3547804386748155e+00
-5.3547804386748155e+00
0.0000000000000000e+00
-5.5291128236186760e+00
-5.5291128236186760e+00
0.0000000000000000e+00
-5.6619952053090383e+00
-5.6619952053090383e+00
0.0000000000000000e+00
-5.9004674705711562e+00
-5.9004674705711562e+00
0.0000000000000000e+00
-6.2977531056794014e+00
-6.2977531056794014e+00
0.0000000000000000e+00
-7.6010382394116611e+00
-7.6010382394116611e+00
0.0000000000000000e+00
-5.8763399848490234e+00
-5.8763399848490234e+00
0.0000000000000000e+00
-6.0328713535049872e+00
-6.0328713535049872e+00
0.0000000000000000e+00
-7.8344225561781533e+00
-7.8344225561781533e+00
0.0000000000000000e+00
-7.1841584214113432e+00
-7.1841584214113432e+00
0.0000000000000000e+00
-9.1754350456567444e+00
-9.1754350456567444e+00
0.0000000000000000e+00
-6.7248195942794506e+00
-6.7248195942794506e+00
0.0000000000000000e+00
-8.2825918969723489e+00
-8.2825918969723489e+00
0.0000000000000000e+00
-1.1027611509363421e+01
-1.1027611509363421e+01
0.0000000000000000e+00
-9.2802144498714938e+00
-9.2802144498714938e+00
0.0000000000000000e+00
-9.0148959706896044e+00
-9.0148959706896044e+00
0.0000000000000000e+00
-1.1673256638373381e+01
-1.1673256638373381e+01
0.0000000000000000e+00
-1.0634772214892282e+01
-1.0634772214892282e+01
0.0000000000000000e+00
-9.0280233851906697e+00
-9.0280233851906697e+00
0.0000000000000000e+00
-1.0516053368298451e+01
-1.0516053368298451e+01
0.0000000000000000e+00
-1.0052690714225388e+01
-1.0052690714225388e+01
0.0000000000000000e+00
-7.1298058990079296e+00
-7.1298058990079296e+00
0.0000000000000000e+00
-6.6973857801177887e+00
-6.6973857801177887e+00
0.0000000000000000e+00
-7.1895183271846079e+00
-7.1895183271846079e+00
0.0000000000000000e+00
-7.6019012066558282e+00
-7.6019012066558282e+00
0.0000000000000000e+00
-6.8597445407475774e+00
-6.8597445407475774e+00
0.0000000000000000e+00
-6.9883853292278229e+00
-6.9883853292278229e+00
0.0000000000000000e+00
-9.0229183293878155e+00
-9.0229183293878155e+00
0.0000000000000000e+00
-9.3687907688317047e+00
-9.3687907688317047e+00
0.0000000000000000e+00
-9.0650798720437287e+00
-9.0650798720437287e+00
0.0000000000000000e+00
-7.2694622022807440e+00
-7.2694622022807440e+00
0.0000000000000000e+00
-7.7774449260824170e+00
-7.7774449260824170e+00
0.0000000000000000e+00
-8.2103032653965329e+00
-8.2103032653965329e+00
0.0000000000000000e+00
-5.9889755616646871e+00
-5.9889755616646871e+00
0.0000000000000000e+00
-6.0320924433011420e+00
-6.0320924433011420e+00
0.0000000000000000e+00
-5.8957920748243433e+00
-5.8957920748243433e+00
0.0000000000000000e+00
-6.1541185194881125e+00
-6.1541185194881125e+00
0.0000000000000000e+00
-8.0822291771785046e+00
-8.0822291771785046e+00
0.0000000000000000e+00
-5.8048011100975874e+00
-5.8048011100975874e+00
0.0000000000000000e+00
-5.7121131075493832e+00
-5.7121131075493832e+00
0.0000000000000000e+00
-5.5410598701202272e+00
-5.5410598701202272e+00
0.0000000000000000e+00
-5.4398220864224882e+00
-5.4398220864224882e+00
0.0000000000000000e+00
-5.9621711927764629e+00
-5.9621711927764629e+00
0.0000000000000000e+00
-5.1202558391910884e+00
-5.1202558391910884e+00
0.0000000000000000e+00
-5.2207771608928484e+00
-5.2207771608928484e+00
0.0000000000000000e+00
-6.7414685990092398e+00
-6.7414685990092398e+00
0.0000000000000000e+00
-5.3221076458539454e+00
-5.3221076458539454e+00
0.0000000000000000e+00
-5.1880118081212485e+00
-5.1880118081212485e+00
0.0000000000000000e+00
-6.9353078874479053e+00
-6.9353078874479053e+00
0.0000000000000000e+00
-6.7007340150950885e+00
-6.7007340150950885e+00
0.0000000000000000e+00
-7.0866791068859447e+00
-7.0866791068859447e+00
0.0000000000000000e+00
-5.5048406863469426e+00
-5.5048406863469426e+00
0.0000000000000000e+00
-6.6402086057559320e+00
-6.6402086057559320e+00
0.0000000000000000e+00
-5.5116121436977270e+00
-5.5116121436977270e+00
0.0000000000000000e+00
-6.4695470051430117e+00
-6.4695470051430117e+00
0.0000000000000000e+00
-6.2869041901769869e+00
-6.2869041901769869e+00
0.0000000000000000e+00
-6.0210317551113697e+00
-6.0210317551113697e+00
0.0000000000000000e+00
-5.0824650497117183e+00
-5.0824650497117183e+00
0.0000000000000000e+00
-5.1533515063282795e+00
-5.1533515063282795e+00
0.0000000000000000e+00
-5.0843126305283235e+00
-5.0843126305283235e+00
0.0000000000000000e+00
-5.6364107795146374e+00
-5.6364107795146374e+00
0.0000000000000000e+00
-8.5119722642810842e+00
-8.5119722642810842e+00
0.0000000000000000e+00
-7.5590273951354341e+00
-7.5590273951354341e+00
0.0000000000000000e+00
-5.5491041300749862e+00
-5.5491041300749862e+00
0.0000000000000000e+00
-5.4655109903126728e+00
-5.4655109903126728e+00
0.0000000000000000e+00
-5.7764620928045813e+00
-5.7764620928045813e+00
0.0000000000000000e+00
-5.4742657307325171e+00
-5.4742657307325171e+00
0.0000000000000000e+00
-5.9352538314412326e+00
-5.9352538314412326e+00
0.0000000000000000e+00
-6.4096350809809319e+00
-6.4096350809809319e+00
0.0000000000000000e+00
-6.9679571528182276e+00
-6.9679571528182276e+00
0.0000000000000000e+00
-7.8546241020985157e+00
-7.8546241020985157e+00
0.0000000000000000e+00
-6.1333640397452491e+00
-6.1333640397452491e+00
0.0000000000000000e+00
-5.7214593095480142e+00
-5.7214593095480142e+00
0.0000000000000000e+00
-5.7151045189636438e+00
-5.7151045189636438e+00
0.0000000000000000e+00
-5.5458643262960701e+00
-5.5458643262960701e+00
0.0000000000000000e+00
-5.5994485244947736e+00
-5.5994485244947736e+00
0.0000000000000000e+00
-5.7259208230423067e+00
-5.7259208230423067e+00
0.0000000000000000e+00
-5.6064682304714104e+00
-5.6064682304714104e+00
0.0000000000000000e+00
-5.4125088366236715e+00
-5.4125088366236715e+00
0.0000000000000000e+00
-5.4215121063515017e+00
-5.4215121063515017e+00
0.0000000000000000e+00
-5.5337492175977756e+00
-5.5337492175977756e+00
0.0000000000000000e+00
-5.5571033957062177e+00
-5.5571033957062177e+00
0.0000000000000000e+00
-5.6680963775968927e+00
-5.6680963775968927e+00
0.0000000000000000e+00
-6.0413109476852238e+00
-6.0413109476852238e+00
0.0000000000000000e+00
-5.7114643740354500e+00
-5.7114643740354500e+00
0.0000000000000000e+00
-5.5698258060631423e+00
-5.5698258060631423e+00
0.0000000000000000e+00
-5.7426275372197946e+00
-5.7426275372197946e+00
0.0000000000000000e+00
-5.8147005724776406e+00
-5.8147005724776406e+00
0.0000000000000000e+00
-6.2510716310731089e+00
-6.2510716310731089e+00
0.0000000000000000e+00
-5.8494091111235740e+00
-5.8494091111235740e+00
0.0000000000000000e+00
-5.9571570269752865e+00
-5.9571570269752865e+00
0.0000000000000000e+00
-5.8543671889785633e+00
-5.8543671889785633e+00
0.0000000000000000e+00
-5.9240260077623841e+00
-5.9240260077623841e+00
0.0000000000000000e+00
-5.7457360868095115e+00
-5.7457360868095115e+00
0.0000000000000000e+00
-6.4041563677416136e+00
-6.4041563677416136e+00
0.0000000000000000e+00
-7.0349460456140367e+00
-7.0349460456140367e+00
0.0000000000000000e+00
-5.7855954838847907e+00
-5.7855954838847907e+00
0.0000000000000000e+00
-6.3113046771408312e+00
-6.3113046771408312e+00
0.0000000000000000e+00
-6.3179647306476037e+00
-6.3179647306476037e+00
0.0000000000000000e+00
-5.8704564000962529e+00
-5.8704564000962529e+00
0.0000000000000000e+00
-6.4850644144421956e+00
-6.4850644144421956e+00
0.0000000000000000e+00
-7.3788134975212696e+00
-7.3788134975212696e+00
0.0000000000000000e+00
-7.0864965937255642e+00
-7.0864965937255642e+00
0.0000000000000000e+00
-7.4996493782902087e+00
-7.4996493782902087e+00
0.0000000000000000e+00
-8.1399232400401917e+00
-8.1399232400401917e+00
0.0000000000000000e+00
-9.2128809951887902e+00
-9.2128809951887902e+00
0.0000000000000000e+00
-9.1964247589422765e+00
-9.1964247589422765e+00
0.0000000000000000e+00
-7.9146237990926416e+00
-7.9146237990926416e+00
0.0000000000000000e+00
-7.8639643081042845e+00
-7.8639643081042845e+00
0.0000000000000000e+00
-7.2864924576412493e+00
-7.2864924576412493e+00
0.0000000000000000e+00
-7.7379263107677634e+00
-7.7379263107677634e+00
0.0000000000000000e+00
-7.7269032497857975e+00
-7.7269032497857975e+00
0.0000000000000000e+00
-6.0760104610265273e+00
-6.0760104610265273e+00
0.0000000000000000e+00
-6.9953436788941019e+00
-6.9953436788941019e+00
0.0000000000000000e+00
-5.8589049140447349e+00
-5.8589049140447349e+00
0.0000000000000000e+00
-6.7354928458079959e+00
-6.7354928458079959e+00
0.0000000000000000e+00
-6.1247870947781902e+00
-6.1247870947781902e+00
0.0000000000000000e+00
-6.0620193918351042e+00
-6.0620193918351042e+00
0.0000000000000000e+00
-6.4598817239449016e+00
-6.4598817239449016e+00
0.0000000000000000e+00
-5.4346415115965643e+00
-5.4346415115965643e+00
0.0000000000000000e+00
-5.6700052192483463e+00
-5.6700052192483463e+00
0.0000000000000000e+00
-5.7527505606361355e+00
-5.7527505606361355e+00
0.0000000000000000e+00
-5.5852341792715672e+00
-5.5852341792715672e+00
0.0000000000000000e+00
-5.3596853885721742e+00
-5.3596853885721742e+00
0.0000000000000000e+00
-5.5356413144377852e+00
-5.5356413144377852e+00
0.0000000000000000e+00
-7.1354977697555704e+00
-7.1354977697555704e+00
0.0000000000000000e+00
-7.7879290164075741e+00
-7.7879290164075741e+00
0.0000000000000000e+00
-9.5363282548259836e+00
-9.5363282548259836e+00
0.0000000000000000e+00
-6.2278753471261092e+00
-6.2278753471261092e+00
0.0000000000000000e+00
-7.5572406247821071e+00
-7.5572406247821071e+00
0.0000000000000000e+00
-5.4368204085748930e+00
-5.4368204085748930e+00
0.0000000000000000e+00
-5.7032267267071548e+00
-5.7032267267071548e+00
0.0000000000000000e+00
-6.2966627808528592e+00
-6.2966627808528592e+00
0.0000000000000000e+00
-7.1162445812501698e+00
-7.1162445812501698e+00
0.0000000000000000e+00
-9.3249379931533802e+00
-9.3249379931533802e+00
0.0000000000000000e+00
-6.6693483326209595e+00
-6.6693483326209595e+00
0.0000000000000000e+00
-6.7330165396633834e+00
-6.7330165396633834e+00
0.0000000000000000e+00
-6.3991145469280557e+00
-6.3991145469280557e+00
0.0000000000000000e+00
-6.4119200416425688e+00
-6.4119200416425688e+00
0.0000000000000000e+00
-6.5846696614489586e+00
-6.5846696614489586e+00
0.0000000000000000e+00
-5.8203988861851705e+00
-5.8203988861851705e+00
0.0000000000000000e+00
-5.9072206783257641e+00
-5.9072206783257641e+00
0.0000000000000000e+00
-5.8592826904501578e+00
-5.8592826904501578e+00
0.0000000000000000e+00
-6.0636087610783083e+00
-6.0636087610783083e+00
0.0000000000000000e+00
-6.1897327380552269e+00
-6.1897327380552269e+00
0.0000000000000000e+00
-5.9852966334944933e+00
-5.9852966334944933e+00
0.0000000000000000e+00
-6.0364392547243719e+00
-6.0364392547243719e+00
0.0000000000000000e+00
-6.3030660410768107e+00
-6.3030660410768107e+00
0.0000000000000000e+00
-6.3448094370009391e+00
-6.3448094370009391e+00
0.0000000000000000e+00
-6.0055933884020591e+00
-6.0055933884020591e+00
0.0000000000000000e+00
-5.9955679502023873e+00
-5.9955679502023873e+00
0.0000000000000000e+00
-6.0307755515019705e+00
-6.0307755515019705e+00
0.0000000000000000e+00
-5.6648320385195809e+00
-5.6648320385195809e+00
0.0000000000000000e+00
-5.6994261025909623e+00
-5.6994261025909623e+00
0.0000000000000000e+00
-5.6762587080754487e+00
-5.6762587080754487e+00
0.0000000000000000e+00
-6.2620281642858320e+00
-6.2620281642858320e+00
0.0000000000000000e+00
-6.3586796692274348e+00
-6.3586796692274348e+00
0.0000000000000000e+00
-6.7353310293399939e+00
-6.7353310293399939e+00
0.0000000000000000e+00
-6.1776482295994954e+00
-6.1776482295994954e+00
0.0000000000000000e+00
-5.8877098970732398e+00
-5.8877098970732398e+00
0.0000000000000000e+00
-5.8801448197831911e+00
-5.8801448197831911e+00
0.0000000000000000e+00
-5.7490183345112307e+00
-5.7490183345112307e+00
0.0000000000000000e+00
-5.6524461084086663e+00
-5.6524461084086663e+00
0.0000000000000000e+00
-5.6252710029632400e+00
-5.6252710029632400e+00
0.0000000000000000e+00
-6.0561979632429992e+00
-6.0561979632429992e+00
0.0000000000000000e+00
-5.8030077188852518e+00
-5.8030077188852518e+00
0.0000000000000000e+00
-5.5579280227757435e+00
-5.5579280227757435e+00
0.0000000000000000e+00
-5.7653143503720194e+00
-5.7653143503720194e+00
0.0000000000000000e+00
-5.4032903044980909e+00
-5.4032903044980909e+00
0.0000000000000000e+00
-6.1729714417421881e+00
-6.1729714417421881e+00
0.0000000000000000e+00
-6.6873191501247584e+00
-6.6873191501247584e+00
0.0000000000000000e+00
-6.2933631478729062e+00
-6.2933631478729062e+00
0.0000000000000000e+00
-5.5237729908730815e+00
-5.5237729908730815e+00
0.0000000000000000e+00
-6.2851137077175130e+00
-6.2851137077175130e+00
0.0000000000000000e+00
-5.7917347125485099e+00
-5.7917347125485099e+00
0.0000000000000000e+00
-6.0663090541304330e+00
-6.0663090541304330e+00
0.0000000000000000e+00
-5.8195782377452252e+00
-5.8195782377452252e+00
0.0000000000000000e+00
-6.3554631762062037e+00
-6.3554631762062037e+00
0.0000000000000000e+00
-5.9051738439783588e+00
-5.9051738439783588e+00
0.0000000000000000e+00
-5.6997060637068824e+00
-5.6997060637068824e+00
0.0000000000000000e+00
-5.7627080277800911e+00
-5.7627080277800911e+00
0.0000000000000000e+00
-6.0752374258440955e+00
-6.0752374258440955e+00
0.0000000000000000e+00
-6.2700169185385972e+00
-6.2700169185385972e+00
0.0000000000000000e+00
-7.2999241757179085e+00
-7.2999241757179085e+00
0.0000000000000000e+00
-7.4976315906259750e+00
-7.4976315906259750e+00
0.0000000000000000e+00
-7.3083387380387439e+00
-7.3083387380387439e+00
0.0000000000000000e+00
-5.1614287831360102e+00
-5.1614287831360102e+00
0.0000000000000000e+00
-5.1166916774220343e+00
-5.1166916774220343e+00
0.0000000000000000e+00
-5.5057412598540045e+00
-5.5057412598540045e+00
0.0000000000000000e+00
-5.1294261974956896e+00
-5.1294261974956896e+00
0.0000000000000000e+00
-5.7130539204021042e+00
-5.7130539204021042e+00
0.0000000000000000e+00
-6.0086023534699056e+00
-6.0086023534699056e+00
0.0000000000000000e+00
-5.6596502196173955e+00
-5.6596502196173955e+00
0.0000000000000000e+00
-6.4938996421850845e+00
-6.4938996421850845e+00
0.0000000000000000e+00
-6.4050643024345399e+00
-6.4050643024345399e+00
0.0000000000000000e+00
-6.6002527933800037e+00
-6.6002527933800037e+00
0.0000000000000000e+00
-6.1933581153788833e+00
-6.1933581153788833e+00
0.0000000000000000e+00
-7.5963719398118190e+00
-7.5963719398118190e+00
0.0000000000000000e+00
-5.6021967408220759e+00
-5.6021967408220759e+00
0.0000000000000000e+00
-5.2716862558297368e+00
-5.2716862558297368e+00
0.0000000000000000e+00
-6.8171625701196348e+00
-6.8171625701196348e+00
0.0000000000000000e+00
-6.8455339937186865e+00
-6.8455339937186865e+00
0.0000000000000000e+00
-6.6140050001761477e+00
-6.6140050001761477e+00
0.0000000000000000e+00
-5.2000104274956520e+00
-5.2000104274956520e+00
0.0000000000000000e+00
-5.0896144297000898e+00
-5.0896144297000898e+00
0.0000000000000000e+00
-5.1499580103795548e+00
-5.1499580103795548e+00
0.0000000000000000e+00
-5.0825373061734558e+00
-5.0825373061734558e+00
0.0000000000000000e+00
-5.1994650507188389e+00
-5.1994650507188389e+00
0.0000000000000000e+00
-5.2699604123230497e+00
-5.2699604123230497e+00
0.0000000000000000e+00
-5.1511623920696135e+00
-5.1511623920696135e+00
0.0000000000000000e+00
-5.3014957803628970e+00
-5.3014957803628970e+00
0.0000000000000000e+00
-5.2479211262611649e+00
-5.2479211262611649e+00
0.0000000000000000e+00
-5.3503653976011121e+00
-5.3503653976011121e+00
0.0000000000000000e+00
-6.0763989678330708e+00
-6.0763989678330708e+00
0.0000000000000000e+00
-6.5150658271000355e+00
-6.5150658271000355e+00
0.0000000000000000e+00
-5.1767889207875992e+00
-5.1767889207875992e+00
0.0000000000000000e+00
-5.4160967980733936e+00
-5.4160967980733936e+00
0.0000000000000000e+00
-6.6286685732558368e+00
-6.6286685732558368e+00
0.0000000000000000e+00
-6.7855460243177337e+00
-6.7855460243177337e+00
0.0000000000000000e+00
-6.7044140523362517e+00
-6.7044140523362517e+00
0.0000000000000000e+00
-5.4998490063635650e+00
-5.4998490063635650e+00
0.0000000000000000e+00
-5.2027226835954714e+00
-5.2027226835954714e+00
0.0000000000000000e+00
-5.3259960576996646e+00
-5.3259960576996646e+00
0.0000000000000000e+00
-5.3621619710420196e+00
-5.3621619710420196e+00
0.0000000000000000e+00
-5.3119494153519877e+00
-5.3119494153519877e+00
0.0000000000000000e+00
-5.7823303964058006e+00
-5.7823303964058006e+00
0.0000000000000000e+00
-6.8236728756427976e+00
-6.8236728756427976e+00
0.0000000000000000e+00
-5.2060636860017810e+00
-5.2060636860017810e+00
0.0000000000000000e+00
-5.8930791136798719e+00
-5.8930791136798719e+00
0.0000000000000000e+00
-5.3634492111119974e+00
-5.3634492111119974e+00
0.0000000000000000e+00
-5.5539830528546243e+00
-5.5539830528546243e+00
0.0000000000000000e+00
-6.3585763094237926e+00
-6.3585763094237926e+00
0.0000000000000000e+00
-5.5571942165568968e+00
-5.5571942165568968e+00
0.0000000000000000e+00
-5.2403960656615007e+00
-5.2403960656615007e+00
0.0000000000000000e+00
-5.2685220714428205e+00
-5.2685220714428205e+00
0.0000000000000000e+00
-5.3967153198896085e+00
-5.3967153198896085e+00
0.0000000000000000e+00
-5.2089524800230160e+00
-5.2089524800230160e+00
0.0000000000000000e+00
-5.0119944809020387e+00
-5.0119944809020387e+00
0.0000000000000000e+00
-5.5816454706033403e+00
-5.5816454706033403e+00
0.0000000000000000e+00
-5.4419204298720691e+00
-5.4419204298720691e+00
0.0000000000000000e+00
-5.7397230988593906e+00
-5.7397230988593906e+00
0.0000000000000000e+00
-5.8330120003657537e+00
-5.8330120003657537e+00
0.0000000000000000e+00
-5.6484055981518946e+00
-5.6484055981518946e+00
0.0000000000000000e+00
-6.6101691953938246e+00
-6.6101691953938246e+00
0.0000000000000000e+00
-6.2953167468509408e+00
-6.2953167468509408e+00
0.0000000000000000e+00
-6.6313758908055451e+00
-6.6313758908055451e+00
0.0000000000000000e+00
-6.1370577644211597e+00
-6.1370577644211597e+00
0.0000000000000000e+00
-5.6159190449015624e+00
-5.6159190449015624e+00
0.0000000000000000e+00
-6.9239806298226112e+00
-6.9239806298226112e+00
0.0000000000000000e+00
-6.0107327227350442e+00
-6.0107327227350442e+00
0.0000000000000000e+00
-5.2535201774136269e+00
-5.2535201774136269e+00
0.0000000000000000e+00
-6.8082040541440296e+00
-6.8082040541440296e+00
0.0000000000000000e+00
-5.7862836073740205e+00
-5.7862836073740205e+00
0.0000000000000000e+00
-6.3599826609742038e+00
-6.3599826609742038e+00
0.0000000000000000e+00
-1.0446007737968937e+01
-1.0446007737968937e+01
0.0000000000000000e+00
-9.8493244016980270e+00
-9.8493244016980270e+00
0.0000000000000000e+00
-9.5812826777018749e+00
-9.5812826777018749e+00
0.0000000000000000e+00
-7.3963827823791100e+00
-7.3963827823791100e+00
0.0000000000000000e+00
-7.2006684581663878e+00
-7.2006684581663878e+00
0.0000000000000000e+00
-5.2896149775415031e+00
-5.2896149775415031e+00
0.0000000000000000e+00
-7.1780655207804109e+00
-7.1780655207804109e+00
0.0000000000000000e+00
-7.0356914710372109e+00
-7.0356914710372109e+00
0.0000000000000000e+00
-6.4956248868836504e+00
-6.4956248868836504e+00
0.0000000000000000e+00
-6.1846192170267660e+00
-6.1846192170267660e+00
0.0000000000000000e+00
-6.3589332666296947e+00
-6.3589332666296947e+00
0.0000000000000000e+00
-6.0778682792537460e+00
-6.0778682792537460e+00
0.0000000000000000e+00
-6.5019671366466891e+00
-6.5019671366466891e+00
0.0000000000000000e+00
-8.1348469870693112e+00
-8.1348469870693112e+00
0.0000000000000000e+00
-8.7867932029933264e+00
-8.7867932029933264e+00
0.0000000000000000e+00
-6.6019794351077614e+00
-6.6019794351077614e+00
0.0000000000000000e+00
-7.2451549564221143e+00
-7.2451549564221143e+00
0.0000000000000000e+00
-7.1555576204385840e+00
-7.1555576204385840e+00
0.0000000000000000e+00
-7.6853136890022835e+00
-7.6853136890022835e+00
0.0000000000000000e+00
-7.6569482210959841e+00
-7.6569482210959841e+00
0.0000000000000000e+00
-8.0138910850878062e+00
-8.0138910850878062e+00
0.0000000000000000e+00
-7.1056887074079311e+00
-7.1056887074079311e+00
0.0000000000000000e+00
-6.3328000467377716e+00
-6.3328000467377716e+00
0.0000000000000000e+00
-6.7199650050884712e+00
-6.7199650050884712e+00
0.0000000000000000e+00
-6.3407150216102304e+00
-6.3407150216102304e+00
0.0000000000000000e+00
-5.4233309628734450e+00
-5.4233309628734450e+00
0.0000000000000000e+00
-5.0354512452784030e+00
-5.0354512452784030e+00
0.0000000000000000e+00
-5.2104113867091186e+00
-5.2104113867091186e+00
0.0000000000000000e+00
-6.8846576871742133e+00
-6.8846576871742133e+00
0.0000000000000000e+00
-6.3668944694456027e+00
-6.3668944694456027e+00
0.0000000000000000e+00
-7.2060635053640940e+00
-7.2060635053640940e+00
0.0000000000000000e+00
-7.4818148597316601e+00
-7.4818148597316601e+00
0.0000000000000000e+00
-7.3255673681630373e+00
-7.3255673681630373e+00
0.0000000000000000e+00
-6.3263055779610848e+00
-6.3263055779610848e+00
0.0000000000000000e+00
-6.6070068294213229e+00
-6.6070068294213229e+00
0.0000000000000000e+00
-6.2473603825462369e+00
-6.2473603825462369e+00
0.0000000000000000e+00
-5.0794696509245849e+00
-5.0794696509245849e+00
0.0000000000000000e+00
-6.3034032174260819e+00
-6.3034032174260819e+00
0.0000000000000000e+00
-5.5195610476845669e+00
-5.5195610476845669e+00
0.0000000000000000e+00
-7.0587782453669075e+00
-7.0587782453669075e+00
0.0000000000000000e+00
-5.1029103623314782e+00
-5.1029103623314782e+00
0.0000000000000000e+00
-5.4895792960263625e+00
-5.4895792960263625e+00
0.0000000000000000e+00
-5.3702813244072098e+00
-5.3702813244072098e+00
0.0000000000000000e+00
-5.9294997310733066e+00
-5.9294997310733066e+00
0.0000000000000000e+00
-6.9740022932968211e+00
-6.9740022932968211e+00
0.0000000000000000e+00
-7.1583178380484060e+00
-7.1583178380484060e+00
0.0000000000000000e+00
-6.6432691479162367e+00
-6.6432691479162367e+00
0.0000000000000000e+00
-6.7356463466334784e+00
-6.7356463466334784e+00
0.0000000000000000e+00
-6.5049728837937852e+00
-6.5049728837937852e+00
0.0000000000000000e+00
-6.2433109074874515e+00
-6.2433109074874515e+00
0.0000000000000000e+00
-8.1406752892146255e+00
-8.1406752892146255e+00
0.0000000000000000e+00
-8.0617540112854744e+00
-8.0617540112854744e+00
0.0000000000000000e+00
-5.5838948922962039e+00
-5.5838948922962039e+00
0.0000000000000000e+00
-5.5842084820586626e+00
-5.5842084820586626e+00
0.0000000000000000e+00
-5.1034227928243467e+00
-5.1034227928243467e+00
0.0000000000000000e+00
-5.3947502271274583e+00
-5.3947502271274583e+00
0.0000000000000000e+00
-5.2858135426685369e+00
-5.2858135426685369e+00
0.0000000000000000e+00
-5.8204617583603531e+00
-5.8204617583603531e+00
0.0000000000000000e+00
-5.5029124821079103e+00
-5.5029124821079103e+00
0.0000000000000000e+00
-5.5519166548859857e+00
-5.5519166548859857e+00
0.0000000000000000e+00
-5.2681174128354469e+00
-5.2681174128354469e+00
0.0000000000000000e+00
-5.5549258913562820e+00
-5.5549258913562820e+00
0.0000000000000000e+00
-5.1978383779545458e+00
-5.1978383779545458e+00
0.0000000000000000e+00
-5.4688024824325856e+00
-5.4688024824325856e+00
0.0000000000000000e+00
-5.9243703684009770e+00
-5.9243703684009770e+00
0.0000000000000000e+00
-7.0621517270995575e+00
-7.0621517270995575e+00
0.0000000000000000e+00
-8.3312958335587464e+00
-8.3312958335587464e+00
0.0000000000000000e+00
-7.0623951542309662e+00
-7.0623951542309662e+00
0.0000000000000000e+00
-6.9115638697484272e+00
-6.9115638697484272e+00
0.0000000000000000e+00
-7.2711851930708953e+00
-7.2711851930708953e+00
0.0000000000000000e+00
-7.0795604820234370e+00
-7.0795604820234370e+00
0.0000000000000000e+00
-6.2070683666843109e+00
-6.2070683666843109e+00
0.0000000000000000e+00
-6.8232167463971694e+00
-6.8232167463971694e+00
0.0000000000000000e+00
-7.5578543498000013e+00
-7.5578543498000013e+00
0.0000000000000000e+00
-6.3131124243949301e+00
-6.3131124243949301e+00
0.0000000000000000e+00
-6.0989379753734649e+00
-6.0989379753734649e+00
0.0000000000000000e+00
-6.3854496376222079e+00
-6.3854496376222079e+00
0.0000000000000000e+00
-7.4371726307044170e+00
-7.4371726307044170e+00
0.0000000000000000e+00
-5.7604138383389358e+00
-5.7604138383389358e+00
0.0000000000000000e+00
-5.8648028902866063e+00
-5.8648028902866063e+00
0.0000000000000000e+00
-6.0264045490536855e+00
-6.0264045490536855e+00
0.0000000000000000e+00
-5.9259578369992854e+00
-5.9259578369992854e+00
0.0000000000000000e+00
-7.3337745668065493e+00
-7.3337745668065493e+00
0.0000000000000000e+00
-7.2802793549635201e+00
-7.2802793549635201e+00
0.0000000000000000e+00
-6.2117420609880059e+00
-6.2117420609880059e+00
0.0000000000000000e+00
-6.0386886506286626e+00
-6.0386886506286626e+00
0.0000000000000000e+00
-6.3866585466931607e+00
-6.3866585466931607e+00
0.0000000000000000e+00
-6.1045197875946435e+00
-6.1045197875946435e+00
0.0000000000000000e+00
-6.3116777669100435e+00
-6.3116777669100435e+00
0.0000000000000000e+00
-6.4918507199239670e+00
-6.4918507199239670e+00
0.0000000000000000e+00
-6.1579673385189535e+00
-6.1579673385189535e+00
0.0000000000000000e+00
-6.3962202409788613e+00
-6.3962202409788613e+00
0.0000000000000000e+00
-8.3727784059009664e+00
-8.3727784059009664e+00
0.0000000000000000e+00
-7.6738137077797557e+00
-7.6738137077797557e+00
0.0000000000000000e+00
-6.9170917516309212e+00
-6.9170917516309212e+00
0.0000000000000000e+00
-6.7172767752379992e+00
-6.7172767752379992e+00
0.0000000000000000e+00
-6.6289994158058683e+00
-6.6289994158058683e+00
0.0000000000000000e+00
-7.0061355161262640e+00
-7.0061355161262640e+00
0.0000000000000000e+00
-7.1771522772397924e+00
-7.1771522772397924e+00
0.0000000000000000e+00
-6.2230955728846924e+00
-6.2230955728846924e+00
0.0000000000000000e+00
-6.2169491437204627e+00
-6.2169491437204627e+00
0.0000000000000000e+00
-6.6309311113145259e+00
-6.6309311113145259e+00
0.0000000000000000e+00
-6.6346450971428190e+00
-6.6346450971428190e+00
0.0000000000000000e+00
-7.1911093231057066e+00
-7.1911093231057066e+00
0.0000000000000000e+00
-6.7341771205580709e+00
-6.7341771205580709e+00
0.0000000000000000e+00
-6.4836460028948402e+00
-6.4836460028948402e+00
0.0000000000000000e+00
-6.7405619991204446e+00
-6.7405619991204446e+00
0.0000000000000000e+00
-7.2010715535906975e+00
-7.2010715535906975e+00
0.0000000000000000e+00
-6.2157894391712958e+00
-6.2157894391712958e+00
0.0000000000000000e+00
-5.3013459656024278e+00
-5.3013459656024278e+00
0.0000000000000000e+00
-5.9600497985663941e+00
-5.9600497985663941e+00
0.0000000000000000e+00
-6.5146434937512430e+00
-6.5146434937512430e+00
0.0000000000000000e+00
-5.6846830148888703e+00
-5.6846830148888703e+00
0.0000000000000000e+00
-7.7736043654200184e+00
-7.7736043654200184e+00
0.0000000000000000e+00
-7.5204373012244110e+00
-7.5204373012244110e+00
0.0000000000000000e+00
-7.4011261677956988e+00
-7.4011261677956988e+00
0.0000000000000000e+00
-7.6923235727278403e+00
-7.6923235727278403e+00
0.0000000000000000e+00
-8.1087396408984240e+00
-8.1087396408984240e+00
0.0000000000000000e+00
-8.5234112220847695e+00
-8.5234112220847695e+00
0.0000000000000000e+00
-6.2607265449713303e+00
-6.2607265449713303e+00
0.0000000000000000e+00
-6.0753856885706314e+00
-6.0753856885706314e+00
0.0000000000000000e+00
-6.0361275995734420e+00
-6.0361275995734420e+00
0.0000000000000000e+00
-6.4841041273252138e+00
-6.4841041273252138e+00
0.0000000000000000e+00
-6.1925973489092918e+00
-6.1925973489092918e+00
0.0000000000000000e+00
-5.9178429264454753e+00
-5.9178429264454753e+00
0.0000000000000000e+00
-5.9080184492437429e+00
-5.9080184492437429e+00
0.0000000000000000e+00
-5.4053435502703957e+00
-5.4053435502703957e+00
0.0000000000000000e+00
-6.1363406383230616e+00
-6.1363406383230616e+00
0.0000000000000000e+00
-6.5428361526685661e+00
-6.5428361526685661e+00
0.0000000000000000e+00
-6.0052203132317752e+00
-6.0052203132317752e+00
0.0000000000000000e+00
-5.5919212578299238e+00
-5.5919212578299238e+00
0.0000000000000000e+00
-5.9454587988420364e+00
-5.9454587988420364e+00
0.0000000000000000e+00
-5.7693748368561746e+00
-5.7693748368561746e+00
0.0000000000000000e+00
-6.1435463482098358e+00
-6.1435463482098358e+00
0.0000000000000000e+00
-5.7092562609669626e+00
-5.7092562609669626e+00
0.0000000000000000e+00
-5.7396517557529751e+00
-5.7396517557529751e+00
0.0000000000000000e+00
-5.7635754347969534e+00
-5.7635754347969534e+00
0.0000000000000000e+00
-5.7898285946505634e+00
-5.7898285946505634e+00
0.0000000000000000e+00
-6.0044481849313591e+00
-6.0044481849313591e+00
0.0000000000000000e+00
-6.2962760399905626e+00
-6.2962760399905626e+00
0.0000000000000000e+00
-7.5298749205516984e+00
-7.5298749205516984e+00
0.0000000000000000e+00
-8.0558492364565844e+00
-8.0558492364565844e+00
0.0000000000000000e+00
-7.3320215846089756e+00
-7.3320215846089756e+00
0.0000000000000000e+00
-6.2731947520288642e+00
-6.2731947520288642e+00
0.0000000000000000e+00
-6.2328394869044859e+00
-6.2328394869044859e+00
0.0000000000000000e+00
-7.8503503137327710e+00
-7.8503503137327710e+00
0.0000000000000000e+00
-8.5583282573452877e+00
-8.5583282573452877e+00
0.0000000000000000e+00
-6.4348501221897525e+00
-6.4348501221897525e+00
0.0000000000000000e+00
-6.6691578810087524e+00
-6.6691578810087524e+00
0.0000000000000000e+00
-7.0833378737235222e+00
-7.0833378737235222e+00
0.0000000000000000e+00
-6.4821020012581299e+00
-6.4821020012581299e+00
0.0000000000000000e+00
-6.5454920991967409e+00
-6.5454920991967409e+00
0.0000000000000000e+00
-6.4898632560295431e+00
-6.4898632560295431e+00
0.0000000000000000e+00
-6.5506435872753865e+00
-6.5506435872753865e+00
0.0000000000000000e+00
-6.5598618446850301e+00
-6.5598618446850301e+00
0.0000000000000000e+00
-6.8920558082529064e+00
-6.8920558082529064e+00
0.0000000000000000e+00
-7.0229671240194262e+00
-7.0229671240194262e+00
0.0000000000000000e+00
-7.5095286819828253e+00
-7.5095286819828253e+00
0.0000000000000000e+00
-7.0935486242608654e+00
-7.0935486242608654e+00
0.0000000000000000e+00
-6.8255452374759651e+00
-6.8255452374759651e+00
0.0000000000000000e+00
-7.0331746985034069e+00
-7.0331746985034069e+00
0.0000000000000000e+00
-7.0536162530422839e+00
-7.0536162530422839e+00
0.0000000000000000e+00
-7.4886448940509087e+00
-7.4886448940509087e+00
0.0000000000000000e+00
-7.4784130144680301e+00
-7.4784130144680301e+00
0.0000000000000000e+00
-7.4742672117902398e+00
-7.4742672117902398e+00
0.0000000000000000e+00
-8.4844188813285779e+00
-8.4844188813285779e+00
0.0000000000000000e+00
-7.9265857608191430e+00
-7.9265857608191430e+00
0.0000000000000000e+00
-6.9483803461058011e+00
-6.9483803461058011e+00
0.0000000000000000e+00
-7.0926928550736488e+00
-7.0926928550736488e+00
0.0000000000000000e+00
-6.8058915624392746e+00
-6.8058915624392746e+00
0.0000000000000000e+00
-6.6195204948960935e+00
-6.6195204948960935e+00
0.0000000000000000e+00
-6.8986524479569571e+00
-6.8986524479569571e+00
0.0000000000000000e+00
-6.9288540909876621e+00
-6.9288540909876621e+00
0.0000000000000000e+00
-6.7416671941870927e+00
-6.7416671941870927e+00
0.0000000000000000e+00
-6.9512137545637200e+00
-6.9512137545637200e+00
0.0000000000000000e+00
-6.9313472066678354e+00
-6.9313472066678354e+00
0.0000000000000000e+00
-6.7536485703121194e+00
-6.7536485703121194e+00
0.0000000000000000e+00
-6.3659220167631636e+00
-6.3659220167631636e+00
0.0000000000000000e+00
-6.6878551638096733e+00
-6.6878551638096733e+00
0.0000000000000000e+00
-7.3105780960141207e+00
-7.3105780960141207e+00
0.0000000000000000e+00
-7.2875892507350697e+00
-7.2875892507350697e+00
0.0000000000000000e+00
-7.2023589518574713e+00
-7.2023589518574713e+00
0.0000000000000000e+00
-6.7462951009122119e+00
-6.7462951009122119e+00
0.0000000000000000e+00
-6.6369831154254175e+00
-6.6369831154254175e+00
0.0000000000000000e+00
-6.2677503602781046e+00
-6.2677503602781046e+00
0.0000000000000000e+00
-6.6302621994548439e+00
-6.6302621994548439e+00
0.0000000000000000e+00
-6.6320234859345977e+00
-6.6320234859345977e+00
0.0000000000000000e+00
-6.7528910548900409e+00
-6.7528910548900409e+00
0.0000000000000000e+00
-6.8940564027200031e+00
-6.8940564027200031e+00
0.0000000000000000e+00
-7.1084599626959726e+00
-7.1084599626959726e+00
0.0000000000000000e+00
-7.2790736599315595e+00
-7.2790736599315595e+00
0.0000000000000000e+00
-6.5223519328039901e+00
-6.5223519328039901e+00
0.0000000000000000e+00
-6.7504204711130908e+00
-6.7504204711130908e+00
0.0000000000000000e+00
-6.7798296611768070e+00
-6.7798296611768070e+00
0.0000000000000000e+00
-7.0718634428574614e+00
-7.0718634428574614e+00
0.0000000000000000e+00
-6.5631587570921788e+00
-6.5631587570921788e+00
0.0000000000000000e+00
-6.5502489456993391e+00
-6.5502489456993391e+00
0.0000000000000000e+00
-6.6005913398317517e+00
-6.6005913398317517e+00
0.0000000000000000e+00
-6.5753207357029444e+00
-6.5753207357029444e+00
0.0000000000000000e+00
-7.1922245418093169e+00
-7.1922245418093169e+00
0.0000000000000000e+00
-6.9324755203620043e+00
-6.9324755203620043e+00
0.0000000000000000e+00
-5.2778147430479727e+00
-5.2778147430479727e+00
0.0000000000000000e+00
-5.3821198865251292e+00
-5.3821198865251292e+00
0.0000000000000000e+00
-5.8441736615586857e+00
-5.8441736615586857e+00
0.0000000000000000e+00
-7.0592513806835573e+00
-7.0592513806835573e+00
0.0000000000000000e+00
-7.0398617664042309e+00
-7.0398617664042309e+00
0.0000000000000000e+00
-6.7914171651164787e+00
-6.7914171651164787e+00
0.0000000000000000e+00
-6.2068867706745978e+00
-6.2068867706745978e+00
0.0000000000000000e+00
-6.2466407402045858e+00
-6.2466407402045858e+00
0.0000000000000000e+00
-7.1355998017357347e+00
-7.1355998017357347e+00
0.0000000000000000e+00
-6.5465439228734130e+00
-6.5465439228734130e+00
0.0000000000000000e+00
-5.2876146646123390e+00
-5.2876146646123390e+00
0.0000000000000000e+00
-5.2871439295782006e+00
-5.2871439295782006e+00
0.0000000000000000e+00
-5.9817458472502798e+00
-5.9817458472502798e+00
0.0000000000000000e+00
-6.1722070505668629e+00
-6.1722070505668629e+00
0.0000000000000000e+00
-6.4097925255225272e+00
-6.4097925255225272e+00
0.0000000000000000e+00
-6.2844394968447013e+00
-6.2844394968447013e+00
0.0000000000000000e+00
-6.6999064093177854e+00
-6.6999064093177854e+00
0.0000000000000000e+00
-6.2549487647555173e+00
-6.2549487647555173e+00
0.0000000000000000e+00
-5.1120664578602977e+00
-5.1120664578602977e+00
0.0000000000000000e+00
-5.2488227421138083e+00
-5.2488227421138083e+00
0.0000000000000000e+00
-6.0671621101846425e+00
-6.0671621101846425e+00
0.0000000000000000e+00
-6.4713418277894181e+00
-6.4713418277894181e+00
0.0000000000000000e+00
-6.0218505165009617e+00
-6.0218505165009617e+00
0.0000000000000000e+00
-5.9236042982152295e+00
-5.9236042982152295e+00
0.0000000000000000e+00
-6.6100199803375235e+00
-6.6100199803375235e+00
0.0000000000000000e+00
-7.2256868621390264e+00
-7.2256868621390264e+00
0.0000000000000000e+00
-6.8963631330622608e+00
-6.8963631330622608e+00
0.0000000000000000e+00
-6.2387873300626389e+00
-6.2387873300626389e+00
0.0000000000000000e+00
-6.4446847843567294e+00
-6.4446847843567294e+00
0.0000000000000000e+00
-5.9859080566801657e+00
-5.9859080566801657e+00
0.0000000000000000e+00
-6.0424389525491327e+00
-6.0424389525491327e+00
0.0000000000000000e+00
-5.6885544755736053e+00
-5.6885544755736053e+00
0.0000000000000000e+00
-5.2021286064362595e+00
-5.2021286064362595e+00
0.0000000000000000e+00
-5.1160265054834815e+00
-5.1160265054834815e+00
0.0000000000000000e+00
-5.3923558283756874e+00
-5.3923558283756874e+00
0.0000000000000000e+00
-5.5687218074060647e+00
-5.5687218074060647e+00
0.0000000000000000e+00
-5.4556552148594797e+00
-5.4556552148594797e+00
0.0000000000000000e+00
-5.3767166273670934e+00
-5.3767166273670934e+00
0.0000000000000000e+00
-5.9660982151715549e+00
-5.9660982151715549e+00
0.0000000000000000e+00
-5.3840897124091569e+00
-5.3840897124091569e+00
0.0000000000000000e+00
-5.5277113376271743e+00
-5.5277113376271743e+00
0.0000000000000000e+00
-5.6326022497947399e+00
-5.6326022497947399e+00
0.0000000000000000e+00
-5.6233373001308360e+00
-5.6233373001308360e+00
0.0000000000000000e+00
-6.3184561326335889e+00
-6.3184561326335889e+00
0.0000000000000000e+00
-6.2999377085930224e+00
-6.2999377085930224e+00
0.0000000000000000e+00
-6.8959315601157485e+00
-6.8959315601157485e+00
0.0000000000000000e+00
-8.0758298977441392e+00
-8.0758298977441392e+00
0.0000000000000000e+00
-8.0159111045111828e+00
-8.0159111045111828e+00
0.0000000000000000e+00
-7.4749600609300950e+00
-7.4749600609300950e+00
0.0000000000000000e+00
-7.6796350490551895e+00
-7.6796350490551895e+00
0.0000000000000000e+00
-7.4454593852307820e+00
-7.4454593852307820e+00
0.0000000000000000e+00
-6.4304948721174666e+00
-6.4304948721174666e+00
0.0000000000000000e+00
-5.6867956518361513e+00
-5.6867956518361513e+00
0.0000000000000000e+00
-5.5450033911683043e+00
-5.5450033911683043e+00
0.0000000000000000e+00
-7.0758822931968517e+00
-7.0758822931968517e+00
0.0000000000000000e+00
-6.4732857764739054e+00
-6.4732857764739054e+00
0.0000000000000000e+00
-6.5760525901323374e+00
-6.5760525901323374e+00
0.0000000000000000e+00
-6.4539214304818238e+00
-6.4539214304818238e+00
0.0000000000000000e+00
-6.0020516320337336e+00
-6.0020516320337336e+00
0.0000000000000000e+00
-5.7781693188182217e+00
-5.7781693188182217e+00
0.0000000000000000e+00
-6.0099996711403394e+00
-6.0099996711403394e+00
0.0000000000000000e+00
-6.3130638336897489e+00
-6.3130638336897489e+00
0.0000000000000000e+00
-5.8394204125944338e+00
-5.8394204125944338e+00
0.0000000000000000e+00
-5.8949107823097080e+00
-5.8949107823097080e+00
0.0000000000000000e+00
-6.0777484903606522e+00
-6.0777484903606522e+00
0.0000000000000000e+00
-6.0969670172884136e+00
-6.0969670172884136e+00
0.0000000000000000e+00
-6.2048088988972285e+00
-6.2048088988972285e+00
0.0000000000000000e+00
-6.3568087558225734e+00
-6.3568087558225734e+00
0.0000000000000000e+00
-6.8508416612466156e+00
-6.8508416612466156e+00
0.0000000000000000e+00
-7.5595375697653004e+00
-7.5595375697653004e+00
0.0000000000000000e+00
-7.7515038257965561e+00
-7.7515038257965561e+00
0.0000000000000000e+00
-6.9686771022409095e+00
-6.9686771022409095e+00
0.0000000000000000e+00
-6.4480114806509903e+00
-6.4480114806509903e+00
0.0000000000000000e+00
-6.1696700254983270e+00
-6.1696700254983270e+00
0.0000000000000000e+00
-6.2241633398218585e+00
-6.2241633398218585e+00
0.0000000000000000e+00
-6.2791628416861647e+00
-6.2791628416861647e+00
0.0000000000000000e+00
-6.1433999076877974e+00
-6.1433999076877974e+00
0.0000000000000000e+00
-6.4859768389816228e+00
-6.4859768389816228e+00
0.0000000000000000e+00
-6.2228654922175446e+00
-6.2228654922175446e+00
0.0000000000000000e+00
-5.9035893996313753e+00
-5.9035893996313753e+00
0.0000000000000000e+00
-5.8158254318639218e+00
-5.8158254318639218e+00
0.0000000000000000e+00
-6.3993267910564278e+00
-6.3993267910564278e+00
0.0000000000000000e+00
-6.2177856930244815e+00
-6.2177856930244815e+00
0.0000000000000000e+00
-6.0122530957126816e+00
-6.0122530957126816e+00
0.0000000000000000e+00
-5.8545321154166032e+00
-5.8545321154166032e+00
0.0000000000000000e+00
-6.0930762625088501e+00
-6.0930762625088501e+00
0.0000000000000000e+00
-5.7172933713715945e+00
-5.7172933713715945e+00
0.0000000000000000e+00
-6.2972934628224655e+00
-6.2972934628224655e+00
0.0000000000000000e+00
-5.9768915959325408e+00
-5.9768915959325408e+00
0.0000000000000000e+00
-6.2584749517811549e+00
-6.2584749517811549e+00
0.0000000000000000e+00
-5.6666286494780067e+00
-5.6666286494780067e+00
0.0000000000000000e+00
-5.5832558213285886e+00
-5.5832558213285886e+00
0.0000000000000000e+00
-5.5404256712251918e+00
-5.5404256712251918e+00
0.0000000000000000e+00
-5.7461511725581449e+00
-5.7461511725581449e+00
0.0000000000000000e+00
-6.5882962884312226e+00
-6.5882962884312226e+00
0.0000000000000000e+00
-6.6250721260472663e+00
-6.6250721260472663e+00
0.0000000000000000e+00
-6.5516401088892824e+00
-6.5516401088892824e+00
0.0000000000000000e+00
-5.1127998468946556e+00
-5.1127998468946556e+00
0.0000000000000000e+00
-6.5603975451518153e+00
-6.5603975451518153e+00
0.0000000000000000e+00
-6.9862944639183642e+00
-6.9862944639183642e+00
0.0000000000000000e+00
-7.1919699445626932e+00
-7.1919699445626932e+00
0.0000000000000000e+00
-6.6639939720587167e+00
-6.6639939720587167e+00
0.0000000000000000e+00
-6.2198394612758952e+00
-6.2198394612758952e+00
0.0000000000000000e+00
-5.8045490099941999e+00
-5.8045490099941999e+00
0.0000000000000000e+00
-5.8484588160992441e+00
-5.8484588160992441e+00
0.0000000000000000e+00
-7.3254336866408600e+00
-7.3254336866408600e+00
0.0000000000000000e+00
-6.8675677352300690e+00
-6.8675677352300690e+00
0.0000000000000000e+00
-5.4596599938371284e+00
-5.4596599938371284e+00
0.0000000000000000e+00
-5.8297422194296979e+00
-5.8297422194296979e+00
0.0000000000000000e+00
-6.3804922769349988e+00
-6.3804922769349988e+00
0.0000000000000000e+00
-5.7701432322012893e+00
-5.7701432322012893e+00
0.0000000000000000e+00
-5.6413031403004483e+00
-5.6413031403004483e+00
0.0000000000000000e+00
-6.1912214503778475e+00
-6.1912214503778475e+00
0.0000000000000000e+00
-6.5955777521687935e+00
-6.5955777521687935e+00
0.0000000000000000e+00
-5.2405909603768652e+00
-5.2405909603768652e+00
0.0000000000000000e+00
-6.4085327723887424e+00
-6.4085327723887424e+00
0.0000000000000000e+00
-6.8123364565499944e+00
-6.8123364565499944e+00
0.0000000000000000e+00
-5.6335880619276555e+00
-5.6335880619276555e+00
0.0000000000000000e+00
-5.9681058166510210e+00
-5.9681058166510210e+00
0.0000000000000000e+00
-6.1216579651017415e+00
-6.1216579651017415e+00
0.0000000000000000e+00
-6.1425408747384500e+00
-6.1425408747384500e+00
0.0000000000000000e+00
-6.1738402020713128e+00
-6.1738402020713128e+00
0.0000000000000000e+00
-6.4030790864069473e+00
-6.4030790864069473e+00
0.0000000000000000e+00
-6.6763768098476834e+00
-6.6763768098476834e+00
0.0000000000000000e+00
-7.1089217297755969e+00
-7.1089217297755969e+00
0.0000000000000000e+00
-6.9927301736184990e+00
-6.9927301736184990e+00
0.0000000000000000e+00
-1.0048281534796965e+01
-1.0048281534796965e+01
0.0000000000000000e+00
-9.1498616465486169e+00
-9.1498616465486169e+00
0.0000000000000000e+00
-9.3001794480051210e+00
-9.3001794480051210e+00
0.0000000000000000e+00
-9.9238256634546325e+00
-9.9238256634546325e+00
0.0000000000000000e+00
-5.8599354419820244e+00
-5.8599354419820244e+00
0.0000000000000000e+00
-6.7873540694337446e+00
-6.7873540694337446e+00
0.0000000000000000e+00
-7.3721986892752351e+00
-7.3721986892752351e+00
0.0000000000000000e+00
-6.6290700402405438e+00
-6.6290700402405438e+00
0.0000000000000000e+00
-6.7032781307448861e+00
-6.7032781307448861e+00
0.0000000000000000e+00
-6.0088525610858188e+00
-6.0088525610858188e+00
0.0000000000000000e+00
-6.1635613969474843e+00
-6.1635613969474843e+00
0.0000000000000000e+00
-5.7095613986409983e+00
-5.7095613986409983e+00
0.0000000000000000e+00
-6.7408540629570863e+00
-6.7408540629570863e+00
0.0000000000000000e+00
-7.1164449293570726e+00
-7.1164449293570726e+00
0.0000000000000000e+00
-6.0151506115705526e+00
-6.0151506115705526e+00
0.0000000000000000e+00
-4.9263918174183159e+00
-4.9263918174183159e+00
0.0000000000000000e+00
-6.8824841860284147e+00
-6.8824841860284147e+00
0.0000000000000000e+00
-7.0640446320444301e+00
-7.0640446320444301e+00
0.0000000000000000e+00
-6.6123745984874045e+00
-6.6123745984874045e+00
0.0000000000000000e+00
-5.4790018322063787e+00
-5.4790018322063787e+00
0.0000000000000000e+00
-5.4325169580005372e+00
-5.4325169580005372e+00
0.0000000000000000e+00
-5.4944653313497085e+00
-5.4944653313497085e+00
0.0000000000000000e+00
-7.3996096517460126e+00
-7.3996096517460126e+00
0.0000000000000000e+00
-7.9552181518982250e+00
-7.9552181518982250e+00
0.0000000000000000e+00
-1.1171295323476071e+01
-1.1171295323476071e+01
0.0000000000000000e+00
-5.6126725797072874e+00
-5.6126725797072874e+00
0.0000000000000000e+00
-5.5957639169412738e+00
-5.5957639169412738e+00
0.0000000000000000e+00
-5.8791536626915839e+00
-5.8791536626915839e+00
0.0000000000000000e+00
-6.7448804103410920e+00
-6.7448804103410920e+00
0.0000000000000000e+00
-7.5763361930971973e+00
-7.5763361930971973e+00
0.0000000000000000e+00
-7.6181627777709515e+00
-7.6181627777709515e+00
0.0000000000000000e+00
-7.3395595642743885e+00
-7.3395595642743885e+00
0.0000000000000000e+00
-7.9253391624769707e+00
-7.9253391624769707e+00
0.0000000000000000e+00
-7.8827930905707904e+00
-7.8827930905707904e+00
0.0000000000000000e+00
-6.7903271540829397e+00
-6.7903271540829397e+00
0.0000000000000000e+00
-7.0839251896240798e+00
-7.0839251896240798e+00
0.0000000000000000e+00
-7.5124392442911647e+00
-7.5124392442911647e+00
0.0000000000000000e+00
-6.8776213261265875e+00
-6.8776213261265875e+00
0.0000000000000000e+00
-8.3634439740065982e+00
-8.3634439740065982e+00
0.0000000000000000e+00
-9.3104844916531206e+00
-9.3104844916531206e+00
0.0000000000000000e+00
-9.3381940346296410e+00
-9.3381940346296410e+00
0.0000000000000000e+00
-9.2595429947755505e+00
-9.2595429947755505e+00
0.0000000000000000e+00
-8.9728659081736843e+00
-8.9728659081736843e+00
0.0000000000000000e+00
-8.5989908100197248e+00
-8.5989908100197248e+00
0.0000000000000000e+00
-8.3560856405388382e+00
-8.3560856405388382e+00
0.0000000000000000e+00
-6.6993254956111716e+00
-6.6993254956111716e+00
0.0000000000000000e+00
-5.6208926735570888e+00
-5.6208926735570888e+00
0.0000000000000000e+00
-5.5868756485566688e+00
-5.5868756485566688e+00
0.0000000000000000e+00
-5.5889056724142865e+00
-5.5889056724142865e+00
0.0000000000000000e+00
-5.6142084441829745e+00
-5.6142084441829745e+00
0.0000000000000000e+00
-6.2244123948185761e+00
-6.2244123948185761e+00
0.0000000000000000e+00
-6.2697043322605106e+00
-6.2697043322605106e+00
0.0000000000000000e+00
-5.5051750619240654e+00
-5.5051750619240654e+00
0.0000000000000000e+00
-5.7735151472893964e+00
-5.7735151472893964e+00
0.0000000000000000e+00
-5.5706522759831580e+00
-5.5706522759831580e+00
0.0000000000000000e+00
-6.4703575647033080e+00
-6.4703575647033080e+00
0.0000000000000000e+00
-6.9217685395348116e+00
-6.9217685395348116e+00
0.0000000000000000e+00
-7.6624081175934222e+00
-7.6624081175934222e+00
0.0000000000000000e+00
-8.1569790372467761e+00
-8.1569790372467761e+00
0.0000000000000000e+00
-6.5199079273796343e+00
-6.5199079273796343e+00
0.0000000000000000e+00
-6.3735571807500557e+00
-6.3735571807500557e+00
0.0000000000000000e+00
-6.2761253840749776e+00
-6.2761253840749776e+00
0.0000000000000000e+00
-5.6310922214651242e+00
-5.6310922214651242e+00
0.0000000000000000e+00
-5.7052940777576637e+00
-5.7052940777576637e+00
0.0000000000000000e+00
-5.6566869498856942e+00
-5.6566869498856942e+00
0.0000000000000000e+00
-5.7081528696645236e+00
-5.7081528696645236e+00
0.0000000000000000e+00
-5.9971200064865897e+00
-5.9971200064865897e+00
0.0000000000000000e+00
-5.6166508782934779e+00
-5.6166508782934779e+00
0.0000000000000000e+00
-5.6357928837833287e+00
-5.6357928837833287e+00
0.0000000000000000e+00
-5.7474285087356414e+00
-5.7474285087356414e+00
0.0000000000000000e+00
-5.6886788370061563e+00
-5.6886788370061563e+00
0.0000000000000000e+00
-5.4177348644967322e+00
-5.4177348644967322e+00
0.0000000000000000e+00
-6.2574773036449951e+00
-6.2574773036449951e+00
0.0000000000000000e+00
-5.7030455021775479e+00
-5.7030455021775479e+00
0.0000000000000000e+00
-5.2724471107485407e+00
-5.2724471107485407e+00
0.0000000000000000e+00
-5.4546859060828519e+00
-5.4546859060828519e+00
0.0000000000000000e+00
-5.6323499525016532e+00
-5.6323499525016532e+00
0.0000000000000000e+00
-6.6195620093387584e+00
-6.6195620093387584e+00
0.0000000000000000e+00
-5.5297394881983744e+00
-5.5297394881983744e+00
0.0000000000000000e+00
-6.2730319874976042e+00
-6.2730319874976042e+00
0.0000000000000000e+00
-5.7385660329653909e+00
-5.7385660329653909e+00
0.0000000000000000e+00
-6.1882781692387292e+00
-6.1882781692387292e+00
0.0000000000000000e+00
-6.7109770669540261e+00
-6.7109770669540261e+00
0.0000000000000000e+00
-6.2042670305809846e+00
-6.2042670305809846e+00
0.0000000000000000e+00
-5.8955618865049075e+00
-5.8955618865049075e+00
0.0000000000000000e+00
-6.0049089981479682e+00
-6.0049089981479682e+00
0.0000000000000000e+00
-6.5414660658041299e+00
-6.5414660658041299e+00
0.0000000000000000e+00
-6.3201356173653043e+00
-6.3201356173653043e+00
0.0000000000000000e+00
-6.1585748101911193e+00
-6.1585748101911193e+00
0.0000000000000000e+00
-5.8344764060523637e+00
-5.8344764060523637e+00
0.0000000000000000e+00
-5.8935421237650605e+00
-5.8935421237650605e+00
0.0000000000000000e+00
-6.0908988882766222e+00
-6.0908988882766222e+00
0.0000000000000000e+00
-6.2619516311778325e+00
-6.2619516311778325e+00
0.0000000000000000e+00
-6.6697931363158780e+00
-6.6697931363158780e+00
0.0000000000000000e+00
-7.2518189275369576e+00
-7.2518189275369576e+00
0.0000000000000000e+00
-8.1527752009838643e+00
-8.1527752009838643e+00
0.0000000000000000e+00
-7.8293166470206312e+00
-7.8293166470206312e+00
0.0000000000000000e+00
-7.3217700455411290e+00
-7.3217700455411290e+00
0.0000000000000000e+00
-8.8277166930556543e+00
-8.8277166930556543e+00
0.0000000000000000e+00
-7.7685867181288621e+00
-7.7685867181288621e+00
0.0000000000000000e+00
-7.3337131136962777e+00
-7.3337131136962777e+00
0.0000000000000000e+00
-7.3174095997344848e+00
-7.3174095997344848e+00
0.0000000000000000e+00
-6.2740743856965180e+00
-6.2740743856965180e+00
0.0000000000000000e+00
-7.5024207657616984e+00
-7.5024207657616984e+00
0.0000000000000000e+00
-7.5086075095534790e+00
-7.5086075095534790e+00
0.0000000000000000e+00
-7.4274270270141560e+00
-7.4274270270141560e+00
0.0000000000000000e+00
-7.9258822829536966e+00
-7.9258822829536966e+00
0.0000000000000000e+00
-7.6424785360932148e+00
-7.6424785360932148e+00
0.0000000000000000e+00
-7.0350258818651419e+00
-7.0350258818651419e+00
0.0000000000000000e+00
-6.5027675363558490e+00
-6.5027675363558490e+00
0.0000000000000000e+00
-7.0390291276753851e+00
-7.0390291276753851e+00
0.0000000000000000e+00
-6.5786778756084825e+00
-6.5786778756084825e+00
0.0000000000000000e+00
-6.1339675236855822e+00
-6.1339675236855822e+00
0.0000000000000000e+00
-6.5548382428741698e+00
-6.5548382428741698e+00
0.0000000000000000e+00
-6.8262594495227287e+00
-6.8262594495227287e+00
0.0000000000000000e+00
-5.8625799040458153e+00
-5.8625799040458153e+00
0.0000000000000000e+00
-5.8491414577335421e+00
-5.8491414577335421e+00
0.0000000000000000e+00
-5.6361352776279716e+00
-5.6361352776279716e+00
0.0000000000000000e+00
-6.2291782577167449e+00
-6.2291782577167449e+00
0.0000000000000000e+00
-6.1387950254636605e+00
-6.1387950254636605e+00
0.0000000000000000e+00
-6.2492397507938433e+00
-6.2492397507938433e+00
0.0000000000000000e+00
-6.2923200328581359e+00
-6.2923200328581359e+00
0.0000000000000000e+00
-7.5203889117215255e+00
-7.5203889117215255e+00
0.0000000000000000e+00
-8.0687278407817651e+00
-8.0687278407817651e+00
0.0000000000000000e+00
-8.2464480057492722e+00
-8.2464480057492722e+00
0.0000000000000000e+00
-7.1394190751159581e+00
-7.1394190751159581e+00
0.0000000000000000e+00
-6.1690210476573819e+00
-6.1690210476573819e+00
0.0000000000000000e+00
-5.8269865403388490e+00
-5.8269865403388490e+00
0.0000000000000000e+00
-5.7984411251528334e+00
-5.7984411251528334e+00
0.0000000000000000e+00
-6.3271664385545971e+00
-6.3271664385545971e+00
0.0000000000000000e+00
-6.8278416913129831e+00
-6.8278416913129831e+00
0.0000000000000000e+00
-6.3797133286726782e+00
-6.3797133286726782e+00
0.0000000000000000e+00
-6.0869772155041364e+00
-6.0869772155041364e+00
0.0000000000000000e+00
-5.6648614261210817e+00
-5.6648614261210817e+00
0.0000000000000000e+00
-5.7084297331548326e+00
-5.7084297331548326e+00
0.0000000000000000e+00
-6.6071413967706087e+00
-6.6071413967706087e+00
0.0000000000000000e+00
-7.6229161801633545e+00
-7.6229161801633545e+00
0.0000000000000000e+00
-7.5903149854412995e+00
-7.5903149854412995e+00
0.0000000000000000e+00
-6.3272345924572777e+00
-6.3272345924572777e+00
0.0000000000000000e+00
-6.4075066659113507e+00
-6.4075066659113507e+00
0.0000000000000000e+00
-6.9952835969416771e+00
-6.9952835969416771e+00
0.0000000000000000e+00
-6.7635543030074565e+00
-6.7635543030074565e+00
0.0000000000000000e+00
-6.7634671177392045e+00
-6.7634671177392045e+00
0.0000000000000000e+00
-5.7590776721179884e+00
-5.7590776721179884e+00
0.0000000000000000e+00
-5.3205502809215055e+00
-5.3205502809215055e+00
0.0000000000000000e+00
-5.2684939677075411e+00
-5.2684939677075411e+00
0.0000000000000000e+00
-5.9366985543339563e+00
-5.9366985543339563e+00
0.0000000000000000e+00
-5.8213958830960335e+00
-5.8213958830960335e+00
0.0000000000000000e+00
-5.6422594668116854e+00
-5.6422594668116854e+00
0.0000000000000000e+00
-5.5512087447481040e+00
-5.5512087447481040e+00
0.0000000000000000e+00
-6.2980491046852087e+00
-6.2980491046852087e+00
0.0000000000000000e+00
-6.3469676862515421e+00
-6.3469676862515421e+00
0.0000000000000000e+00
-6.6814462363431213e+00
-6.6814462363431213e+00
0.0000000000000000e+00
-6.4550751470826668e+00
-6.4550751470826668e+00
0.0000000000000000e+00
-6.5984201472009918e+00
-6.5984201472009918e+00
0.0000000000000000e+00
-5.0175785630749852e+00
-5.0175785630749852e+00
0.0000000000000000e+00
-5.6674159780823112e+00
-5.6674159780823112e+00
0.0000000000000000e+00
-4.9940813721558293e+00
-4.9940813721558293e+00
0.0000000000000000e+00
-5.0745675228159319e+00
-5.0745675228159319e+00
0.0000000000000000e+00
-5.4083045315676648e+00
-5.4083045315676648e+00
0.0000000000000000e+00
-5.4118716482877112e+00
-5.4118716482877112e+00
0.0000000000000000e+00
-5.6747314223962020e+00
-5.6747314223962020e+00
0.0000000000000000e+00
-5.4440686951199009e+00
-5.4440686951199009e+00
0.0000000000000000e+00
-6.3040654416134760e+00
-6.3040654416134760e+00
0.0000000000000000e+00
-6.5004073746147881e+00
-6.5004073746147881e+00
0.0000000000000000e+00
-6.5963073699821910e+00
-6.5963073699821910e+00
0.0000000000000000e+00
-5.9469033746134254e+00
-5.9469033746134254e+00
0.0000000000000000e+00
-5.5780892708484631e+00
-5.5780892708484631e+00
0.0000000000000000e+00
-5.3467250241259743e+00
-5.3467250241259743e+00
0.0000000000000000e+00
-5.4562906484454317e+00
-5.4562906484454317e+00
0.0000000000000000e+00
-5.9843783334554335e+00
-5.9843783334554335e+00
0.0000000000000000e+00
-5.7576277351221528e+00
-5.7576277351221528e+00
0.0000000000000000e+00
-6.1113052786681878e+00
-6.1113052786681878e+00
0.0000000000000000e+00
-5.9897070960948362e+00
-5.9897070960948362e+00
0.0000000000000000e+00
-6.9384843383763597e+00
-6.9384843383763597e+00
0.0000000000000000e+00
-6.0940160303661024e+00
-6.0940160303661024e+00
0.0000000000000000e+00
-5.6077433213966028e+00
-5.6077433213966028e+00
0.0000000000000000e+00
-5.3749844601502001e+00
-5.3749844601502001e+00
0.0000000000000000e+00
-4.9596282947539860e+00
-4.9596282947539860e+00
0.0000000000000000e+00
-5.3349145188720737e+00
-5.3349145188720737e+00
0.0000000000000000e+00
-4.9673534102929402e+00
-4.9673534102929402e+00
0.0000000000000000e+00
-4.9542823433635315e+00
-4.9542823433635315e+00
0.0000000000000000e+00
-4.9425684275408770e+00
-4.9425684275408770e+00
0.0000000000000000e+00
-5.0521031645625820e+00
-5.0521031645625820e+00
0.0000000000000000e+00
-4.9343114560250685e+00
-4.9343114560250685e+00
0.0000000000000000e+00
-5.1515715916734584e+00
-5.1515715916734584e+00
0.0000000000000000e+00
-5.1283043508958279e+00
-5.1283043508958279e+00
0.0000000000000000e+00
-5.1895395484140741e+00
-5.1895395484140741e+00
0.0000000000000000e+00
-6.8974751543076032e+00
-6.8974751543076032e+00
0.0000000000000000e+00
-5.6500330401539651e+00
-5.6500330401539651e+00
0.0000000000000000e+00
-6.6164854392800123e+00
-6.6164854392800123e+00
0.0000000000000000e+00
-6.0284246477863102e+00
-6.0284246477863102e+00
0.0000000000000000e+00
-6.8029306250054224e+00
-6.8029306250054224e+00
0.0000000000000000e+00
-7.3949761943332462e+00
-7.3949761943332462e+00
0.0000000000000000e+00
-6.1432054349663350e+00
-6.1432054349663350e+00
0.0000000000000000e+00
-6.0999443298534555e+00
-6.0999443298534555e+00
0.0000000000000000e+00
-5.4434711088938288e+00
-5.4434711088938288e+00
0.0000000000000000e+00
-5.3517171493792643e+00
-5.3517171493792643e+00
0.0000000000000000e+00
-5.7221978531186455e+00
-5.7221978531186455e+00
0.0000000000000000e+00
-6.1899679903360187e+00
-6.1899679903360187e+00
0.0000000000000000e+00
-6.7027348622409475e+00
-6.7027348622409475e+00
0.0000000000000000e+00
-5.5088810455087716e+00
-5.5088810455087716e+00
0.0000000000000000e+00
-5.4127874661494317e+00
-5.4127874661494317e+00
0.0000000000000000e+00
-5.6598927756597828e+00
-5.6598927756597828e+00
0.0000000000000000e+00
-6.0400914623295163e+00
-6.0400914623295163e+00
0.0000000000000000e+00
-5.5964445536324501e+00
-5.5964445536324501e+00
0.0000000000000000e+00
-5.4158981979432141e+00
-5.4158981979432141e+00
0.0000000000000000e+00
-5.1588763295745466e+00
-5.1588763295745466e+00
0.0000000000000000e+00
-5.5092885201289725e+00
-5.5092885201289725e+00
0.0000000000000000e+00
-5.0376292353972314e+00
-5.0376292353972314e+00
0.0000000000000000e+00
-5.0320637181586241e+00
-5.0320637181586241e+00
0.0000000000000000e+00
-4.8814365266799378e+00
-4.8814365266799378e+00
0.0000000000000000e+00
-4.9408842969392941e+00
-4.9408842969392941e+00
0.0000000000000000e+00
-4.9311607675126474e+00
-4.9311607675126474e+00
0.0000000000000000e+00
-5.2300627040109724e+00
-5.2300627040109724e+00
0.0000000000000000e+00
-5.4925279135060832e+00
-5.4925279135060832e+00
0.0000000000000000e+00
-6.0187186063037093e+00
-6.0187186063037093e+00
0.0000000000000000e+00
-5.4104926542286034e+00
-5.4104926542286034e+00
0.0000000000000000e+00
-5.1742849721183521e+00
-5.1742849721183521e+00
0.0000000000000000e+00
-5.2880360518750855e+00
-5.2880360518750855e+00
0.0000000000000000e+00
-5.1831783637587945e+00
-5.1831783637587945e+00
0.0000000000000000e+00
-4.9961999033494280e+00
-4.9961999033494280e+00
0.0000000000000000e+00
-5.0045412428457254e+00
-5.0045412428457254e+00
0.0000000000000000e+00
-5.2826862967591239e+00
-5.2826862967591239e+00
0.0000000000000000e+00
-5.0135401809960731e+00
-5.0135401809960731e+00
0.0000000000000000e+00
-5.2663303546378399e+00
-5.2663303546378399e+00
0.0000000000000000e+00
-6.2020487584642430e+00
-6.2020487584642430e+00
0.0000000000000000e+00
-6.5624948878050011e+00
-6.5624948878050011e+00
0.0000000000000000e+00
-4.9869204146173836e+00
-4.9869204146173836e+00
0.0000000000000000e+00
-5.1583158609541275e+00
-5.1583158609541275e+00
0.0000000000000000e+00
-5.9668180340793970e+00
-5.9668180340793970e+00
0.0000000000000000e+00
-6.4976746642229006e+00
-6.4976746642229006e+00
0.0000000000000000e+00
-7.7329383593605261e+00
-7.7329383593605261e+00
0.0000000000000000e+00
-6.3286657325133353e+00
-6.3286657325133353e+00
0.0000000000000000e+00
-5.9962098757129931e+00
-5.9962098757129931e+00
0.0000000000000000e+00
-6.6567986154054690e+00
-6.6567986154054690e+00
0.0000000000000000e+00
-6.2164794738085583e+00
-6.2164794738085583e+00
0.0000000000000000e+00
-6.2831268955619111e+00
-6.2831268955619111e+00
0.0000000000000000e+00
-5.5594512380805732e+00
-5.5594512380805732e+00
0.0000000000000000e+00
-5.8815858924408166e+00
-5.8815858924408166e+00
0.0000000000000000e+00
-6.6568017243272379e+00
-6.6568017243272379e+00
0.0000000000000000e+00
-5.8198457691985013e+00
-5.8198457691985013e+00
0.0000000000000000e+00
-5.8080144128934235e+00
-5.8080144128934235e+00
0.0000000000000000e+00
-5.9362994744090409e+00
-5.9362994744090409e+00
0.0000000000000000e+00
-5.4372320315040135e+00
-5.4372320315040135e+00
0.0000000000000000e+00
-6.1065748603046428e+00
-6.1065748603046428e+00
0.0000000000000000e+00
-6.0630313044410578e+00
-6.0630313044410578e+00
0.0000000000000000e+00
-6.3202333562188802e+00
-6.3202333562188802e+00
0.0000000000000000e+00
-6.6661061319497730e+00
-6.6661061319497730e+00
0.0000000000000000e+00
-7.7354137155137996e+00
-7.7354137155137996e+00
0.0000000000000000e+00
-6.0959905573477151e+00
-6.0959905573477151e+00
0.0000000000000000e+00
-5.5486587366512179e+00
-5.5486587366512179e+00
0.0000000000000000e+00
-5.4653471540618632e+00
-5.4653471540618632e+00
0.0000000000000000e+00
-4.8978341115596598e+00
-4.8978341115596598e+00
0.0000000000000000e+00
-6.2753612476835015e+00
-6.2753612476835015e+00
0.0000000000000000e+00
-4.9634936870767392e+00
-4.9634936870767392e+00
0.0000000000000000e+00
-5.0097368214921376e+00
-5.0097368214921376e+00
0.0000000000000000e+00
-5.1329063532732073e+00
-5.1329063532732073e+00
0.0000000000000000e+00
-5.5470936477023276e+00
-5.5470936477023276e+00
0.0000000000000000e+00
-5.6677312293379032e+00
-5.6677312293379032e+00
0.0000000000000000e+00
-5.8567005333901134e+00
-5.8567005333901134e+00
0.0000000000000000e+00
-5.2722972924555869e+00
-5.2722972924555869e+00
0.0000000000000000e+00
-5.3521488198058620e+00
-5.3521488198058620e+00
0.0000000000000000e+00
-5.1709520895989041e+00
-5.1709520895989041e+00
0.0000000000000000e+00
-5.5295330002484269e+00
-5.5295330002484269e+00
0.0000000000000000e+00
-5.0727263849056916e+00
-5.0727263849056916e+00
0.0000000000000000e+00
-5.2694594863862800e+00
-5.2694594863862800e+00
0.0000000000000000e+00
-5.8972557725104693e+00
-5.8972557725104693e+00
0.0000000000000000e+00
-6.3660375507221465e+00
-6.3660375507221465e+00
0.0000000000000000e+00
-5.3117580530901716e+00
-5.3117580530901716e+00
0.0000000000000000e+00
-5.3089782387578488e+00
-5.3089782387578488e+00
0.0000000000000000e+00
-5.2852202524620981e+00
-5.2852202524620981e+00
0.0000000000000000e+00
-5.6952753143440065e+00
-5.6952753143440065e+00
0.0000000000000000e+00
-6.1898312794626946e+00
-6.1898312794626946e+00
0.0000000000000000e+00
-6.0073309714308056e+00
-6.0073309714308056e+00
0.0000000000000000e+00
-6.1633953439009321e+00
-6.1633953439009321e+00
0.0000000000000000e+00
-5.2368053823387495e+00
-5.2368053823387495e+00
0.0000000000000000e+00
-5.3278266733443438e+00
-5.3278266733443438e+00
0.0000000000000000e+00
-5.8867855675735132e+00
-5.8867855675735132e+00
0.0000000000000000e+00
-6.1608445796803046e+00
-6.1608445796803046e+00
0.0000000000000000e+00
-5.2987191206923567e+00
-5.2987191206923567e+00
0.0000000000000000e+00
-5.6015417397980611e+00
-5.6015417397980611e+00
0.0000000000000000e+00
-6.0461696767495265e+00
-6.0461696767495265e+00
0.0000000000000000e+00
-6.3425615385448531e+00
-6.3425615385448531e+00
0.0000000000000000e+00
-6.4410447376271538e+00
-6.4410447376271538e+00
0.0000000000000000e+00
-6.1221509228230602e+00
-6.1221509228230602e+00
0.0000000000000000e+00
-6.4479447616660455e+00
-6.4479447616660455e+00
0.0000000000000000e+00
-6.3229634025949055e+00
-6.3229634025949055e+00
0.0000000000000000e+00
-5.2518069265645728e+00
-5.2518069265645728e+00
0.0000000000000000e+00
-5.3636612424269892e+00
-5.3636612424269892e+00
0.0000000000000000e+00
-5.3013440430696770e+00
-5.3013440430696770e+00
0.0000000000000000e+00
-5.5167799058255831e+00
-5.5167799058255831e+00
0.0000000000000000e+00
-5.6045559001890854e+00
-5.6045559001890854e+00
0.0000000000000000e+00
-5.5711544714916279e+00
-5.5711544714916279e+00
0.0000000000000000e+00
-6.1294774571174786e+00
-6.1294774571174786e+00
0.0000000000000000e+00
-5.2422671395449170e+00
-5.2422671395449170e+00
0.0000000000000000e+00
-5.1069659218207200e+00
-5.1069659218207200e+00
0.0000000000000000e+00
-5.1901963928030650e+00
-5.1901963928030650e+00
0.0000000000000000e+00
-5.6949347287799261e+00
-5.6949347287799261e+00
0.0000000000000000e+00
-6.2098270054908076e+00
-6.2098270054908076e+00
0.0000000000000000e+00
-5.0190695859166725e+00
-5.0190695859166725e+00
0.0000000000000000e+00
-6.0522728628545526e+00
-6.0522728628545526e+00
0.0000000000000000e+00
-6.0721945027376520e+00
-6.0721945027376520e+00
0.0000000000000000e+00
-6.2733098223884163e+00
-6.2733098223884163e+00
0.0000000000000000e+00
-5.5813703911670309e+00
-5.5813703911670309e+00
0.0000000000000000e+00
-5.8782266725535752e+00
-5.8782266725535752e+00
0.0000000000000000e+00
-5.9231489058070625e+00
-5.9231489058070625e+00
0.0000000000000000e+00
-6.7193295565791651e+00
-6.7193295565791651e+00
0.0000000000000000e+00
-6.8647902678262325e+00
-6.8647902678262325e+00
0.0000000000000000e+00
-6.8706875258532092e+00
-6.8706875258532092e+00
0.0000000000000000e+00
-7.7223485255230502e+00
-7.7223485255230502e+00
0.0000000000000000e+00
-8.8939161000459475e+00
-8.8939161000459475e+00
0.0000000000000000e+00
-8.9502172596017608e+00
-8.9502172596017608e+00
0.0000000000000000e+00
-8.7582519983219846e+00
-8.7582519983219846e+00
0.0000000000000000e+00
-6.0093369813797652e+00
-6.0093369813797652e+00
0.0000000000000000e+00
-5.3713572944869776e+00
-5.3713572944869776e+00
0.0000000000000000e+00
-5.9998252910680447e+00
-5.9998252910680447e+00
0.0000000000000000e+00
-6.1776956840779738e+00
-6.1776956840779738e+00
0.0000000000000000e+00
-6.0064246216422497e+00
-6.0064246216422497e+00
0.0000000000000000e+00
-6.0704420925935212e+00
-6.0704420925935212e+00
0.0000000000000000e+00
-5.2621531411460589e+00
-5.2621531411460589e+00
0.0000000000000000e+00
-5.0531082561559986e+00
-5.0531082561559986e+00
0.0000000000000000e+00
-5.4317007730506983e+00
-5.4317007730506983e+00
0.0000000000000000e+00
-6.1566540216907359e+00
-6.1566540216907359e+00
0.0000000000000000e+00
-6.0967742982800956e+00
-6.0967742982800956e+00
0.0000000000000000e+00
-6.0881838030452773e+00
-6.0881838030452773e+00
0.0000000000000000e+00
-4.8533621613233882e+00
-4.8533621613233882e+00
0.0000000000000000e+00
-5.1248226798434917e+00
-5.1248226798434917e+00
0.0000000000000000e+00
-5.1657808138613817e+00
-5.1657808138613817e+00
0.0000000000000000e+00
-5.7332032474864851e+00
-5.7332032474864851e+00
0.0000000000000000e+00
-6.5760977118619461e+00
-6.5760977118619461e+00
0.0000000000000000e+00
-7.3809537237290792e+00
-7.3809537237290792e+00
0.0000000000000000e+00
-7.0462145478160529e+00
-7.0462145478160529e+00
0.0000000000000000e+00
-6.3934871715986885e+00
-6.3934871715986885e+00
0.0000000000000000e+00
-5.3159425522124444e+00
-5.3159425522124444e+00
0.0000000000000000e+00
-5.6975519353013393e+00
-5.6975519353013393e+00
0.0000000000000000e+00
-5.5097145142161663e+00
-5.5097145142161663e+00
0.0000000000000000e+00
-6.2925744819019318e+00
-6.2925744819019318e+00
0.0000000000000000e+00
-5.4532255316192018e+00
-5.4532255316192018e+00
0.0000000000000000e+00
-5.4005756962410274e+00
-5.4005756962410274e+00
0.0000000000000000e+00
-5.2294958885834255e+00
-5.2294958885834255e+00
0.0000000000000000e+00
-5.9447913744485961e+00
-5.9447913744485961e+00
0.0000000000000000e+00
-5.9543826917984983e+00
-5.9543826917984983e+00
0.0000000000000000e+00
-5.7824912114885372e+00
-5.7824912114885372e+00
0.0000000000000000e+00
-5.7596639812091786e+00
-5.7596639812091786e+00
0.0000000000000000e+00
-7.0108217568234776e+00
-7.0108217568234776e+00
0.0000000000000000e+00
-6.9085684143288937e+00
-6.9085684143288937e+00
0.0000000000000000e+00
-6.7250799956916936e+00
-6.7250799956916936e+00
0.0000000000000000e+00
-6.7818598351191310e+00
-6.7818598351191310e+00
0.0000000000000000e+00
-7.0621607303001328e+00
-7.0621607303001328e+00
0.0000000000000000e+00
-7.2207535861333554e+00
-7.2207535861333554e+00
0.0000000000000000e+00
-7.5105908017390428e+00
-7.5105908017390428e+00
0.0000000000000000e+00
-7.1519763808566017e+00
-7.1519763808566017e+00
0.0000000000000000e+00
-6.7931468517910290e+00
-6.7931468517910290e+00
0.0000000000000000e+00
-6.5558522905280565e+00
-6.5558522905280565e+00
0.0000000000000000e+00
-6.5869916749767983e+00
-6.5869916749767983e+00
0.0000000000000000e+00
-6.5011543713625315e+00
-6.5011543713625315e+00
0.0000000000000000e+00
-5.6709929566099966e+00
-5.6709929566099966e+00
0.0000000000000000e+00
-5.2811409497084680e+00
-5.2811409497084680e+00
0.0000000000000000e+00
-6.8822135085522618e+00
-6.8822135085522618e+00
0.0000000000000000e+00
-6.4560537828145002e+00
-6.4560537828145002e+00
0.0000000000000000e+00
-7.1185015510637175e+00
-7.1185015510637175e+00
0.0000000000000000e+00
