smooth_mean, smooth_sdev, filter_mean, filter_sdev, x
0.0365417,4.58196e-16,-4.83571e-05,0.0012229,0.0205427
-0.0926122,1.86055e-15,-0.0926122,1.86055e-15,0.00484101
0.063709,0.0121246,0.067945,0.00122911,0.0139068
-0.0452859,0.013049,-0.0498542,0.00134087,-0.0040537
0.0328879,0.0107445,0.0364999,0.0018646,-0.00563336
-0.0240441,0.00834868,-0.0268468,0.000943191,-0.0144366
0.0177815,0.0063971,0.0197354,0.000795835,-0.0174027
-0.0130602,0.00472483,-0.0144317,0.00112573,-0.00243902
0.00962934,0.00332371,0.0106085,0.000869916,0.00276047
-0.00724896,0.00239935,-0.00783678,0.000631751,0.00607168
0.0053611,0.00198239,0.00569816,0.000664436,0.0129179
-0.00391504,0.00138895,-0.00418589,0.000555906,0.0180259
0.00273658,0.00114498,0.00305231,0.000531475,-0.000599232
-0.00208975,0.000974623,-0.00223077,0.000501024,0.010306
0.00169382,0.000820966,0.00162997,0.000493361,0.00840098
-0.00118402,0.000535895,-0.00122556,0.000501121,-0.00485912
0.000949937,0.000425831,0.000911093,0.000508611,-0.000816411
-0.000737115,0.000340188,-0.000682682,0.000501125,-0.00548861
0.000648741,0.000238948,0.000516616,0.000508522,-0.00751744
-0.000498588,0.000267977,-0.000347574,0.000483392,-0.00183657
0.000313492,0.000301286,0.000264482,0.000496553,0.000672303
-0.000262288,0.000490513,-0.000219711,0.000481534,0.00269851
-8.86715e-05,0.000493458,0.000178989,0.000479983,0.0101171
0.000388976,0.00051291,-0.000124185,0.000496318,0.0010311
-0.0003295,0.000542582,9.35001e-05,0.000489696,-0.00963108
0.00030756,0.000543428,-5.66567e-05,0.000480987,-0.00816763
-0.00019767,0.000493105,4.48472e-05,0.00045571,-0.0236149
0.000248421,0.000536385,-1.70476e-05,0.00047376,-0.0112052
-0.000371491,0.000654796,-1.8757e-05,0.000499197,-0.0154869
0.000115429,0.00049632,-3.07766e-05,0.000479034,-0.00491896
-0.000228585,0.000628558,2.00974e-05,0.000461512,-0.00531722
0.000555124,0.000527823,8.92539e-06,0.000483503,-0.0234281
-0.000434921,0.000508395,-1.58886e-05,0.00049086,-0.00734165
0.000335279,0.000495181,1.16731e-05,0.000509282,-0.00366733
-0.000167008,0.000586072,-3.80595e-05,0.000483702,-0.0113691
0.000255422,0.000518562,2.07351e-05,0.00049663,-0.0230119
-0.000271512,0.000341815,-1.58347e-06,0.000494283,-0.0287863
-9.28616e-05,0.000426275,3.58414e-05,0.000488388,-0.0253326
0.00020335,0.0005707,-3.00994e-05,0.000504098,-0.012535
-0.000234133,0.00047232,9.52878e-06,0.000516634,-0.0168843
0.000192867,0.000389755,-1.34256e-05,0.000487871,-0.0168627
-0.00032129,0.000354585,-6.30927e-06,0.000488481,-0.0079312
6.48411e-06,0.000404777,-5.52074e-06,0.000483602,-0.0106434
-0.000191908,0.000595616,3.67641e-05,0.000486198,-0.0246617
0.000295391,0.000704021,-4.92872e-06,0.000483953,-0.0153521
-0.000184681,0.000614199,-1.0391e-05,0.000516226,0.0101904
7.65546e-06,0.000398405,-1.58089e-05,0.000496286,0.0168273
-8.99266e-05,0.000423701,1.51134e-05,0.000493862,0.0132635
8.20197e-05,0.000561771,-2.95488e-05,0.000498638,0.03179
-0.000167323,0.000603074,-1.67032e-05,0.000543871,0.0270782
0.000150285,0.000458887,-4.70861e-06,0.000490265,0.0263415
-4.62998e-05,0.000403088,-1.0782e-05,0.000481789,0.0260812
-0.000108449,0.000575435,1.66162e-05,0.000478371,0.0219005
-0.000192989,0.00053956,-1.68763e-05,0.000467541,0.0173626
2.97371e-05,0.000222568,9.91512e-06,0.000482969,0.0311096
-2.29904e-05,0.000332137,-4.85078e-05,0.000472006,0.00387381
0.000232577,0.000438622,2.39456e-05,0.000466423,-0.00341655
-0.000131878,0.000534772,1.13824e-05,0.0004962,-0.00562723
0.000118632,0.000435011,3.31367e-05,0.000496624,-0.00218716
-0.000351703,0.00055641,-4.07375e-05,0.00050324,0.00675716
0.000200024,0.000462901,9.90866e-06,0.000511245,-0.00285232
-8.17748e-05,0.000283631,-3.17178e-06,0.000531545,-0.00575734
3.88064e-05,0.000385651,7.90669e-06,0.000496364,0.00426792
-8.74354e-05,0.000444212,-1.63319e-05,0.000505341,0.00297448
0.000111981,0.000522286,2.00845e-05,0.000506234,-0.00177767
-4.72086e-05,0.00036782,-2.004e-05,0.000490044,-0.0229012
4.33085e-05,0.000266788,-1.86097e-06,0.000493949,-0.029988
-0.000212014,0.000357295,4.56328e-06,0.000513888,-0.0268029
0.000355896,0.000436225,-1.87368e-05,0.000501553,-0.0422631
-0.000456818,0.000627448,4.05474e-05,0.000509956,-0.0285106
0.000165352,0.000469384,-1.92243e-06,0.000493616,-0.0222553
-0.000112528,0.000373357,9.16711e-06,0.000495277,-0.017864
0.000121619,0.000321116,2.21032e-05,0.000490561,-0.0179191
-9.9963e-05,0.000505417,1.07492e-05,0.000476237,-0.0204713
0.000312694,0.000546788,-2.17326e-05,0.000487798,-0.0129381
-0.000186747,0.000609457,1.8396e-05,0.000504238,0.00456381
9.3984e-05,0.000581158,-3.13754e-05,0.000496719,-0.00101488
0.000218431,0.000693143,5.54749e-05,0.000495269,0.000420158
-0.00016731,0.000563761,-4.56114e-05,0.000500755,0.00196982
-0.000104685,0.00039154,4.23383e-05,0.000507905,0.00182873
4.80529e-06,0.000551152,-4.1958e-05,0.00052327,-0.0207674
0.000244597,0.000669303,-2.09064e-05,0.000517175,-0.0113482
-0.000402826,0.000615022,2.84292e-05,0.000509816,0.00854946
1.63963e-05,0.000478672,-8.83037e-06,0.000504456,0.00410892
-2.42395e-05,0.000386435,-1.40363e-05,0.00050107,0.0117499
0.000168844,0.000343525,2.79165e-05,0.000500218,0.00279177
-0.000153854,0.000458778,-4.42944e-05,0.000515784,-0.00346412
0.000228874,0.00045283,6.81647e-05,0.000517477,-0.00378498
-0.000322166,0.000472673,-5.6868e-05,0.000485576,-0.00399311
0.000307035,0.000455345,3.63094e-05,0.000491904,-0.0168585
-0.000188866,0.000573893,-2.17537e-05,0.000496795,-0.0273599
2.85711e-05,0.000519182,1.32442e-05,0.000482871,-0.0109851
-8.71167e-05,0.00033606,-6.18058e-06,0.000481508,-0.016821
0.000145262,0.000392422,-3.47036e-06,0.000489094,-0.0341155
-0.000121795,0.000500815,3.23159e-06,0.000493668,-0.0314102
0.000288118,0.000527855,-1.4129e-06,0.000498523,-0.0146812
-0.0002051,0.000637169,-1.04536e-05,0.000512757,0.00432659
0.000227321,0.000504848,-7.0128e-08,0.000533689,0.0150886
-0.000205582,0.000370177,-2.58565e-05,0.000536737,0.0211602
0.000171838,0.000526183,4.50335e-05,0.000545741,0.0207451
-3.86104e-05,0.000558763,-1.04286e-05,0.000542334,0.0263812
-0.000166256,0.00048423,4.43717e-06,0.000526529,0.0364869
0.000145863,0.000327091,1.03796e-06,0.000519482,0.0194692
-0.000169376,0.000381579,-1.06343e-05,0.000512327,0.0127734
4.23501e-05,0.000346319,6.12566e-06,0.000501008,0.0132107
4.29781e-05,0.000313829,-4.37064e-06,0.000491141,0.0185801
6.22451e-05,0.000303523,-1.23918e-05,0.000533109,0.035004
-7.93927e-05,0.000279707,1.5667e-05,0.000493105,0.0317164
-2.09512e-05,0.000396404,-2.24279e-05,0.00049417,0.0048175
1.77451e-05,0.000412842,3.4187e-05,0.000488583,-0.000102906
-0.000203205,0.000457371,-6.00275e-05,0.000482073,-0.00478609
0.000142874,0.000372242,7.08102e-05,0.000487114,0.00460953
-1.24689e-05,0.000463384,-3.24102e-05,0.000487489,-0.00267355
3.65044e-05,0.00050599,2.32378e-05,0.000472978,0.00219155
-5.83467e-05,0.000542229,3.32143e-06,0.00047384,0.00533837
-2.02764e-05,0.000571036,-3.99167e-05,0.000477595,0.00944214
3.5603e-05,0.000631907,8.81092e-06,0.000470531,0.00570579
-6.93992e-05,0.000540775,1.0874e-05,0.000478759,0.00217197
-1.28903e-05,0.000511658,-2.14343e-06,0.000497082,0.0116576
8.37755e-05,0.000611266,2.55168e-05,0.000487342,0.0124271
-8.6551e-05,0.000597828,-1.89778e-05,0.000523875,-0.000802817
6.57351e-06,0.000519356,1.1774e-05,0.000500983,-0.0025241
-0.00010154,0.000322982,2.08124e-05,0.000482366,0.00839195
0.00013878,0.000324191,-9.99557e-06,0.000496744,-1.46406e-05
2.91071e-06,0.000339799,4.90726e-06,0.000497466,0.00143901
3.7538e-05,0.000320747,-2.13322e-05,0.000487563,-0.0111053
-5.81703e-05,0.000367274,3.77645e-05,0.000503711,0.00565601
0.000143276,0.000452786,-1.33876e-05,0.000502924,0.00258289
3.94344e-05,0.000357458,-4.39489e-06,0.000540416,0.0180132
-3.26317e-05,0.000427802,-8.07428e-06,0.000544032,0.012989
0.000140571,0.000511372,8.59309e-06,0.00053165,0.0068998
-0.000219153,0.000589174,5.9584e-06,0.000519898,-0.00480404
0.000232717,0.000450711,-3.75629e-06,0.000503883,-0.0188447
-0.000291544,0.000613112,-7.93133e-06,0.000510638,-0.016025
0.00030541,0.000548332,1.14223e-06,0.000531086,-0.0251237
-0.000143803,0.000501972,4.66719e-06,0.000504783,-0.0103657
8.43125e-05,0.000399356,-1.23351e-06,0.0004932,-0.0166515
-7.15538e-05,0.000329481,8.60621e-06,0.000480582,-0.0138566
5.88174e-05,0.000264365,1.12366e-05,0.000491698,0.00604619
-9.3586e-05,0.000336788,-5.18179e-06,0.000459855,-0.00579377
5.82068e-05,0.000376158,4.08178e-05,0.000480653,0.0037061
4.89675e-05,0.000441728,-6.94728e-05,0.000493503,0.00315072
5.75944e-05,0.00053256,4.12451e-05,0.00050043,-0.020941
-2.4978e-05,0.000456427,-2.81061e-05,0.000495146,-0.021712
9.20058e-06,0.000465859,3.11659e-05,0.00048695,-0.019654
-1.42484e-05,0.000563771,-3.6831e-05,0.000512619,0.00740243
-0.000117971,0.000532725,3.64159e-05,0.000513166,0.00893269
-3.34463e-05,0.000462969,-2.0993e-05,0.000513379,0.0157042
2.16313e-06,0.000389056,1.79333e-05,0.000491556,0.00397839
-2.3363e-05,0.000382107,-3.67578e-05,0.000514225,0.00632257
-2.50677e-05,0.000362447,3.32967e-05,0.000487839,0.0150959
0.000161772,0.000483844,1.24537e-05,0.000484603,0.0150997
-9.54262e-05,0.00045539,-2.72456e-05,0.000479069,0.00319542
0.000110949,0.0006184,3.83597e-05,0.000512212,-0.00646034
-8.82889e-05,0.00044647,-5.02515e-05,0.000518844,-0.00824092
0.000163129,0.000466906,4.23304e-05,0.000489756,-0.0043245
-0.000281166,0.000525476,-3.96398e-05,0.000485419,0.00524877
0.000399794,0.000563787,7.96074e-05,0.000493485,-0.00727407
-0.000270829,0.000512827,-4.69186e-05,0.000478046,-0.0124815
0.000167494,0.000571953,2.71389e-05,0.00048541,-0.00732813
-0.00017053,0.000572188,-2.40567e-05,0.000493168,0.00190984
0.00017131,0.000549227,9.41844e-06,0.000528819,0.00330065
-0.000183549,0.000536102,-1.68828e-05,0.000527358,-0.00530284
7.44666e-06,0.000480795,3.96582e-06,0.00052823,-0.00914059
-1.32891e-05,0.000530532,7.53323e-06,0.000535019,-0.00828718
4.60117e-05,0.000522917,-2.34169e-05,0.000531058,-0.0270828
0.000149705,0.000583639,2.31166e-06,0.000544807,-0.0317736
-5.54441e-05,0.000555175,-6.38391e-06,0.000559794,-0.0178122
-5.58015e-05,0.000524792,-1.35178e-05,0.000530333,-0.0105325
0.000121976,0.00047608,-1.98409e-06,0.000508499,-0.00221155
-9.74463e-05,0.000446776,1.35816e-05,0.000489707,-0.0047872
9.07542e-05,0.000436484,-3.64642e-05,0.000479141,-0.0108334
-6.62688e-05,0.000407308,4.8353e-06,0.000489701,-2.0184e-05
0.000123821,0.000501056,-1.6442e-05,0.000489308,-0.00788492
-0.000131967,0.000574786,3.51944e-05,0.000511903,-0.00996049
4.17025e-05,0.000598113,-2.44662e-05,0.00049044,-0.00226165
-9.42784e-05,0.000500843,6.89383e-06,0.000496644,-0.00266322
6.1117e-05,0.000494568,-1.88049e-05,0.000477076,-0.00402111
-2.11355e-05,0.000561407,8.43379e-06,0.000517625,-0.00847958
-1.71908e-05,0.000515531,2.81896e-05,0.00049932,-0.00720925
-7.22484e-05,0.00050185,-3.1967e-05,0.000510762,-0.00244738
4.37184e-05,0.000492822,-2.9601e-05,0.000493638,-0.00843377
-2.07869e-05,0.000419842,6.94457e-05,0.000499036,-0.0219216
8.59942e-06,0.000493069,-2.44436e-05,0.000503383,-0.0230176
2.26787e-05,0.000508112,4.45209e-05,0.000522039,-0.00363829
1.41315e-05,0.00053831,-2.81139e-05,0.000525574,-0.023146
-6.17762e-06,0.000407984,3.67993e-05,0.00051166,-0.0136119
5.38195e-05,0.000447938,-4.37027e-05,0.000505866,-0.00782224
3.21673e-05,0.000393091,8.77133e-06,0.000483112,-0.00499677
-4.12199e-05,0.00043744,-2.65636e-05,0.000479312,-0.0142511
4.47139e-05,0.000417599,3.54537e-05,0.000500446,-0.0134157
-2.50255e-05,0.000504838,-3.27905e-05,0.000501343,-0.0167057
2.03629e-05,0.000478449,3.58636e-05,0.000501168,-0.0176053
-3.23169e-05,0.000472448,-3.9038e-05,0.000487105,-0.0131037
3.23606e-05,0.000484466,2.21628e-05,0.000478922,-0.0077867
-4.40296e-05,0.000474598,-3.52377e-05,0.000473479,0.0152745
4.45718e-05,0.000512088,5.35541e-05,0.00050401,0.0156381
-2.21815e-05,0.000507788,-6.28714e-05,0.000515663,0.00361102
2.0286e-05,0.000521987,4.01102e-05,0.000521095,0.0142086
-2.85078e-05,0.000509369,-4.13561e-05,0.000511662,-0.0115112
1.48512e-05,0.000508282,1.48512e-05,0.000508282,0.00146777
