10
250
1.4846999999999999e-01
4.6039999999999998e-02
6.9999999999999996e-01
1.0000000000000000e-02
5.0000000000000003e-02
2.9999999999999999e-02
5.9999999999999998e-01
-1.0000000000000001e-01
0.0000000000000000e+00
4.0000000000000002e-01
1.4846999999999999e-01
4.6039999999999998e-02
-3.4405174084007745e-01
1.0000000000000000e-02
5.0000000000000003e-02
2.9999999999999999e-02
5.9999999999999998e-01
-1.0000000000000001e-01
0.0000000000000000e+00
4.0000000000000002e-01
1.8114849504947661e-01
4.6039999999999998e-02
-8.1793026037514216e-01
1.1019178338348866e-02
7.1047535538673406e-02
1.8032116770744319e-01
5.9999999999999998e-01
-1.0000000000000001e-01
0.0000000000000000e+00
4.0000000000000002e-01
1.4971154627323149e-01
4.7345798456072806e-02
-5.5330803222954272e-01
1.2184267573058604e-02
7.1047535538673406e-02
8.2817721247673026e-01
5.9999999999999998e-01
-1.0000000000000001e-01
0.0000000000000000e+00
4.0000000000000002e-01
4.5642781195163729e-01
4.7345798456072806e-02
-4.4564145334064964e-01
1.2184267573058604e-02
1.2910803891718386e-01
1.1140148448944092e+00
5.9999999999999998e-01
-1.0000000000000001e-01
0.0000000000000000e+00
4.0000000000000002e-01
4.5642781195163729e-01
4.7345798456072806e-02
-5.5098294146358973e-01
1.2184267573058604e-02
3.8931441046297544e-01
1.7028132158517837e+00
5.9999999999999998e-01
-1.0000000000000001e-01
0.0000000000000000e+00
4.0000000000000002e-01
6.3272648689270017e-01
4.7345798456072806e-02
-5.9270252741873275e-01
1.9727545306086544e-03
2.9924426153302192e-01
2.3082886996865271e+00
5.9999999999999998e-01
-1.0000000000000001e-01
0.0000000000000000e+00
4.0000000000000002e-01
8.1478471753120418e-01
7.6512778722643851e-02
-8.5240804851055163e-01
1.9727545306086544e-03
-1.0173566639422593e-03
3.1986728172004217e+00
5.9999999999999998e-01
-1.0000000000000001e-01
0.0000000000000000e+00
4.0000000000000002e-01
6.6551349875450128e-01
5.6083265983462333e-02
-4.2325501650571845e-01
2.7667798623442655e-03
-8.7935694530606234e-01
2.4365507702529428e+00
5.9999999999999998e-01
-1.0000000000000001e-01
0.0000000000000000e+00
4.0000000000000002e-01
-4.6590912583351141e-01
5.3579833709597582e-02
-4.1381014026701474e-01
6.2652288004755976e-03
-5.5873009525239437e-01
3.4884435515105716e+00
5.9999999999999998e-01
-1.0000000000000001e-01
0.0000000000000000e+00
4.0000000000000002e-01
-7.7788955326259135e-01
4.6369725429415698e-02
-9.4893386997282536e-01
3.7017657384276394e-03
-7.4731807969510511e-01
2.2576460990309712e+00
5.9999999999999998e-01
-1.0000000000000001e-01
0.0000000000000000e+00
4.0000000000000002e-01
-5.9422135307192758e-02
8.4568248474001878e-02
-4.2444040067493954e-01
3.7017657384276394e-03
-1.3976389583200211e+00
1.8744222941994664e+00
5.9999999999999998e-01
-1.0000000000000001e-01
0.0000000000000000e+00
4.0000000000000002e-01
2.5267392591834113e-02
4.7429620706439003e-02
-4.1661334194242994e-01
3.7017657384276394e-03
-2.1357379052788010e+00
2.3163366611301894e+00
5.9999999999999998e-01
-1.0000000000000001e-01
0.0000000000000000e+00
4.0000000000000002e-01
3.6077498336255553e-01
1.1551271148860454e-01
-6.8477066434919864e-01
3.7017657384276394e-03
-1.5978541646152726e+00
1.6535969133675095e+00
5.9999999999999998e-01
-1.0000000000000001e-01
0.0000000000000000e+00
4.0000000000000002e-01
-7.9112305085241785e-01
1.0453468533694743e-01
6.9240568503737124e-02
4.5415508970618251e-03
-2.0606922406703223e+00
1.7410119916498656e+00
5.9999999999999998e-01
-1.0000000000000001e-01
0.0000000000000000e+00
4.0000000000000002e-01
-2.9407582799971099e-01
1.1187139924705028e-01
7.2765760742127861e-01
4.5415508970618251e-03
-2.3221501935273396e+00
2.3550390655361113e+00
5.9999999999999998e-01
-1.0000000000000001e-01
0.0000000000000000e+00
4.0000000000000002e-01
-5.0768844886422082e-02
1.3948741682708263e-01
6.2881131552159752e-01
2.8111586198210723e-03
-1.3577567655593146e+00
2.5635225946269928e+00
5.9999999999999998e-01
-1.0000000000000001e-01
0.0000000000000000e+00
4.0000000000000002e-01
2.4104888697087770e-01
2.0024780884474513e-01
6.6254793129861322e-01
2.8111586198210723e-03
-9.3240488059818638e-01
3.3486643964610989e+00
5.9999999999999998e-01
-1.0000000000000001e-01
0.0000000000000000e+00
4.0000000000000002e-01
9.7130693954230601e-03
1.3210692826002834e-01
2.8287822686135738e-01
2.8111586198210723e-03
-1.6988730717450369e+00
3.3921450877748422e+00
5.9999999999999998e-01
-1.0000000000000001e-01
0.0000000000000000e+00
4.0000000000000002e-01
1.3347902317464364e-01
2.1016110959738490e-01
6.8143204174935779e-01
2.8111586198210723e-03
-1.1999063979834306e+00
3.5604760194383553e+00
5.9999999999999998e-01
-1.0000000000000001e-01
0.0000000000000000e+00
4.0000000000000002e-01
8.9194447536885757e-01
2.1016110959738490e-01
5.6570453070104088e-01
3.2039601169526581e-03
-7.4403510168194642e-01
4.4672298357076938e+00
5.9999999999999998e-01
-1.0000000000000001e-01
0.0000000000000000e+00
4.0000000000000002e-01
4.3226586361348651e-01
3.0630171814650292e-01
3.8174126647412743e-01
3.2039601169526581e-03
-4.8828599601982936e-02
3.5897994309850034e+00
5.9999999999999998e-01
-1.0000000000000001e-01
0.0000000000000000e+00
4.0000000000000002e-01
3.4144358416020892e-01
2.9375354185789820e-01
2.6642899904400075e-01
3.2039601169526581e-03
-6.1535774245858066e-01
3.7747294768877326e+00
5.9999999999999998e-01
-1.0000000000000001e-01
0.0000000000000000e+00
4.0000000000000002e-01
5.8823550243794942e-01
3.7908552131146184e-01
-2.1624925460666450e-01
4.4560498856008064e-03
-3.3812626376747967e-01
4.0748122587986284e+00
5.9999999999999998e-01
-1.0000000000000001e-01
0.0000000000000000e+00
4.0000000000000002e-01
3.9451225762188458e-01
3.2583552582651365e-01
-8.4459205713123109e-01
4.4560498856008064e-03
2.1075519546866528e-01
4.0671893319301304e+00
5.9999999999999998e-01
-1.0000000000000001e-01
0.0000000000000000e+00
4.0000000000000002e-01
-1.1601204629123185e-01
3.4060141582876430e-01
-3.5843363370746406e-01
4.4560498856008064e-03
2.6505086523247995e-01
2.5480567416362465e+00
5.9999999999999998e-01
-1.0000000000000001e-01
0.0000000000000000e+00
4.0000000000000002e-01
-7.9146572007536636e-02
3.5796130021005856e-01
-2.6885344590991778e-01
4.4560498856008064e-03
-3.6438021409558008e-01
2.1436979294009508e+00
5.9999999999999998e-01
-1.0000000000000001e-01
0.0000000000000000e+00
4.0000000000000002e-01
3.4622898970663568e-01
3.6500799544244994e-01
-7.2791507717222015e-01
4.4560498856008064e-03
-3.6792823794530588e-01
2.5210497271455825e+00
5.9999999999999998e-01
-1.0000000000000001e-01
0.0000000000000000e+00
4.0000000000000002e-01
3.5537838553011436e-01
3.7715004156619297e-01
-8.9207845147699161e-01
1.1281349919736398e-03
4.7432981011225012e-01
2.9956954013742512e+00
5.9999999999999998e-01
-1.0000000000000001e-01
0.0000000000000000e+00
4.0000000000000002e-01
6.3246773217737695e-01
4.1736595647126423e-01
-9.6132036920636932e-01
1.1281349919736398e-03
6.2951332208467747e-01
2.7740150328911848e+00
5.9999999999999998e-01
-1.0000000000000001e-01
0.0000000000000000e+00
4.0000000000000002e-01
7.9407639359056970e-01
5.2731954823523741e-01
-9.9840759858492723e-03
1.1281349919736398e-03
-1.0815039511071400e-01
2.1902483295835564e+00
5.9999999999999998e-01
-1.0000000000000001e-01
0.0000000000000000e+00
4.0000000000000002e-01
5.1574400667965437e-01
4.6802662234097703e-01
1.9754373375326356e-01
1.1281349919736398e-03
-9.3588130410062020e-01
2.6613406133092945e+00
5.9999999999999998e-01
-1.0000000000000001e-01
0.0000000000000000e+00
4.0000000000000002e-01
7.6293254052221804e-01
4.5942416662067159e-01
-2.1488484796136653e-01
1.1281349919736398e-03
-8.3336228982078653e-02
3.1156520497240123e+00
5.9999999999999998e-01
-1.0000000000000001e-01
0.0000000000000000e+00
4.0000000000000002e-01
4.1986592148363622e-01
4.5883042773693788e-01
-7.9815785225480829e-01
1.1281349919736398e-03
3.9464177831542838e-02
3.1515487324632701e+00
5.9999999999999998e-01
-1.0000000000000001e-01
0.0000000000000000e+00
4.0000000000000002e-01
4.2648767326891451e-01
4.8379178151577701e-01
-2.4865351345390110e-01
2.5815823487937463e-03
-1.2354892577277385e-01
3.0558042418397955e+00
5.9999999999999998e-01
-1.0000000000000001e-01
0.0000000000000000e+00
4.0000000000000002e-01
5.6254431341707734e-01
4.1019371192991722e-01
-7.0099715258926176e-01
2.5815823487937463e-03
-2.5160347606288153e-01
2.6542370688356454e+00
5.9999999999999998e-01
-1.0000000000000001e-01
0.0000000000000000e+00
4.0000000000000002e-01
6.1925466631472137e-01
6.2024190729200823e-01
8.4871034361421793e-02
2.5815823487937463e-03
3.3277687325609068e-02
2.9300317775644356e+00
5.9999999999999998e-01
-1.0000000000000001e-01
0.0000000000000000e+00
4.0000000000000002e-01
6.1925466631472137e-01
6.3041288250029059e-01
4.9382593635469629e-01
2.5815823487937463e-03
-8.2632185678230474e-01
2.7842869300581508e+00
5.9999999999999998e-01
-1.0000000000000001e-01
0.0000000000000000e+00
4.0000000000000002e-01
9.8702616308748736e-01
5.3704310274958578e-01
7.7797481823712544e-01
2.5815823487937463e-03
-7.0326139192329595e-01
2.7725680101849131e+00
5.9999999999999998e-01
-1.0000000000000001e-01
0.0000000000000000e+00
4.0000000000000002e-01
5.7658625964939614e-01
5.0620578862071008e-01
7.7797481823712544e-01
5.0778692178428189e-03
-7.0280030304565899e-01
2.6482381228543805e+00
5.9999999999999998e-01
-1.0000000000000001e-01
0.0000000000000000e+00
4.0000000000000002e-01
7.1737803236514353e-01
5.5778102446436850e-01
5.6064705226570322e-01
5.0778692178428189e-03
-1.0521880143322035e+00
2.8513548579253243e+00
5.9999999999999998e-01
-1.0000000000000001e-01
0.0000000000000000e+00
4.0000000000000002e-01
2.8116219148904104e-01
5.3914124251246420e-01
8.8933159392327021e-01
5.0778692178428189e-03
-6.7765480810776213e-01
2.7072214033640911e+00
5.9999999999999998e-01
-1.0000000000000001e-01
0.0000000000000000e+00
4.0000000000000002e-01
-2.6065115346640333e-01
4.4480102277636496e-01
8.3305571686476421e-01
5.0778692178428189e-03
-5.4904807368293262e-01
2.4689922919683149e+00
5.9999999999999998e-01
-1.0000000000000001e-01
0.0000000000000000e+00
4.0000000000000002e-01
-2.5673120188593851e-01
4.4697585011363000e-01
9.0908714011311487e-01
5.0778692178428189e-03
-1.0204776943661258e+00
2.2204751929454494e+00
5.9999999999999998e-01
-1.0000000000000001e-01
0.0000000000000000e+00
4.0000000000000002e-01
-6.8294601607203476e-01
4.7604584599375693e-01
9.0908714011311487e-01
4.6048221960663816e-03
-1.0951675147749469e+00
2.4076718708686520e+00
5.9999999999999998e-01
-1.0000000000000001e-01
0.0000000000000000e+00
4.0000000000000002e-01
-9.0028523015856732e-01
4.1809120024085011e-01
1.5014962628483730e-01
4.6048221960663816e-03
-4.8570876726880535e-01
3.6296170389465976e+00
5.9999999999999998e-01
-1.0000000000000001e-01
0.0000000000000000e+00
4.0000000000000002e-01
-5.6391439723849290e-01
4.6574801262557469e-01
6.0072051435708596e-02
4.6048221960663816e-03
-8.2908071735873679e-01
3.3817063024453811e+00
5.9999999999999998e-01
-1.0000000000000001e-01
0.0000000000000000e+00
4.0000000000000002e-01
-2.4500696855664247e-01
4.5384440562963452e-01
-2.9114402383566274e-02
4.6048221960663816e-03
-1.0508194462396188e+00
3.6595765760354690e+00
5.9999999999999998e-01
-1.0000000000000001e-01
0.0000000000000000e+00
4.0000000000000002e-01
-7.2458575802922243e-01
4.9741120318412746e-01
-2.0417412921786346e-01
4.6048221960663816e-03
-8.0476805837824783e-01
3.4227497821860009e+00
5.9999999999999998e-01
-1.0000000000000001e-01
0.0000000000000000e+00
4.0000000000000002e-01
-6.1389222580075253e-01
5.6500055561304052e-01
4.6511955894529777e-01
4.6048221960663816e-03
-9.3934676023199992e-01
3.1757640434615309e+00
5.9999999999999998e-01
-1.0000000000000001e-01
0.0000000000000000e+00
4.0000000000000002e-01
-6.7924124437451350e-01
6.6276565799951515e-01
-7.8845789335668126e-01
4.6048221960663816e-03
-6.9530569026246514e-01
1.9659677399508653e+00
5.9999999999999998e-01
-1.0000000000000001e-01
0.0000000000000000e+00
4.0000000000000002e-01
-6.7924124437451350e-01
6.3701855121968265e-01
-2.7337179474532641e-01
4.6048221960663816e-03
-7.1649946877732718e-01
1.2092363966815176e+00
5.9999999999999998e-01
-1.0000000000000001e-01
0.0000000000000000e+00
4.0000000000000002e-01
-7.2549886512637118e-01
6.6331159817097651e-01
8.9491378553211642e-01
4.6048221960663816e-03
-3.9812617609277218e-01
2.3004976941458879e+00
5.9999999999999998e-01
-1.0000000000000001e-01
0.0000000000000000e+00
4.0000000000000002e-01
-7.3204716461777664e-01
5.4381682514069551e-01
3.3182849712669815e-01
5.1705732345581077e-03
-8.5156104872003047e-01
2.2703364102356129e+00
5.9999999999999998e-01
-1.0000000000000001e-01
0.0000000000000000e+00
4.0000000000000002e-01
-9.7726495879769304e-01
5.8385243820069310e-01
1.8652812965214219e-01
5.1705732345581077e-03
-1.1515022435225530e+00
2.2474471872858692e+00
5.9999999999999998e-01
-1.0000000000000001e-01
0.0000000000000000e+00
4.0000000000000002e-01
-8.0936668354153618e-01
5.8915027032462830e-01
3.5537536866962877e-01
6.5871498733758947e-03
-1.1340404727496192e+00
2.3520971661619829e+00
5.9999999999999998e-01
-1.0000000000000001e-01
0.0000000000000000e+00
4.0000000000000002e-01
3.6599063199877746e-01
5.7429073689548249e-01
7.1078642688691573e-01
6.5871498733758947e-03
-1.1160091147758051e+00
2.1666420733742400e+00
5.9999999999999998e-01
-1.0000000000000001e-01
0.0000000000000000e+00
4.0000000000000002e-01
-3.1017063575863829e-01
5.5594792278060634e-01
9.7723070107400378e-01
6.5871498733758947e-03
-1.0796528355218455e+00
2.0288849896006269e+00
5.9999999999999998e-01
-1.0000000000000001e-01
0.0000000000000000e+00
4.0000000000000002e-01
-1.2031720834851257e-01
5.1923146827468591e-01
5.7149549998342952e-01
6.5871498733758947e-03
-1.1715978608466671e+00
2.0435798203758884e+00
5.9999999999999998e-01
-1.0000000000000001e-01
0.0000000000000000e+00
4.0000000000000002e-01
-2.0922418638199558e-01
4.7024648512849521e-01
6.4915601618587937e-01
6.5871498733758947e-03
-1.6327299703843878e+00
2.6329206055216479e+00
5.9999999999999998e-01
-1.0000000000000001e-01
0.0000000000000000e+00
4.0000000000000002e-01
1.6199074105292571e-01
5.0183287183890046e-01
2.7583832316100559e-01
6.5871498733758947e-03
-1.7171575327403830e+00
2.4955728000216171e+00
5.9999999999999998e-01
-1.0000000000000001e-01
0.0000000000000000e+00
4.0000000000000002e-01
3.6624228053659214e-01
4.7026487784037285e-01
7.6621799640357446e-01
5.8644231557846089e-03
-1.8611250300891684e+00
2.3024389898590729e+00
5.9999999999999998e-01
-1.0000000000000001e-01
0.0000000000000000e+00
4.0000000000000002e-01
8.8823411160081633e-01
5.1454806499132810e-01
9.5141156040132002e-01
5.8644231557846089e-03
-2.1409375448711203e+00
2.3871462708525346e+00
5.9999999999999998e-01
-1.0000000000000001e-01
0.0000000000000000e+00
4.0000000000000002e-01
7.2776626341909179e-01
4.9910387007841767e-01
9.5141156040132002e-01
6.3187759518623368e-03
-2.5386012275703238e+00
1.7552220424823450e+00
5.9999999999999998e-01
-1.0000000000000001e-01
0.0000000000000000e+00
4.0000000000000002e-01
5.9730242603391415e-01
5.7057846355387865e-01
9.5141156040132002e-01
6.3187759518623368e-03
-2.0614929278381156e+00
1.3174059411697079e+00
5.9999999999999998e-01
-1.0000000000000001e-01
0.0000000000000000e+00
4.0000000000000002e-01
3.1572862439721816e-01
5.7237684030780489e-01
9.1689855262637099e-01
2.6268163621425648e-03
-2.1739996601827425e+00
1.5094221910648036e+00
5.9999999999999998e-01
-1.0000000000000001e-01
0.0000000000000000e+00
4.0000000000000002e-01
5.2116187476485953e-01
4.8641893358478244e-01
8.7184931978583302e-01
2.6268163621425648e-03
-2.8564044793136398e+00
1.2429109832458187e+00
5.9999999999999998e-01
-1.0000000000000001e-01
0.0000000000000000e+00
4.0000000000000002e-01
4.9949143909782157e-01
5.6966615709612067e-01
1.1976289734244316e-01
2.6268163621425648e-03
-2.2447304506786150e+00
1.7559310822002578e+00
5.9999999999999998e-01
-1.0000000000000001e-01
0.0000000000000000e+00
4.0000000000000002e-01
6.9792404481142745e-01
5.8586078272709541e-01
-3.9088403403759031e-01
2.6268163621425648e-03
-2.7537710477597992e+00
2.2025364158861329e+00
5.9999999999999998e-01
-1.0000000000000001e-01
0.0000000000000000e+00
4.0000000000000002e-01
6.7138376899927832e-01
5.4893690488437108e-01
-7.5446796059608490e-01
6.0924846827983877e-03
-2.9760693837888521e+00
1.7538339970819643e+00
5.9999999999999998e-01
-1.0000000000000001e-01
0.0000000000000000e+00
4.0000000000000002e-01
4.0523159095019079e-01
5.5895309624770573e-01
-8.3142815202474618e-01
6.0924846827983877e-03
-2.6799032618640903e+00
3.0197383277770120e+00
5.9999999999999998e-01
-1.0000000000000001e-01
0.0000000000000000e+00
4.0000000000000002e-01
6.4457214557826298e-02
6.3325207874873557e-01
-3.6826731771230725e-01
4.0089967548847224e-03
-2.6318385904072761e+00
3.0976364367362099e+00
5.9999999999999998e-01
-1.0000000000000001e-01
0.0000000000000000e+00
4.0000000000000002e-01
-4.2346964395344411e-02
6.6643721384504717e-01
-8.4869718462228794e-01
4.0089967548847224e-03
-3.2589160357951164e+00
4.1483144008275108e+00
5.9999999999999998e-01
-1.0000000000000001e-01
0.0000000000000000e+00
4.0000000000000002e-01
-8.7709466627866040e-01
6.6207184196213165e-01
-9.0376751422882096e-01
4.0089967548847224e-03
-3.3607409288524623e+00
4.4353108905907712e+00
5.9999999999999998e-01
-1.0000000000000001e-01
0.0000000000000000e+00
4.0000000000000002e-01
-1.8813019028931877e-01
7.0922617614963912e-01
-9.0376751422882096e-01
4.0089967548847224e-03
-3.5523451377986905e+00
3.9164886795636256e+00
5.9999999999999998e-01
-1.0000000000000001e-01
0.0000000000000000e+00
4.0000000000000002e-01
3.5011765130728467e-01
7.2305165899494561e-01
-5.2312475264072433e-01
4.0089967548847224e-03
-3.3294636895298004e+00
3.3002807319816192e+00
5.9999999999999998e-01
-1.0000000000000001e-01
0.0000000000000000e+00
4.0000000000000002e-01
-2.2541785231858513e-01
8.0296376038292316e-01
7.5483323931693880e-02
4.0089967548847224e-03
-3.0012198844342470e+00
3.0342244804557401e+00
5.9999999999999998e-01
-1.0000000000000001e-01
0.0000000000000000e+00
4.0000000000000002e-01
-2.1157468191415096e-01
7.2404530478218465e-01
6.1231236480176421e-01
5.7230809330940545e-04
-2.8725014963536504e+00
2.8437400066014371e+00
5.9999999999999998e-01
-1.0000000000000001e-01
0.0000000000000000e+00
4.0000000000000002e-01
-1.8965888044863954e-01
8.4641091210344688e-01
-1.0290227904916072e-02
5.7230809330940545e-04
-3.2934058294980764e+00
2.8679160305019460e+00
5.9999999999999998e-01
-1.0000000000000001e-01
0.0000000000000000e+00
4.0000000000000002e-01
-9.0669832259432370e-04
7.6347512698868170e-01
-5.3842556126415753e-01
5.7230809330940545e-04
-3.7213781566708328e+00
2.8249194510933000e+00
5.9999999999999998e-01
-1.0000000000000001e-01
0.0000000000000000e+00
4.0000000000000002e-01
3.0107134857147916e-01
6.5775347579220189e-01
-6.4456306643784078e-01
5.7230809330940545e-04
-3.3313686223118544e+00
3.4434981741663053e+00
5.9999999999999998e-01
-1.0000000000000001e-01
0.0000000000000000e+00
4.0000000000000002e-01
9.6065416672199944e-01
6.0910767567852386e-01
-4.8948512621223961e-01
5.7230809330940545e-04
-3.8507425816147567e+00
4.4511624776478840e+00
5.9999999999999998e-01
-1.0000000000000001e-01
0.0000000000000000e+00
4.0000000000000002e-01
9.6089755864514015e-01
6.1197293928960217e-01
-7.1943935826421140e-02
5.7230809330940545e-04
-4.9045544297783614e+00
4.1148293458577232e+00
5.9999999999999998e-01
-1.0000000000000001e-01
0.0000000000000000e+00
4.0000000000000002e-01
7.2386302323712015e-01
7.4340791872838374e-01
2.1142876528203458e-01
5.7230809330940545e-04
-4.0753594710840817e+00
4.1166200958844259e+00
5.9999999999999998e-01
-1.0000000000000001e-01
0.0000000000000000e+00
4.0000000000000002e-01
8.3306171210182811e-01
7.3434702829221121e-01
6.1120554655790041e-02
5.7230809330940545e-04
-3.1367278772755496e+00
4.3250622598640609e+00
5.9999999999999998e-01
-1.0000000000000001e-01
0.0000000000000000e+00
4.0000000000000002e-01
8.3116781253067762e-01
7.0889047650197379e-01
-6.7384715154767061e-01
5.7230809330940545e-04
-2.5515169698162907e+00
2.9832759527675803e+00
5.9999999999999998e-01
-1.0000000000000001e-01
0.0000000000000000e+00
4.0000000000000002e-01
6.4008822936264786e-01
7.1895243707993861e-01
-9.8987509250640904e-01
5.7230809330940545e-04
-2.8069768562330832e+00
2.7511284418590360e+00
5.9999999999999998e-01
-1.0000000000000001e-01
0.0000000000000000e+00
4.0000000000000002e-01
7.8188966098872936e-01
5.9272046462396022e-01
-9.8987509250640904e-01
5.7230809330940545e-04
-3.4399201049818626e+00
2.5673777498491104e+00
5.9999999999999998e-01
-1.0000000000000001e-01
0.0000000000000000e+00
4.0000000000000002e-01
6.0595929089633738e-01
5.1450741604665151e-01
-5.6645370244979887e-01
5.7230809330940545e-04
-2.7727213004021878e+00
2.6784470416791732e+00
5.9999999999999998e-01
-1.0000000000000001e-01
0.0000000000000000e+00
4.0000000000000002e-01
6.0595929089633738e-01
4.6484660053389004e-01
-8.8663083612919136e-02
5.7230809330940545e-04
-3.2035296478657953e+00
2.3677873887307936e+00
5.9999999999999998e-01
-1.0000000000000001e-01
0.0000000000000000e+00
4.0000000000000002e-01
6.0595929089633738e-01
4.0367418386177950e-01
4.4839767307043044e-01
5.7230809330940545e-04
-3.1405473479418986e+00
2.4486826561577613e+00
5.9999999999999998e-01
-1.0000000000000001e-01
0.0000000000000000e+00
4.0000000000000002e-01
7.4435828003732474e-01
2.5558367993073400e-01
-4.4859817102551769e-02
5.7230809330940545e-04
-3.6720239975838891e+00
2.5311481379158791e+00
5.9999999999999998e-01
-1.0000000000000001e-01
0.0000000000000000e+00
4.0000000000000002e-01
4.4188247415868553e-01
2.5039754887061055e-01
2.4630160324275463e-01
5.7230809330940545e-04
-2.9288997180177803e+00
3.0110196493752293e+00
5.9999999999999998e-01
-1.0000000000000001e-01
0.0000000000000000e+00
4.0000000000000002e-01
3.2169737670270715e-01
2.3636116071181235e-01
3.2817075841128795e-01
5.7230809330940545e-04
-2.1994845188572043e+00
3.4626514310203480e+00
5.9999999999999998e-01
-1.0000000000000001e-01
0.0000000000000000e+00
4.0000000000000002e-01
-3.7886124279649935e-01
1.5502422563867505e-01
9.1469790093600722e-01
5.7230809330940545e-04
-2.7539911426021688e+00
3.1515320385061187e+00
5.9999999999999998e-01
-1.0000000000000001e-01
0.0000000000000000e+00
4.0000000000000002e-01
4.5116056773511681e-01
1.2182366918163237e-01
4.8227494522929165e-01
1.2924762517213849e-03
-2.7663821257068748e+00
2.2505093926750104e+00
5.9999999999999998e-01
-1.0000000000000001e-01
0.0000000000000000e+00
4.0000000000000002e-01
-8.7613644268663604e-01
1.2223867477612432e-01
4.8908014938235256e-01
1.2924762517213849e-03
-2.4670071161701319e+00
2.9662325138412395e+00
5.9999999999999998e-01
-1.0000000000000001e-01
0.0000000000000000e+00
4.0000000000000002e-01
-7.5710655387790871e-01
1.2223867477612432e-01
-7.3542631775140777e-01
1.2924762517213849e-03
-2.1451523742987750e+00
3.3889095479808731e+00
5.9999999999999998e-01
-1.0000000000000001e-01
0.0000000000000000e+00
4.0000000000000002e-01
-6.9214316319974145e-01
1.2223867477612432e-01
-6.9080465227365506e-01
1.2924762517213849e-03
-2.7005416951491474e+00
4.1476880652084933e+00
5.9999999999999998e-01
-1.0000000000000001e-01
0.0000000000000000e+00
4.0000000000000002e-01
-3.2992276620419697e-01
1.1087557245926793e-01
-1.9013487368822110e-01
1.2924762517213849e-03
-2.0372839681222081e+00
4.0600453567877395e+00
5.9999999999999998e-01
-1.0000000000000001e-01
0.0000000000000000e+00
4.0000000000000002e-01
-1.2852115627678104e-01
2.1045848943428930e-01
2.8715594232082353e-01
1.2924762517213849e-03
-2.1144023231579898e+00
3.8199245576933012e+00
5.9999999999999998e-01
-1.0000000000000001e-01
0.0000000000000000e+00
4.0000000000000002e-01
3.7959588382093229e-01
2.4338323862986500e-01
9.5796215832233411e-01
1.2924762517213849e-03
-1.9550281244679333e+00
3.3799297695234407e+00
5.9999999999999998e-01
-1.0000000000000001e-01
0.0000000000000000e+00
4.0000000000000002e-01
5.9989158961622036e-01
3.4195122487978868e-01
1.1874937593936896e-01
1.2924762517213849e-03
-2.4668617639108539e+00
3.9525417332723722e+00
5.9999999999999998e-01
-1.0000000000000001e-01
0.0000000000000000e+00
4.0000000000000002e-01
-3.7035335090311239e-01
3.7086024476723600e-01
1.1874937593936896e-01
1.2924762517213849e-03
-4.6484184417291523e+00
3.9337351788952932e+00
5.9999999999999998e-01
-1.0000000000000001e-01
0.0000000000000000e+00
4.0000000000000002e-01
-7.5146591928156092e-01
3.4489888514714168e-01
1.2741696834563943e-02
1.2924762517213849e-03
-4.9126004862948305e+00
3.3917956979200228e+00
5.9999999999999998e-01
-1.0000000000000001e-01
0.0000000000000000e+00
4.0000000000000002e-01
-9.8352950599344446e-01
3.1347118891911430e-01
7.1741339439526164e-01
1.2924762517213849e-03
-5.5502544808550729e+00
3.0374707550927984e+00
5.9999999999999998e-01
-1.0000000000000001e-01
0.0000000000000000e+00
4.0000000000000002e-01
-1.2924020018728447e-01
2.8676571263508721e-01
5.1434522027149765e-01
1.2924762517213849e-03
-4.2819165158434762e+00
3.4255349726602424e+00
5.9999999999999998e-01
-1.0000000000000001e-01
0.0000000000000000e+00
4.0000000000000002e-01
6.1944544586984440e-01
2.9626261975006984e-01
-1.0540370231494339e-01
1.2924762517213849e-03
-4.2819165158434762e+00
2.9106522471830241e+00
5.9999999999999998e-01
-1.0000000000000001e-01
0.0000000000000000e+00
4.0000000000000002e-01
1.1641644630281256e-01
3.8345884658532070e-01
-1.9640799021348387e-01
1.2924762517213849e-03
-4.2774378615780719e+00
2.6432657954469314e+00
5.9999999999999998e-01
-1.0000000000000001e-01
0.0000000000000000e+00
4.0000000000000002e-01
9.3740335449391532e-03
3.9350078393654753e-01
5.1636504078283874e-01
1.2924762517213849e-03
-3.1072007212205781e+00
3.4540436146035782e+00
5.9999999999999998e-01
-1.0000000000000001e-01
0.0000000000000000e+00
4.0000000000000002e-01
-9.9077051010282702e-01
2.5806682934002811e-01
5.3193820470944020e-01
4.1928271800279644e-03
-3.2624207648797885e+00
3.5727052924409501e+00
5.9999999999999998e-01
-1.0000000000000001e-01
0.0000000000000000e+00
4.0000000000000002e-01
1.7770452532617381e-01
1.9817053730921680e-01
9.9625150823965636e-01
1.0887825936079054e-03
-3.6031376342638386e+00
4.0251570102944960e+00
5.9999999999999998e-01
-1.0000000000000001e-01
0.0000000000000000e+00
4.0000000000000002e-01
1.6447020563928416e-01
2.1604767014222079e-01
8.5761604214087095e-01
1.0887825936079054e-03
-3.8888904239400284e+00
4.0077463803067790e+00
5.9999999999999998e-01
-1.0000000000000001e-01
0.0000000000000000e+00
4.0000000000000002e-01
-4.8172147479208172e-01
2.5836414523558549e-01
7.2851407090201947e-01
3.7508061081171062e-03
-3.4555956821306606e+00
4.1140899417176824e+00
5.9999999999999998e-01
-1.0000000000000001e-01
0.0000000000000000e+00
4.0000000000000002e-01
-8.8327344414146602e-01
1.9001289577917985e-01
7.6038761625066376e-01
3.7508061081171062e-03
-3.5645782242878337e+00
4.1008941886201482e+00
5.9999999999999998e-01
-1.0000000000000001e-01
0.0000000000000000e+00
4.0000000000000002e-01
-7.3021627661140631e-01
1.7206430782513549e-01
8.7841596016660306e-01
3.7508061081171062e-03
-3.9171773220761672e+00
3.9448302460089306e+00
5.9999999999999998e-01
-1.0000000000000001e-01
0.0000000000000000e+00
4.0000000000000002e-01
-9.9614281650932501e-01
5.7480767862366944e-02
9.8213270733132929e-01
5.1891181617975263e-03
-3.6369996921508569e+00
2.2609128547087294e+00
5.9999999999999998e-01
-1.0000000000000001e-01
0.0000000000000000e+00
4.0000000000000002e-01
-8.4986906219573688e-01
1.1168952004479683e-02
8.7077976966276738e-01
5.1891181617975263e-03
-3.5103289739578027e+00
2.4684473690763098e+00
5.9999999999999998e-01
-1.0000000000000001e-01
0.0000000000000000e+00
4.0000000000000002e-01
-4.9099298287482929e-01
5.3726473613255393e-03
9.2320347204777331e-04
9.0871575027704279e-03
-2.9510405415087000e+00
2.8903969965130072e+00
5.9999999999999998e-01
-1.0000000000000001e-01
0.0000000000000000e+00
4.0000000000000002e-01
-6.1399767209144318e-01
5.3726473613255393e-03
1.2968437815085027e-01
2.1885757699608807e-02
-3.2364341699867500e+00
3.1004683922231178e+00
5.9999999999999998e-01
-1.0000000000000001e-01
0.0000000000000000e+00
4.0000000000000002e-01
-2.4882774640174601e-01
5.3726473613255393e-03
2.7464487845078084e-01
2.1885757699608807e-02
-3.5176248931675209e+00
3.0807496856152992e+00
5.9999999999999998e-01
-1.0000000000000001e-01
0.0000000000000000e+00
4.0000000000000002e-01
-2.5626107026191447e-01
1.9351575092839517e-02
5.4126899654045668e-01
1.1700501538813113e-01
-2.9442888045101419e+00
3.3954371716082075e+00
5.9999999999999998e-01
-1.0000000000000001e-01
0.0000000000000000e+00
4.0000000000000002e-01
-3.2699235897811152e-01
8.0285632176869300e-03
9.3637450987473092e-01
4.6476708086207491e-02
-3.0338822209625498e+00
3.4641702707111817e+00
5.9999999999999998e-01
-1.0000000000000001e-01
0.0000000000000000e+00
4.0000000000000002e-01
-7.5034347515853139e-01
3.6165950195359502e-02
2.5016011619940365e-01
6.2239241512492278e-02
-3.7055991256027476e+00
4.0542791555821873e+00
5.9999999999999998e-01
-1.0000000000000001e-01
0.0000000000000000e+00
4.0000000000000002e-01
-9.9436671000273913e-01
5.4093136950009238e-03
1.7327623451128568e-01
4.2803987177088838e-02
-3.9704575562267550e+00
3.8296138595044589e+00
5.9999999999999998e-01
-1.0000000000000001e-01
0.0000000000000000e+00
4.0000000000000002e-01
-1.1510070975143671e-02
5.9202966740899456e-03
-4.0936180474236644e-01
6.8097253324463938e-02
-4.0362139308243048e+00
3.9183986078202704e+00
5.9999999999999998e-01
-1.0000000000000001e-01
0.0000000000000000e+00
4.0000000000000002e-01
-4.9462870910952084e-03
9.4263740828805336e-03
-9.5666942061856419e-01
8.6432973155751811e-02
-4.5216032469063059e+00
4.3589674602448918e+00
5.9999999999999998e-01
-1.0000000000000001e-01
0.0000000000000000e+00
4.0000000000000002e-01
3.4397844876794120e-01
2.9702905467324627e-03
-6.3636000754311717e-01
1.2725843105651435e-01
-4.8958855324774042e+00
3.0868575762212265e+00
5.9999999999999998e-01
-1.0000000000000001e-01
0.0000000000000000e+00
4.0000000000000002e-01
5.7176959704307817e-01
5.3165402761273751e-03
-1.5114413114264647e-01
7.7179948309436405e-02
-5.0933708959608328e+00
2.7752610276639453e+00
5.9999999999999998e-01
-1.0000000000000001e-01
0.0000000000000000e+00
4.0000000000000002e-01
-4.1631870676131938e-01
2.7241061066704309e-02
-7.3923464389517946e-01
3.0130699718371005e-02
-4.6230451160459767e+00
2.2843313305824986e+00
5.9999999999999998e-01
-1.0000000000000001e-01
0.0000000000000000e+00
4.0000000000000002e-01
-8.4185318399520614e-01
1.1598585461693324e-02
-7.3923464389517946e-01
1.4411719683557547e-03
-4.3307792299776331e+00
1.3195536940544836e+00
5.9999999999999998e-01
-1.0000000000000001e-01
0.0000000000000000e+00
4.0000000000000002e-01
-8.4185318399520614e-01
2.4496177187734031e-03
-8.1561584385111974e-01
9.6469460744410540e-03
-4.3607368761091481e+00
9.5426102645695132e-01
5.9999999999999998e-01
-1.0000000000000001e-01
0.0000000000000000e+00
4.0000000000000002e-01
-7.7577936549039572e-01
2.4496177187734031e-03
8.1393865728745188e-03
4.7172711016610240e-02
-3.9454210394411340e+00
7.1197621966246438e-01
5.9999999999999998e-01
-1.0000000000000001e-01
0.0000000000000000e+00
4.0000000000000002e-01
-7.8376910690518109e-01
2.4496177187734031e-03
6.1778263235459097e-03
8.9930095691233662e-03
-3.9133290500729339e+00
1.6376390411937600e+00
5.9999999999999998e-01
-1.0000000000000001e-01
0.0000000000000000e+00
4.0000000000000002e-01
-8.1121582452507701e-01
2.4496177187734031e-03
-4.7835357453208471e-01
6.2691320063546274e-02
-4.3481628568260922e+00
1.1372861794615157e+00
5.9999999999999998e-01
-1.0000000000000001e-01
0.0000000000000000e+00
4.0000000000000002e-01
1.5249401565341264e-01
2.4496177187734031e-03
3.8866506789345234e-01
3.1752294423058616e-02
-4.8281741739599955e+00
8.8715546349529117e-01
5.9999999999999998e-01
-1.0000000000000001e-01
0.0000000000000000e+00
4.0000000000000002e-01
4.2871943216470976e-01
4.7267628227787531e-02
2.2946391080040429e-01
4.4286479856818807e-03
-5.2606889249174849e+00
7.5477018332574475e-01
5.9999999999999998e-01
-1.0000000000000001e-01
0.0000000000000000e+00
4.0000000000000002e-01
2.7789190818350490e-02
6.3899836008863967e-02
2.3477425521705245e-01
4.4286479856818807e-03
-4.8234935761778610e+00
7.5477018332574475e-01
5.9999999999999998e-01
-1.0000000000000001e-01
0.0000000000000000e+00
4.0000000000000002e-01
-4.4188428659291956e-01
2.7859952633696127e-02
2.7594383901450731e-01
4.4286479856818807e-03
-4.8234935761778610e+00
9.7656093812081912e-01
5.9999999999999998e-01
-1.0000000000000001e-01
0.0000000000000000e+00
4.0000000000000002e-01
-7.3935341943355293e-01
2.8945461933928062e-02
5.5238495206925975e-01
2.0455225577577937e-02
-4.8083758929162279e+00
1.2296574441203842e+00
5.9999999999999998e-01
-1.0000000000000001e-01
0.0000000000000000e+00
4.0000000000000002e-01
-8.7231061686130262e-01
1.5680391257124476e-02
9.0201915076468087e-01
1.1566938008926807e-01
-5.2915012502460730e+00
8.0935609614942172e-01
5.9999999999999998e-01
-1.0000000000000001e-01
0.0000000000000000e+00
4.0000000000000002e-01
-8.8956256646962861e-01
2.9808904712515405e-02
8.5239745742175677e-01
1.1546400951407848e-01
-5.6297444188385253e+00
5.6905892169568650e-01
5.9999999999999998e-01
-1.0000000000000001e-01
0.0000000000000000e+00
4.0000000000000002e-01
-2.1592504281850555e-01
1.9895736997442771e-02
9.5999185091350181e-01
1.3791065922006948e-02
-4.9736894511966945e+00
4.8157759285066248e-01
5.9999999999999998e-01
-1.0000000000000001e-01
0.0000000000000000e+00
4.0000000000000002e-01
-1.7488286752553678e-01
1.8600880344825318e-02
1.7826920563820714e-01
1.3405046692118033e-02
-5.3346859257086159e+00
1.2680231717834247e+00
5.9999999999999998e-01
-1.0000000000000001e-01
0.0000000000000000e+00
4.0000000000000002e-01
2.5178686003832118e-01
1.4591042168946794e-01
1.7826920563820714e-01
1.3405046692118033e-02
-6.0783590774401075e+00
1.7588738319883119e+00
5.9999999999999998e-01
-1.0000000000000001e-01
0.0000000000000000e+00
4.0000000000000002e-01
-3.1331601996274694e-01
1.8912297077985338e-01
5.3671759672928565e-01
1.3405046692118033e-02
-6.5649845707113847e+00
2.3270335455844173e+00
5.9999999999999998e-01
-1.0000000000000001e-01
0.0000000000000000e+00
4.0000000000000002e-01
-8.5475633401723605e-01
3.1740966634960704e-01
8.5312670775223487e-01
1.3405046692118033e-02
-5.7767451482708561e+00
2.0876157870003946e+00
5.9999999999999998e-01
-1.0000000000000001e-01
0.0000000000000000e+00
4.0000000000000002e-01
8.4015573333648930e-01
3.4381799839945371e-01
9.4329792209435226e-01
1.3405046692118033e-02
-6.0057072403724296e+00
2.2020317425439129e+00
5.9999999999999998e-01
-1.0000000000000001e-01
0.0000000000000000e+00
4.0000000000000002e-01
6.4664694320110583e-01
2.4550899123163755e-01
1.3329494126606717e-01
1.3405046692118033e-02
-5.8034037533099756e+00
1.9684017529198896e+00
5.9999999999999998e-01
-1.0000000000000001e-01
0.0000000000000000e+00
4.0000000000000002e-01
4.4197394888548142e-01
3.3696426664801177e-01
4.7455109961796538e-01
8.9881688859313573e-03
-5.5906310501391996e+00
1.7550687966356049e+00
5.9999999999999998e-01
-1.0000000000000001e-01
0.0000000000000000e+00
4.0000000000000002e-01
9.4205485968550640e-01
2.8368333577127991e-01
-7.0880314163398006e-01
8.9881688859313573e-03
-6.0408864679629906e+00
1.7867490222165354e+00
5.9999999999999998e-01
-1.0000000000000001e-01
0.0000000000000000e+00
4.0000000000000002e-01
8.7094125895461039e-01
3.2129958771677553e-01
-9.3339178677182655e-01
8.9881688859313573e-03
-5.5579956206376666e+00
2.2094768216321237e+00
5.9999999999999998e-01
-1.0000000000000001e-01
0.0000000000000000e+00
4.0000000000000002e-01
3.1991428999861671e-01
3.6475116001950447e-01
-4.1422274466138348e-01
8.9881688859313573e-03
-4.4555110129411339e+00
2.4551681173453099e+00
5.9999999999999998e-01
-1.0000000000000001e-01
0.0000000000000000e+00
4.0000000000000002e-01
6.0901277689894628e-01
4.2765397714959330e-01
-1.7202574189286690e-01
1.1030275156721458e-02
-5.3255494597251536e+00
2.4553275478491550e+00
5.9999999999999998e-01
-1.0000000000000001e-01
0.0000000000000000e+00
4.0000000000000002e-01
-3.0067006201783225e-01
4.1784673952447121e-01
-1.3062958832364541e-01
1.1763833036646231e-02
-5.6160005341167567e+00
2.8679173750290636e+00
5.9999999999999998e-01
-1.0000000000000001e-01
0.0000000000000000e+00
4.0000000000000002e-01
-2.2522131950894392e-01
3.9858849140392488e-01
1.5152095921803252e-01
1.1763833036646231e-02
-6.3607594127650389e+00
3.0595550400624041e+00
5.9999999999999998e-01
-1.0000000000000001e-01
0.0000000000000000e+00
4.0000000000000002e-01
-6.4823305242994822e-01
2.6286623688923072e-01
-5.5875453571788969e-02
1.1763833036646231e-02
-7.0868116850848324e+00
3.0232535181054838e+00
5.9999999999999998e-01
-1.0000000000000001e-01
0.0000000000000000e+00
4.0000000000000002e-01
-7.1981137269476447e-01
2.7542413564907264e-01
3.2272329845000058e-01
1.1763833036646231e-02
-6.8060323054785856e+00
3.2623794487165281e+00
5.9999999999999998e-01
-1.0000000000000001e-01
0.0000000000000000e+00
4.0000000000000002e-01
2.2260463005563225e-01
2.8807705970989417e-01
2.9043965317774567e-01
2.0833115484565345e-03
-7.0917339141364213e+00
2.7777510306285689e+00
5.9999999999999998e-01
-1.0000000000000001e-01
0.0000000000000000e+00
4.0000000000000002e-01
7.2042195803185882e-01
3.9278999392079067e-01
3.2850322776008400e-01
2.0833115484565345e-03
-7.1624266887898562e+00
2.0986590167926620e+00
5.9999999999999998e-01
-1.0000000000000001e-01
0.0000000000000000e+00
4.0000000000000002e-01
2.4035041994115294e-01
4.0933988014744471e-01
4.9410937954671663e-02
2.0833115484565345e-03
-6.5036423812503941e+00
2.0828308633016417e+00
5.9999999999999998e-01
-1.0000000000000001e-01
0.0000000000000000e+00
4.0000000000000002e-01
-2.6322084718683769e-01
3.3967368523167324e-01
7.3546238720882673e-01
2.6658033933490361e-03
-6.5780235017533428e+00
1.4900403863238167e+00
5.9999999999999998e-01
-1.0000000000000001e-01
0.0000000000000000e+00
4.0000000000000002e-01
-3.9683672004679255e-01
3.1006823567436886e-01
7.4970314726699128e-01
5.1601236667483891e-03
-7.1295615906710754e+00
1.0676003253506492e+00
5.9999999999999998e-01
-1.0000000000000001e-01
0.0000000000000000e+00
4.0000000000000002e-01
-9.6468843781689229e-01
3.3547279874371244e-01
9.3504645809996856e-01
5.1601236667483891e-03
-6.8278277750010625e+00
9.2245771646965258e-01
5.9999999999999998e-01
-1.0000000000000001e-01
0.0000000000000000e+00
4.0000000000000002e-01
-7.1164480530956808e-01
4.1792053125189499e-01
-1.7886932387482390e-01
5.1601236667483891e-03
-6.3589984525810026e+00
8.1004232451785341e-01
5.9999999999999998e-01
-1.0000000000000001e-01
0.0000000000000000e+00
4.0000000000000002e-01
-4.4789712035397117e-01
4.1792053125189499e-01
-2.2010672464501127e-01
5.1601236667483891e-03
-5.6851457227836404e+00
1.3307502536522222e+00
5.9999999999999998e-01
-1.0000000000000001e-01
0.0000000000000000e+00
4.0000000000000002e-01
-4.8032364332417077e-01
4.0766427252577497e-01
-4.9365617181174604e-02
1.3259284105151745e-03
-6.1289972235332284e+00
1.2754082395182920e+00
5.9999999999999998e-01
-1.0000000000000001e-01
0.0000000000000000e+00
4.0000000000000002e-01
1.5151248967906406e-01
4.3548789992319298e-01
-4.1151901617180564e-01
1.3259284105151745e-03
-6.5963688083807970e+00
7.0733717516530281e-01
5.9999999999999998e-01
-1.0000000000000001e-01
0.0000000000000000e+00
4.0000000000000002e-01
-6.7247755849102564e-01
4.7407892590151979e-01
-8.1737850144039836e-01
1.3259284105151745e-03
-7.2787331797997501e+00
5.4087341860402349e-01
5.9999999999999998e-01
-1.0000000000000001e-01
0.0000000000000000e+00
4.0000000000000002e-01
-9.3515609464908067e-01
4.2491366236792766e-01
-2.2195451810490341e-01
2.5496829207986445e-03
-7.2782551992218973e+00
1.2296930758701634e+00
5.9999999999999998e-01
-1.0000000000000001e-01
0.0000000000000000e+00
4.0000000000000002e-01
1.2718671955799637e-01
4.2182744240151610e-01
-5.6276452764403084e-01
2.5496829207986445e-03
-6.7251100468914986e+00
1.1579958586441350e+00
5.9999999999999998e-01
-1.0000000000000001e-01
0.0000000000000000e+00
4.0000000000000002e-01
-7.0532614565754359e-01
4.2038977220045293e-01
-4.2824271544348452e-01
2.5496829207986445e-03
-6.8932185653131484e+00
1.1503078787075354e+00
5.9999999999999998e-01
-1.0000000000000001e-01
0.0000000000000000e+00
4.0000000000000002e-01
-8.7257794953251300e-01
4.9300419440256327e-01
-8.0549500390421591e-01
2.5496829207986445e-03
-5.8613148930948267e+00
4.6662537701893592e-01
5.9999999999999998e-01
-1.0000000000000001e-01
0.0000000000000000e+00
4.0000000000000002e-01
-8.7257794953251300e-01
4.2949388616667961e-01
-2.1700817867647854e-01
2.5496829207986445e-03
-4.8597320917528153e+00
7.8688014097977410e-01
5.9999999999999998e-01
-1.0000000000000001e-01
0.0000000000000000e+00
4.0000000000000002e-01
-7.7538483358288224e-01
4.2761063640700558e-01
-3.0389763701008632e-01
2.5496829207986445e-03
-5.0970277133863453e+00
1.2694018537597729e+00
5.9999999999999998e-01
-1.0000000000000001e-01
0.0000000000000000e+00
4.0000000000000002e-01
2.3224942200517240e-01
4.3561381917582725e-01
-7.0337961691664530e-01
2.5496829207986445e-03
-5.0351902786176685e+00
1.3749637512909245e+00
5.9999999999999998e-01
-1.0000000000000001e-01
0.0000000000000000e+00
4.0000000000000002e-01
1.8267098241185731e-01
4.2930108469115469e-01
-7.0527472708607086e-01
1.3600879734382017e-02
-4.3974786724429613e+00
1.4886439590202640e+00
5.9999999999999998e-01
-1.0000000000000001e-01
0.0000000000000000e+00
4.0000000000000002e-01
-2.5203552312517574e-01
3.1770937936888910e-01
-7.5189041793579237e-01
1.3600879734382017e-02
-4.6929295185487749e+00
1.7427585063921285e+00
5.9999999999999998e-01
-1.0000000000000001e-01
0.0000000000000000e+00
4.0000000000000002e-01
-5.2267728516105921e-02
2.6512541728602629e-01
-1.0797968983883055e-01
9.3972394224256118e-03
-4.7454217370133884e+00
2.1705245314585042e+00
5.9999999999999998e-01
-1.0000000000000001e-01
0.0000000000000000e+00
4.0000000000000002e-01
-9.0417037791872445e-01
1.5441794400798065e-01
-8.8595639631384993e-01
9.3972394224256118e-03
-4.5059984441380978e+00
2.1454408770846198e+00
5.9999999999999998e-01
-1.0000000000000001e-01
0.0000000000000000e+00
4.0000000000000002e-01
-8.7388227290773812e-01
1.5342725984888059e-01
-8.8595639631384993e-01
2.8057118412107077e-03
-4.9102625201921937e+00
3.0282945698546242e+00
5.9999999999999998e-01
-1.0000000000000001e-01
0.0000000000000000e+00
4.0000000000000002e-01
-3.3173309392595723e-01
1.5342725984888059e-01
-1.2504770919913433e-01
1.9083482598885877e-02
-5.7119372706394671e+00
2.8346999293612312e+00
5.9999999999999998e-01
-1.0000000000000001e-01
0.0000000000000000e+00
4.0000000000000002e-01
4.9506096175666314e-02
1.3538279526071528e-01
-1.3974212512606765e-01
2.1273204242810591e-02
-5.8568546141963482e+00
3.0086295431898900e+00
5.9999999999999998e-01
-1.0000000000000001e-01
0.0000000000000000e+00
4.0000000000000002e-01
3.8903695755338241e-01
1.3981153647737485e-01
-6.5951851591700694e-01
1.2152951156720505e-02
-5.7697805340867516e+00
2.8734886950300997e+00
5.9999999999999998e-01
-1.0000000000000001e-01
0.0000000000000000e+00
4.0000000000000002e-01
3.8903695755338241e-01
3.2632012346255623e-02
-5.2925154909724370e-01
1.2152951156720505e-02
-5.8468320219661134e+00
2.5208009368227788e+00
5.9999999999999998e-01
-1.0000000000000001e-01
0.0000000000000000e+00
4.0000000000000002e-01
5.5062410167213000e-02
8.7687902816998800e-02
-2.2801362427417260e-02
1.2152951156720505e-02
-6.6368838599766624e+00
2.4201309940265485e+00
5.9999999999999998e-01
-1.0000000000000001e-01
0.0000000000000000e+00
4.0000000000000002e-01
-4.3532255954409071e-01
4.9237563085238481e-02
-9.6090569051448332e-02
1.8608359849080429e-02
-6.7652118368889225e+00
1.9996114751743148e+00
5.9999999999999998e-01
-1.0000000000000001e-01
0.0000000000000000e+00
4.0000000000000002e-01
-1.0363691277170609e-01
1.8089781653563525e-02
4.6595102265244343e-01
6.0809931254014356e-02
-6.7131354647572170e+00
2.5271259924815963e+00
5.9999999999999998e-01
-1.0000000000000001e-01
0.0000000000000000e+00
4.0000000000000002e-01
-5.8044421053791473e-01
1.6319419097582843e-02
-9.0522343233460556e-01
5.7595118140801774e-02
-6.8584647375042573e+00
3.1031287154601879e+00
5.9999999999999998e-01
-1.0000000000000001e-01
0.0000000000000000e+00
4.0000000000000002e-01
-6.6590368128681610e-01
1.6319419097582843e-02
6.3509584650164475e-01
4.8958946382626878e-02
-6.8747258889372489e+00
2.3930775365279979e+00
5.9999999999999998e-01
-1.0000000000000001e-01
0.0000000000000000e+00
4.0000000000000002e-01
-6.6590368128681610e-01
1.0499990057627704e-02
6.8214525446062912e-01
2.5178429758176198e-02
-6.2099405466462514e+00
2.6300927063869302e+00
5.9999999999999998e-01
-1.0000000000000001e-01
0.0000000000000000e+00
4.0000000000000002e-01
-4.9176575637722442e-01
2.7803836387078312e-02
-3.9509666772792107e-01
1.1259021178446708e-01
-6.7891907854820630e+00
2.2032353964122002e+00
5.9999999999999998e-01
-1.0000000000000001e-01
0.0000000000000000e+00
4.0000000000000002e-01
-1.7054977453613709e-01
2.7803836387078312e-02
-2.6643853279063467e-01
1.3040153796039519e-01
-6.7520598037983319e+00
1.6194375660689539e+00
5.9999999999999998e-01
-1.0000000000000001e-01
0.0000000000000000e+00
4.0000000000000002e-01
-4.1315897024536563e-01
2.7803836387078312e-02
-8.9744016619632005e-01
1.2176550862751899e-01
-6.3024096264387506e+00
2.0134280618699263e+00
5.9999999999999998e-01
-1.0000000000000001e-01
0.0000000000000000e+00
4.0000000000000002e-01
-6.7566228992605648e-01
2.7551819028760340e-02
-6.0655487032840016e-01
2.7005186155997218e-01
-6.4221478267456442e+00
2.3083391424687574e+00
5.9999999999999998e-01
-1.0000000000000001e-01
0.0000000000000000e+00
4.0000000000000002e-01
-9.7237777835989436e-01
3.0014238449241067e-02
-4.4602230510208618e-02
4.0194207087717954e-01
-6.2524622454191601e+00
1.5223667499097058e+00
5.9999999999999998e-01
-1.0000000000000001e-01
0.0000000000000000e+00
4.0000000000000002e-01
-4.9245132095480404e-01
1.0217626186515238e-02
-1.4617457961896421e-01
3.5821003261767337e-01
-6.8127394071663776e+00
2.1397832718165581e+00
5.9999999999999998e-01
-1.0000000000000001e-01
0.0000000000000000e+00
4.0000000000000002e-01
-3.4829126603270011e-01
2.2753580185080911e-02
-5.4954351222375397e-01
4.2062360999546955e-01
-6.5017028323258321e+00
1.5404161122115319e+00
5.9999999999999998e-01
-1.0000000000000001e-01
0.0000000000000000e+00
4.0000000000000002e-01
7.5552925995345549e-02
1.5647492262030986e-02
-8.2673700032988551e-01
4.6177922760881490e-01
-6.7310751101817052e+00
1.8495919134886925e+00
5.9999999999999998e-01
-1.0000000000000001e-01
0.0000000000000000e+00
4.0000000000000002e-01
5.9730321072673365e-01
2.1834319027568248e-02
-9.6702435670653342e-01
4.4724197071231908e-01
-7.1118922538007663e+00
5.2204405930358844e-01
5.9999999999999998e-01
-1.0000000000000001e-01
0.0000000000000000e+00
4.0000000000000002e-01
3.8682492234444188e-01
4.4525462113870658e-03
-8.8793003974715234e-01
5.0683866804279387e-01
-7.6771391040529169e+00
7.3253240552265120e-01
5.9999999999999998e-01
-1.0000000000000001e-01
0.0000000000000000e+00
4.0000000000000002e-01
4.7426177994048158e-01
1.9804682346488384e-02
1.2579786838730803e-01
5.0683866804279387e-01
-7.6771391040529169e+00
9.8415763717610305e-01
5.9999999999999998e-01
-1.0000000000000001e-01
0.0000000000000000e+00
4.0000000000000002e-01
-4.3992113911752298e-02
1.2659083338881879e-02
-9.4393106280127537e-01
5.8718354814685880e-01
-7.7745115972007675e+00
1.3969269220205014e+00
5.9999999999999998e-01
-1.0000000000000001e-01
0.0000000000000000e+00
4.0000000000000002e-01
-1.7466794236863098e-01
1.2659083338881879e-02
2.9248680533608418e-01
6.2267393057979648e-01
-8.6926014072145392e+00
1.7721962962718669e+00
5.9999999999999998e-01
-1.0000000000000001e-01
0.0000000000000000e+00
4.0000000000000002e-01
-8.5536469682419725e-01
1.2659083338881879e-02
-3.3072699127951644e-01
4.8669472741521902e-01
-9.5717303520883501e+00
1.4475862417789165e+00
5.9999999999999998e-01
-1.0000000000000001e-01
0.0000000000000000e+00
4.0000000000000002e-01
-4.9846912845337815e-01
1.6521117778922467e-02
-5.5595907388487831e-01
4.9535140680707995e-01
-8.9774904138292246e+00
1.9614384625526133e+00
5.9999999999999998e-01
-1.0000000000000001e-01
0.0000000000000000e+00
4.0000000000000002e-01
-4.1978194578850692e-01
8.7284910999788322e-03
-4.3375437541166323e-01
5.2391524409689016e-01
-8.6234825081075606e+00
2.6438624863000570e+00
5.9999999999999998e-01
-1.0000000000000001e-01
0.0000000000000000e+00
4.0000000000000002e-01
-5.5773970886433555e-01
8.7284910999788322e-03
-3.6341030670562763e-01
4.3562112903036188e-01
-9.0446363291586795e+00
3.0315117013128456e+00
5.9999999999999998e-01
-1.0000000000000001e-01
0.0000000000000000e+00
4.0000000000000002e-01
-7.8811290576422655e-01
8.7284910999788322e-03
-8.3053235380211854e-01
4.3100994020141670e-01
-9.2323286301340026e+00
3.3035848450334724e+00
5.9999999999999998e-01
-1.0000000000000001e-01
0.0000000000000000e+00
4.0000000000000002e-01
-9.9842442109549490e-01
1.4202927325348405e-02
-7.1493400229373960e-01
4.1319912713207307e-01
-8.5872430256451544e+00
3.0929164957674202e+00
5.9999999999999998e-01
-1.0000000000000001e-01
0.0000000000000000e+00
4.0000000000000002e-01
-6.5588749005759206e-01
1.4202927325348405e-02
-3.8043547107139619e-01
2.7413502418436109e-01
-9.2540380946244163e+00
2.9913952332409082e+00
5.9999999999999998e-01
-1.0000000000000001e-01
0.0000000000000000e+00
4.0000000000000002e-01
-6.5257811620200123e-01
1.3163073581139592e-02
2.8378993259510005e-01
4.1670252286829051e-01
-9.5269259682740142e+00
4.4583651613863164e+00
5.9999999999999998e-01
-1.0000000000000001e-01
0.0000000000000000e+00
4.0000000000000002e-01
-5.0370598866904226e-01
2.1850590866486577e-02
9.6700531841954196e-01
3.7944146888889368e-01
-1.0843542676314252e+01
4.9688889485271623e+00
5.9999999999999998e-01
-1.0000000000000001e-01
0.0000000000000000e+00
4.0000000000000002e-01
-1.4964364572728128e-01
1.1579214137475041e-02
-6.1983779309550324e-01
3.7285545700229694e-01
-1.1105540137633222e+01
4.9506339434953386e+00
5.9999999999999998e-01
-1.0000000000000001e-01
0.0000000000000000e+00
4.0000000000000002e-01
-2.4614303513730018e-01
2.0122098666111973e-02
-7.6595344515750208e-01
3.9589840101636936e-01
-1.2393454940512317e+01
4.5649157289834674e+00
5.9999999999999998e-01
-1.0000000000000001e-01
0.0000000000000000e+00
4.0000000000000002e-01
-6.7939811154568641e-01
2.0122098666111973e-02
-8.1343249516794480e-01
4.7953776442445806e-01
-1.2749920053675313e+01
4.6166705701919248e+00
5.9999999999999998e-01
-1.0000000000000001e-01
0.0000000000000000e+00
4.0000000000000002e-01
-8.8174914702141727e-01
1.6894673806111364e-02
-6.7112543093273436e-01
6.0044353657402083e-01
-1.2191811044409413e+01
3.8492197964759525e+00
5.9999999999999998e-01
-1.0000000000000001e-01
0.0000000000000000e+00
4.0000000000000002e-01
-5.5093189659828379e-01
1.9678708862940816e-02
-6.6133281277725486e-01
5.4226834833063176e-01
-1.2206765441491742e+01
3.2779844675632179e+00
5.9999999999999998e-01
-1.0000000000000001e-01
0.0000000000000000e+00
4.0000000000000002e-01
-6.2625296059364510e-01
1.9678708862940816e-02
1.9748043907573434e-01
4.6362000297941264e-01
-1.2206765441491742e+01
3.2380920980544747e+00
5.9999999999999998e-01
-1.0000000000000001e-01
0.0000000000000000e+00
4.0000000000000002e-01
-7.5250882777685357e-01
1.9678708862940816e-02
-8.5150723802158623e-01
5.8454865115322163e-01
-1.3071097604825635e+01
4.7680487964721374e+00
5.9999999999999998e-01
-1.0000000000000001e-01
0.0000000000000000e+00
4.0000000000000002e-01
-8.7483613047117426e-01
9.5633605238600056e-03
-1.5349303530761990e-01
6.0387158530391738e-01
-1.3403395326330799e+01
4.0377361391158750e+00
5.9999999999999998e-01
-1.0000000000000001e-01
0.0000000000000000e+00
4.0000000000000002e-01
1.9505296614652445e-01
9.5633605238600056e-03
-5.2097354637691773e-01
4.7985718064941463e-01
-1.3449395818903584e+01
4.4559623692603756e+00
5.9999999999999998e-01
-1.0000000000000001e-01
0.0000000000000000e+00
4.0000000000000002e-01
7.7451837268358048e-01
9.5633605238600056e-03
-7.3675338493892939e-01
5.9882669025100765e-01
-1.2554830258234876e+01
4.8492625091643973e+00
5.9999999999999998e-01
-1.0000000000000001e-01
0.0000000000000000e+00
4.0000000000000002e-01
7.7451837268358048e-01
9.5633605238600056e-03
1.6344377966364818e-01
5.0376796411909175e-01
-1.3328412293537992e+01
4.3123512302013083e+00
5.9999999999999998e-01
-1.0000000000000001e-01
0.0000000000000000e+00
4.0000000000000002e-01
9.5710017253344837e-01
9.5633605238600056e-03
4.1857685761060304e-02
6.1043431534804415e-01
-1.3609922145947355e+01
3.9079532448621430e+00
5.9999999999999998e-01
-1.0000000000000001e-01
0.0000000000000000e+00
4.0000000000000002e-01
9.5710017253344837e-01
9.5633605238600056e-03
3.8647019596537546e-01
4.6307660298980785e-01
-1.4399617149576086e+01
4.2872938279481572e+00
5.9999999999999998e-01
-1.0000000000000001e-01
0.0000000000000000e+00
4.0000000000000002e-01
9.5710017253344837e-01
9.5633605238600056e-03
9.4460172863444281e-01
3.6116237860359263e-01
-1.4572292356833358e+01
3.7227813486428900e+00
5.9999999999999998e-01
-1.0000000000000001e-01
0.0000000000000000e+00
4.0000000000000002e-01
6.0024296511596020e-01
9.5633605238600056e-03
-7.3506920619402394e-02
4.3845628564991068e-01
-1.5328766910999557e+01
3.7262549791904136e+00
5.9999999999999998e-01
-1.0000000000000001e-01
0.0000000000000000e+00
4.0000000000000002e-01
8.0843004216140091e-01
8.6732571241064354e-03
-9.9244913129368828e-01
4.6493422692455361e-01
-1.5132085664838097e+01
4.0225123096676514e+00
5.9999999999999998e-01
-1.0000000000000001e-01
0.0000000000000000e+00
4.0000000000000002e-01
4.8054089058821975e-01
8.6732571241064354e-03
3.7659790726145698e-01
4.6807436412014081e-01
-1.4918578501313471e+01
4.1085468862624817e+00
5.9999999999999998e-01
-1.0000000000000001e-01
0.0000000000000000e+00
4.0000000000000002e-01
4.1530225564425766e-01
8.6732571241064354e-03
5.9425633104285192e-01
2.6205233400501321e-01
-1.5276176736026549e+01
4.3086820844979936e+00
5.9999999999999998e-01
-1.0000000000000001e-01
0.0000000000000000e+00
4.0000000000000002e-01
2.2307573643213091e-01
8.6732571241064354e-03
-3.1932678668061298e-01
2.6582179039157938e-01
-1.4899624917178894e+01
4.1758315762924010e+00
5.9999999999999998e-01
-1.0000000000000001e-01
0.0000000000000000e+00
4.0000000000000002e-01
1.7573324930554213e-01
8.6732571241064354e-03
-9.4772291817003884e-01
2.9869269137457016e-01
-1.4834513373568200e+01
3.9655309098260458e+00
5.9999999999999998e-01
-1.0000000000000001e-01
0.0000000000000000e+00
4.0000000000000002e-01
-1.9230569589251695e-01
1.0572794866244344e-02
-9.4772291817003884e-01
3.1883975033834583e-01
-1.5560534049465797e+01
3.9995243238704257e+00
5.9999999999999998e-01
-1.0000000000000001e-01
0.0000000000000000e+00
4.0000000000000002e-01
-4.9529728251809291e-01
1.0572794866244344e-02
-2.7541997231775928e-01
3.5733890878036623e-01
-1.5900213532045028e+01
4.2505977558391148e+00
5.9999999999999998e-01
-1.0000000000000001e-01
0.0000000000000000e+00
4.0000000000000002e-01
-1.7787037152165586e-01
1.0572794866244344e-02
-5.6605719425017043e-01
2.9055873214080935e-01
-1.6786332309141301e+01
4.5367774347262442e+00
5.9999999999999998e-01
-1.0000000000000001e-01
0.0000000000000000e+00
4.0000000000000002e-01
-2.6247009235734159e-01
1.0572794866244344e-02
-8.1658104606205628e-01
3.1254802774265417e-01
-1.6985946595564030e+01
4.5836143384175356e+00
5.9999999999999998e-01
-1.0000000000000001e-01
0.0000000000000000e+00
4.0000000000000002e-01
4.6059251564349583e-02
1.0572794866244344e-02
-1.2010194398695639e-01
3.1582847558334476e-01
-1.6818196299567365e+01
4.6928466478781763e+00
5.9999999999999998e-01
-1.0000000000000001e-01
0.0000000000000000e+00
4.0000000000000002e-01
1.7859409763177816e-01
5.1116204377813614e-03
-3.7389384664827996e-01
3.8070232420042160e-01
-1.6583232036128187e+01
4.4929472605185579e+00
5.9999999999999998e-01
-1.0000000000000001e-01
0.0000000000000000e+00
4.0000000000000002e-01
7.3296276106199210e-01
1.2909690928141621e-02
-9.1085284032160452e-01
3.4742394237592822e-01
-1.6725302036001825e+01
4.8937299723224719e+00
5.9999999999999998e-01
-1.0000000000000001e-01
0.0000000000000000e+00
4.0000000000000002e-01
7.8742930664380983e-01
1.2909690928141621e-02
-6.3841654606396359e-01
4.1721959008648990e-01
-1.6935208548500679e+01
4.5239092821674429e+00
5.9999999999999998e-01
-1.0000000000000001e-01
0.0000000000000000e+00
4.0000000000000002e-01
5.2682440580500267e-01
1.2909690928141621e-02
5.6007749013369867e-01
4.9624063267186280e-01
-1.7010553236946013e+01
3.9702654535369959e+00
5.9999999999999998e-01
-1.0000000000000001e-01
0.0000000000000000e+00
4.0000000000000002e-01
-8.8971789537297585e-01
7.5213400837583809e-03
-2.0188717909390141e-01
4.5815305652096866e-01
-1.6828584738716032e+01
4.0770468989806270e+00
5.9999999999999998e-01
-1.0000000000000001e-01
0.0000000000000000e+00
4.0000000000000002e-01
-4.7417755423413621e-01
5.9678678554101264e-03
9.1976290119345855e-02
3.7258698512986299e-01
-1.6734353664412644e+01
3.9476724693970771e+00
5.9999999999999998e-01
-1.0000000000000001e-01
0.0000000000000000e+00
4.0000000000000002e-01
4.8506302849184446e-02
1.1968580428938416e-02
-3.6422964953118964e-01
3.8775979091599583e-01
-1.6641959462955143e+01
3.8558960566716283e+00
5.9999999999999998e-01
-1.0000000000000001e-01
0.0000000000000000e+00
4.0000000000000002e-01
4.0015206948648879e-02
1.1968580428938416e-02
-8.1256504021817844e-01
3.5813654919341203e-01
-1.6974513469531679e+01
3.9908307949500168e+00
5.9999999999999998e-01
-1.0000000000000001e-01
0.0000000000000000e+00
4.0000000000000002e-01
4.0015206948648879e-02
1.1968580428938416e-02
-2.8759250872070002e-01
2.5990752549842000e-01
-1.7278738413646366e+01
3.9273103477852436e+00
5.9999999999999998e-01
-1.0000000000000001e-01
0.0000000000000000e+00
4.0000000000000002e-01
-2.0534167586194374e-01
1.1968580428938416e-02
1.1650757796829533e-01
2.9034078307822347e-01
-1.8228402946784641e+01
4.0194407137529939e+00
5.9999999999999998e-01
-1.0000000000000001e-01
0.0000000000000000e+00
4.0000000000000002e-01
-2.3436591862069467e-01
1.0267761920074966e-02
-3.4920703850919410e-01
3.0833774923160673e-01
-1.7274829473986770e+01
3.4841860386030765e+00
5.9999999999999998e-01
-1.0000000000000001e-01
0.0000000000000000e+00
4.0000000000000002e-01
4.8569156547708398e-01
1.0267761920074966e-02
-8.6928225981537544e-02
3.3549365853145718e-01
-1.7276371350220884e+01
3.6045340033667177e+00
5.9999999999999998e-01
-1.0000000000000001e-01
0.0000000000000000e+00
4.0000000000000002e-01
