10
140
5.0901536484181809e-01
1.6628120460889355e+00
1.2538519915891794e-01
2.2683477700924130e-03
-1.8588691249839100e+00
1.1973703101715062e+01
5.9999999999999998e-01
-1.0000000000000001e-01
0.0000000000000000e+00
4.0000000000000002e-01
-1.5795522789537975e-01
1.6506263842961804e+00
8.0107639715773959e-01
2.2683477700924130e-03
-2.3303335383883743e+00
1.0789399710735298e+01
5.9999999999999998e-01
-1.0000000000000001e-01
0.0000000000000000e+00
4.0000000000000002e-01
-1.8987404624998638e-01
1.6297582917592541e+00
7.9607147202594175e-01
2.2683477700924130e-03
-1.0987724230042728e+00
9.9149551187362448e+00
5.9999999999999998e-01
-1.0000000000000001e-01
0.0000000000000000e+00
4.0000000000000002e-01
-9.9581041376173574e-01
1.6692080583355442e+00
3.6176199064357190e-01
2.2683477700924130e-03
-1.8191015723860601e-01
1.0979495998537161e+01
5.9999999999999998e-01
-1.0000000000000001e-01
0.0000000000000000e+00
4.0000000000000002e-01
-3.2836784946799358e-01
1.6454834499440210e+00
5.5446185962064165e-01
2.2683477700924130e-03
2.6809815760933997e-01
1.1187483784365460e+01
5.9999999999999998e-01
-1.0000000000000001e-01
0.0000000000000000e+00
4.0000000000000002e-01
-3.5998280304551200e-01
1.7839832134327902e+00
8.8353385017020603e-01
2.2683477700924130e-03
-1.3204725015676369e-01
1.0282294317889020e+01
5.9999999999999998e-01
-1.0000000000000001e-01
0.0000000000000000e+00
4.0000000000000002e-01
8.9982371152638574e-02
1.8347969776473061e+00
5.6318882859777472e-02
2.2683477700924130e-03
6.6532400960561150e-02
1.0344260230469510e+01
5.9999999999999998e-01
-1.0000000000000001e-01
0.0000000000000000e+00
4.0000000000000002e-01
7.0622205954909245e-01
1.7181809165558830e+00
5.6318882859777472e-02
2.2683477700924130e-03
4.8671855699503069e-01
1.1951540003526016e+01
5.9999999999999998e-01
-1.0000000000000001e-01
0.0000000000000000e+00
4.0000000000000002e-01
7.4671473068118033e-01
1.9371201326928156e+00
6.1062034226488149e-02
2.2683477700924130e-03
-2.5885614042643112e-02
1.1164049425902769e+01
5.9999999999999998e-01
-1.0000000000000001e-01
0.0000000000000000e+00
4.0000000000000002e-01
-1.7527920621514387e-01
1.8753528722009676e+00
3.1588597715599448e-01
9.5193661761038039e-04
-2.4585766380194180e-02
1.1428449118318960e+01
5.9999999999999998e-01
-1.0000000000000001e-01
0.0000000000000000e+00
4.0000000000000002e-01
1.1760964971899923e-01
1.9620373432121292e+00
4.1464862436754607e-01
9.5193661761038039e-04
-2.9632457721746297e-01
1.1057285656216548e+01
5.9999999999999998e-01
-1.0000000000000001e-01
0.0000000000000000e+00
4.0000000000000002e-01
4.6022771757960251e-01
1.9341120776615157e+00
7.6094804734690080e-01
3.1245444269155714e-03
1.6565199509495154e-01
1.0486291547301217e+01
5.9999999999999998e-01
-1.0000000000000001e-01
0.0000000000000000e+00
4.0000000000000002e-01
2.4834209524959253e-01
1.8274390211782467e+00
4.7132790476782205e-01
3.1245444269155714e-03
5.9859477750723455e-01
1.0062626774045633e+01
5.9999999999999998e-01
-1.0000000000000001e-01
0.0000000000000000e+00
4.0000000000000002e-01
9.4301739656299266e-01
1.8480508763871206e+00
1.6937767618102911e-01
3.1245444269155714e-03
6.8070063035701622e-01
9.2025594672141544e+00
5.9999999999999998e-01
-1.0000000000000001e-01
0.0000000000000000e+00
4.0000000000000002e-01
6.6192016311854029e-01
1.9103771013251556e+00
8.5666784756584047e-01
3.1245444269155714e-03
6.6582792442058436e-01
9.4678114181337811e+00
5.9999999999999998e-01
-1.0000000000000001e-01
0.0000000000000000e+00
4.0000000000000002e-01
7.1533479996889737e-01
1.9573152864805472e+00
-2.0456408448750185e-01
7.9823236179106007e-04
3.4182518239830850e-01
9.4144497236190308e+00
5.9999999999999998e-01
-1.0000000000000001e-01
0.0000000000000000e+00
4.0000000000000002e-01
1.4829267212122590e-01
1.8083271753263708e+00
1.9583478264277759e-01
2.3579959125494218e-03
6.2774177122627617e-01
9.4813421355513796e+00
5.9999999999999998e-01
-1.0000000000000001e-01
0.0000000000000000e+00
4.0000000000000002e-01
-8.1843602649003344e-01
1.9004631886852024e+00
-1.1992193423444442e-01
2.3579959125494218e-03
1.0033815432106385e-01
9.1911769600538502e+00
5.9999999999999998e-01
-1.0000000000000001e-01
0.0000000000000000e+00
4.0000000000000002e-01
-5.3045131347209296e-01
1.9328195348751782e+00
-4.4136529790703538e-02
2.3579959125494218e-03
-5.5361009013141249e-01
1.0568075117650439e+01
5.9999999999999998e-01
-1.0000000000000001e-01
0.0000000000000000e+00
4.0000000000000002e-01
9.1638825514286670e-01
1.9525628077236052e+00
6.2531018621986711e-01
2.3579959125494218e-03
-7.1719120960916138e-01
1.2181995367440392e+01
5.9999999999999998e-01
-1.0000000000000001e-01
0.0000000000000000e+00
4.0000000000000002e-01
6.4724584856003431e-01
1.9385651656833527e+00
9.3403496645158124e-01
2.3579959125494218e-03
1.4667223322903042e-01
1.2422623258265665e+01
5.9999999999999998e-01
-1.0000000000000001e-01
0.0000000000000000e+00
4.0000000000000002e-01
-6.1226877889663067e-01
1.9195112395283815e+00
-5.0246102698380157e-01
2.3579959125494218e-03
9.4975929412757265e-01
1.1987565619563684e+01
5.9999999999999998e-01
-1.0000000000000001e-01
0.0000000000000000e+00
4.0000000000000002e-01
-7.1033370933562601e-01
1.9289906001684307e+00
-7.9323063705349361e-01
3.1304934994553779e-03
1.0593347564688811e+00
1.1982981464937330e+01
5.9999999999999998e-01
-1.0000000000000001e-01
0.0000000000000000e+00
4.0000000000000002e-01
-3.5753869137793870e-01
2.0859672665891291e+00
-7.2739024494076177e-01
3.6783921235477184e-03
1.7387761995545514e+00
1.0745860181674361e+01
5.9999999999999998e-01
-1.0000000000000001e-01
0.0000000000000000e+00
4.0000000000000002e-01
-8.5183604574502497e-02
2.0712227651921156e+00
-7.9926304314518370e-01
3.6783921235477184e-03
3.6035822619101889e+00
1.0763737625554205e+01
5.9999999999999998e-01
-1.0000000000000001e-01
0.0000000000000000e+00
4.0000000000000002e-01
2.3726716437309886e-01
2.0830063423958665e+00
-9.0370140645885866e-01
3.6783921235477184e-03
2.8450131763121975e+00
1.0356159603428095e+01
5.9999999999999998e-01
-1.0000000000000001e-01
0.0000000000000000e+00
4.0000000000000002e-01
2.0218655803173682e-01
2.1155200068500881e+00
-9.0370140645885866e-01
3.6783921235477184e-03
3.0760833360603939e+00
1.0649015553127974e+01
5.9999999999999998e-01
-1.0000000000000001e-01
0.0000000000000000e+00
4.0000000000000002e-01
-3.6723018503488081e-02
2.1433432787207014e+00
-5.7044061009073666e-01
3.6783921235477184e-03
2.2251422800472866e+00
8.1660220472328398e+00
5.9999999999999998e-01
-1.0000000000000001e-01
0.0000000000000000e+00
4.0000000000000002e-01
3.5247417577475215e-01
2.2113470848125467e+00
4.7672248901566461e-01
3.6783921235477184e-03
2.0157494776300084e+00
9.1911058741807956e+00
5.9999999999999998e-01
-1.0000000000000001e-01
0.0000000000000000e+00
4.0000000000000002e-01
-7.5511313787728640e-01
2.2113470848125467e+00
6.7403604628285363e-01
3.6783921235477184e-03
2.1456351094297061e+00
8.9742390918731711e+00
5.9999999999999998e-01
-1.0000000000000001e-01
0.0000000000000000e+00
4.0000000000000002e-01
-3.8689810833960858e-01
2.3265332034152992e+00
6.8394956590374889e-01
3.6783921235477184e-03
2.9787034266046173e+00
9.6954766783118274e+00
5.9999999999999998e-01
-1.0000000000000001e-01
0.0000000000000000e+00
4.0000000000000002e-01
1.0507831808916068e-03
2.3609240603965764e+00
6.8394956590374889e-01
3.6783921235477184e-03
2.5780634217313416e+00
9.3896501514315638e+00
5.9999999999999998e-01
-1.0000000000000001e-01
0.0000000000000000e+00
4.0000000000000002e-01
-8.8906062028437938e-01
2.4980580594164374e+00
9.5327213736018124e-01
3.6783921235477184e-03
2.5877581231645230e+00
9.6346169031411453e+00
5.9999999999999998e-01
-1.0000000000000001e-01
0.0000000000000000e+00
4.0000000000000002e-01
-8.5630296788245519e-01
2.5323000216108795e+00
-2.7902934817830144e-01
2.2412658744727825e-03
1.7621048622182494e+00
1.0265395144298676e+01
5.9999999999999998e-01
-1.0000000000000001e-01
0.0000000000000000e+00
4.0000000000000002e-01
-1.4752764246493652e-01
2.5860937060934539e+00
-3.2029864533105901e-01
2.2412658744727825e-03
1.7819283672026283e+00
9.0237490750104232e+00
5.9999999999999998e-01
-1.0000000000000001e-01
0.0000000000000000e+00
4.0000000000000002e-01
-4.2159013769656495e-01
2.6059730931703982e+00
5.6553599642356811e-01
2.2412658744727825e-03
2.1069072164944296e+00
9.3817616068013070e+00
5.9999999999999998e-01
-1.0000000000000001e-01
0.0000000000000000e+00
4.0000000000000002e-01
-6.4421022704869590e-01
2.5794620512907445e+00
-8.9120167030487529e-02
2.2412658744727825e-03
2.3137997860438113e+00
9.7477222718484757e+00
5.9999999999999998e-01
-1.0000000000000001e-01
0.0000000000000000e+00
4.0000000000000002e-01
-8.2122102311879486e-01
2.4729960160140934e+00
2.2604947553714705e-01
2.2412658744727825e-03
3.7841445992118601e+00
9.6226037837751264e+00
5.9999999999999998e-01
-1.0000000000000001e-01
0.0000000000000000e+00
4.0000000000000002e-01
-7.8167816243201582e-01
2.4687992837314545e+00
1.5026689992984721e-01
2.2412658744727825e-03
2.6028019132441771e+00
1.0099667447078980e+01
5.9999999999999998e-01
-1.0000000000000001e-01
0.0000000000000000e+00
4.0000000000000002e-01
-2.5415873847037640e-01
2.3556731037979071e+00
5.6018936725100466e-01
2.2412658744727825e-03
3.5802421870059264e+00
1.0704473574478188e+01
5.9999999999999998e-01
-1.0000000000000001e-01
0.0000000000000000e+00
4.0000000000000002e-01
-5.2500854275256470e-01
2.2984802622680611e+00
7.4913446357240865e-01
2.2412658744727825e-03
3.2894465046352637e+00
1.1217053005490460e+01
5.9999999999999998e-01
-1.0000000000000001e-01
0.0000000000000000e+00
4.0000000000000002e-01
-2.7140137528136449e-01
2.3346522213702148e+00
-2.4238987135002427e-01
2.2412658744727825e-03
4.3996525215334188e+00
1.0394642284903680e+01
5.9999999999999998e-01
-1.0000000000000001e-01
0.0000000000000000e+00
4.0000000000000002e-01
9.1566558505341333e-01
2.3883650104288998e+00
-2.5557061569998074e-01
2.2412658744727825e-03
4.1946217911667114e+00
1.0773780915532265e+01
5.9999999999999998e-01
-1.0000000000000001e-01
0.0000000000000000e+00
4.0000000000000002e-01
3.8185588071986953e-01
2.3945136935000360e+00
-7.7307598905870734e-01
2.2412658744727825e-03
3.4020392643636952e+00
1.1633899820242082e+01
5.9999999999999998e-01
-1.0000000000000001e-01
0.0000000000000000e+00
4.0000000000000002e-01
3.3215529869243421e-01
2.3372607507740200e+00
1.2048098189523401e-01
2.2412658744727825e-03
3.0239823641604682e+00
1.1731081018242987e+01
5.9999999999999998e-01
-1.0000000000000001e-01
0.0000000000000000e+00
4.0000000000000002e-01
-8.2644744803264814e-01
2.2751355750707032e+00
6.4292152328183838e-01
2.2412658744727825e-03
1.9812222229666021e+00
1.1455813287589701e+01
5.9999999999999998e-01
-1.0000000000000001e-01
0.0000000000000000e+00
4.0000000000000002e-01
-7.9622807730987732e-01
2.2051490214017275e+00
6.5780509574105939e-01
2.2412658744727825e-03
2.5640885400003697e+00
1.2142807763088497e+01
5.9999999999999998e-01
-1.0000000000000001e-01
0.0000000000000000e+00
4.0000000000000002e-01
-1.3799161543205452e-01
2.0882856093418840e+00
-2.6597044719615970e-01
2.2412658744727825e-03
3.1368193993694087e+00
1.0378789208102972e+01
5.9999999999999998e-01
-1.0000000000000001e-01
0.0000000000000000e+00
4.0000000000000002e-01
-2.0072935332611275e-01
2.1261038588841505e+00
-4.3032919427612820e-01
2.2412658744727825e-03
4.1785613606101775e+00
9.7203839637525409e+00
5.9999999999999998e-01
-1.0000000000000001e-01
0.0000000000000000e+00
4.0000000000000002e-01
5.8464104245349691e-01
2.1273327647109577e+00
6.6262758712982739e-01
2.2412658744727825e-03
4.5865916470414891e+00
9.8650976192392417e+00
5.9999999999999998e-01
-1.0000000000000001e-01
0.0000000000000000e+00
4.0000000000000002e-01
4.5393471191570089e-01
2.2418837748427936e+00
-6.4012775976443681e-01
2.2412658744727825e-03
4.7598163137561578e+00
9.7487693112529836e+00
5.9999999999999998e-01
-1.0000000000000001e-01
0.0000000000000000e+00
4.0000000000000002e-01
3.7641207198545273e-01
2.3946734966297694e+00
-4.3021276254439744e-01
2.2412658744727825e-03
4.5327873478061456e+00
9.4265472386218629e+00
5.9999999999999998e-01
-1.0000000000000001e-01
0.0000000000000000e+00
4.0000000000000002e-01
7.8884822748301486e-01
2.4275191517730299e+00
-7.8203154582763101e-01
2.2412658744727825e-03
4.1195858562714358e+00
1.0088441162947568e+01
5.9999999999999998e-01
-1.0000000000000001e-01
0.0000000000000000e+00
4.0000000000000002e-01
-8.3072527848484035e-01
2.4386973012943809e+00
-7.5468633551383402e-01
2.2412658744727825e-03
4.9437241072184337e+00
1.0544163691643629e+01
5.9999999999999998e-01
-1.0000000000000001e-01
0.0000000000000000e+00
4.0000000000000002e-01
5.4175564564464573e-01
2.2465950197239462e+00
-7.5468633551383402e-01
2.2412658744727825e-03
5.3004446918494006e+00
9.9439025227166749e+00
5.9999999999999998e-01
-1.0000000000000001e-01
0.0000000000000000e+00
4.0000000000000002e-01
-1.8331215761901848e-01
2.3126308940907063e+00
-7.5156613517785464e-01
2.2412658744727825e-03
4.1290851721889270e+00
9.4528644699789641e+00
5.9999999999999998e-01
-1.0000000000000001e-01
0.0000000000000000e+00
4.0000000000000002e-01
3.3764186776874544e-01
2.3497051096816604e+00
9.0256958793615905e-01
2.2412658744727825e-03
3.9132542232400667e+00
9.4972886316664571e+00
5.9999999999999998e-01
-1.0000000000000001e-01
0.0000000000000000e+00
4.0000000000000002e-01
2.8820943154094703e-01
2.3050139724870271e+00
9.3398413266753755e-01
3.5331912749683118e-03
3.1935226301080473e+00
1.0420257717389617e+01
5.9999999999999998e-01
-1.0000000000000001e-01
0.0000000000000000e+00
4.0000000000000002e-01
2.1111024267671591e-01
2.2451046042178819e+00
9.0311628248309694e-01
3.5331912749683118e-03
3.3065021554357301e+00
9.9256824881024688e+00
5.9999999999999998e-01
-1.0000000000000001e-01
0.0000000000000000e+00
4.0000000000000002e-01
-8.5811449759008407e-01
2.2303832333867506e+00
8.8381738293683132e-01
3.5331912749683118e-03
3.0018109983415271e+00
9.3769480318017333e+00
5.9999999999999998e-01
-1.0000000000000001e-01
0.0000000000000000e+00
4.0000000000000002e-01
-9.4716669611932758e-01
2.1895933600847681e+00
8.3895761852618100e-02
7.1447579201810128e-04
2.6234228587360051e+00
9.6956045389361698e+00
5.9999999999999998e-01
-1.0000000000000001e-01
0.0000000000000000e+00
4.0000000000000002e-01
-8.4474657106418660e-02
2.1416029564698298e+00
2.9909248983021636e-02
7.1447579201810128e-04
3.3967022291035325e+00
1.0221475045401602e+01
5.9999999999999998e-01
-1.0000000000000001e-01
0.0000000000000000e+00
4.0000000000000002e-01
-8.7712172366978658e-01
2.1723258323573575e+00
-6.8328955319011597e-01
7.1447579201810128e-04
2.9085855177254349e+00
8.6851710111089062e+00
5.9999999999999998e-01
-1.0000000000000001e-01
0.0000000000000000e+00
4.0000000000000002e-01
-8.6197750486733438e-01
2.1139161557459341e+00
-3.4150860812747863e-01
7.1447579201810128e-04
1.4305387413711226e+00
9.0340809181518882e+00
5.9999999999999998e-01
-1.0000000000000001e-01
0.0000000000000000e+00
4.0000000000000002e-01
2.0803157768843644e-01
2.2264625418686381e+00
-9.4858310427749537e-01
7.1447579201810128e-04
2.2940942185581599e+00
8.6213842049427356e+00
5.9999999999999998e-01
-1.0000000000000001e-01
0.0000000000000000e+00
4.0000000000000002e-01
7.6033754191992753e-01
2.3782454873823631e+00
3.9394347686087705e-01
7.1447579201810128e-04
2.6035494129755468e+00
8.5947684973664629e+00
5.9999999999999998e-01
-1.0000000000000001e-01
0.0000000000000000e+00
4.0000000000000002e-01
-1.5992532678248408e-01
2.3441231565379610e+00
8.7547795433318232e-01
7.1447579201810128e-04
3.2622184827574454e+00
8.2689710904099076e+00
5.9999999999999998e-01
-1.0000000000000001e-01
0.0000000000000000e+00
4.0000000000000002e-01
-7.3677486606242171e-01
2.3706519986295214e+00
3.0886700320756055e-01
7.1447579201810128e-04
3.4848430916317668e+00
7.7430617779679629e+00
5.9999999999999998e-01
-1.0000000000000001e-01
0.0000000000000000e+00
4.0000000000000002e-01
-8.1721507080199229e-01
2.2628481437468042e+00
7.7891116324579335e-01
7.1447579201810128e-04
4.1270477535785108e+00
7.2103359252400727e+00
5.9999999999999998e-01
-1.0000000000000001e-01
0.0000000000000000e+00
4.0000000000000002e-01
1.9406779370902080e-01
2.3781924660109985e+00
7.7891116324579335e-01
3.6372081452285504e-03
4.4017993467510612e+00
6.8683735341019965e+00
5.9999999999999998e-01
-1.0000000000000001e-01
0.0000000000000000e+00
4.0000000000000002e-01
5.2287787638304728e-01
2.2760426449679838e+00
4.6181132796918961e-01
2.6235025190984463e-03
4.0424486080766595e+00
6.2471588365919928e+00
5.9999999999999998e-01
-1.0000000000000001e-01
0.0000000000000000e+00
4.0000000000000002e-01
-6.7527500920297590e-01
2.3348891423844802e+00
-3.5160337981069473e-01
2.6235025190984463e-03
3.6204907035105807e+00
6.9625935219414572e+00
5.9999999999999998e-01
-1.0000000000000001e-01
0.0000000000000000e+00
4.0000000000000002e-01
-9.7130950021762530e-02
2.2436801720761759e+00
-9.9401154827559379e-01
2.6235025190984463e-03
4.1247846690588572e+00
7.2398758343607232e+00
5.9999999999999998e-01
-1.0000000000000001e-01
0.0000000000000000e+00
4.0000000000000002e-01
-6.6999526314737290e-01
2.4094742106736704e+00
-8.6619496714556599e-01
2.6235025190984463e-03
4.1773125407868008e+00
7.8612228608876515e+00
5.9999999999999998e-01
-1.0000000000000001e-01
0.0000000000000000e+00
4.0000000000000002e-01
-6.3150025300981483e-01
2.5083344927967590e+00
-9.7742405247176078e-01
2.6235025190984463e-03
6.1533687261515251e+00
7.5981342232972438e+00
5.9999999999999998e-01
-1.0000000000000001e-01
0.0000000000000000e+00
4.0000000000000002e-01
-3.5627497189046825e-01
2.5188830376395090e+00
-6.9356433462584399e-01
2.6235025190984463e-03
5.7944923428469295e+00
6.9706539816409396e+00
5.9999999999999998e-01
-1.0000000000000001e-01
0.0000000000000000e+00
4.0000000000000002e-01
1.3465010218022372e-01
2.5267527805098400e+00
3.6901006240164852e-01
2.6235025190984463e-03
4.9207362493150821e+00
7.2859474099427501e+00
5.9999999999999998e-01
-1.0000000000000001e-01
0.0000000000000000e+00
4.0000000000000002e-01
-9.7154894101638536e-02
2.5538320569523676e+00
-3.2108574990415945e-01
2.6235025190984463e-03
4.4677146738045801e+00
7.3614501553773923e+00
5.9999999999999998e-01
-1.0000000000000001e-01
0.0000000000000000e+00
4.0000000000000002e-01
6.7145823724267983e-01
2.5724837800988061e+00
-5.5520987345138562e-01
2.6235025190984463e-03
4.4369017338030918e+00
8.1983055594563510e+00
5.9999999999999998e-01
-1.0000000000000001e-01
0.0000000000000000e+00
4.0000000000000002e-01
-2.5766836333293699e-02
2.6082088129052026e+00
1.9522238062461844e-01
2.6235025190984463e-03
4.4058676769607645e+00
6.9090052480995681e+00
5.9999999999999998e-01
-1.0000000000000001e-01
0.0000000000000000e+00
4.0000000000000002e-01
1.0343877680299782e-01
2.5083941680916655e+00
1.2779855357250192e-01
2.6235025190984463e-03
4.7572934535914051e+00
6.5643774899840404e+00
5.9999999999999998e-01
-1.0000000000000001e-01
0.0000000000000000e+00
4.0000000000000002e-01
4.2066353238819165e-01
2.4554079941489801e+00
1.1912561328848825e-01
8.2946464058511016e-04
5.0089307462447277e+00
5.9206631682068158e+00
5.9999999999999998e-01
-1.0000000000000001e-01
0.0000000000000000e+00
4.0000000000000002e-01
8.3385549557190380e-02
2.4293237925746545e+00
-5.7375349400797859e-01
8.2946464058511016e-04
5.1294572120183100e+00
5.5066715448349770e+00
5.9999999999999998e-01
-1.0000000000000001e-01
0.0000000000000000e+00
4.0000000000000002e-01
3.7670515549164285e-02
2.4842572764136897e+00
-2.5725695176515712e-02
8.2946464058511016e-04
7.0220326369279018e+00
6.0922333880513966e+00
5.9999999999999998e-01
-1.0000000000000001e-01
0.0000000000000000e+00
4.0000000000000002e-01
8.3521629489658400e-01
2.3702183396794898e+00
-1.3989364193985229e-01
8.2946464058511016e-04
7.2878763859742275e+00
6.9898615463823157e+00
5.9999999999999998e-01
-1.0000000000000001e-01
0.0000000000000000e+00
4.0000000000000002e-01
2.7729211397169162e-01
2.3602647349813091e+00
8.5612373014679188e-01
8.2946464058511016e-04
6.5299025719636079e+00
7.3168424724787542e+00
5.9999999999999998e-01
-1.0000000000000001e-01
0.0000000000000000e+00
4.0000000000000002e-01
-2.2792687642592846e-02
2.3082929967620478e+00
-9.1107423158595324e-01
8.2946464058511016e-04
6.8749950965517153e+00
6.7405927096679887e+00
5.9999999999999998e-01
-1.0000000000000001e-01
0.0000000000000000e+00
4.0000000000000002e-01
-8.5928018831016484e-01
2.3430711066049592e+00
-6.3476664336631072e-01
8.2946464058511016e-04
7.0123348733060951e+00
7.1596040849760252e+00
5.9999999999999998e-01
-1.0000000000000001e-01
0.0000000000000000e+00
4.0000000000000002e-01
-8.4479795746805142e-01
2.3833224777651085e+00
-1.4081814261386172e-01
8.2946464058511016e-04
6.9717048393213155e+00
7.0718555008247588e+00
5.9999999999999998e-01
-1.0000000000000001e-01
0.0000000000000000e+00
4.0000000000000002e-01
7.4656549967525521e-01
2.3833224777651085e+00
-6.4624919088790178e-01
8.2946464058511016e-04
7.2014289514743695e+00
7.0379618604853844e+00
5.9999999999999998e-01
-1.0000000000000001e-01
0.0000000000000000e+00
4.0000000000000002e-01
-3.6272534124853090e-01
2.3395348989364755e+00
1.0668936533620599e-01
8.2946464058511016e-04
7.4514467397355455e+00
7.7228318537771781e+00
5.9999999999999998e-01
-1.0000000000000001e-01
0.0000000000000000e+00
4.0000000000000002e-01
7.0159443802831700e-01
2.2757902407345427e+00
1.3660024894168610e-01
8.2946464058511016e-04
8.2530655974172955e+00
7.7228318537771781e+00
5.9999999999999998e-01
-1.0000000000000001e-01
0.0000000000000000e+00
4.0000000000000002e-01
9.5653243966100743e-01
2.4040700879541288e+00
8.9514578116824861e-01
8.2946464058511016e-04
8.2597932698321497e+00
8.6396573598682949e+00
5.9999999999999998e-01
-1.0000000000000001e-01
0.0000000000000000e+00
4.0000000000000002e-01
2.7222555525301023e-01
2.4393929675069703e+00
-2.2793998705456014e-01
8.2946464058511016e-04
9.6843729833257335e+00
9.5909871335327690e+00
5.9999999999999998e-01
-1.0000000000000001e-01
0.0000000000000000e+00
4.0000000000000002e-01
4.5508859812913477e-01
2.5565614692417040e+00
2.2801951838424450e-01
8.2946464058511016e-04
8.6475984552991534e+00
9.6574101488292268e+00
5.9999999999999998e-01
-1.0000000000000001e-01
0.0000000000000000e+00
4.0000000000000002e-01
1.6107239901719633e-01
2.5550586720553294e+00
-3.4406416340032575e-01
8.2946464058511016e-04
8.3805825317394866e+00
9.5865908007323810e+00
5.9999999999999998e-01
-1.0000000000000001e-01
0.0000000000000000e+00
4.0000000000000002e-01
-7.2396754868628421e-01
2.6917284482863804e+00
-3.9381284458795546e-01
8.2946464058511016e-04
6.9101164067280427e+00
1.0090181059688337e+01
5.9999999999999998e-01
-1.0000000000000001e-01
0.0000000000000000e+00
4.0000000000000002e-01
1.3640147737858838e-01
2.6999402221587556e+00
-7.1845820052782061e-01
8.2946464058511016e-04
5.9435124943149233e+00
9.5901564668119033e+00
5.9999999999999998e-01
-1.0000000000000001e-01
0.0000000000000000e+00
4.0000000000000002e-01
4.5706592124682088e-02
2.7242940813449281e+00
-4.1051643220940598e-01
8.2946464058511016e-04
6.6480126092326790e+00
9.0615718732774351e+00
5.9999999999999998e-01
-1.0000000000000001e-01
0.0000000000000000e+00
4.0000000000000002e-01
-7.7563282434197101e-01
2.7827498847094438e+00
-3.0489480777177863e-02
8.2946464058511016e-04
7.3737733433139470e+00
8.8972326587140653e+00
5.9999999999999998e-01
-1.0000000000000001e-01
0.0000000000000000e+00
4.0000000000000002e-01
-9.0957469288559589e-01
2.8518020163026709e+00
5.5320420028409001e-01
1.9736755603229259e-03
7.7548689806950231e+00
8.4597627188265427e+00
5.9999999999999998e-01
-1.0000000000000001e-01
0.0000000000000000e+00
4.0000000000000002e-01
-6.7576152470262674e-01
2.8394219184962171e+00
4.0606526436051366e-01
1.9736755603229259e-03
8.0826073279720685e+00
7.4755635108053777e+00
5.9999999999999998e-01
-1.0000000000000001e-01
0.0000000000000000e+00
4.0000000000000002e-01
8.6336947415750931e-02
2.9766632914391415e+00
9.9852919594850514e-02
1.9736755603229259e-03
7.3062006404739765e+00
7.5707073251903143e+00
5.9999999999999998e-01
-1.0000000000000001e-01
0.0000000000000000e+00
4.0000000000000002e-01
8.8255975935308317e-01
2.9570746206489464e+00
4.8146477045258507e-01
1.9736755603229259e-03
7.1279718121630102e+00
7.8990639451146203e+00
5.9999999999999998e-01
-1.0000000000000001e-01
0.0000000000000000e+00
4.0000000000000002e-01
9.0146298143712866e-01
2.9283060492721460e+00
8.4309711279114707e-01
1.9736755603229259e-03
6.7437978906673335e+00
9.6340550753474314e+00
5.9999999999999998e-01
-1.0000000000000001e-01
0.0000000000000000e+00
4.0000000000000002e-01
8.5074228021947729e-01
2.7832549516406915e+00
4.1814224979141723e-01
1.9736755603229259e-03
5.7993724716943644e+00
9.1734515386819933e+00
5.9999999999999998e-01
-1.0000000000000001e-01
0.0000000000000000e+00
4.0000000000000002e-01
-3.8274036313611315e-02
2.6589929050651455e+00
4.5734701892593882e-01
1.9736755603229259e-03
6.1065072281402486e+00
8.1224788177013494e+00
5.9999999999999998e-01
-1.0000000000000001e-01
0.0000000000000000e+00
4.0000000000000002e-01
3.4032915923444629e-01
2.7237935228047037e+00
-7.2611601048847652e-01
1.9736755603229259e-03
6.2990755884093179e+00
8.3755412060022429e+00
5.9999999999999998e-01
-1.0000000000000001e-01
0.0000000000000000e+00
4.0000000000000002e-01
7.2656187757670909e-03
2.7257297510203986e+00
-4.9804695853730652e-01
1.9736755603229259e-03
5.4406669786316293e+00
8.1731859724223686e+00
5.9999999999999998e-01
-1.0000000000000001e-01
0.0000000000000000e+00
4.0000000000000002e-01
-8.5197036709936247e-01
2.6229216504392294e+00
-8.4859985628863788e-01
1.9736755603229259e-03
6.2501420086366064e+00
9.3292019847035466e+00
5.9999999999999998e-01
-1.0000000000000001e-01
0.0000000000000000e+00
4.0000000000000002e-01
9.6816952500192532e-01
2.5885837440189983e+00
2.4779701045015826e-01
1.9736755603229259e-03
6.4686732150730633e+00
8.6648407521843982e+00
5.9999999999999998e-01
-1.0000000000000001e-01
0.0000000000000000e+00
4.0000000000000002e-01
7.9263192150442008e-01
2.7352013720122246e+00
9.7000912748393597e-01
1.9736755603229259e-03
6.8227272413787379e+00
8.0723830166459152e+00
5.9999999999999998e-01
-1.0000000000000001e-01
0.0000000000000000e+00
4.0000000000000002e-01
6.4275195477230551e-01
2.6685740673390295e+00
6.4951346081215111e-03
1.9736755603229259e-03
6.3198960922774807e+00
8.3115861096605723e+00
5.9999999999999998e-01
-1.0000000000000001e-01
0.0000000000000000e+00
4.0000000000000002e-01
3.7410594327075480e-01
2.6844270899144074e+00
3.0643033758969887e-02
1.9736755603229259e-03
5.5300654761609573e+00
7.0964313314482634e+00
5.9999999999999998e-01
-1.0000000000000001e-01
0.0000000000000000e+00
4.0000000000000002e-01
-6.2599406363742349e-01
2.5759284865704437e+00
2.9233895577606739e-01
1.9736755603229259e-03
5.9130665548262131e+00
5.3782653720304427e+00
5.9999999999999998e-01
-1.0000000000000001e-01
0.0000000000000000e+00
4.0000000000000002e-01
-4.4585949184672830e-01
2.6717688963857551e+00
9.4474539317307049e-01
1.9736755603229259e-03
6.7610820494708541e+00
5.2622640879079752e+00
5.9999999999999998e-01
-1.0000000000000001e-01
0.0000000000000000e+00
4.0000000000000002e-01
5.0428513524754048e-01
2.7578383733478451e+00
6.7751763142761756e-01
1.9736755603229259e-03
7.0542008578893665e+00
6.1936775594204718e+00
5.9999999999999998e-01
-1.0000000000000001e-01
0.0000000000000000e+00
4.0000000000000002e-01
8.1392864314539437e-01
2.8667487116006276e+00
5.4663347132620366e-01
1.9736755603229259e-03
7.2486160755273827e+00
5.7721609919518277e+00
5.9999999999999998e-01
-1.0000000000000001e-01
0.0000000000000000e+00
4.0000000000000002e-01
9.4694165197832592e-01
2.6983775801953938e+00
4.4234543688711681e-01
1.9736755603229259e-03
7.1813368018832948e+00
5.8792950093001171e+00
5.9999999999999998e-01
-1.0000000000000001e-01
0.0000000000000000e+00
4.0000000000000002e-01
8.1427623061163423e-01
2.6518054264483113e+00
9.1093447037157571e-01
1.9736755603229259e-03
6.8285915013519078e+00
5.9461535304039765e+00
5.9999999999999998e-01
-1.0000000000000001e-01
0.0000000000000000e+00
4.0000000000000002e-01
-8.4032672928946017e-01
2.8074499000010151e+00
4.6415239878115211e-01
1.9736755603229259e-03
7.9484853264060762e+00
5.0656526892632288e+00
5.9999999999999998e-01
-1.0000000000000001e-01
0.0000000000000000e+00
4.0000000000000002e-01
-8.5912188517229549e-01
2.7464915515032664e+00
4.9115000017103710e-01
1.9736755603229259e-03
7.2736260641482620e+00
5.0181279867142479e+00
5.9999999999999998e-01
-1.0000000000000001e-01
0.0000000000000000e+00
4.0000000000000002e-01
7.5434483838899136e-01
2.6557309869972126e+00
7.5848680980619942e-01
3.3693381783120400e-04
6.5145246494677824e+00
5.3883325875923056e+00
5.9999999999999998e-01
-1.0000000000000001e-01
0.0000000000000000e+00
4.0000000000000002e-01
9.7486327482087609e-01
2.7780344706025977e+00
1.7710219152388129e-01
5.3093685593955282e-04
7.8859935063985143e+00
5.1587827832624331e+00
5.9999999999999998e-01
-1.0000000000000001e-01
0.0000000000000000e+00
4.0000000000000002e-01
-3.9474176870958799e-01
2.8523964699951070e+00
-6.3715629182639566e-01
5.3093685593955282e-04
7.4433115281281026e+00
5.0354772762581721e+00
5.9999999999999998e-01
-1.0000000000000001e-01
0.0000000000000000e+00
4.0000000000000002e-01
-5.5573277793097377e-02
2.7740684962716955e+00
2.3991936247912188e-01
5.3093685593955282e-04
8.5952502345782662e+00
4.8320220218226329e+00
5.9999999999999998e-01
-1.0000000000000001e-01
0.0000000000000000e+00
4.0000000000000002e-01
9.9866488245947371e-01
2.8182938625064748e+00
7.2658225756254924e-01
5.3093685593955282e-04
7.9654946794849781e+00
5.2552157835289846e+00
5.9999999999999998e-01
-1.0000000000000001e-01
0.0000000000000000e+00
4.0000000000000002e-01
8.1545393494589336e-01
2.9913137643781562e+00
-2.5703350964817262e-01
5.3093685593955282e-04
8.5224146967870151e+00
6.0890378461405641e+00
5.9999999999999998e-01
-1.0000000000000001e-01
0.0000000000000000e+00
4.0000000000000002e-01
9.7386754227502348e-01
2.9299882449355983e+00
-4.1939754671184937e-02
5.3093685593955282e-04
9.5310974098858381e+00
6.8923686751350770e+00
5.9999999999999998e-01
-1.0000000000000001e-01
0.0000000000000000e+00
4.0000000000000002e-01
9.4876276058776376e-01
2.8874449772683044e+00
8.4755695354309801e-01
5.3093685593955282e-04
8.2385554991778882e+00
7.4231315353140248e+00
5.9999999999999998e-01
-1.0000000000000001e-01
0.0000000000000000e+00
4.0000000000000002e-01
9.1038328238558758e-02
2.9297329329696553e+00
-6.5035659316810845e-01
5.3093685593955282e-04
8.4467019103583834e+00
7.9876110234484079e+00
5.9999999999999998e-01
-1.0000000000000001e-01
0.0000000000000000e+00
4.0000000000000002e-01
3.2252996989321686e-02
2.9527915303555385e+00
-9.0633182226563858e-01
5.3093685593955282e-04
9.2733869813498995e+00
8.1735833087190954e+00
5.9999999999999998e-01
-1.0000000000000001e-01
0.0000000000000000e+00
4.0000000000000002e-01
-5.6913542196454403e-01
2.8705562057343377e+00
-4.2070974810863893e-01
5.3093685593955282e-04
8.8752234198269395e+00
9.0483539321646038e+00
5.9999999999999998e-01
-1.0000000000000001e-01
0.0000000000000000e+00
4.0000000000000002e-01
-7.1023052737416614e-01
2.8837016295042890e+00
-5.2591369657660880e-01
5.8977039821945197e-04
9.1719472912256546e+00
8.1080146999284572e+00
5.9999999999999998e-01
-1.0000000000000001e-01
0.0000000000000000e+00
4.0000000000000002e-01
-3.6261654350179362e-02
2.9120228400674719e+00
9.3310252294992047e-01
5.8977039821945197e-04
1.0014502380520563e+01
7.2786941484734378e+00
5.9999999999999998e-01
-1.0000000000000001e-01
0.0000000000000000e+00
4.0000000000000002e-01
3.2182506158648139e-01
3.0077126797881979e+00
8.4397906706784798e-01
5.8977039821945197e-04
9.8966563155059610e+00
6.6600521610304675e+00
5.9999999999999998e-01
-1.0000000000000001e-01
0.0000000000000000e+00
4.0000000000000002e-01
-4.9219416829961476e-02
2.9925002925095221e+00
8.5124218520824746e-01
5.8977039821945197e-04
8.9084195469622411e+00
6.4076601618155795e+00
5.9999999999999998e-01
-1.0000000000000001e-01
0.0000000000000000e+00
4.0000000000000002e-01
-4.1105478037448517e-01
3.0095616894063610e+00
7.4024203536217048e-01
5.8977039821945197e-04
7.7255435717408458e+00
6.4887829051539256e+00
5.9999999999999998e-01
-1.0000000000000001e-01
0.0000000000000000e+00
4.0000000000000002e-01
2.4626453768162135e-01
3.0056450174131499e+00
-1.3037374171312022e-01
5.8977039821945197e-04
6.9796201740507877e+00
6.5900473819300487e+00
5.9999999999999998e-01
-1.0000000000000001e-01
0.0000000000000000e+00
4.0000000000000002e-01
-1.2572718430610291e-01
2.9197596341350183e+00
-3.8889152434422314e-02
5.3837023780249128e-04
6.6055244674091149e+00
7.3564535000547719e+00
5.9999999999999998e-01
-1.0000000000000001e-01
0.0000000000000000e+00
4.0000000000000002e-01
