10
250
4.8569156547708398e-01
1.0267761920074966e-02
-8.6928225981537544e-02
3.3549365853145718e-01
-1.7276371350220884e+01
3.6045340033667177e+00
5.9999999999999998e-01
-1.0000000000000001e-01
0.0000000000000000e+00
4.0000000000000002e-01
2.6188267280979044e-01
8.4885004651351244e-03
-6.4769773625070259e-01
2.4334120403602719e-01
-1.7449403407506193e+01
3.5390096800820920e+00
5.9999999999999998e-01
-1.0000000000000001e-01
0.0000000000000000e+00
4.0000000000000002e-01
2.8265195062084086e-01
8.4885004651351244e-03
-3.8259730957681348e-01
2.0464394675567746e-01
-1.7278059115714875e+01
4.1401127798901891e+00
5.9999999999999998e-01
-1.0000000000000001e-01
0.0000000000000000e+00
4.0000000000000002e-01
-5.9095234818030529e-02
8.4885004651351244e-03
4.6739454127615276e-01
1.8799860848858951e-01
-1.7485683220333904e+01
4.1649399144994108e+00
5.9999999999999998e-01
-1.0000000000000001e-01
0.0000000000000000e+00
4.0000000000000002e-01
-2.3721682496558871e-03
8.4885004651351244e-03
8.0191968358820254e-01
2.1099624355509874e-01
-1.7486233716912121e+01
4.1533497317181913e+00
5.9999999999999998e-01
-1.0000000000000001e-01
0.0000000000000000e+00
4.0000000000000002e-01
4.5565029745621566e-01
8.4885004651351244e-03
2.3677569068735416e-01
2.7841043432429430e-01
-1.6573828786320540e+01
4.6985273642884584e+00
5.9999999999999998e-01
-1.0000000000000001e-01
0.0000000000000000e+00
4.0000000000000002e-01
4.0469387298149939e-01
8.4885004651351244e-03
9.6397630698746017e-01
3.7056813629344099e-01
-1.6105915733880849e+01
4.6572919613169521e+00
5.9999999999999998e-01
-1.0000000000000001e-01
0.0000000000000000e+00
4.0000000000000002e-01
5.3834255462212433e-01
8.4885004651351244e-03
6.6407376326387701e-01
3.3132735617831344e-01
-1.6128419485397192e+01
4.6193042046809580e+00
5.9999999999999998e-01
-1.0000000000000001e-01
0.0000000000000000e+00
4.0000000000000002e-01
2.4333220814986101e-01
8.4885004651351244e-03
3.7097020666813446e-01
2.8767266036185896e-01
-1.5286479815549702e+01
4.7673837676132109e+00
5.9999999999999998e-01
-1.0000000000000001e-01
0.0000000000000000e+00
4.0000000000000002e-01
2.4333220814986101e-01
8.4885004651351244e-03
1.2999599504983034e-01
2.5127847863349595e-01
-1.5062335895083400e+01
4.6013551905239014e+00
5.9999999999999998e-01
-1.0000000000000001e-01
0.0000000000000000e+00
4.0000000000000002e-01
2.4333220814986101e-01
8.4885004651351244e-03
-5.2668789338553346e-01
2.5917609501990951e-01
-1.5293977424583884e+01
4.5039156153285891e+00
5.9999999999999998e-01
-1.0000000000000001e-01
0.0000000000000000e+00
4.0000000000000002e-01
2.4333220814986101e-01
8.4885004651351244e-03
-7.0003397118533051e-01
2.2573984534654298e-01
-1.3805449572287054e+01
4.6800572782242682e+00
5.9999999999999998e-01
-1.0000000000000001e-01
0.0000000000000000e+00
4.0000000000000002e-01
4.4792574738783714e-01
1.2892727096061256e-02
-2.9354555484140316e-01
2.2230332941922823e-01
-1.3711267437122316e+01
3.9890661335969351e+00
5.9999999999999998e-01
-1.0000000000000001e-01
0.0000000000000000e+00
4.0000000000000002e-01
-5.0793469796257140e-01
1.2892727096061256e-02
5.1040429178392499e-01
2.3765741391095796e-01
-1.3824115909717531e+01
5.0683946094894790e+00
5.9999999999999998e-01
-1.0000000000000001e-01
0.0000000000000000e+00
4.0000000000000002e-01
-9.0955823756028453e-02
1.4502620328645256e-02
5.1040429178392499e-01
1.0234965081128758e-01
-1.3088918136141746e+01
5.7038712325925021e+00
5.9999999999999998e-01
-1.0000000000000001e-01
0.0000000000000000e+00
4.0000000000000002e-01
1.0249949117822522e-01
1.4502620328645256e-02
3.8031744424020858e-01
1.0386383933934849e-01
-1.3013249157450646e+01
5.4433077236590925e+00
5.9999999999999998e-01
-1.0000000000000001e-01
0.0000000000000000e+00
4.0000000000000002e-01
-1.7619683126287583e-01
8.7658886205954824e-03
-2.7536111358786014e-01
3.7219650428625767e-02
-1.3013249157450646e+01
5.4790236880956238e+00
5.9999999999999998e-01
-1.0000000000000001e-01
0.0000000000000000e+00
4.0000000000000002e-01
-5.4106832364874013e-01
6.9408838440160298e-02
-2.8144210627535371e-01
1.1125964429113094e-02
-1.2590612299449296e+01
6.2198798766313148e+00
5.9999999999999998e-01
-1.0000000000000001e-01
0.0000000000000000e+00
4.0000000000000002e-01
1.0446795900983670e-01
1.5436428714971091e-02
5.4420508170267556e-01
1.0512651141162496e-01
-1.2129525853402468e+01
5.6978248504875255e+00
5.9999999999999998e-01
-1.0000000000000001e-01
0.0000000000000000e+00
4.0000000000000002e-01
-6.2107949296312470e-01
1.4922690738420036e-02
6.5569086516043174e-01
1.7242266942735296e-01
-1.1675366288132521e+01
5.5834287879942011e+00
5.9999999999999998e-01
-1.0000000000000001e-01
0.0000000000000000e+00
4.0000000000000002e-01
-6.7648199001627107e-01
9.9248491418166430e-03
8.1726450932910666e-01
1.7242266942735296e-01
-1.1787584602541777e+01
4.6161260841367797e+00
5.9999999999999998e-01
-1.0000000000000001e-01
0.0000000000000000e+00
4.0000000000000002e-01
-9.3218215743379729e-01
1.1624167491178061e-02
1.4743449223926297e-01
3.1246816314931491e-01
-1.0114803541905733e+01
4.8420032215258137e+00
5.9999999999999998e-01
-1.0000000000000001e-01
0.0000000000000000e+00
4.0000000000000002e-01
-9.0595130393581524e-01
1.1624167491178061e-02
2.9870956254890191e-01
3.0895791544194801e-01
-1.0922679175145477e+01
4.7654789579054366e+00
5.9999999999999998e-01
-1.0000000000000001e-01
0.0000000000000000e+00
4.0000000000000002e-01
-3.7878704736309188e-01
1.2939489398579146e-02
-3.8781905101845038e-01
2.0458641852613074e-01
-1.0957669745094627e+01
4.4581117880484111e+00
5.9999999999999998e-01
-1.0000000000000001e-01
0.0000000000000000e+00
4.0000000000000002e-01
-3.7878704736309188e-01
1.5623697463850523e-02
-5.7439752798760302e-01
3.2703692005830856e-02
-1.1398098192818017e+01
3.8446707022329809e+00
5.9999999999999998e-01
-1.0000000000000001e-01
0.0000000000000000e+00
4.0000000000000002e-01
-5.0243910650091306e-01
1.0755921010355498e-02
-5.6220731551293257e-02
1.0579462312336549e-01
-1.0519773517258018e+01
3.7641136211296562e+00
5.9999999999999998e-01
-1.0000000000000001e-01
0.0000000000000000e+00
4.0000000000000002e-01
-1.2475208381490843e-01
2.0859085683207060e-02
9.9579109687125311e-01
1.7974319419439419e-01
-1.0125185972906202e+01
2.6866024178406240e+00
5.9999999999999998e-01
-1.0000000000000001e-01
0.0000000000000000e+00
4.0000000000000002e-01
1.9915885826272839e-01
1.7266945843081024e-02
3.3108691889559849e-01
1.9343057331617458e-01
-1.0993408680416197e+01
2.6866024178406240e+00
5.9999999999999998e-01
-1.0000000000000001e-01
0.0000000000000000e+00
4.0000000000000002e-01
4.5427442213220470e-01
5.8288553994698799e-03
7.5854713637148952e-01
3.0311708332854334e-02
-1.0381058136082737e+01
2.3492015522858143e+00
5.9999999999999998e-01
-1.0000000000000001e-01
0.0000000000000000e+00
4.0000000000000002e-01
8.2709201940966715e-01
1.6266666550616770e-02
8.3690395001089191e-01
1.0469884136493784e-01
-1.0402305558777899e+01
2.4759852808853626e+00
5.9999999999999998e-01
-1.0000000000000001e-01
0.0000000000000000e+00
4.0000000000000002e-01
7.5851422199679486e-01
5.7678942870898545e-03
1.4714674535905936e-01
1.8654685071285348e-01
-1.0271737284667344e+01
2.3841645223042010e+00
5.9999999999999998e-01
-1.0000000000000001e-01
0.0000000000000000e+00
4.0000000000000002e-01
1.9948588022662278e-01
5.7678942870898545e-03
-6.9792834783438618e-02
2.0073936382110696e-01
-1.1237228585488648e+01
3.9043436569115153e+00
5.9999999999999998e-01
-1.0000000000000001e-01
0.0000000000000000e+00
4.0000000000000002e-01
7.2154060506893269e-01
1.2116555888633281e-02
2.9565561417257413e-01
9.4563545973855107e-02
-1.1648035306937548e+01
4.4482506555458539e+00
5.9999999999999998e-01
-1.0000000000000001e-01
0.0000000000000000e+00
4.0000000000000002e-01
5.5176018619609946e-01
3.0343801219443831e-02
4.1221272531663999e-01
3.1163631560164544e-02
-1.0229297710664126e+01
4.4482506555458539e+00
5.9999999999999998e-01
-1.0000000000000001e-01
0.0000000000000000e+00
4.0000000000000002e-01
5.5176018619609946e-01
1.6648766975520091e-01
7.1093145731603713e-01
1.0894459130126093e-02
-9.6811474037240473e+00
4.3077465337654584e+00
5.9999999999999998e-01
-1.0000000000000001e-01
0.0000000000000000e+00
4.0000000000000002e-01
7.6497631931377530e-01
1.3200857238886790e-01
-6.3938094640616505e-02
4.1957311363774390e-02
-1.0114057691104266e+01
4.6272111100098128e+00
5.9999999999999998e-01
-1.0000000000000001e-01
0.0000000000000000e+00
4.0000000000000002e-01
8.9837171459270593e-01
1.3784355394957498e-01
-7.2854167681420223e-01
3.1558027328806970e-02
-1.0390320448658917e+01
4.9315759492060174e+00
5.9999999999999998e-01
-1.0000000000000001e-01
0.0000000000000000e+00
4.0000000000000002e-01
4.9579005861354952e-01
8.3417266179303673e-02
-7.2854167681420223e-01
4.1211592616396994e-02
-9.8461756688426476e+00
4.1107444149395453e+00
5.9999999999999998e-01
-1.0000000000000001e-01
0.0000000000000000e+00
4.0000000000000002e-01
7.9530921185089232e-01
1.6004350273726417e-01
-6.4801469188416383e-01
4.9173822345095722e-02
-9.1245229345630161e+00
3.9476760846516119e+00
5.9999999999999998e-01
-1.0000000000000001e-01
0.0000000000000000e+00
4.0000000000000002e-01
7.9530921185089232e-01
9.3815115500669011e-02
-4.6669599231565373e-01
4.9173822345095722e-02
-9.8129326474736693e+00
4.2453226183494550e+00
5.9999999999999998e-01
-1.0000000000000001e-01
0.0000000000000000e+00
4.0000000000000002e-01
3.4647314035965088e-01
2.0331755246637295e-01
-5.2724134709918868e-01
1.1037664951640217e-02
-1.0028203571296787e+01
4.5584977683098975e+00
5.9999999999999998e-01
-1.0000000000000001e-01
0.0000000000000000e+00
4.0000000000000002e-01
8.0180606925560116e-01
2.5479840459344810e-01
-2.3049114730441944e-01
8.4628379064379620e-03
-1.0257377338863469e+01
3.6873643812211219e+00
5.9999999999999998e-01
-1.0000000000000001e-01
0.0000000000000000e+00
4.0000000000000002e-01
-6.1056693112777594e-01
1.6606611313341088e-01
3.5023080978309740e-01
4.5796086507616926e-03
-1.0082970855094052e+01
3.5806142181577147e+00
5.9999999999999998e-01
-1.0000000000000001e-01
0.0000000000000000e+00
4.0000000000000002e-01
-1.0296447417067409e-01
2.2869011463640163e-01
3.5023080978309740e-01
4.5796086507616926e-03
-1.0364272020466185e+01
3.7358639717521136e+00
5.9999999999999998e-01
-1.0000000000000001e-01
0.0000000000000000e+00
4.0000000000000002e-01
-9.6501699677037112e-01
2.0234473027704189e-01
3.6068495634710418e-01
1.4152794839697926e-02
-9.6786893826793197e+00
3.7358639717521136e+00
5.9999999999999998e-01
-1.0000000000000001e-01
0.0000000000000000e+00
4.0000000000000002e-01
-9.6501699677037112e-01
7.0725521702746888e-02
9.5693135503446680e-01
1.1448084773379413e-02
-1.0059940716146983e+01
3.7781121433200306e+00
5.9999999999999998e-01
-1.0000000000000001e-01
0.0000000000000000e+00
4.0000000000000002e-01
-9.6501699677037112e-01
7.7607518572787776e-02
9.0031952861463649e-01
2.0107947679120150e-02
-9.3763738120789899e+00
4.3707325682463125e+00
5.9999999999999998e-01
-1.0000000000000001e-01
0.0000000000000000e+00
4.0000000000000002e-01
-7.3948793640660160e-01
6.8238798518161309e-02
6.0006324890768159e-01
1.2880826683598606e-02
-8.4604303146596322e+00
3.5853484288277104e+00
5.9999999999999998e-01
-1.0000000000000001e-01
0.0000000000000000e+00
4.0000000000000002e-01
-7.4372003844307777e-01
1.6431532282809753e-02
4.8471406344091522e-01
1.2880826683598606e-02
-8.7029818813200368e+00
3.6798964396538212e+00
5.9999999999999998e-01
-1.0000000000000001e-01
0.0000000000000000e+00
4.0000000000000002e-01
-7.0880902817772751e-01
7.7102031607608340e-02
5.4226045105373488e-01
1.8006310583907212e-02
-6.9200032780762086e+00
3.6798964396538212e+00
5.9999999999999998e-01
-1.0000000000000001e-01
0.0000000000000000e+00
4.0000000000000002e-01
-3.5644828131722339e-01
5.4585171509961630e-02
7.3055993351852522e-01
1.8006310583907212e-02
-7.1985843705828554e+00
2.8797165960492568e+00
5.9999999999999998e-01
-1.0000000000000001e-01
0.0000000000000000e+00
4.0000000000000002e-01
6.3551060647498270e-02
7.8368429083804633e-02
4.8212566870963203e-01
1.8006310583907212e-02
-7.9898335355217824e+00
3.5585487317363729e+00
5.9999999999999998e-01
-1.0000000000000001e-01
0.0000000000000000e+00
4.0000000000000002e-01
-4.4305026581810847e-01
8.0949135799388450e-02
2.6790051359450451e-01
1.8006310583907212e-02
-6.6419198828633199e+00
4.1964835535804736e+00
5.9999999999999998e-01
-1.0000000000000001e-01
0.0000000000000000e+00
4.0000000000000002e-01
-4.4305026581810847e-01
8.4671608467082549e-02
5.0911813501035796e-01
2.6547299863654221e-02
-6.4027580874855889e+00
3.4143431115034031e+00
5.9999999999999998e-01
-1.0000000000000001e-01
0.0000000000000000e+00
4.0000000000000002e-01
-1.7058506897019282e-01
1.3744374467847781e-01
-6.4604208227479831e-01
1.2407374145346727e-02
-7.2506165879662410e+00
5.2308101314189841e+00
5.9999999999999998e-01
-1.0000000000000001e-01
0.0000000000000000e+00
4.0000000000000002e-01
-5.7413912462370520e-01
1.1295146312234836e-01
-2.5390390571439636e-01
1.0434554697829333e-02
-7.5061902838642967e+00
5.1259073454025188e+00
5.9999999999999998e-01
-1.0000000000000001e-01
0.0000000000000000e+00
4.0000000000000002e-01
9.8833899466020925e-01
4.0056241531352565e-02
-7.0071400071028633e-02
5.9357700067339814e-03
-6.4592914807494051e+00
4.4229044395568771e+00
5.9999999999999998e-01
-1.0000000000000001e-01
0.0000000000000000e+00
4.0000000000000002e-01
3.9546260876281125e-01
8.2428548951129471e-02
-6.8074065890396018e-01
5.9357700067339814e-03
-6.3680488902027967e+00
4.1163809496047898e+00
5.9999999999999998e-01
-1.0000000000000001e-01
0.0000000000000000e+00
4.0000000000000002e-01
-1.5699395614044798e-01
5.2698742527942218e-02
-7.1314878549659633e-01
5.9357700067339814e-03
-7.8186232524807817e+00
3.7149285863223480e+00
5.9999999999999998e-01
-1.0000000000000001e-01
0.0000000000000000e+00
4.0000000000000002e-01
-4.5191047625916136e-01
3.2743604738692797e-02
-4.1999089505756287e-01
5.9357700067339814e-03
-8.2481091814930796e+00
4.1399509619059964e+00
5.9999999999999998e-01
-1.0000000000000001e-01
0.0000000000000000e+00
4.0000000000000002e-01
2.4107564491851199e-01
5.1261951286773244e-02
-8.5070704303914702e-01
5.9357700067339814e-03
-8.2647765713627699e+00
4.0717339824023648e+00
5.9999999999999998e-01
-1.0000000000000001e-01
0.0000000000000000e+00
4.0000000000000002e-01
1.4440226865632405e-01
2.0781774361114065e-02
-8.5070704303914702e-01
5.9357700067339814e-03
-8.0330768602784044e+00
4.2218341115000655e+00
5.9999999999999998e-01
-1.0000000000000001e-01
0.0000000000000000e+00
4.0000000000000002e-01
-8.5357234644072177e-01
9.6481670339087999e-02
-8.1306478671962412e-01
5.9357700067339814e-03
-7.8294055539067156e+00
4.6876944548520258e+00
5.9999999999999998e-01
-1.0000000000000001e-01
0.0000000000000000e+00
4.0000000000000002e-01
-3.0446284579413063e-01
8.3717419583777944e-02
-9.5767401688033726e-01
5.9357700067339814e-03
-7.8362549590762027e+00
4.2549654490384272e+00
5.9999999999999998e-01
-1.0000000000000001e-01
0.0000000000000000e+00
4.0000000000000002e-01
-8.6138407098429326e-01
8.7048618037681144e-02
-9.5767401688033726e-01
5.9357700067339814e-03
-7.3338206740911378e+00
3.2062195158633404e+00
5.9999999999999998e-01
-1.0000000000000001e-01
0.0000000000000000e+00
4.0000000000000002e-01
-3.6729879008906019e-01
5.8063244414134491e-03
-7.0015802614623701e-01
4.0952146025258152e-02
-7.6576987000997434e+00
3.6929770982894117e+00
5.9999999999999998e-01
-1.0000000000000001e-01
0.0000000000000000e+00
4.0000000000000002e-01
2.9874835812281217e-02
8.8641167473597991e-03
-1.7340917937690414e-01
3.4748967977124304e-02
-8.0750127646024605e+00
4.7487786560389207e+00
5.9999999999999998e-01
-1.0000000000000001e-01
0.0000000000000000e+00
4.0000000000000002e-01
2.7807578285856105e-01
1.3657263417224452e-02
7.2615446276729900e-01
5.0967387886601538e-02
-7.9706504973466776e+00
5.3668147861096065e+00
5.9999999999999998e-01
-1.0000000000000001e-01
0.0000000000000000e+00
4.0000000000000002e-01
1.1754632433576445e-01
3.7818821091632412e-02
4.9309854430611866e-02
1.7777109118062115e-02
-7.8539602431352522e+00
5.2290039151045482e+00
5.9999999999999998e-01
-1.0000000000000001e-01
0.0000000000000000e+00
4.0000000000000002e-01
9.0526609381360867e-01
2.6900460143069797e-02
-3.0932288237148919e-01
1.4468181246775248e-02
-7.9224433648283865e+00
5.2384114011260667e+00
5.9999999999999998e-01
-1.0000000000000001e-01
0.0000000000000000e+00
4.0000000000000002e-01
7.4747498830480430e-01
1.4217625840423539e-01
-2.0296970658237135e-01
3.9830002727685963e-03
-7.6077160390909100e+00
4.7857274553808375e+00
5.9999999999999998e-01
-1.0000000000000001e-01
0.0000000000000000e+00
4.0000000000000002e-01
8.2966687921134685e-01
1.4518054520008997e-01
-8.1065664582187325e-01
3.9830002727685963e-03
-7.4218164461548710e+00
3.9014346546563314e+00
5.9999999999999998e-01
-1.0000000000000001e-01
0.0000000000000000e+00
4.0000000000000002e-01
9.3449012878982285e-01
3.7873748172502095e-02
-8.1065664582187325e-01
1.1650781387346843e-02
-7.8394433366949938e+00
3.5137437290581870e+00
5.9999999999999998e-01
-1.0000000000000001e-01
0.0000000000000000e+00
4.0000000000000002e-01
1.1533581379501084e-01
6.2445825446824595e-02
-4.9509878926211992e-01
1.5375946724670984e-02
-7.8225704616750855e+00
3.6435695207747623e+00
5.9999999999999998e-01
-1.0000000000000001e-01
0.0000000000000000e+00
4.0000000000000002e-01
9.3468187454787932e-01
2.0905883659104868e-02
4.8131364948814714e-01
8.1879634502111456e-03
-7.4887229508604189e+00
3.9071694499882863e+00
5.9999999999999998e-01
-1.0000000000000001e-01
0.0000000000000000e+00
4.0000000000000002e-01
8.3785867813674653e-01
2.0905883659104868e-02
7.9746933087473715e-01
7.7555054509895902e-02
-7.1162734455312870e+00
4.1011685497197314e+00
5.9999999999999998e-01
-1.0000000000000001e-01
0.0000000000000000e+00
4.0000000000000002e-01
9.2760287049857815e-01
2.0409707446078822e-02
2.9867249548202363e-01
1.5624446952599153e-02
-6.6701846371288687e+00
3.7522703046980306e+00
5.9999999999999998e-01
-1.0000000000000001e-01
0.0000000000000000e+00
4.0000000000000002e-01
6.8556924465743740e-01
4.4224600907965183e-03
7.7960916220908971e-01
1.5624446952599153e-02
-6.5186152364011196e+00
3.1902318949881003e+00
5.9999999999999998e-01
-1.0000000000000001e-01
0.0000000000000000e+00
4.0000000000000002e-01
5.9732336643783290e-01
4.2948299538771675e-02
3.7922969639068449e-01
1.5624446952599153e-02
-6.4168202902074247e+00
3.5149448211374681e+00
5.9999999999999998e-01
-1.0000000000000001e-01
0.0000000000000000e+00
4.0000000000000002e-01
-2.1386012073906227e-01
1.5223624480931000e-01
3.7922969639068449e-01
5.6205336692510700e-03
-7.0008960868115810e+00
3.9292073342087668e+00
5.9999999999999998e-01
-1.0000000000000001e-01
0.0000000000000000e+00
4.0000000000000002e-01
-2.1386012073906227e-01
8.2251739275137944e-02
-6.9696795761818087e-01
5.6205336692510700e-03
-8.0025351564283760e+00
4.1835179778817100e+00
5.9999999999999998e-01
-1.0000000000000001e-01
0.0000000000000000e+00
4.0000000000000002e-01
-6.7143169607241593e-02
6.1239826422612234e-02
4.9494343250757061e-01
5.6205336692510700e-03
-9.3473081390257278e+00
4.0502935680630605e+00
5.9999999999999998e-01
-1.0000000000000001e-01
0.0000000000000000e+00
4.0000000000000002e-01
3.1227502587882716e-01
4.5237649422566459e-02
3.7716765612130965e-01
1.2213873350876436e-02
-9.9797973389621184e+00
4.5628434198978356e+00
5.9999999999999998e-01
-1.0000000000000001e-01
0.0000000000000000e+00
4.0000000000000002e-01
-5.3648823734672824e-01
5.1369687844495346e-02
-2.5953239917987969e-01
6.7266460898099990e-03
-9.4258826608653479e+00
5.5185184973361903e+00
5.9999999999999998e-01
-1.0000000000000001e-01
0.0000000000000000e+00
4.0000000000000002e-01
-8.1289610442074101e-01
1.4065534048197703e-01
-8.6517726898426206e-01
6.7266460898099990e-03
-9.6435784692759920e+00
4.8677658456447537e+00
5.9999999999999998e-01
-1.0000000000000001e-01
0.0000000000000000e+00
4.0000000000000002e-01
-2.0232729252727794e-01
3.2172414113263666e-02
-1.7007972181076197e-01
6.7266460898099990e-03
-9.6325167263741900e+00
4.6854858088376936e+00
5.9999999999999998e-01
-1.0000000000000001e-01
0.0000000000000000e+00
4.0000000000000002e-01
-8.6659226592930116e-01
4.8060586941047305e-03
-6.0697696268791335e-01
5.8385944509762394e-02
-9.1003196935053268e+00
4.9891149885091002e+00
5.9999999999999998e-01
-1.0000000000000001e-01
0.0000000000000000e+00
4.0000000000000002e-01
-6.7406630691440861e-01
4.8060586941047305e-03
-5.9791337073082096e-01
7.4593725973623848e-02
-8.9521210114355476e+00
4.8724742434057413e+00
5.9999999999999998e-01
-1.0000000000000001e-01
0.0000000000000000e+00
4.0000000000000002e-01
-5.6031950887592596e-01
4.8060586941047305e-03
-5.9791337073082096e-01
6.1400628620642272e-02
-8.4191031108494201e+00
5.4356325111421766e+00
5.9999999999999998e-01
-1.0000000000000001e-01
0.0000000000000000e+00
4.0000000000000002e-01
-3.3749055590780536e-01
4.8060586941047305e-03
-3.6947178699309002e-01
4.1158735329168888e-02
-8.7948883498902717e+00
4.6723073146375844e+00
5.9999999999999998e-01
-1.0000000000000001e-01
0.0000000000000000e+00
4.0000000000000002e-01
-6.3577464845331466e-01
3.6201456834058343e-02
3.4181772244628650e-02
1.4493326956289861e-02
-8.0225272639538439e+00
5.1127967557939717e+00
5.9999999999999998e-01
-1.0000000000000001e-01
0.0000000000000000e+00
4.0000000000000002e-01
-9.3555382039697921e-01
6.2353714000983849e-03
7.6497831530636184e-01
7.6996832901495560e-02
-7.7417780860211050e+00
5.1913848004373735e+00
5.9999999999999998e-01
-1.0000000000000001e-01
0.0000000000000000e+00
4.0000000000000002e-01
-6.4310237910898482e-01
6.2353714000983849e-03
3.1654873437946668e-01
6.3896334120887383e-02
-7.3825239940430318e+00
4.5966705582174487e+00
5.9999999999999998e-01
-1.0000000000000001e-01
0.0000000000000000e+00
4.0000000000000002e-01
-6.4310237910898482e-01
6.2353714000983849e-03
-7.4183701955014836e-01
1.3027288765634881e-01
-7.6148579358007105e+00
4.7497064343723476e+00
5.9999999999999998e-01
-1.0000000000000001e-01
0.0000000000000000e+00
4.0000000000000002e-01
-4.4936758067758831e-01
6.2353714000983849e-03
-8.6779593445593484e-01
1.8320470113481865e-01
-8.3120343751157915e+00
5.6177728048595608e+00
5.9999999999999998e-01
-1.0000000000000001e-01
0.0000000000000000e+00
4.0000000000000002e-01
5.6741521779147830e-01
6.2353714000983849e-03
-9.8521868206793428e-01
2.5396273107256284e-01
-8.3066237873281619e+00
6.0538510716590102e+00
5.9999999999999998e-01
-1.0000000000000001e-01
0.0000000000000000e+00
4.0000000000000002e-01
6.3875160280315124e-01
6.2353714000983849e-03
-9.4230695825302957e-01
2.8258842439379084e-01
-8.3465753308381228e+00
5.7749882265063928e+00
5.9999999999999998e-01
-1.0000000000000001e-01
0.0000000000000000e+00
4.0000000000000002e-01
9.0612793031779959e-01
5.3791650873227731e-03
-8.4148955565178751e-01
2.8473521728243217e-01
-7.8317344657029286e+00
6.1118470120313573e+00
5.9999999999999998e-01
-1.0000000000000001e-01
0.0000000000000000e+00
4.0000000000000002e-01
8.9315195697991090e-01
5.3791650873227731e-03
-7.6588252123678091e-01
3.3633369071211194e-01
-8.1421854785527366e+00
7.0218179988744662e+00
5.9999999999999998e-01
-1.0000000000000001e-01
0.0000000000000000e+00
4.0000000000000002e-01
-7.2339337926657943e-01
1.1226699386219563e-02
-6.3135642823064686e-01
2.3926455290045115e-01
-7.9984142026747831e+00
7.5250305223348546e+00
5.9999999999999998e-01
-1.0000000000000001e-01
0.0000000000000000e+00
4.0000000000000002e-01
1.8322913158385001e-01
9.7298075523777616e-03
-8.4354229267919423e-01
2.7012077123846384e-01
-8.7441665983642718e+00
7.7409634935739442e+00
5.9999999999999998e-01
-1.0000000000000001e-01
0.0000000000000000e+00
4.0000000000000002e-01
6.7230118144003592e-01
9.7298075523777616e-03
-5.0832977856043626e-02
1.8902248651708936e-01
-8.7435581579688275e+00
8.3759716632845809e+00
5.9999999999999998e-01
-1.0000000000000001e-01
0.0000000000000000e+00
4.0000000000000002e-01
-2.4211479079278264e-01
1.2926866587678970e-02
-2.7935417738044621e-01
1.4037596596206997e-01
-8.3259052276495176e+00
8.1475026774290011e+00
5.9999999999999998e-01
-1.0000000000000001e-01
0.0000000000000000e+00
4.0000000000000002e-01
-6.6179384481461789e-01
1.2926866587678970e-02
2.4051954541122544e-01
1.2977604142751073e-01
-8.2973399609211160e+00
6.9722846592846324e+00
5.9999999999999998e-01
-1.0000000000000001e-01
0.0000000000000000e+00
4.0000000000000002e-01
-9.5705119323285359e-01
1.2926866587678970e-02
8.9421177243348193e-02
1.4235995332326268e-01
-8.3131338447216230e+00
6.6873153741541334e+00
5.9999999999999998e-01
-1.0000000000000001e-01
0.0000000000000000e+00
4.0000000000000002e-01
-4.8101863812955170e-01
1.2926866587678970e-02
-4.7717393154744076e-02
1.2409336374129630e-01
-8.7234735488775446e+00
6.6942213381710474e+00
5.9999999999999998e-01
-1.0000000000000001e-01
0.0000000000000000e+00
4.0000000000000002e-01
-5.1933528136761931e-01
1.9070390161554398e-02
-1.9025328124407697e-02
8.0471688726800453e-02
-8.9731754332664675e+00
6.6567112709465448e+00
5.9999999999999998e-01
-1.0000000000000001e-01
0.0000000000000000e+00
4.0000000000000002e-01
-8.8615495067389749e-01
1.9070390161554398e-02
-8.5126510378206144e-01
1.6333059153880453e-01
-9.9554258555057711e+00
6.7474081839504656e+00
5.9999999999999998e-01
-1.0000000000000001e-01
0.0000000000000000e+00
4.0000000000000002e-01
-2.7654894855173373e-01
5.2406286564274460e-03
-7.5551426615798845e-01
1.3802278004016255e-01
-1.0396637436735935e+01
6.7462320330622605e+00
5.9999999999999998e-01
-1.0000000000000001e-01
0.0000000000000000e+00
4.0000000000000002e-01
4.1996187422124598e-01
5.2406286564274460e-03
-7.3332283910596752e-01
1.3802278004016255e-01
-1.0203876855957812e+01
6.0484397695935330e+00
5.9999999999999998e-01
-1.0000000000000001e-01
0.0000000000000000e+00
4.0000000000000002e-01
3.2190090272275657e-01
6.9534827735825214e-03
2.9426630207104604e-01
1.1429028783168171e-01
-9.4325900763157069e+00
6.5266406403458674e+00
5.9999999999999998e-01
-1.0000000000000001e-01
0.0000000000000000e+00
4.0000000000000002e-01
4.0615258011666983e-01
6.9534827735825214e-03
-1.2822184733347969e-01
1.4342506227816917e-01
-9.1564662761870093e+00
6.2167111204541285e+00
5.9999999999999998e-01
-1.0000000000000001e-01
0.0000000000000000e+00
4.0000000000000002e-01
5.1225817236749371e-01
5.8469174117400085e-03
-2.4094709924655036e-01
1.0250059021252669e-01
-1.0150509876373714e+01
6.5175045938766569e+00
5.9999999999999998e-01
-1.0000000000000001e-01
0.0000000000000000e+00
4.0000000000000002e-01
9.9371555183808524e-02
5.8469174117400085e-03
-2.9928813955979428e-01
1.9585015428799668e-01
-1.0044868070248073e+01
6.7188647826737729e+00
5.9999999999999998e-01
-1.0000000000000001e-01
0.0000000000000000e+00
4.0000000000000002e-01
8.3967394623605451e-01
5.8469174117400085e-03
2.4726165481610218e-01
7.6182020433130659e-02
-9.3687122169765882e+00
7.3098934551305144e+00
5.9999999999999998e-01
-1.0000000000000001e-01
0.0000000000000000e+00
4.0000000000000002e-01
3.7257362458554943e-01
1.0779900243933382e-02
2.4726165481610218e-01
3.0934793718042780e-02
-8.8843710634741253e+00
7.0700702214217754e+00
5.9999999999999998e-01
-1.0000000000000001e-01
0.0000000000000000e+00
4.0000000000000002e-01
-9.9614596274050038e-01
1.0779900243933382e-02
-4.4092250398593030e-01
4.3193317182245658e-02
-9.5364149663481186e+00
6.3259378308034506e+00
5.9999999999999998e-01
-1.0000000000000001e-01
0.0000000000000000e+00
4.0000000000000002e-01
-1.6988360610159206e-01
1.9155297181065262e-02
-5.2496809049742299e-01
2.7335174806299614e-02
-1.1027074423793263e+01
6.3198374682641587e+00
5.9999999999999998e-01
-1.0000000000000001e-01
0.0000000000000000e+00
4.0000000000000002e-01
-1.4622010674627597e-01
1.6337365976031006e-02
5.1221963361604128e-01
9.9047496087732723e-02
-1.0646882704261248e+01
6.0872257882333356e+00
5.9999999999999998e-01
-1.0000000000000001e-01
0.0000000000000000e+00
4.0000000000000002e-01
-2.0858551111372287e-01
1.6337365976031006e-02
-7.0676393090980127e-01
1.3190645968157333e-01
-1.0916659778717463e+01
5.7358115518069823e+00
5.9999999999999998e-01
-1.0000000000000001e-01
0.0000000000000000e+00
4.0000000000000002e-01
-6.8210477736147213e-01
1.6337365976031006e-02
-8.7564574181335053e-01
2.5073744170251308e-02
-1.0916659778717463e+01
6.2543175482726650e+00
5.9999999999999998e-01
-1.0000000000000001e-01
0.0000000000000000e+00
4.0000000000000002e-01
-6.9465474617036149e-01
3.3144263079817472e-02
-5.7238525741268031e-02
2.5073744170251308e-02
-1.0285480699304049e+01
6.3508074068999845e+00
5.9999999999999998e-01
-1.0000000000000001e-01
0.0000000000000000e+00
4.0000000000000002e-01
-9.3389171850236219e-01
1.0592101624663057e-02
4.0982595422072332e-01
3.4008625499787747e-02
-1.0629187339905208e+01
6.4958062136149959e+00
5.9999999999999998e-01
-1.0000000000000001e-01
0.0000000000000000e+00
4.0000000000000002e-01
3.7874988157002165e-01
1.0592101624663057e-02
9.1650898166699324e-01
1.3438469528395217e-01
-1.1533897629741137e+01
5.7733983033872205e+00
5.9999999999999998e-01
-1.0000000000000001e-01
0.0000000000000000e+00
4.0000000000000002e-01
4.2140209037510595e-01
1.1757162159736337e-02
7.6208161123795426e-01
1.1989443927246611e-01
-1.1808339738461678e+01
5.9246656829095432e+00
5.9999999999999998e-01
-1.0000000000000001e-01
0.0000000000000000e+00
4.0000000000000002e-01
-6.5694771807940755e-01
1.1757162159736337e-02
6.2567365356488147e-01
1.4035258405643983e-01
-1.2095933609816733e+01
5.4184411817765783e+00
5.9999999999999998e-01
-1.0000000000000001e-01
0.0000000000000000e+00
4.0000000000000002e-01
-9.7625309270175253e-01
1.1757162159736337e-02
9.1232002877397456e-01
5.0220683745923471e-02
-1.2157916295144263e+01
4.4355347180343223e+00
5.9999999999999998e-01
-1.0000000000000001e-01
0.0000000000000000e+00
4.0000000000000002e-01
-1.5874459725173273e-01
7.5917798042847533e-03
9.9396653824253001e-01
3.9973605885985329e-02
-1.2554300152871313e+01
4.5862116181827135e+00
5.9999999999999998e-01
-1.0000000000000001e-01
0.0000000000000000e+00
4.0000000000000002e-01
-1.1037846620400325e-02
7.5917798042847533e-03
8.0920825832290566e-01
2.8021738305571510e-02
-1.2749586346361340e+01
3.7035294549143862e+00
5.9999999999999998e-01
-1.0000000000000001e-01
0.0000000000000000e+00
4.0000000000000002e-01
7.1839097637383187e-01
7.5917798042847533e-03
5.7380469375057142e-01
3.0552625803975594e-03
-1.2638235434878171e+01
3.9352140226936889e+00
5.9999999999999998e-01
-1.0000000000000001e-01
0.0000000000000000e+00
4.0000000000000002e-01
1.0217513281552049e-01
7.5917798042847533e-03
2.8143948458833612e-01
1.5819659247878023e-02
-1.2618164194363654e+01
4.1331270286417556e+00
5.9999999999999998e-01
-1.0000000000000001e-01
0.0000000000000000e+00
4.0000000000000002e-01
5.9041394907681188e-01
7.5917798042847533e-03
7.4622121714754019e-01
3.0013264551642365e-02
-1.2943204689759314e+01
3.9298834094381885e+00
5.9999999999999998e-01
-1.0000000000000001e-01
0.0000000000000000e+00
4.0000000000000002e-01
2.9754719990936951e-01
1.0373613572175684e-02
7.6946549081010729e-01
4.5491896346095032e-02
-1.2960329557198584e+01
3.2104403591318977e+00
5.9999999999999998e-01
-1.0000000000000001e-01
0.0000000000000000e+00
4.0000000000000002e-01
-1.4563196402343073e-01
1.2806986278350535e-02
8.2340677045984179e-01
2.7697054222109743e-02
-1.2690354079741537e+01
2.3798216363950626e+00
5.9999999999999998e-01
-1.0000000000000001e-01
0.0000000000000000e+00
4.0000000000000002e-01
-4.5575471964033404e-01
9.9023770750119120e-03
4.0537360035581499e-01
1.4594749644282290e-02
-1.2589198286074698e+01
2.4887012085481541e+00
5.9999999999999998e-01
-1.0000000000000001e-01
0.0000000000000000e+00
4.0000000000000002e-01
-2.2038070764692586e-01
9.9023770750119120e-03
8.4388851010007770e-01
6.2909075930598204e-02
-1.2418697724479735e+01
2.6867130181356327e+00
5.9999999999999998e-01
-1.0000000000000001e-01
0.0000000000000000e+00
4.0000000000000002e-01
3.8419722947923385e-01
5.2021324694706828e-03
5.1730893484782298e-02
3.9061737969401308e-02
-1.2774272308486998e+01
2.2757240227027786e+00
5.9999999999999998e-01
-1.0000000000000001e-01
0.0000000000000000e+00
4.0000000000000002e-01
-1.5526741233022967e-01
5.2021324694706828e-03
-4.2346666491823287e-01
3.4076635792735038e-02
-1.3207552932936251e+01
2.7425457245274436e+00
5.9999999999999998e-01
-1.0000000000000001e-01
0.0000000000000000e+00
4.0000000000000002e-01
9.6249056968537994e-01
7.7348705590321448e-03
-7.2462550147669402e-01
1.1342742593574803e-01
-1.4140375518042147e+01
2.7425457245274436e+00
5.9999999999999998e-01
-1.0000000000000001e-01
0.0000000000000000e+00
4.0000000000000002e-01
8.4601628694383335e-01
7.7348705590321448e-03
-6.7985348209040253e-01
4.6624209120753227e-02
-1.4306428284186422e+01
3.7686108387610866e+00
5.9999999999999998e-01
-1.0000000000000001e-01
0.0000000000000000e+00
4.0000000000000002e-01
-1.3395645704420378e-01
1.0953008002097787e-02
-5.5279381497995939e-01
2.2757049232604923e-02
-1.4959288788947761e+01
3.6599459986737917e+00
5.9999999999999998e-01
-1.0000000000000001e-01
0.0000000000000000e+00
4.0000000000000002e-01
3.1092158888260807e-02
1.0953008002097787e-02
-4.6395057975547399e-01
5.3228006869438113e-02
-1.4056216711911858e+01
3.2325477983406734e+00
5.9999999999999998e-01
-1.0000000000000001e-01
0.0000000000000000e+00
4.0000000000000002e-01
-3.6534275379331882e-01
1.0953008002097787e-02
7.1173488617641834e-01
3.9318839102867063e-02
-1.4644420651707353e+01
3.8415792967728328e+00
5.9999999999999998e-01
-1.0000000000000001e-01
0.0000000000000000e+00
4.0000000000000002e-01
-7.9180328120777488e-01
6.2040990055157565e-03
-5.1902425765292737e-01
1.3663138362753671e-01
-1.4603599746141137e+01
3.8769353624037453e+00
5.9999999999999998e-01
-1.0000000000000001e-01
0.0000000000000000e+00
4.0000000000000002e-01
-5.4057012905666713e-01
6.2040990055157565e-03
-4.9278922169702138e-01
1.8132926604140082e-01
-1.3765003686759176e+01
4.4584920819452956e+00
5.9999999999999998e-01
-1.0000000000000001e-01
0.0000000000000000e+00
4.0000000000000002e-01
-9.7715670754501704e-01
6.2040990055157565e-03
-8.6826976045267679e-01
2.2608482882368841e-01
-1.4346170314762295e+01
4.8567901786020951e+00
5.9999999999999998e-01
-1.0000000000000001e-01
0.0000000000000000e+00
4.0000000000000002e-01
-9.8581620325634367e-01
7.0451684058262737e-03
5.6973609939916037e-01
1.1931213256705084e-01
-1.3870546662423314e+01
4.9740280884853556e+00
5.9999999999999998e-01
-1.0000000000000001e-01
0.0000000000000000e+00
4.0000000000000002e-01
-9.3596828748772032e-01
7.0451684058262737e-03
9.3184396476251974e-01
7.3872719675186077e-02
-1.4203664059180319e+01
5.3859906900278283e+00
5.9999999999999998e-01
-1.0000000000000001e-01
0.0000000000000000e+00
4.0000000000000002e-01
-2.5809322898576142e-01
7.0451684058262737e-03
5.7320047587854761e-01
1.0852230226981917e-01
-1.4750786400574745e+01
6.3626807253411952e+00
5.9999999999999998e-01
-1.0000000000000001e-01
0.0000000000000000e+00
4.0000000000000002e-01
-7.7154067402074222e-01
7.0451684058262737e-03
7.9961271525127786e-01
9.9443006515386484e-02
-1.4598320467013419e+01
6.6506151321879567e+00
5.9999999999999998e-01
-1.0000000000000001e-01
0.0000000000000000e+00
4.0000000000000002e-01
-6.9585484166929612e-01
1.1176810717637721e-02
4.7114766970975297e-01
1.1477033758151808e-01
-1.4319135638314783e+01
6.5180656555644214e+00
5.9999999999999998e-01
-1.0000000000000001e-01
0.0000000000000000e+00
4.0000000000000002e-01
-4.8432867725679773e-01
1.1176810717637721e-02
6.6451395497424504e-01
9.6707555651548288e-02
-1.4592817106086313e+01
6.0231824550381843e+00
5.9999999999999998e-01
-1.0000000000000001e-01
0.0000000000000000e+00
4.0000000000000002e-01
-5.0683139165232072e-01
1.1176810717637721e-02
5.0405718252761267e-01
1.0882080504286565e-01
-1.5004454346734581e+01
6.0543448600522218e+00
5.9999999999999998e-01
-1.0000000000000001e-01
0.0000000000000000e+00
4.0000000000000002e-01
-7.2451172908136741e-01
1.7279726988132182e-02
1.7603461128426690e-01
1.0811500722158231e-01
-1.5048978278774319e+01
5.0705758068314735e+00
5.9999999999999998e-01
-1.0000000000000001e-01
0.0000000000000000e+00
4.0000000000000002e-01
-7.2451172908136741e-01
1.7279726988132182e-02
3.7700867038918628e-01
1.1375736755121030e-01
-1.4257228756684361e+01
4.4322831514826948e+00
5.9999999999999998e-01
-1.0000000000000001e-01
0.0000000000000000e+00
4.0000000000000002e-01
-7.2451172908136741e-01
1.7279726988132182e-02
6.3703306299401419e-01
2.3109130471933165e-01
-1.3822919455904064e+01
4.9020741436234641e+00
5.9999999999999998e-01
-1.0000000000000001e-01
0.0000000000000000e+00
4.0000000000000002e-01
-5.3530125935861961e-01
1.7072751362304274e-02
3.5668576021445891e-01
2.7140754282462876e-01
-1.4205867566529211e+01
5.2855191323510340e+00
5.9999999999999998e-01
-1.0000000000000001e-01
0.0000000000000000e+00
4.0000000000000002e-01
-4.1241102536508933e-01
1.4534162570218626e-02
6.3865891952766085e-01
2.2258382078993599e-01
-1.4140260555211004e+01
5.4538096788874801e+00
5.9999999999999998e-01
-1.0000000000000001e-01
0.0000000000000000e+00
4.0000000000000002e-01
-3.1490304668640112e-02
1.4534162570218626e-02
3.8048391003860144e-01
1.7318903365719601e-01
-1.4140260555211004e+01
4.8082996259978952e+00
5.9999999999999998e-01
-1.0000000000000001e-01
0.0000000000000000e+00
4.0000000000000002e-01
6.4001720170190435e-01
1.4534162570218626e-02
3.8048391003860144e-01
2.1132831421482848e-01
-1.4220725243154465e+01
4.1688593338779159e+00
5.9999999999999998e-01
-1.0000000000000001e-01
0.0000000000000000e+00
4.0000000000000002e-01
-1.2913228293249501e-01
1.4534162570218626e-02
-5.5458303447114321e-01
1.8517197838414001e-01
-1.4326523073378503e+01
4.0796082678786467e+00
5.9999999999999998e-01
-1.0000000000000001e-01
0.0000000000000000e+00
4.0000000000000002e-01
-1.0576194365808855e-01
1.4534162570218626e-02
-2.9515779935987696e-01
2.2688123407948305e-01
-1.4174328809592426e+01
4.0796082678786467e+00
5.9999999999999998e-01
-1.0000000000000001e-01
0.0000000000000000e+00
4.0000000000000002e-01
-8.5326821302363764e-01
1.9175254274587217e-02
-3.9930268966825710e-01
3.8803793683636478e-01
-1.4880749269935787e+01
3.5030147973052213e+00
5.9999999999999998e-01
-1.0000000000000001e-01
0.0000000000000000e+00
4.0000000000000002e-01
-8.5326821302363764e-01
1.9175254274587217e-02
-6.0271817856701126e-01
3.1680884313571744e-01
-1.5111778095725477e+01
3.4588071111193845e+00
5.9999999999999998e-01
-1.0000000000000001e-01
0.0000000000000000e+00
4.0000000000000002e-01
-8.7343060416469465e-01
1.9175254274587217e-02
-6.3461553120287173e-01
3.0578007173526583e-01
-1.5202149596426189e+01
2.7362790915719217e+00
5.9999999999999998e-01
-1.0000000000000001e-01
0.0000000000000000e+00
4.0000000000000002e-01
-8.9268432391176122e-01
1.9734691191892209e-02
2.8963575458852531e-01
3.6673900777089891e-01
-1.5952321034285724e+01
2.5925024021021077e+00
5.9999999999999998e-01
-1.0000000000000001e-01
0.0000000000000000e+00
4.0000000000000002e-01
-8.9268432391176122e-01
1.4493698228578152e-02
2.8963575458852531e-01
3.8779511591780474e-01
-1.6025966339919268e+01
3.3319315861514749e+00
5.9999999999999998e-01
-1.0000000000000001e-01
0.0000000000000000e+00
4.0000000000000002e-01
-6.6387519014367946e-01
1.4493698228578152e-02
2.3352670881431115e-02
3.8779511591780474e-01
-1.6115917509410082e+01
3.1636366720846829e+00
5.9999999999999998e-01
-1.0000000000000001e-01
0.0000000000000000e+00
4.0000000000000002e-01
-8.7223055434713248e-01
1.4493698228578152e-02
-8.9399219849379774e-01
4.6971800824988175e-01
-1.6206279754254517e+01
2.6136568035534560e+00
5.9999999999999998e-01
-1.0000000000000001e-01
0.0000000000000000e+00
4.0000000000000002e-01
-7.2451554821172837e-01
8.4261380326553018e-03
-3.3406332829268687e-01
4.5565631827700426e-01
-1.5807668028573987e+01
3.0633333738497437e+00
5.9999999999999998e-01
-1.0000000000000001e-01
0.0000000000000000e+00
4.0000000000000002e-01
-1.7927832589784742e-01
8.4261380326553018e-03
2.1152927419869200e-01
5.5639536932844214e-01
-1.6110674856405254e+01
3.2628240037313643e+00
5.9999999999999998e-01
-1.0000000000000001e-01
0.0000000000000000e+00
4.0000000000000002e-01
-6.3546124560033099e-02
8.4261380326553018e-03
4.9516286036698115e-01
6.2185297230619485e-01
-1.6210662128950950e+01
2.8822747457376661e+00
5.9999999999999998e-01
-1.0000000000000001e-01
0.0000000000000000e+00
4.0000000000000002e-01
-9.1365673647562151e-01
8.4261380326553018e-03
3.6620110741583600e-01
6.6868276242155145e-01
-1.6789808982040281e+01
2.3665199804655255e+00
5.9999999999999998e-01
-1.0000000000000001e-01
0.0000000000000000e+00
4.0000000000000002e-01
-5.8135717497507222e-01
8.4261380326553018e-03
9.0305488339392437e-01
4.9063050750631398e-01
-1.7328601526643627e+01
2.2349541872343961e+00
5.9999999999999998e-01
-1.0000000000000001e-01
0.0000000000000000e+00
4.0000000000000002e-01
-4.9958584891000873e-01
8.4261380326553018e-03
9.0305488339392437e-01
4.7168238309759208e-01
-1.7278233097970965e+01
2.1182015090784971e+00
5.9999999999999998e-01
-1.0000000000000001e-01
0.0000000000000000e+00
4.0000000000000002e-01
-5.8742270903030525e-01
8.4261380326553018e-03
3.4772562614409230e-01
4.8107685665029598e-01
-1.7349593304574970e+01
2.2360650735511425e+00
5.9999999999999998e-01
-1.0000000000000001e-01
0.0000000000000000e+00
4.0000000000000002e-01
-5.9209848598877080e-01
8.4261380326553018e-03
-1.6793518313439587e-01
5.1680676571268158e-01
-1.7626651354425135e+01
2.1538644375815035e+00
5.9999999999999998e-01
-1.0000000000000001e-01
0.0000000000000000e+00
4.0000000000000002e-01
6.7221074028571948e-01
8.4261380326553018e-03
-3.1492435344727743e-01
5.3256806854147032e-01
-1.7913770769827551e+01
2.1714166133268717e+00
5.9999999999999998e-01
-1.0000000000000001e-01
0.0000000000000000e+00
4.0000000000000002e-01
5.5814628823360313e-01
8.4261380326553018e-03
-2.3652811446459987e-01
5.2277915254968721e-01
-1.7546339847438517e+01
1.8176226942404154e+00
5.9999999999999998e-01
-1.0000000000000001e-01
0.0000000000000000e+00
4.0000000000000002e-01
6.5724679811557629e-01
1.1435696173886838e-02
-7.2220012822421287e-01
5.0085676840681159e-01
-1.6661461073451221e+01
2.5095619259937654e+00
5.9999999999999998e-01
-1.0000000000000001e-01
0.0000000000000000e+00
4.0000000000000002e-01
8.9974698885043958e-01
1.1435696173886838e-02
-7.5625351109774797e-01
4.3839284650224775e-01
-1.6290497538738432e+01
3.4191516278847103e+00
5.9999999999999998e-01
-1.0000000000000001e-01
0.0000000000000000e+00
4.0000000000000002e-01
8.9974698885043958e-01
1.3217774618844571e-02
-5.7465233781607838e-01
4.6679352823633280e-01
-1.6843707225017731e+01
3.0335338777466663e+00
5.9999999999999998e-01
-1.0000000000000001e-01
0.0000000000000000e+00
4.0000000000000002e-01
6.7257497890552387e-01
1.2479172576646391e-02
-7.7564075389178488e-01
3.2208222786325541e-01
-1.6282213250093644e+01
3.5435693687363510e+00
5.9999999999999998e-01
-1.0000000000000001e-01
0.0000000000000000e+00
4.0000000000000002e-01
1.7483757807573183e-01
1.1962915469388548e-02
-8.0996579268248770e-01
3.6198541248578153e-01
-1.5669046940945570e+01
3.6173188960715175e+00
5.9999999999999998e-01
-1.0000000000000001e-01
0.0000000000000000e+00
4.0000000000000002e-01
1.7483757807573183e-01
1.2320906520317379e-02
-8.3071348832221714e-01
3.6806963885563931e-01
-1.6421932622336332e+01
3.2612398220761656e+00
5.9999999999999998e-01
-1.0000000000000001e-01
0.0000000000000000e+00
4.0000000000000002e-01
-7.7045244382063049e-01
1.2320906520317379e-02
-9.9847007320495340e-01
2.7419503813225354e-01
-1.6195760944031658e+01
4.2306723697646493e+00
5.9999999999999998e-01
-1.0000000000000001e-01
0.0000000000000000e+00
4.0000000000000002e-01
-7.7045244382063049e-01
1.6990667820404353e-02
-7.7932273016544085e-01
2.2103008060890761e-01
-1.6611981802724781e+01
3.5866619689925550e+00
5.9999999999999998e-01
-1.0000000000000001e-01
0.0000000000000000e+00
4.0000000000000002e-01
-7.6515353572854894e-01
1.6990667820404353e-02
-2.4945740373106706e-01
2.0929295121866792e-01
-1.7304718464158952e+01
3.2014755828841563e+00
5.9999999999999998e-01
-1.0000000000000001e-01
0.0000000000000000e+00
4.0000000000000002e-01
-8.4475169313440224e-01
1.2821069300602259e-02
-2.9452095286222207e-01
1.2159957426029770e-01
-1.7026089474104822e+01
3.3722992523177497e+00
5.9999999999999998e-01
-1.0000000000000001e-01
0.0000000000000000e+00
4.0000000000000002e-01
-4.8418091905603311e-01
1.2821069300602259e-02
-7.5679574769456165e-02
1.0763395994145004e-01
-1.7317210468195860e+01
2.7362267284258239e+00
5.9999999999999998e-01
-1.0000000000000001e-01
0.0000000000000000e+00
4.0000000000000002e-01
-6.0729026806840802e-01
1.2821069300602259e-02
8.1418631537584552e-01
1.3705286668974490e-01
-1.5910801672481483e+01
1.7728336303099030e+00
5.9999999999999998e-01
-1.0000000000000001e-01
0.0000000000000000e+00
4.0000000000000002e-01
-4.9600399178752802e-01
1.2821069300602259e-02
6.0639683826593649e-01
1.8844959522027108e-01
-1.5910801672481483e+01
1.9949281542166108e+00
5.9999999999999998e-01
-1.0000000000000001e-01
0.0000000000000000e+00
4.0000000000000002e-01
-3.1998237294444942e-01
1.2821069300602259e-02
8.5587601705221417e-01
1.4067211923736664e-01
-1.6288810216926521e+01
9.7457552240928391e-01
5.9999999999999998e-01
-1.0000000000000001e-01
0.0000000000000000e+00
4.0000000000000002e-01
-6.7457885903606329e-01
1.5485536039303126e-02
6.3738155319122558e-01
1.4522489706415267e-01
-1.6119673281454030e+01
8.4818008379777632e-01
5.9999999999999998e-01
-1.0000000000000001e-01
0.0000000000000000e+00
4.0000000000000002e-01
-6.0496562165508183e-01
1.5485536039303126e-02
-7.3446803615661371e-01
2.4347388068574996e-01
-1.6406645229004802e+01
1.0482996390899391e-01
5.9999999999999998e-01
-1.0000000000000001e-01
0.0000000000000000e+00
4.0000000000000002e-01
-5.6890786779413138e-01
1.3764276147316280e-02
5.9134358603041268e-02
2.0888926360744567e-01
-1.7623577522777499e+01
2.0915600569685666e-01
5.9999999999999998e-01
-1.0000000000000001e-01
0.0000000000000000e+00
4.0000000000000002e-01
-3.1319215161094571e-01
1.3764276147316280e-02
-1.7330227599712125e-01
1.3559779069561095e-01
-1.7945653426193179e+01
1.1517229622765417e+00
5.9999999999999998e-01
-1.0000000000000001e-01
0.0000000000000000e+00
4.0000000000000002e-01
-3.7097331208476925e-01
1.3764276147316280e-02
-3.7842988685937634e-01
4.7592982716742477e-02
-1.9037264537357270e+01
2.4713745451136466e+00
5.9999999999999998e-01
-1.0000000000000001e-01
0.0000000000000000e+00
4.0000000000000002e-01
-9.8479525727519890e-01
1.3764276147316280e-02
9.2796553416876082e-01
9.1823108263197867e-02
-2.0050642728351537e+01
2.6148829242750047e+00
5.9999999999999998e-01
-1.0000000000000001e-01
0.0000000000000000e+00
4.0000000000000002e-01
-3.3319346470127004e-01
7.3922058348162801e-03
3.5406398310093168e-01
9.1823108263197867e-02
-1.9936469646834318e+01
2.6618124625249742e+00
5.9999999999999998e-01
-1.0000000000000001e-01
0.0000000000000000e+00
4.0000000000000002e-01
6.1253019529094799e-01
7.3922058348162801e-03
6.7263229741482022e-01
9.6387783832732166e-02
-2.0157028227217978e+01
3.2657111248536945e+00
5.9999999999999998e-01
-1.0000000000000001e-01
0.0000000000000000e+00
4.0000000000000002e-01
8.9705021577587229e-01
7.3922058348162801e-03
7.2366302511421920e-01
5.6097643218818632e-02
-1.8458173685439412e+01
3.2657111248536945e+00
5.9999999999999998e-01
-1.0000000000000001e-01
0.0000000000000000e+00
4.0000000000000002e-01
9.9236038881054023e-01
7.3922058348162801e-03
1.5350553295342206e-01
9.5007485948387108e-02
-1.9201428837247672e+01
3.4635882160230516e+00
5.9999999999999998e-01
-1.0000000000000001e-01
0.0000000000000000e+00
4.0000000000000002e-01
8.6595678555479150e-01
7.3922058348162801e-03
-5.8109044220764683e-02
6.5943319581333121e-02
-1.9198388124175850e+01
2.6188485434814330e+00
5.9999999999999998e-01
-1.0000000000000001e-01
0.0000000000000000e+00
4.0000000000000002e-01
3.7059930073728664e-01
1.0725810230205836e-02
5.9694677374092808e-01
8.9253629475716079e-02
-1.9098408014245813e+01
2.5022830969258187e+00
5.9999999999999998e-01
-1.0000000000000001e-01
0.0000000000000000e+00
4.0000000000000002e-01
4.7552530037870511e-01
1.0949373173023642e-02
2.3128839476732485e-01
6.0563493803027592e-02
-1.8497758928604902e+01
2.6695649451180339e+00
5.9999999999999998e-01
-1.0000000000000001e-01
0.0000000000000000e+00
4.0000000000000002e-01
7.9638133513441178e-01
1.0949373173023642e-02
-3.1926058576675181e-01
9.9519708707812737e-02
-1.8705210482527047e+01
2.2633624712540747e+00
5.9999999999999998e-01
-1.0000000000000001e-01
0.0000000000000000e+00
4.0000000000000002e-01
2.8788966285696138e-01
1.0949373173023642e-02
-3.1926058576675181e-01
5.1204810607019258e-03
-1.9859120591927795e+01
2.3011696691228987e+00
5.9999999999999998e-01
-1.0000000000000001e-01
0.0000000000000000e+00
4.0000000000000002e-01
1.9330834257116422e-01
9.7990521811499014e-03
1.4525005477475459e-03
3.5407438086229877e-02
-1.9234151666809346e+01
2.3433104618056655e+00
5.9999999999999998e-01
-1.0000000000000001e-01
0.0000000000000000e+00
4.0000000000000002e-01
-7.4185036835560692e-01
7.2517381631388086e-03
-4.3574363318504816e-01
3.2770837353426535e-02
-2.0167765119124677e+01
2.7890805961168348e+00
5.9999999999999998e-01
-1.0000000000000001e-01
0.0000000000000000e+00
4.0000000000000002e-01
-6.1181086280683172e-01
7.2517381631388086e-03
-8.7558874107198825e-01
5.2149082945543837e-02
-1.9803041341353683e+01
3.1065092326677379e+00
5.9999999999999998e-01
-1.0000000000000001e-01
0.0000000000000000e+00
4.0000000000000002e-01
-6.1181086280683172e-01
7.2517381631388086e-03
4.0333487295312770e-01
3.3200114177424023e-02
-1.9736577078152923e+01
4.0619880081689885e+00
5.9999999999999998e-01
-1.0000000000000001e-01
0.0000000000000000e+00
4.0000000000000002e-01
-8.3265189388135563e-01
1.2992404671813430e-02
9.8513986133737452e-01
9.8700500534731450e-02
-2.0395432906795765e+01
4.0619880081689885e+00
5.9999999999999998e-01
-1.0000000000000001e-01
0.0000000000000000e+00
4.0000000000000002e-01
-5.0737295010427130e-01
1.2992404671813430e-02
-1.9296420582104790e-02
1.6013201940234334e-01
-2.1292045106936719e+01
4.4936939389980362e+00
5.9999999999999998e-01
-1.0000000000000001e-01
0.0000000000000000e+00
4.0000000000000002e-01
-6.8662942567208896e-01
1.2992404671813430e-02
-5.9673257149057490e-01
2.0383044418494733e-01
-2.2093925994087485e+01
5.4701715858257343e+00
5.9999999999999998e-01
-1.0000000000000001e-01
0.0000000000000000e+00
4.0000000000000002e-01
-5.8968534746507295e-01
1.2992404671813430e-02
-9.3081274398137182e-02
1.4559800311725171e-01
-2.1484956139524009e+01
5.8092465451522699e+00
5.9999999999999998e-01
-1.0000000000000001e-01
0.0000000000000000e+00
4.0000000000000002e-01
-7.8682148733476287e-01
1.2992404671813430e-02
-9.8774447686271771e-01
9.7258724374580677e-02
-2.2385948628385098e+01
5.4453624776168699e+00
5.9999999999999998e-01
-1.0000000000000001e-01
0.0000000000000000e+00
4.0000000000000002e-01
-7.4328653940299638e-01
1.2992404671813430e-02
-2.2924286670284377e-01
1.6208915392856627e-01
-2.3095565325219663e+01
5.7876582271023622e+00
5.9999999999999998e-01
-1.0000000000000001e-01
0.0000000000000000e+00
4.0000000000000002e-01
-7.4328653940299638e-01
1.2992404671813430e-02
-4.8131392306881055e-01
1.2606673978071242e-01
-2.3677179023821385e+01
5.5878645992441998e+00
5.9999999999999998e-01
-1.0000000000000001e-01
0.0000000000000000e+00
4.0000000000000002e-01
-4.5538668611386912e-01
1.2992404671813430e-02
-4.8131392306881055e-01
1.1225631056528121e-01
-2.2699555501539738e+01
5.4535585618182054e+00
5.9999999999999998e-01
-1.0000000000000001e-01
0.0000000000000000e+00
4.0000000000000002e-01
-4.5538668611386912e-01
1.2992404671813430e-02
-7.8381047851638896e-01
7.9610073907184900e-02
-2.2796364469279080e+01
5.7577220336138240e+00
5.9999999999999998e-01
-1.0000000000000001e-01
0.0000000000000000e+00
4.0000000000000002e-01
-4.7610110738614692e-01
1.2992404671813430e-02
-9.2586289041210218e-02
1.6629250628757780e-02
-2.2523468987096578e+01
5.5014360860525597e+00
5.9999999999999998e-01
-1.0000000000000001e-01
0.0000000000000000e+00
4.0000000000000002e-01
-3.3428902604917182e-01
1.0737970712090912e-02
-2.7443450986640550e-01
1.6629250628757780e-02
-2.2290634522784977e+01
5.9081895337044230e+00
5.9999999999999998e-01
-1.0000000000000001e-01
0.0000000000000000e+00
4.0000000000000002e-01
-5.7008796432355535e-01
1.0737970712090912e-02
2.1771237254841230e-01
3.3516121933940112e-03
-2.2197287851024893e+01
5.6752649605809680e+00
5.9999999999999998e-01
-1.0000000000000001e-01
0.0000000000000000e+00
4.0000000000000002e-01
-7.2833935835698738e-01
1.0737970712090912e-02
6.2111713499529264e-01
1.1227116448688811e-02
-2.2335594251204757e+01
7.0457986653386584e+00
5.9999999999999998e-01
-1.0000000000000001e-01
0.0000000000000000e+00
4.0000000000000002e-01
-8.1464768925050390e-01
1.0737970712090912e-02
1.7135462135774993e-01
7.0816825551796247e-02
-2.2337837409426001e+01
6.7537266493379109e+00
5.9999999999999998e-01
-1.0000000000000001e-01
0.0000000000000000e+00
4.0000000000000002e-01
-9.7351050892213475e-01
1.0737970712090912e-02
8.1535181672079471e-01
5.7527943296242050e-02
-2.3061014532495761e+01
6.5299220204888817e+00
5.9999999999999998e-01
-1.0000000000000001e-01
0.0000000000000000e+00
4.0000000000000002e-01
-7.0377853670457502e-01
6.5440247081770325e-03
-1.4938945620553581e-01
1.3081940118770630e-01
-2.2967911078978801e+01
5.5466068149148464e+00
5.9999999999999998e-01
-1.0000000000000001e-01
0.0000000000000000e+00
4.0000000000000002e-01
1.1754479757210107e-01
6.5440247081770325e-03
4.3817123331828028e-01
2.4960007147293123e-01
-2.3091035925794863e+01
5.3485236697434422e+00
5.9999999999999998e-01
-1.0000000000000001e-01
0.0000000000000000e+00
4.0000000000000002e-01
5.3693960717579214e-01
6.5440247081770325e-03
-3.0073370001511662e-01
2.4960007147293123e-01
-2.3305470485438132e+01
4.1648731642006869e+00
5.9999999999999998e-01
-1.0000000000000001e-01
0.0000000000000000e+00
4.0000000000000002e-01
8.4072919658085188e-01
6.5440247081770325e-03
4.8273064718348890e-01
2.5530597172479663e-01
-2.2580128506768965e+01
3.9952515356778138e+00
5.9999999999999998e-01
-1.0000000000000001e-01
0.0000000000000000e+00
4.0000000000000002e-01
4.0220540336033189e-01
6.5440247081770325e-03
-9.7834546908037745e-01
2.5288927350740464e-01
-2.2267299349058888e+01
4.3115739040612215e+00
5.9999999999999998e-01
-1.0000000000000001e-01
0.0000000000000000e+00
4.0000000000000002e-01
2.4224566748997067e-01
6.5440247081770325e-03
-9.7834546908037745e-01
1.6666082523565323e-01
-2.1802433934260630e+01
4.1425530300079823e+00
5.9999999999999998e-01
-1.0000000000000001e-01
0.0000000000000000e+00
4.0000000000000002e-01
5.1422985520014897e-03
6.5440247081770325e-03
2.6421767071587954e-01
1.5696462033491165e-01
-2.3223182016063951e+01
3.9065346807776931e+00
5.9999999999999998e-01
-1.0000000000000001e-01
0.0000000000000000e+00
4.0000000000000002e-01
3.9096559843679757e-01
9.3407342754854572e-03
1.5410650149686247e-01
1.4046045826177628e-01
-2.3258291381050373e+01
4.0985229820548534e+00
5.9999999999999998e-01
-1.0000000000000001e-01
0.0000000000000000e+00
4.0000000000000002e-01
8.9426070532461499e-01
9.3407342754854572e-03
-8.2277303635375576e-01
4.3320723099518128e-02
-2.3658072417427324e+01
3.5823083565174580e+00
5.9999999999999998e-01
-1.0000000000000001e-01
0.0000000000000000e+00
4.0000000000000002e-01
3.6756108167375096e-02
9.3407342754854572e-03
-8.2277303635375576e-01
2.6291206670809079e-02
-2.3533676717628264e+01
4.0823490426479818e+00
5.9999999999999998e-01
-1.0000000000000001e-01
0.0000000000000000e+00
4.0000000000000002e-01
5.0119287824889514e-01
9.3407342754854572e-03
-4.2256824492709710e-01
1.9790104938555035e-02
-2.4145381971646572e+01
4.0823490426479818e+00
5.9999999999999998e-01
-1.0000000000000001e-01
0.0000000000000000e+00
4.0000000000000002e-01
5.6686217403670636e-01
8.5757973664059052e-03
-1.0539992536650969e-01
1.9790104938555035e-02
-2.4422864773322370e+01
3.4644825712381841e+00
5.9999999999999998e-01
-1.0000000000000001e-01
0.0000000000000000e+00
4.0000000000000002e-01
2.5317092037459710e-01
8.5757973664059052e-03
-7.6921802665339789e-01
6.7471634013462345e-02
-2.4456374379445343e+01
3.5607510582148079e+00
5.9999999999999998e-01
-1.0000000000000001e-01
0.0000000000000000e+00
4.0000000000000002e-01
-9.3648325775017305e-03
8.5757973664059052e-03
-7.6921802665339789e-01
6.1362121922779352e-02
-2.4674009015609055e+01
2.9264058992802147e+00
5.9999999999999998e-01
-1.0000000000000001e-01
0.0000000000000000e+00
4.0000000000000002e-01
-1.0245379322508473e-01
6.8075821869625457e-03
-3.9338913108455026e-01
6.6163981614518419e-02
-2.4885657050658494e+01
3.2904897019802575e+00
5.9999999999999998e-01
-1.0000000000000001e-01
0.0000000000000000e+00
4.0000000000000002e-01
-2.1016660803297657e-01
6.8075821869625457e-03
-7.7668020929442738e-01
1.7677511530916717e-01
-2.4875427190412314e+01
4.0084915698110102e+00
5.9999999999999998e-01
-1.0000000000000001e-01
0.0000000000000000e+00
4.0000000000000002e-01
-3.6307122224310540e-01
6.0023445509924302e-03
-6.5459015692817069e-01
9.1986036149668965e-02
-2.5617263958801061e+01
3.6485883653699398e+00
5.9999999999999998e-01
-1.0000000000000001e-01
0.0000000000000000e+00
4.0000000000000002e-01
-2.0741382607558870e-01
6.0023445509924302e-03
2.2077437286032342e-01
3.0808422965812939e-02
-2.5979694233287603e+01
3.6528970480500695e+00
5.9999999999999998e-01
-1.0000000000000001e-01
0.0000000000000000e+00
4.0000000000000002e-01
2.5534997782369939e-01
6.2106694285376674e-03
6.0348689456237459e-01
9.6741864843178052e-02
-2.5979694233287603e+01
3.6302835718332762e+00
5.9999999999999998e-01
-1.0000000000000001e-01
0.0000000000000000e+00
4.0000000000000002e-01
-1.0458383945023186e-02
6.6202428792222151e-03
7.8686604161513951e-01
3.1354818982887535e-02
-2.5417998860229282e+01
4.6583899424015520e+00
5.9999999999999998e-01
-1.0000000000000001e-01
0.0000000000000000e+00
4.0000000000000002e-01
8.3339922628065433e-01
6.6202428792222151e-03
-4.3319944332586613e-01
1.6682432932663228e-02
-2.5448778054129811e+01
5.1174306452809804e+00
5.9999999999999998e-01
-1.0000000000000001e-01
0.0000000000000000e+00
4.0000000000000002e-01
4.9861920079847660e-01
6.6202428792222151e-03
-1.0354997585760445e-01
5.0384898824501298e-02
-2.5546756777924035e+01
4.7051287018298140e+00
5.9999999999999998e-01
-1.0000000000000001e-01
0.0000000000000000e+00
4.0000000000000002e-01
-2.6792873957494406e-01
9.3225722168191090e-03
3.9819956865860134e-01
7.2471377296257272e-02
-2.5804246013623210e+01
4.9518192612170209e+00
5.9999999999999998e-01
-1.0000000000000001e-01
0.0000000000000000e+00
4.0000000000000002e-01
