3
250
-1.1529706859717619e+01
-1.1529706859717619e+01
0.0000000000000000e+00
-1.1529706859717352e+01
-1.1529706859717352e+01
0.0000000000000000e+00
-1.1529706859717441e+01
-1.1529706859717441e+01
0.0000000000000000e+00
-1.1529706859717574e+01
-1.1529706859717574e+01
0.0000000000000000e+00
-1.1529706859717574e+01
-1.1529706859717574e+01
0.0000000000000000e+00
-1.1920938015382703e+01
-1.1920938015382703e+01
0.0000000000000000e+00
-1.1529706859717441e+01
-1.1529706859717441e+01
0.0000000000000000e+00
-1.1529706859717619e+01
-1.1529706859717619e+01
0.0000000000000000e+00
-1.1529706859717308e+01
-1.1529706859717308e+01
0.0000000000000000e+00
-1.1529706859717887e+01
-1.1529706859717887e+01
0.0000000000000000e+00
-1.1529706859717663e+01
-1.1529706859717663e+01
0.0000000000000000e+00
-1.1529706796806302e+01
-1.1529706796806302e+01
0.0000000000000000e+00
-1.1529698875227163e+01
-1.1529698875227163e+01
0.0000000000000000e+00
-1.1529706859311746e+01
-1.1529706859311746e+01
0.0000000000000000e+00
-1.1529706859717352e+01
-1.1529706859717352e+01
0.0000000000000000e+00
-1.1529706859717397e+01
-1.1529706859717397e+01
0.0000000000000000e+00
-1.1529706859717486e+01
-1.1529706859717486e+01
0.0000000000000000e+00
-1.1529706859717574e+01
-1.1529706859717574e+01
0.0000000000000000e+00
-1.1529706859717530e+01
-1.1529706859717530e+01
0.0000000000000000e+00
-1.1529706859713826e+01
-1.1529706859713826e+01
0.0000000000000000e+00
-1.1529706858731142e+01
-1.1529706858731142e+01
0.0000000000000000e+00
-1.1529697309017727e+01
-1.1529697309017727e+01
0.0000000000000000e+00
-1.1529269806712103e+01
-1.1529269806712103e+01
0.0000000000000000e+00
-1.1529623088957068e+01
-1.1529623088957068e+01
0.0000000000000000e+00
-1.1529706859715299e+01
-1.1529706859715299e+01
0.0000000000000000e+00
-1.1529706859713112e+01
-1.1529706859713112e+01
0.0000000000000000e+00
-1.1529706859712576e+01
-1.1529706859712576e+01
0.0000000000000000e+00
-1.1541911770203834e+01
-1.1541911770203834e+01
0.0000000000000000e+00
-1.1529706859708828e+01
-1.1529706859708828e+01
0.0000000000000000e+00
-1.1529706859256581e+01
-1.1529706859256581e+01
0.0000000000000000e+00
-1.1529706859504417e+01
-1.1529706859504417e+01
0.0000000000000000e+00
-1.1651207438186342e+01
-1.1651207438186342e+01
0.0000000000000000e+00
-1.1529706859717262e+01
-1.1529706859717262e+01
0.0000000000000000e+00
-1.1529706859717574e+01
-1.1529706859717574e+01
0.0000000000000000e+00
-1.1529706859650048e+01
-1.1529706859650048e+01
0.0000000000000000e+00
-1.1529706859712130e+01
-1.1529706859712130e+01
0.0000000000000000e+00
-1.1529706859717754e+01
-1.1529706859717754e+01
0.0000000000000000e+00
-1.1529706859717486e+01
-1.1529706859717486e+01
0.0000000000000000e+00
-1.1636478031911047e+01
-1.1636478031911047e+01
0.0000000000000000e+00
-1.1529681239685338e+01
-1.1529681239685338e+01
0.0000000000000000e+00
-1.1534181875322510e+01
-1.1534181875322510e+01
0.0000000000000000e+00
-1.1529130217527392e+01
-1.1529130217527392e+01
0.0000000000000000e+00
-1.1529273086101194e+01
-1.1529273086101194e+01
0.0000000000000000e+00
-1.1628368437891380e+01
-1.1628368437891380e+01
0.0000000000000000e+00
-1.1529677267173536e+01
-1.1529677267173536e+01
0.0000000000000000e+00
-1.1529675523919062e+01
-1.1529675523919062e+01
0.0000000000000000e+00
-1.1529634018349419e+01
-1.1529634018349419e+01
0.0000000000000000e+00
-1.1529605178169339e+01
-1.1529605178169339e+01
0.0000000000000000e+00
-1.1529677730835980e+01
-1.1529677730835980e+01
0.0000000000000000e+00
-1.1691416899160494e+01
-1.1691416899160494e+01
0.0000000000000000e+00
-1.2581490853362913e+01
-1.2581490853362913e+01
0.0000000000000000e+00
-1.1617795073702879e+01
-1.1617795073702879e+01
0.0000000000000000e+00
-1.2231921340865142e+01
-1.2231921340865142e+01
0.0000000000000000e+00
-1.1529303444256577e+01
-1.1529303444256577e+01
0.0000000000000000e+00
-1.1533377504494394e+01
-1.1533377504494394e+01
0.0000000000000000e+00
-1.1529201812560148e+01
-1.1529201812560148e+01
0.0000000000000000e+00
-1.1529204542667420e+01
-1.1529204542667420e+01
0.0000000000000000e+00
-1.1529705504616398e+01
-1.1529705504616398e+01
0.0000000000000000e+00
-1.1529706859717619e+01
-1.1529706859717619e+01
0.0000000000000000e+00
-1.1529658993355682e+01
-1.1529658993355682e+01
0.0000000000000000e+00
-1.1529632126239472e+01
-1.1529632126239472e+01
0.0000000000000000e+00
-1.1529706859717486e+01
-1.1529706859717486e+01
0.0000000000000000e+00
-1.1585258022600096e+01
-1.1585258022600096e+01
0.0000000000000000e+00
-1.1529680527893271e+01
-1.1529680527893271e+01
0.0000000000000000e+00
-1.1529624564189451e+01
-1.1529624564189451e+01
0.0000000000000000e+00
-1.1529706859502676e+01
-1.1529706859502676e+01
0.0000000000000000e+00
-1.1529706859717530e+01
-1.1529706859717530e+01
0.0000000000000000e+00
-1.1529706859717530e+01
-1.1529706859717530e+01
0.0000000000000000e+00
-1.1529706842197378e+01
-1.1529706842197378e+01
0.0000000000000000e+00
-1.1529705461817979e+01
-1.1529705461817979e+01
0.0000000000000000e+00
-1.1529706859717486e+01
-1.1529706859717486e+01
0.0000000000000000e+00
-1.1529706859717530e+01
-1.1529706859717530e+01
0.0000000000000000e+00
-1.1529680535874403e+01
-1.1529680535874403e+01
0.0000000000000000e+00
-1.1532969992762224e+01
-1.1532969992762224e+01
0.0000000000000000e+00
-1.1529665902160534e+01
-1.1529665902160534e+01
0.0000000000000000e+00
-1.1529680527891196e+01
-1.1529680527891196e+01
0.0000000000000000e+00
-1.1529680527893428e+01
-1.1529680527893428e+01
0.0000000000000000e+00
-1.1529680527893250e+01
-1.1529680527893250e+01
0.0000000000000000e+00
-1.1529541550222794e+01
-1.1529541550222794e+01
0.0000000000000000e+00
-1.1529706858761401e+01
-1.1529706858761401e+01
0.0000000000000000e+00
-1.1676136664763231e+01
-1.1676136664763231e+01
0.0000000000000000e+00
-1.1529706859718111e+01
-1.1529706859718111e+01
0.0000000000000000e+00
-1.1529706859717619e+01
-1.1529706859717619e+01
0.0000000000000000e+00
-1.1560728845952241e+01
-1.1560728845952241e+01
0.0000000000000000e+00
-1.1529518054499597e+01
-1.1529518054499597e+01
0.0000000000000000e+00
-1.1529706859717663e+01
-1.1529706859717663e+01
0.0000000000000000e+00
-1.1529680489156473e+01
-1.1529680489156473e+01
0.0000000000000000e+00
-1.1529706859717352e+01
-1.1529706859717352e+01
0.0000000000000000e+00
-1.1529706859717486e+01
-1.1529706859717486e+01
0.0000000000000000e+00
-1.1529706859717574e+01
-1.1529706859717574e+01
0.0000000000000000e+00
-1.1529680527893182e+01
-1.1529680527893182e+01
0.0000000000000000e+00
-1.1529669740820591e+01
-1.1529669740820591e+01
0.0000000000000000e+00
-1.1529680527893472e+01
-1.1529680527893472e+01
0.0000000000000000e+00
-1.1529680527893227e+01
-1.1529680527893227e+01
0.0000000000000000e+00
-1.1529680527893094e+01
-1.1529680527893094e+01
0.0000000000000000e+00
-1.1529680527893428e+01
-1.1529680527893428e+01
0.0000000000000000e+00
-1.1529680527893294e+01
-1.1529680527893294e+01
0.0000000000000000e+00
-1.1529680527332015e+01
-1.1529680527332015e+01
0.0000000000000000e+00
-1.1529680527893182e+01
-1.1529680527893182e+01
0.0000000000000000e+00
-1.1529680527893227e+01
-1.1529680527893227e+01
0.0000000000000000e+00
-1.1529653124373887e+01
-1.1529653124373887e+01
0.0000000000000000e+00
-1.1529734159973424e+01
-1.1529734159973424e+01
0.0000000000000000e+00
-1.1529700863236851e+01
-1.1529700863236851e+01
0.0000000000000000e+00
-1.1529653172007089e+01
-1.1529653172007089e+01
0.0000000000000000e+00
-1.1529700100893050e+01
-1.1529700100893050e+01
0.0000000000000000e+00
-1.1529703832231545e+01
-1.1529703832231545e+01
0.0000000000000000e+00
-1.1542015695260108e+01
-1.1542015695260108e+01
0.0000000000000000e+00
-1.1529706859717530e+01
-1.1529706859717530e+01
0.0000000000000000e+00
-1.1529706859717352e+01
-1.1529706859717352e+01
0.0000000000000000e+00
-1.1529706859717932e+01
-1.1529706859717932e+01
0.0000000000000000e+00
-1.1529706859717530e+01
-1.1529706859717530e+01
0.0000000000000000e+00
-1.1529680527893115e+01
-1.1529680527893115e+01
0.0000000000000000e+00
-1.1529680527893316e+01
-1.1529680527893316e+01
0.0000000000000000e+00
-1.1529680527893159e+01
-1.1529680527893159e+01
0.0000000000000000e+00
-1.1529684297623612e+01
-1.1529684297623612e+01
0.0000000000000000e+00
-1.1529680527893495e+01
-1.1529680527893495e+01
0.0000000000000000e+00
-1.1850027358753284e+01
-1.1850027358753284e+01
0.0000000000000000e+00
-1.1529706859717574e+01
-1.1529706859717574e+01
0.0000000000000000e+00
-1.1529706859717754e+01
-1.1529706859717754e+01
0.0000000000000000e+00
-1.1529706859717530e+01
-1.1529706859717530e+01
0.0000000000000000e+00
-1.1529706859717843e+01
-1.1529706859717843e+01
0.0000000000000000e+00
-1.1529706859717663e+01
-1.1529706859717663e+01
0.0000000000000000e+00
-1.1529706859717798e+01
-1.1529706859717798e+01
0.0000000000000000e+00
-1.1529706859717663e+01
-1.1529706859717663e+01
0.0000000000000000e+00
-1.1847089199319907e+01
-1.1847089199319907e+01
0.0000000000000000e+00
-1.1529706859614388e+01
-1.1529706859614388e+01
0.0000000000000000e+00
-1.1529706794939923e+01
-1.1529706794939923e+01
0.0000000000000000e+00
-1.1529680270216794e+01
-1.1529680270216794e+01
0.0000000000000000e+00
-1.1529672956800148e+01
-1.1529672956800148e+01
0.0000000000000000e+00
-1.1529680527893115e+01
-1.1529680527893115e+01
0.0000000000000000e+00
-1.1529680527893182e+01
-1.1529680527893182e+01
0.0000000000000000e+00
-1.1529680527893159e+01
-1.1529680527893159e+01
0.0000000000000000e+00
-1.1529680527752573e+01
-1.1529680527752573e+01
0.0000000000000000e+00
-1.1529680527893428e+01
-1.1529680527893428e+01
0.0000000000000000e+00
-1.1529680527891017e+01
-1.1529680527891017e+01
0.0000000000000000e+00
-1.1529680517879511e+01
-1.1529680517879511e+01
0.0000000000000000e+00
-1.1529705545850323e+01
-1.1529705545850323e+01
0.0000000000000000e+00
-1.1529685146242059e+01
-1.1529685146242059e+01
0.0000000000000000e+00
-1.1529706827560965e+01
-1.1529706827560965e+01
0.0000000000000000e+00
-1.1529117180067992e+01
-1.1529117180067992e+01
0.0000000000000000e+00
-1.1529680514705335e+01
-1.1529680514705335e+01
0.0000000000000000e+00
-1.1529706859715299e+01
-1.1529706859715299e+01
0.0000000000000000e+00
-1.1529501181977018e+01
-1.1529501181977018e+01
0.0000000000000000e+00
-1.1529706859051235e+01
-1.1529706859051235e+01
0.0000000000000000e+00
-1.1529706859716459e+01
-1.1529706859716459e+01
0.0000000000000000e+00
-1.1529706859717619e+01
-1.1529706859717619e+01
0.0000000000000000e+00
-1.1529680527893316e+01
-1.1529680527893316e+01
0.0000000000000000e+00
-1.1529706859717530e+01
-1.1529706859717530e+01
0.0000000000000000e+00
-1.1529706859661161e+01
-1.1529706859661161e+01
0.0000000000000000e+00
-1.1529706859717574e+01
-1.1529706859717574e+01
0.0000000000000000e+00
-1.1529706859717530e+01
-1.1529706859717530e+01
0.0000000000000000e+00
-1.1529706859717798e+01
-1.1529706859717798e+01
0.0000000000000000e+00
-1.1529706859717619e+01
-1.1529706859717619e+01
0.0000000000000000e+00
-1.1529706859717441e+01
-1.1529706859717441e+01
0.0000000000000000e+00
-1.1529680527893673e+01
-1.1529680527893673e+01
0.0000000000000000e+00
-1.1529706859717619e+01
-1.1529706859717619e+01
0.0000000000000000e+00
-1.1529706859518164e+01
-1.1529706859518164e+01
0.0000000000000000e+00
-1.1529706853080146e+01
-1.1529706853080146e+01
0.0000000000000000e+00
-1.1529706859717932e+01
-1.1529706859717932e+01
0.0000000000000000e+00
-1.1529706859717308e+01
-1.1529706859717308e+01
0.0000000000000000e+00
-1.1529254270363644e+01
-1.1529254270363644e+01
0.0000000000000000e+00
-1.1529706859717619e+01
-1.1529706859717619e+01
0.0000000000000000e+00
-1.1529706859717530e+01
-1.1529706859717530e+01
0.0000000000000000e+00
-1.1529680527919492e+01
-1.1529680527919492e+01
0.0000000000000000e+00
-1.1529706859717574e+01
-1.1529706859717574e+01
0.0000000000000000e+00
-1.1529706859717530e+01
-1.1529706859717530e+01
0.0000000000000000e+00
-1.1529706859717308e+01
-1.1529706859717308e+01
0.0000000000000000e+00
-1.1529680527893717e+01
-1.1529680527893717e+01
0.0000000000000000e+00
-1.1529706859717619e+01
-1.1529706859717619e+01
0.0000000000000000e+00
-1.1529706859717663e+01
-1.1529706859717663e+01
0.0000000000000000e+00
-1.1529706859717486e+01
-1.1529706859717486e+01
0.0000000000000000e+00
-1.1529706859717663e+01
-1.1529706859717663e+01
0.0000000000000000e+00
-1.1529706859717352e+01
-1.1529706859717352e+01
0.0000000000000000e+00
-1.1529706859717574e+01
-1.1529706859717574e+01
0.0000000000000000e+00
-1.1529706859657368e+01
-1.1529706859657368e+01
0.0000000000000000e+00
-1.1529706859717486e+01
-1.1529706859717486e+01
0.0000000000000000e+00
-1.1529706859717574e+01
-1.1529706859717574e+01
0.0000000000000000e+00
-1.1529706859717754e+01
-1.1529706859717754e+01
0.0000000000000000e+00
-1.1529706859717574e+01
-1.1529706859717574e+01
0.0000000000000000e+00
-1.1529706859628849e+01
-1.1529706859628849e+01
0.0000000000000000e+00
-1.1529706859445460e+01
-1.1529706859445460e+01
0.0000000000000000e+00
-1.1529679017241776e+01
-1.1529679017241776e+01
0.0000000000000000e+00
-1.1529706658740007e+01
-1.1529706658740007e+01
0.0000000000000000e+00
-1.1882015843979515e+01
-1.1882015843979515e+01
0.0000000000000000e+00
-1.1529706859717574e+01
-1.1529706859717574e+01
0.0000000000000000e+00
-1.1529706859716548e+01
-1.1529706859716548e+01
0.0000000000000000e+00
-1.1529706859717308e+01
-1.1529706859717308e+01
0.0000000000000000e+00
-1.1529706849656595e+01
-1.1529706849656595e+01
0.0000000000000000e+00
-1.1529706859717486e+01
-1.1529706859717486e+01
0.0000000000000000e+00
-1.1529706753884568e+01
-1.1529706753884568e+01
0.0000000000000000e+00
-1.1529680524927789e+01
-1.1529680524927789e+01
0.0000000000000000e+00
-1.1529680493486456e+01
-1.1529680493486456e+01
0.0000000000000000e+00
-1.1529680527393918e+01
-1.1529680527393918e+01
0.0000000000000000e+00
-1.1529680527893294e+01
-1.1529680527893294e+01
0.0000000000000000e+00
-1.1529680527732443e+01
-1.1529680527732443e+01
0.0000000000000000e+00
-1.1529680527892847e+01
-1.1529680527892847e+01
0.0000000000000000e+00
-1.1529680527893428e+01
-1.1529680527893428e+01
0.0000000000000000e+00
-1.1529706859717486e+01
-1.1529706859717486e+01
0.0000000000000000e+00
-1.1529706859717663e+01
-1.1529706859717663e+01
0.0000000000000000e+00
-1.1529706859717530e+01
-1.1529706859717530e+01
0.0000000000000000e+00
-1.2162676298947394e+01
-1.2162676298947394e+01
0.0000000000000000e+00
-1.1529706194067209e+01
-1.1529706194067209e+01
0.0000000000000000e+00
-1.1529616202540156e+01
-1.1529616202540156e+01
0.0000000000000000e+00
-1.1529706684084237e+01
-1.1529706684084237e+01
0.0000000000000000e+00
-1.1529706802883700e+01
-1.1529706802883700e+01
0.0000000000000000e+00
-1.1529706859717530e+01
-1.1529706859717530e+01
0.0000000000000000e+00
-1.1529706859716146e+01
-1.1529706859716146e+01
0.0000000000000000e+00
-1.1529705354350320e+01
-1.1529705354350320e+01
0.0000000000000000e+00
-1.1529706859550254e+01
-1.1529706859550254e+01
0.0000000000000000e+00
-1.1529706830208518e+01
-1.1529706830208518e+01
0.0000000000000000e+00
-1.1529706808355412e+01
-1.1529706808355412e+01
0.0000000000000000e+00
-1.1529690800038955e+01
-1.1529690800038955e+01
0.0000000000000000e+00
-1.1529706859706417e+01
-1.1529706859706417e+01
0.0000000000000000e+00
-1.1529706859717262e+01
-1.1529706859717262e+01
0.0000000000000000e+00
-1.1529706859435418e+01
-1.1529706859435418e+01
0.0000000000000000e+00
-1.1870712601527980e+01
-1.1870712601527980e+01
0.0000000000000000e+00
-1.1529669780940347e+01
-1.1529669780940347e+01
0.0000000000000000e+00
-1.1534850370936896e+01
-1.1534850370936896e+01
0.0000000000000000e+00
-1.1529706859717709e+01
-1.1529706859717709e+01
0.0000000000000000e+00
-1.1529706859717932e+01
-1.1529706859717932e+01
0.0000000000000000e+00
-1.1529706859717619e+01
-1.1529706859717619e+01
0.0000000000000000e+00
-1.1529759839435918e+01
-1.1529759839435918e+01
0.0000000000000000e+00
-1.1529680527893271e+01
-1.1529680527893271e+01
0.0000000000000000e+00
-1.1529706859717441e+01
-1.1529706859717441e+01
0.0000000000000000e+00
-1.1529706859717530e+01
-1.1529706859717530e+01
0.0000000000000000e+00
-1.1529706859717619e+01
-1.1529706859717619e+01
0.0000000000000000e+00
-1.1529706859717574e+01
-1.1529706859717574e+01
0.0000000000000000e+00
-1.1529706859717574e+01
-1.1529706859717574e+01
0.0000000000000000e+00
-1.1529680527893138e+01
-1.1529680527893138e+01
0.0000000000000000e+00
-1.1529680527901261e+01
-1.1529680527901261e+01
0.0000000000000000e+00
-1.1529706859717574e+01
-1.1529706859717574e+01
0.0000000000000000e+00
-1.1529706859717709e+01
-1.1529706859717709e+01
0.0000000000000000e+00
-1.1529680527893472e+01
-1.1529680527893472e+01
0.0000000000000000e+00
-1.1529680527893406e+01
-1.1529680527893406e+01
0.0000000000000000e+00
-1.1529706859717887e+01
-1.1529706859717887e+01
0.0000000000000000e+00
-1.1529695911288131e+01
-1.1529695911288131e+01
0.0000000000000000e+00
-1.1529706859717709e+01
-1.1529706859717709e+01
0.0000000000000000e+00
-1.1529706859717663e+01
-1.1529706859717663e+01
0.0000000000000000e+00
-1.1529706859717441e+01
-1.1529706859717441e+01
0.0000000000000000e+00
-1.1529706859717619e+01
-1.1529706859717619e+01
0.0000000000000000e+00
-1.1529706859717441e+01
-1.1529706859717441e+01
0.0000000000000000e+00
-1.1529706859717486e+01
-1.1529706859717486e+01
0.0000000000000000e+00
-1.1529706859717619e+01
-1.1529706859717619e+01
0.0000000000000000e+00
-1.1529706859717754e+01
-1.1529706859717754e+01
0.0000000000000000e+00
-1.1529706859717574e+01
-1.1529706859717574e+01
0.0000000000000000e+00
-1.1529706859717530e+01
-1.1529706859717530e+01
0.0000000000000000e+00
-1.1529706859717887e+01
-1.1529706859717887e+01
0.0000000000000000e+00
-1.1529706859717352e+01
-1.1529706859717352e+01
0.0000000000000000e+00
-1.1529709665557750e+01
-1.1529709665557750e+01
0.0000000000000000e+00
-1.1536233899868176e+01
-1.1536233899868176e+01
0.0000000000000000e+00
