10
10
3.3228020462418995e-01
2.9784557910306028e-02
-4.8229204690096441e-03
-3.0797469504579679e-03
3.8137477405138864e-01
2.3538047155953012e-01
4.9303806576313238e-31
3.0814879110195774e-33
0.0000000000000000e+00
-1.2325951644078309e-32
2.9784557910306028e-02
8.9674961535359043e-01
3.9440694828852846e-02
-2.9126364049306498e-02
5.3046173987194862e+00
1.4498903874748175e+00
1.2621774483536189e-29
0.0000000000000000e+00
0.0000000000000000e+00
0.0000000000000000e+00
-4.8229204690096441e-03
3.9440694828852846e-02
3.5109164400027848e-01
-4.8900219375513062e-03
3.1520996732216361e-01
7.7821127199219076e-03
-7.8639571489219614e-30
-3.0814879110195774e-32
0.0000000000000000e+00
1.2325951644078309e-31
-3.0797469504579679e-03
-2.9126364049306498e-02
-4.8900219375513062e-03
7.4064387648932152e-03
-2.4581690882981164e-01
-1.3446225058560590e-01
3.6484816866471796e-30
3.6977854932234928e-31
0.0000000000000000e+00
-1.4791141972893971e-30
3.8137477405138864e-01
5.3046173987194862e+00
3.1520996732216361e-01
-2.4581690882981164e-01
9.9213733189178839e+01
8.2911432219566059e+00
3.8811956536873781e-28
1.2818989709841442e-29
0.0000000000000000e+00
-5.1275958839365767e-29
2.3538047155953012e-01
1.4498903874748175e+00
7.7821127199219076e-03
-1.3446225058560590e-01
8.2911432219566059e+00
3.2388758215533173e+01
2.5243548967072378e-28
-5.5220263365470826e-30
0.0000000000000000e+00
2.2088105346188331e-29
4.9303806576313238e-31
1.2621774483536189e-29
-7.8639571489219614e-30
3.6484816866471796e-30
3.8811956536873781e-28
2.5243548967072378e-28
0.0000000000000000e+00
0.0000000000000000e+00
0.0000000000000000e+00
0.0000000000000000e+00
3.0814879110195774e-33
0.0000000000000000e+00
-3.0814879110195774e-32
3.6977854932234928e-31
1.2818989709841442e-29
-5.5220263365470826e-30
0.0000000000000000e+00
0.0000000000000000e+00
0.0000000000000000e+00
0.0000000000000000e+00
0.0000000000000000e+00
0.0000000000000000e+00
0.0000000000000000e+00
0.0000000000000000e+00
0.0000000000000000e+00
0.0000000000000000e+00
0.0000000000000000e+00
0.0000000000000000e+00
0.0000000000000000e+00
0.0000000000000000e+00
-1.2325951644078309e-32
0.0000000000000000e+00
1.2325951644078309e-31
-1.4791141972893971e-30
-5.1275958839365767e-29
2.2088105346188331e-29
0.0000000000000000e+00
0.0000000000000000e+00
0.0000000000000000e+00
0.0000000000000000e+00
