10
250
5.0901536484181809e-01
1.6628120460889355e+00
5.6213306245161199e-01
2.2683477700924130e-03
-1.7979376331321033e+00
1.1973703101715062e+01
5.9999999999999998e-01
-1.0000000000000001e-01
0.0000000000000000e+00
4.0000000000000002e-01
9.7804926414906901e-01
1.6322185662171855e+00
7.3725554314209130e-01
2.2683477700924130e-03
-2.3303335383883743e+00
1.1441139987548803e+01
5.9999999999999998e-01
-1.0000000000000001e-01
0.0000000000000000e+00
4.0000000000000002e-01
-1.5795522789537975e-01
1.7053088455579297e+00
8.0107639715773959e-01
2.2683477700924130e-03
-2.0922789410105973e+00
1.0279979697307564e+01
5.9999999999999998e-01
-1.0000000000000001e-01
0.0000000000000000e+00
4.0000000000000002e-01
-4.1754815499365394e-01
1.6085590365312115e+00
9.0216268942458522e-01
2.2683477700924130e-03
-1.1205330148688586e+00
1.0279979697307564e+01
5.9999999999999998e-01
-1.0000000000000001e-01
0.0000000000000000e+00
4.0000000000000002e-01
-7.0162759582579204e-01
1.6702392421743886e+00
6.0603293106658362e-01
2.2683477700924130e-03
-5.4786478731549115e-01
9.6313781683053747e+00
5.9999999999999998e-01
-1.0000000000000001e-01
0.0000000000000000e+00
4.0000000000000002e-01
5.3233718470930252e-02
1.6692080583355442e+00
-1.1566684379475206e-01
2.2683477700924130e-03
-3.6438550356543398e-01
1.0687038549100972e+01
5.9999999999999998e-01
-1.0000000000000001e-01
0.0000000000000000e+00
4.0000000000000002e-01
-2.9287948767721728e-01
1.6896581725857274e+00
5.1697998956544300e-01
2.2683477700924130e-03
-1.8191015723860601e-01
1.1752305987286373e+01
5.9999999999999998e-01
-1.0000000000000001e-01
0.0000000000000000e+00
4.0000000000000002e-01
-3.2836784946799358e-01
1.6475245532027500e+00
9.3493312612874413e-01
2.2683477700924130e-03
2.6809815760933997e-01
1.1187483784365460e+01
5.9999999999999998e-01
-1.0000000000000001e-01
0.0000000000000000e+00
4.0000000000000002e-01
4.5926669658421682e-02
1.6869807757220285e+00
7.2773532018763920e-01
2.2683477700924130e-03
1.0604195218765383e-01
1.1339476719307706e+01
5.9999999999999998e-01
-1.0000000000000001e-01
0.0000000000000000e+00
4.0000000000000002e-01
-3.5998280304551200e-01
1.7839832134327902e+00
8.8353385017020603e-01
2.2683477700924130e-03
-1.3204725015676369e-01
1.0282294317889020e+01
5.9999999999999998e-01
-1.0000000000000001e-01
0.0000000000000000e+00
4.0000000000000002e-01
-4.7078856962800103e-01
1.8368774513087289e+00
8.7793610856635473e-01
2.2683477700924130e-03
-6.7042877560022918e-02
9.9977846650360078e+00
5.9999999999999998e-01
-1.0000000000000001e-01
0.0000000000000000e+00
4.0000000000000002e-01
-1.3989470022797665e-01
1.8347969776473061e+00
5.6318882859777472e-02
2.2683477700924130e-03
6.6532400960561150e-02
1.0337748810457990e+01
5.9999999999999998e-01
-1.0000000000000001e-01
0.0000000000000000e+00
4.0000000000000002e-01
5.9828160029768862e-01
1.8321921417794245e+00
5.6318882859777472e-02
2.2683477700924130e-03
6.6532400960561150e-02
1.1647775988089844e+01
5.9999999999999998e-01
-1.0000000000000001e-01
0.0000000000000000e+00
4.0000000000000002e-01
7.0622205954909245e-01
1.8030493571839348e+00
2.5351610109908485e-01
2.2683477700924130e-03
1.5430724393808498e-01
1.1951540003526016e+01
5.9999999999999998e-01
-1.0000000000000001e-01
0.0000000000000000e+00
4.0000000000000002e-01
1.9926951927065778e-01
1.8896991450867668e+00
5.2620220289332775e-01
2.2683477700924130e-03
-2.5885614042643112e-02
1.1035757750454351e+01
5.9999999999999998e-01
-1.0000000000000001e-01
0.0000000000000000e+00
4.0000000000000002e-01
-3.4527825194478101e-01
1.9019594817242640e+00
9.1929096550447853e-01
2.2683477700924130e-03
-2.5885614042643112e-02
1.1173970179441378e+01
5.9999999999999998e-01
-1.0000000000000001e-01
0.0000000000000000e+00
4.0000000000000002e-01
-1.7527920621514387e-01
1.8819581890187280e+00
9.2466370821697619e-01
9.5193661761038039e-04
-1.8355578533444383e-03
1.1428449118318960e+01
5.9999999999999998e-01
-1.0000000000000001e-01
0.0000000000000000e+00
4.0000000000000002e-01
-3.2656089245081621e-02
1.9272983837804809e+00
1.1759254641365069e-02
9.5193661761038039e-04
1.0533313822233345e-01
1.1200920787635253e+01
5.9999999999999998e-01
-1.0000000000000001e-01
0.0000000000000000e+00
4.0000000000000002e-01
-6.3849992333651212e-02
1.9620373432121292e+00
4.1464862436754607e-01
9.5193661761038039e-04
-1.1619478691137169e-01
1.1057285656216548e+01
5.9999999999999998e-01
-1.0000000000000001e-01
0.0000000000000000e+00
4.0000000000000002e-01
1.8390564364314016e-01
1.9620373432121292e+00
9.1967753977281941e-01
3.1245444269155714e-03
-7.6700729712611759e-01
1.0486291547301217e+01
5.9999999999999998e-01
-1.0000000000000001e-01
0.0000000000000000e+00
4.0000000000000002e-01
8.6212230526775047e-01
1.9341120776615157e+00
7.6094804734690080e-01
3.1245444269155714e-03
4.5618378833168394e-01
1.0486291547301217e+01
5.9999999999999998e-01
-1.0000000000000001e-01
0.0000000000000000e+00
4.0000000000000002e-01
2.4834209524959253e-01
1.8274390211782467e+00
4.7132790476782205e-01
3.1245444269155714e-03
3.6890175655716306e-01
1.0111800916674540e+01
5.9999999999999998e-01
-1.0000000000000001e-01
0.0000000000000000e+00
4.0000000000000002e-01
8.4838877283900893e-01
1.8931670412502302e+00
3.6294824161333922e-01
3.1245444269155714e-03
1.1132382806739698e+00
1.0062626774045633e+01
5.9999999999999998e-01
-1.0000000000000001e-01
0.0000000000000000e+00
4.0000000000000002e-01
9.4301739656299266e-01
1.8574644880375875e+00
3.2378784828586460e-01
3.1245444269155714e-03
6.4655879851197118e-01
9.2091482901899084e+00
5.9999999999999998e-01
-1.0000000000000001e-01
0.0000000000000000e+00
4.0000000000000002e-01
3.7452971898883491e-01
1.8702522873810543e+00
8.5666784756584047e-01
3.1245444269155714e-03
6.8070063035701622e-01
8.8209213441191174e+00
5.9999999999999998e-01
-1.0000000000000001e-01
0.0000000000000000e+00
4.0000000000000002e-01
6.6192016311854029e-01
1.9103771013251556e+00
8.5666784756584047e-01
3.1245444269155714e-03
5.2460919063304778e-01
9.4678114181337811e+00
5.9999999999999998e-01
-1.0000000000000001e-01
0.0000000000000000e+00
4.0000000000000002e-01
6.9669519149958226e-02
1.9155167421928656e+00
8.5522690254962030e-01
3.1245444269155714e-03
3.1114116053794744e-01
9.5740822290955041e+00
5.9999999999999998e-01
-1.0000000000000001e-01
0.0000000000000000e+00
4.0000000000000002e-01
7.1533479996889737e-01
1.9573152864805472e+00
-2.0456408448750185e-01
7.9823236179106007e-04
3.4182518239830850e-01
9.4144497236190308e+00
5.9999999999999998e-01
-1.0000000000000001e-01
0.0000000000000000e+00
4.0000000000000002e-01
1.4698072322577146e-01
1.9012671961260077e+00
2.9563718370860403e-01
2.3579959125494218e-03
1.0297365956357609e+00
9.8439884206233490e+00
5.9999999999999998e-01
-1.0000000000000001e-01
0.0000000000000000e+00
4.0000000000000002e-01
2.3674116977423343e-01
1.8083271753263708e+00
1.9070195592706982e-01
2.3579959125494218e-03
6.2774177122627617e-01
9.6589998366264567e+00
5.9999999999999998e-01
-1.0000000000000001e-01
0.0000000000000000e+00
4.0000000000000002e-01
-5.0230868331223810e-01
1.8761895897758243e+00
1.8845355666940994e-01
2.3579959125494218e-03
1.0033815432106385e-01
9.3047750117210626e+00
5.9999999999999998e-01
-1.0000000000000001e-01
0.0000000000000000e+00
4.0000000000000002e-01
-3.4461433312922796e-01
1.8708842280876874e+00
-2.2594428949290923e-01
2.3579959125494218e-03
5.8352866058696634e-02
9.4302108140615708e+00
5.9999999999999998e-01
-1.0000000000000001e-01
0.0000000000000000e+00
4.0000000000000002e-01
-5.3045131347209296e-01
1.9328195348751782e+00
4.3835517085855791e-01
2.3579959125494218e-03
-5.5361009013141249e-01
1.0568075117650439e+01
5.9999999999999998e-01
-1.0000000000000001e-01
0.0000000000000000e+00
4.0000000000000002e-01
5.9155069374739300e-02
1.9004977832806347e+00
5.1432275362079938e-01
2.3579959125494218e-03
-7.5036728751147841e-01
1.1518061875733544e+01
5.9999999999999998e-01
-1.0000000000000001e-01
0.0000000000000000e+00
4.0000000000000002e-01
9.1638825514286670e-01
1.9525628077236052e+00
3.7027135498588887e-01
2.3579959125494218e-03
-3.8791879635537729e-01
1.2181995367440392e+01
5.9999999999999998e-01
-1.0000000000000001e-01
0.0000000000000000e+00
4.0000000000000002e-01
9.1483559408157977e-01
1.8676271101680633e+00
4.1917640141909923e-01
2.3579959125494218e-03
1.4667223322903042e-01
1.2248275505932977e+01
5.9999999999999998e-01
-1.0000000000000001e-01
0.0000000000000000e+00
4.0000000000000002e-01
6.4724584856003431e-01
1.9563483300057289e+00
9.3403496645158124e-01
2.3579959125494218e-03
1.4254462647949584e-01
1.2039152770671061e+01
5.9999999999999998e-01
-1.0000000000000001e-01
0.0000000000000000e+00
4.0000000000000002e-01
-8.8286759472192222e-02
1.9052299088236926e+00
5.3481314562028237e-01
2.3579959125494218e-03
9.0680001530562748e-01
1.2336845059012994e+01
5.9999999999999998e-01
-1.0000000000000001e-01
0.0000000000000000e+00
4.0000000000000002e-01
-6.1226877889663067e-01
1.9664012709853289e+00
-5.0410315010929507e-01
3.1304934994553779e-03
9.0671182427321784e-01
1.1985405019596220e+01
5.9999999999999998e-01
-1.0000000000000001e-01
0.0000000000000000e+00
4.0000000000000002e-01
-7.1033370933562601e-01
1.9265629070398449e+00
-7.9323063705349361e-01
3.1304934994553779e-03
1.0593347564688811e+00
1.1826545593813062e+01
5.9999999999999998e-01
-1.0000000000000001e-01
0.0000000000000000e+00
4.0000000000000002e-01
-1.8304295978576035e-01
1.9365115598437428e+00
-7.2739024494076177e-01
3.6783921235477184e-03
1.5815828726044783e+00
1.1428606752231717e+01
5.9999999999999998e-01
-1.0000000000000001e-01
0.0000000000000000e+00
4.0000000000000002e-01
-3.5753869137793870e-01
2.0859672665891291e+00
-7.2739024494076177e-01
3.6783921235477184e-03
1.7387761995545514e+00
1.1016885956302286e+01
5.9999999999999998e-01
-1.0000000000000001e-01
0.0000000000000000e+00
4.0000000000000002e-01
-8.5183604574502497e-02
2.0896203930226207e+00
-7.9926304314518370e-01
3.6783921235477184e-03
3.2453608438721782e+00
1.0751731179580093e+01
5.9999999999999998e-01
-1.0000000000000001e-01
0.0000000000000000e+00
4.0000000000000002e-01
5.7399658200134873e-03
2.0712227651921156e+00
-7.9926304314518370e-01
3.6783921235477184e-03
4.1520765532157311e+00
1.0763737625554205e+01
5.9999999999999998e-01
-1.0000000000000001e-01
0.0000000000000000e+00
4.0000000000000002e-01
-4.7004778943091724e-01
2.0637740304318313e+00
-9.0370140645885866e-01
3.6783921235477184e-03
3.7104939688346277e+00
1.0102353832796217e+01
5.9999999999999998e-01
-1.0000000000000001e-01
0.0000000000000000e+00
4.0000000000000002e-01
3.1315441586941384e-01
2.0862503068295366e+00
-9.0370140645885866e-01
3.6783921235477184e-03
3.2978767026564966e+00
1.0764107826557010e+01
5.9999999999999998e-01
-1.0000000000000001e-01
0.0000000000000000e+00
4.0000000000000002e-01
2.0218655803173682e-01
2.0667294036594277e+00
-9.0370140645885866e-01
3.6783921235477184e-03
3.5928789593628534e+00
1.1119713632594795e+01
5.9999999999999998e-01
-1.0000000000000001e-01
0.0000000000000000e+00
4.0000000000000002e-01
-2.4481599829226830e-01
2.1296739283350354e+00
-8.0576997403288286e-01
3.6783921235477184e-03
2.3853015758446348e+00
1.0979838296603413e+01
5.9999999999999998e-01
-1.0000000000000001e-01
0.0000000000000000e+00
4.0000000000000002e-01
-2.7572477183371880e-01
2.1433432787207014e+00
-7.0345500294351981e-01
3.6783921235477184e-03
2.3853015758446348e+00
8.1660220472328398e+00
5.9999999999999998e-01
-1.0000000000000001e-01
0.0000000000000000e+00
4.0000000000000002e-01
-1.9316490314036699e-01
2.1790448468250281e+00
-4.8117350314045360e-01
3.6783921235477184e-03
1.9962335862568510e+00
8.8548709022998846e+00
5.9999999999999998e-01
-1.0000000000000001e-01
0.0000000000000000e+00
4.0000000000000002e-01
3.5247417577475215e-01
2.2113470848125467e+00
4.7672248901566461e-01
3.6783921235477184e-03
2.0157494776300084e+00
9.1911058741807956e+00
5.9999999999999998e-01
-1.0000000000000001e-01
0.0000000000000000e+00
4.0000000000000002e-01
1.0511180528372432e-01
2.2113470848125467e+00
4.7672248901566461e-01
3.6783921235477184e-03
2.1035844557336461e+00
8.7624833571910870e+00
5.9999999999999998e-01
-1.0000000000000001e-01
0.0000000000000000e+00
4.0000000000000002e-01
-8.4436255923539483e-01
2.2113470848125467e+00
5.7331538112601232e-01
3.6783921235477184e-03
2.4622250549844393e+00
9.5772841143608112e+00
5.9999999999999998e-01
-1.0000000000000001e-01
0.0000000000000000e+00
4.0000000000000002e-01
-4.2782648018628444e-01
2.3265332034152992e+00
7.2592452319106049e-01
3.6783921235477184e-03
2.4622250549844393e+00
9.9136371526122122e+00
5.9999999999999998e-01
-1.0000000000000001e-01
0.0000000000000000e+00
4.0000000000000002e-01
-4.8321448183358595e-02
2.2658843462985998e+00
6.8394956590374889e-01
3.6783921235477184e-03
2.9787034266046173e+00
9.4100634339451830e+00
5.9999999999999998e-01
-1.0000000000000001e-01
0.0000000000000000e+00
4.0000000000000002e-01
1.0507831808916068e-03
2.3649497771781927e+00
6.8394956590374889e-01
3.6783921235477184e-03
2.5780634217313416e+00
9.3896501514315638e+00
5.9999999999999998e-01
-1.0000000000000001e-01
0.0000000000000000e+00
4.0000000000000002e-01
-2.2009567639857616e-01
2.4815362612825873e+00
7.2464937196811618e-01
3.6783921235477184e-03
2.7625688247731812e+00
9.4822987112402952e+00
5.9999999999999998e-01
-1.0000000000000001e-01
0.0000000000000000e+00
4.0000000000000002e-01
-8.8906062028437938e-01
2.5161991607767584e+00
9.5327213736018124e-01
3.6783921235477184e-03
2.5877581231645230e+00
9.6346169031411453e+00
5.9999999999999998e-01
-1.0000000000000001e-01
0.0000000000000000e+00
4.0000000000000002e-01
-8.5630296788245519e-01
2.4422530336004731e+00
9.8474111528834285e-01
2.2412658744727825e-03
2.0966306053451187e+00
1.0004693994596604e+01
5.9999999999999998e-01
-1.0000000000000001e-01
0.0000000000000000e+00
4.0000000000000002e-01
-8.5630296788245519e-01
2.5413432201963899e+00
-2.7902934817830144e-01
2.2412658744727825e-03
1.5160062484792358e+00
9.5099182880669879e+00
5.9999999999999998e-01
-1.0000000000000001e-01
0.0000000000000000e+00
4.0000000000000002e-01
-1.4752764246493652e-01
2.5860937060934539e+00
-9.0247508747736027e-01
2.2412658744727825e-03
1.9545364432386045e+00
9.0015312827378544e+00
5.9999999999999998e-01
-1.0000000000000001e-01
0.0000000000000000e+00
4.0000000000000002e-01
-3.8084003350764584e-01
2.6247527408224580e+00
9.2995579408248841e-01
2.2412658744727825e-03
2.1117192693403846e+00
9.0202098272927156e+00
5.9999999999999998e-01
-1.0000000000000001e-01
0.0000000000000000e+00
4.0000000000000002e-01
-3.4101803801089597e-01
2.6059730931703982e+00
3.8773830638965545e-01
2.2412658744727825e-03
2.8281464703730226e+00
9.3817616068013070e+00
5.9999999999999998e-01
-1.0000000000000001e-01
0.0000000000000000e+00
4.0000000000000002e-01
-3.2724082044392905e-01
2.6104181186144291e+00
-8.1626150919357343e-01
2.2412658744727825e-03
2.1023885213187818e+00
9.3817616068013070e+00
5.9999999999999998e-01
-1.0000000000000001e-01
0.0000000000000000e+00
4.0000000000000002e-01
-6.4421022704869590e-01
2.5794620512907445e+00
-8.9120167030487529e-02
2.2412658744727825e-03
2.3137997860438113e+00
9.7477222718484757e+00
5.9999999999999998e-01
-1.0000000000000001e-01
0.0000000000000000e+00
4.0000000000000002e-01
-8.2122102311879486e-01
2.5774832491760193e+00
2.2604947553714705e-01
2.2412658744727825e-03
3.1830752382404093e+00
9.3839041866548421e+00
5.9999999999999998e-01
-1.0000000000000001e-01
0.0000000000000000e+00
4.0000000000000002e-01
-7.4925282231599177e-01
2.4729960160140934e+00
7.0772316680988256e-01
2.2412658744727825e-03
3.8612988243228679e+00
9.5264552228339081e+00
5.9999999999999998e-01
-1.0000000000000001e-01
0.0000000000000000e+00
4.0000000000000002e-01
-7.8167816243201582e-01
2.4369973506812990e+00
7.0772316680988256e-01
2.2412658744727825e-03
3.2743534507579097e+00
9.6305041007883911e+00
5.9999999999999998e-01
-1.0000000000000001e-01
0.0000000000000000e+00
4.0000000000000002e-01
-3.3326537034541459e-01
2.4687992837314545e+00
1.2694969298085163e-01
2.2412658744727825e-03
2.6028019132441771e+00
1.0187615703810014e+01
5.9999999999999998e-01
-1.0000000000000001e-01
0.0000000000000000e+00
4.0000000000000002e-01
-1.4657322130233136e-01
2.4324713654403629e+00
7.4979204849805331e-02
2.2412658744727825e-03
3.0348727049655211e+00
1.0396269600111999e+01
5.9999999999999998e-01
-1.0000000000000001e-01
0.0000000000000000e+00
4.0000000000000002e-01
-7.0018493852645236e-01
2.3157515221719689e+00
5.6018936725100466e-01
2.2412658744727825e-03
3.5988423766917483e+00
1.0897253341991462e+01
5.9999999999999998e-01
-1.0000000000000001e-01
0.0000000000000000e+00
4.0000000000000002e-01
-1.2348035655051548e-01
2.2984802622680611e+00
7.6532300503691619e-01
2.2412658744727825e-03
3.2894465046352637e+00
1.1217053005490460e+01
5.9999999999999998e-01
-1.0000000000000001e-01
0.0000000000000000e+00
4.0000000000000002e-01
-3.7752696893245058e-01
2.3105339100246378e+00
-8.9133277872810179e-01
2.2412658744727825e-03
3.5111213522381077e+00
1.0876552382502711e+01
5.9999999999999998e-01
-1.0000000000000001e-01
0.0000000000000000e+00
4.0000000000000002e-01
-5.2887643324882536e-02
2.3346522213702148e+00
-2.5253344515571408e-01
2.2412658744727825e-03
4.3996525215334188e+00
1.0600334331784403e+01
5.9999999999999998e-01
-1.0000000000000001e-01
0.0000000000000000e+00
4.0000000000000002e-01
-4.7809856879264895e-02
2.3883650104288998e+00
-3.0161529856035518e-01
2.2412658744727825e-03
4.3113744961447011e+00
1.0025065657887613e+01
5.9999999999999998e-01
-1.0000000000000001e-01
0.0000000000000000e+00
4.0000000000000002e-01
9.1566558505341333e-01
2.3883650104288998e+00
-5.2812985794851586e-01
2.2412658744727825e-03
4.1946217911667114e+00
1.0773780915532265e+01
5.9999999999999998e-01
-1.0000000000000001e-01
0.0000000000000000e+00
4.0000000000000002e-01
8.8008243692367483e-02
2.3797367785458508e+00
-7.7307598905870734e-01
2.2412658744727825e-03
3.4020392643636952e+00
1.1485809275899086e+01
5.9999999999999998e-01
-1.0000000000000001e-01
0.0000000000000000e+00
4.0000000000000002e-01
3.8185588071986953e-01
2.2841108168398083e+00
-7.7307598905870734e-01
2.2412658744727825e-03
3.1530424377298845e+00
1.1280076432619248e+01
5.9999999999999998e-01
-1.0000000000000001e-01
0.0000000000000000e+00
4.0000000000000002e-01
4.8733520935222424e-01
2.2699890110527217e+00
9.1538652458693415e-02
2.2412658744727825e-03
3.0103103971457976e+00
1.1996183815989646e+01
5.9999999999999998e-01
-1.0000000000000001e-01
0.0000000000000000e+00
4.0000000000000002e-01
5.9703368966273485e-03
2.2983894610439481e+00
2.7000660462072079e-01
2.2412658744727825e-03
2.6923886599368356e+00
1.1731081018242987e+01
5.9999999999999998e-01
-1.0000000000000001e-01
0.0000000000000000e+00
4.0000000000000002e-01
-8.2644744803264814e-01
2.2751355750707032e+00
-3.2904062441084903e-02
2.2412658744727825e-03
2.9599071489996218e+00
1.1455813287589701e+01
5.9999999999999998e-01
-1.0000000000000001e-01
0.0000000000000000e+00
4.0000000000000002e-01
4.4729513953372757e-01
2.2031145036366824e+00
7.4639171106507973e-01
2.2412658744727825e-03
2.1985918211168554e+00
1.1417418399844321e+01
5.9999999999999998e-01
-1.0000000000000001e-01
0.0000000000000000e+00
4.0000000000000002e-01
-4.8958751429870795e-01
2.2468779494908695e+00
6.9801082236459455e-01
2.2412658744727825e-03
2.0922498869127537e+00
1.2142807763088497e+01
5.9999999999999998e-01
-1.0000000000000001e-01
0.0000000000000000e+00
4.0000000000000002e-01
-6.3236718644455148e-01
2.1095924683583025e+00
-2.7657842504093444e-01
2.2412658744727825e-03
3.1462993787950775e+00
1.1596369581688197e+01
5.9999999999999998e-01
-1.0000000000000001e-01
0.0000000000000000e+00
4.0000000000000002e-01
-1.3799161543205452e-01
2.0879988269169871e+00
-2.6597044719615970e-01
2.2412658744727825e-03
3.1368193993694087e+00
1.0378789208102972e+01
5.9999999999999998e-01
-1.0000000000000001e-01
0.0000000000000000e+00
4.0000000000000002e-01
-9.7188018431022827e-01
2.0570951999981943e+00
5.9756469594081840e-01
2.2412658744727825e-03
4.0853414723998807e+00
9.0289706863649215e+00
5.9999999999999998e-01
-1.0000000000000001e-01
0.0000000000000000e+00
4.0000000000000002e-01
-2.0072935332611275e-01
2.0928775526841230e+00
-4.3032919427612820e-01
2.2412658744727825e-03
4.1785613606101775e+00
1.0284172425437720e+01
5.9999999999999998e-01
-1.0000000000000001e-01
0.0000000000000000e+00
4.0000000000000002e-01
9.4123909575193399e-02
2.0504200135131425e+00
6.6500408628722629e-01
2.2412658744727825e-03
4.6037931183702252e+00
1.0509997869674118e+01
5.9999999999999998e-01
-1.0000000000000001e-01
0.0000000000000000e+00
4.0000000000000002e-01
8.1648428033038900e-01
2.1273327647109577e+00
6.6262758712982739e-01
2.2412658744727825e-03
4.7621899435645840e+00
8.9236941110529013e+00
5.9999999999999998e-01
-1.0000000000000001e-01
0.0000000000000000e+00
4.0000000000000002e-01
6.5316314647838403e-01
2.2216493059058733e+00
7.0421014349674782e-01
2.2412658744727825e-03
4.7598163137561578e+00
9.4263389628566809e+00
5.9999999999999998e-01
-1.0000000000000001e-01
0.0000000000000000e+00
4.0000000000000002e-01
4.5393471191570089e-01
2.2694966483374186e+00
-6.5850663502002149e-01
2.2412658744727825e-03
4.7598163137561578e+00
9.4192295711673815e+00
5.9999999999999998e-01
-1.0000000000000001e-01
0.0000000000000000e+00
4.0000000000000002e-01
9.3000788639232446e-01
2.3499313019772119e+00
-3.3023387212539113e-01
2.2412658744727825e-03
4.5327873478061456e+00
8.7147768397070493e+00
5.9999999999999998e-01
-1.0000000000000001e-01
0.0000000000000000e+00
4.0000000000000002e-01
3.7641207198545273e-01
2.4184760417004174e+00
-9.8142917949939157e-01
2.2412658744727825e-03
4.3630683685070775e+00
9.8646271798945993e+00
5.9999999999999998e-01
-1.0000000000000001e-01
0.0000000000000000e+00
4.0000000000000002e-01
9.0023560426829319e-01
2.4275191517730299e+00
-8.0835459489608197e-01
2.2412658744727825e-03
4.1195858562714358e+00
9.5422038410045236e+00
5.9999999999999998e-01
-1.0000000000000001e-01
0.0000000000000000e+00
4.0000000000000002e-01
1.5871657527683250e-01
2.4538746577163284e+00
-6.7904195983195692e-01
2.2412658744727825e-03
4.3126301968819396e+00
1.0149427014235410e+01
5.9999999999999998e-01
-1.0000000000000001e-01
0.0000000000000000e+00
4.0000000000000002e-01
-7.1636863827896358e-03
2.4386973012943809e+00
-7.5468633551383402e-01
2.2412658744727825e-03
4.9437241072184337e+00
1.0544163691643629e+01
5.9999999999999998e-01
-1.0000000000000001e-01
0.0000000000000000e+00
4.0000000000000002e-01
5.4175564564464573e-01
2.3677774504681173e+00
-7.5468633551383402e-01
2.2412658744727825e-03
5.5208630675799153e+00
1.0481158776227387e+01
5.9999999999999998e-01
-1.0000000000000001e-01
0.0000000000000000e+00
4.0000000000000002e-01
5.4175564564464573e-01
2.2465950197239462e+00
-5.4712944884086046e-01
2.2412658744727825e-03
5.2259045834070941e+00
9.5775281135179142e+00
5.9999999999999998e-01
-1.0000000000000001e-01
0.0000000000000000e+00
4.0000000000000002e-01
2.2766959648201635e-05
2.3126308940907063e+00
-9.4170320976758393e-01
2.2412658744727825e-03
4.3199430564767614e+00
9.7827762860991108e+00
5.9999999999999998e-01
-1.0000000000000001e-01
0.0000000000000000e+00
4.0000000000000002e-01
-1.8331215761901848e-01
2.3161681317945066e+00
-7.5156613517785464e-01
2.2412658744727825e-03
3.3211866954690707e+00
9.2240157950855846e+00
5.9999999999999998e-01
-1.0000000000000001e-01
0.0000000000000000e+00
4.0000000000000002e-01
3.3764186776874544e-01
2.3572512483258787e+00
-2.4233032951597344e-02
2.2412658744727825e-03
3.4583163747913135e+00
9.4972886316664571e+00
5.9999999999999998e-01
-1.0000000000000001e-01
0.0000000000000000e+00
4.0000000000000002e-01
3.3764186776874544e-01
2.3628137335439270e+00
-6.4421645202675237e-03
2.2412658744727825e-03
3.9132542232400667e+00
9.7948923550732481e+00
5.9999999999999998e-01
-1.0000000000000001e-01
0.0000000000000000e+00
4.0000000000000002e-01
2.8820943154094703e-01
2.3050139724870271e+00
9.3398413266753755e-01
3.5331912749683118e-03
3.1935226301080473e+00
1.0413843534160410e+01
5.9999999999999998e-01
-1.0000000000000001e-01
0.0000000000000000e+00
4.0000000000000002e-01
-2.6655528687240593e-01
2.2445906140466279e+00
9.3398413266753755e-01
3.5331912749683118e-03
3.9081942359334718e+00
1.0269242809731516e+01
5.9999999999999998e-01
-1.0000000000000001e-01
0.0000000000000000e+00
4.0000000000000002e-01
2.1111024267671591e-01
2.2451046042178819e+00
9.0311628248309694e-01
3.5331912749683118e-03
3.3543609360582125e+00
9.9256824881024688e+00
5.9999999999999998e-01
-1.0000000000000001e-01
0.0000000000000000e+00
4.0000000000000002e-01
-3.9746343486310964e-01
2.1822705400173619e+00
8.8381738293683132e-01
3.5331912749683118e-03
3.0362922860891488e+00
9.7622503787465416e+00
5.9999999999999998e-01
-1.0000000000000001e-01
0.0000000000000000e+00
4.0000000000000002e-01
-8.5811449759008407e-01
2.2303832333867506e+00
6.4343600500142184e-01
3.5331912749683118e-03
3.0873432910651828e+00
9.8251074642129268e+00
5.9999999999999998e-01
-1.0000000000000001e-01
0.0000000000000000e+00
4.0000000000000002e-01
-8.0393139176370620e-01
2.2223960660879567e+00
4.1265654910122956e-01
7.1447579201810128e-04
3.0166502079577113e+00
1.0076815283317121e+01
5.9999999999999998e-01
-1.0000000000000001e-01
0.0000000000000000e+00
4.0000000000000002e-01
-9.4716669611932758e-01
2.1911976397221049e+00
8.3895761852618100e-02
7.1447579201810128e-04
2.6234228587360051e+00
9.6956045389361698e+00
5.9999999999999998e-01
-1.0000000000000001e-01
0.0000000000000000e+00
4.0000000000000002e-01
-4.1576873354913713e-01
2.1908962289650997e+00
5.4246131408726772e-01
7.1447579201810128e-04
3.2988266742438941e+00
9.8722152754850683e+00
5.9999999999999998e-01
-1.0000000000000001e-01
0.0000000000000000e+00
4.0000000000000002e-01
-6.3475378531236692e-02
2.1416029564698298e+00
-1.3407375570619498e-01
7.1447579201810128e-04
2.6854764124960573e+00
9.6467097193188973e+00
5.9999999999999998e-01
-1.0000000000000001e-01
0.0000000000000000e+00
4.0000000000000002e-01
-6.1196377612950337e-01
2.1979345776994781e+00
-6.8328955319011597e-01
7.1447579201810128e-04
2.6854764124960573e+00
9.7607089668698617e+00
5.9999999999999998e-01
-1.0000000000000001e-01
0.0000000000000000e+00
4.0000000000000002e-01
-7.2107101776005755e-01
2.1124130715631946e+00
-6.8328955319011597e-01
7.1447579201810128e-04
2.8748339517624051e+00
7.8639103323407493e+00
5.9999999999999998e-01
-1.0000000000000001e-01
0.0000000000000000e+00
4.0000000000000002e-01
-8.1588652707936293e-01
2.0703593022131428e+00
-6.8328955319011597e-01
7.1447579201810128e-04
1.3937216921360172e+00
9.0340809181518882e+00
5.9999999999999998e-01
-1.0000000000000001e-01
0.0000000000000000e+00
4.0000000000000002e-01
1.5610834024546616e-01
2.0952781193756569e+00
-5.8160199549281977e-01
7.1447579201810128e-04
1.5303243430913365e+00
8.8898002013750403e+00
5.9999999999999998e-01
-1.0000000000000001e-01
0.0000000000000000e+00
4.0000000000000002e-01
1.8320064685938828e-01
2.2264625418686381e+00
-9.4858310427749537e-01
7.1447579201810128e-04
1.8035030710161601e+00
8.6213842049427356e+00
5.9999999999999998e-01
-1.0000000000000001e-01
0.0000000000000000e+00
4.0000000000000002e-01
7.6033754191992753e-01
2.2744845588707436e+00
3.2033212084090329e-01
7.1447579201810128e-04
2.1504285412491235e+00
8.1969878077693323e+00
5.9999999999999998e-01
-1.0000000000000001e-01
0.0000000000000000e+00
4.0000000000000002e-01
7.6033754191992753e-01
2.3782454873823631e+00
3.9394347686087705e-01
7.1447579201810128e-04
2.5628126348950833e+00
8.6153622210212095e+00
5.9999999999999998e-01
-1.0000000000000001e-01
0.0000000000000000e+00
4.0000000000000002e-01
-8.2261072315575601e-01
2.4193397018217553e+00
9.7953193384921167e-01
7.1447579201810128e-04
3.1110627010115350e+00
9.0761306811310369e+00
5.9999999999999998e-01
-1.0000000000000001e-01
0.0000000000000000e+00
4.0000000000000002e-01
-3.1152405925395010e-01
2.3441231565379610e+00
8.7547795433318232e-01
7.1447579201810128e-04
3.2622184827574454e+00
8.1506209958530995e+00
5.9999999999999998e-01
-1.0000000000000001e-01
0.0000000000000000e+00
4.0000000000000002e-01
-7.3677486606242171e-01
2.3334083693527687e+00
8.0224631953751657e-01
7.1447579201810128e-04
3.4262021705158912e+00
7.4230858598090741e+00
5.9999999999999998e-01
-1.0000000000000001e-01
0.0000000000000000e+00
4.0000000000000002e-01
-7.3677486606242171e-01
2.3706519986295214e+00
-2.2960869115078827e-01
7.1447579201810128e-04
3.6373226329334942e+00
7.7430617779679629e+00
5.9999999999999998e-01
-1.0000000000000001e-01
0.0000000000000000e+00
4.0000000000000002e-01
-7.3677486606242171e-01
2.3627545726799477e+00
4.4985736611997701e-01
7.1447579201810128e-04
4.0041182025917736e+00
7.2103359252400727e+00
5.9999999999999998e-01
-1.0000000000000001e-01
0.0000000000000000e+00
4.0000000000000002e-01
-7.4792207308413494e-01
2.2628481437468042e+00
7.7891116324579335e-01
7.1447579201810128e-04
4.1270477535785108e+00
7.1996660977788300e+00
5.9999999999999998e-01
-1.0000000000000001e-01
0.0000000000000000e+00
4.0000000000000002e-01
-2.1376474577207372e-02
2.3781924660109985e+00
7.7891116324579335e-01
3.6372081452285504e-03
5.1292608785093696e+00
7.0910790831036898e+00
5.9999999999999998e-01
-1.0000000000000001e-01
0.0000000000000000e+00
4.0000000000000002e-01
-3.9364592015932315e-03
2.3195335376166808e+00
7.7891116324579335e-01
2.6235025190984463e-03
4.7970280128181848e+00
6.8136949420161583e+00
5.9999999999999998e-01
-1.0000000000000001e-01
0.0000000000000000e+00
4.0000000000000002e-01
6.1876617274878520e-01
2.3422150502109038e+00
4.6181132796918961e-01
2.6235025190984463e-03
4.0792173551977555e+00
6.2471588365919928e+00
5.9999999999999998e-01
-1.0000000000000001e-01
0.0000000000000000e+00
4.0000000000000002e-01
6.5646150909064316e-01
2.3048051170014845e+00
-5.1709540602052595e-01
2.6235025190984463e-03
4.3263662596815209e+00
6.4039165996201373e+00
5.9999999999999998e-01
-1.0000000000000001e-01
0.0000000000000000e+00
4.0000000000000002e-01
-6.7527500920297590e-01
2.3348891423844802e+00
-3.5160337981069473e-01
2.6235025190984463e-03
3.5879631301038843e+00
6.9625935219414572e+00
5.9999999999999998e-01
-1.0000000000000001e-01
0.0000000000000000e+00
4.0000000000000002e-01
-6.7527500920297590e-01
2.2664383776092039e+00
-8.1841249000513938e-01
2.6235025190984463e-03
4.0053097096853829e+00
7.1624790646322110e+00
5.9999999999999998e-01
-1.0000000000000001e-01
0.0000000000000000e+00
4.0000000000000002e-01
4.8175022311208759e-01
2.3251337529324991e+00
-9.9401154827559379e-01
2.6235025190984463e-03
4.1745625657611471e+00
7.2398758343607232e+00
5.9999999999999998e-01
-1.0000000000000001e-01
0.0000000000000000e+00
4.0000000000000002e-01
-3.3141289525033912e-01
2.3710311860048274e+00
-9.9401154827559379e-01
2.6235025190984463e-03
4.1773125407868008e+00
7.3662841475755023e+00
5.9999999999999998e-01
-1.0000000000000001e-01
0.0000000000000000e+00
4.0000000000000002e-01
-6.6999526314737290e-01
2.3680021266282600e+00
-7.6305475186789418e-01
2.6235025190984463e-03
5.4209260908537491e+00
7.9461432702094363e+00
5.9999999999999998e-01
-1.0000000000000001e-01
0.0000000000000000e+00
4.0000000000000002e-01
-2.8132930450441329e-01
2.5209240555704637e+00
-9.7742405247176078e-01
2.6235025190984463e-03
5.8580371288233390e+00
8.0634549654275229e+00
5.9999999999999998e-01
-1.0000000000000001e-01
0.0000000000000000e+00
4.0000000000000002e-01
1.8038604803083452e-01
2.5245227056683106e+00
-9.7742405247176078e-01
2.6235025190984463e-03
6.1092535225325220e+00
7.1967390514165217e+00
5.9999999999999998e-01
-1.0000000000000001e-01
0.0000000000000000e+00
4.0000000000000002e-01
-3.5627497189046825e-01
2.5188830376395090e+00
-6.9356433462584399e-01
2.6235025190984463e-03
5.3239997652941344e+00
6.9706539816409396e+00
5.9999999999999998e-01
-1.0000000000000001e-01
0.0000000000000000e+00
4.0000000000000002e-01
-5.8424592204691861e-01
2.4929282301195963e+00
4.1788222361123178e-01
2.6235025190984463e-03
4.6888255556696050e+00
7.0294094956666280e+00
5.9999999999999998e-01
-1.0000000000000001e-01
0.0000000000000000e+00
4.0000000000000002e-01
4.0286900810597442e-01
2.4899075070151193e+00
3.5447838123654940e-01
2.6235025190984463e-03
4.9207362493150821e+00
7.2859474099427501e+00
5.9999999999999998e-01
-1.0000000000000001e-01
0.0000000000000000e+00
4.0000000000000002e-01
3.8445371873376871e-01
2.5538320569523676e+00
4.3086198445176699e-01
2.6235025190984463e-03
4.3053303425782312e+00
6.8856524623185438e+00
5.9999999999999998e-01
-1.0000000000000001e-01
0.0000000000000000e+00
4.0000000000000002e-01
-9.8821830678004957e-02
2.5534648217686517e+00
-3.1763251079479232e-01
2.6235025190984463e-03
4.4377231871359930e+00
7.5528988319635433e+00
5.9999999999999998e-01
-1.0000000000000001e-01
0.0000000000000000e+00
4.0000000000000002e-01
6.7145823724267983e-01
2.5602692416437964e+00
-5.5520987345138562e-01
2.6235025190984463e-03
4.3227645849459755e+00
8.1983055594563510e+00
5.9999999999999998e-01
-1.0000000000000001e-01
0.0000000000000000e+00
4.0000000000000002e-01
2.4547907657621407e-01
2.5848120474346978e+00
8.0254247234901421e-01
2.6235025190984463e-03
4.4992721637361628e+00
7.6153705979883695e+00
5.9999999999999998e-01
-1.0000000000000001e-01
0.0000000000000000e+00
4.0000000000000002e-01
-2.5766836333293699e-02
2.5726974856385096e+00
1.9522238062461844e-01
2.6235025190984463e-03
4.4058676769607645e+00
6.9521595637500315e+00
5.9999999999999998e-01
-1.0000000000000001e-01
0.0000000000000000e+00
4.0000000000000002e-01
8.2481755089740982e-02
2.5083941680916655e+00
7.6212833808502178e-01
2.6235025190984463e-03
4.7158552711480244e+00
6.1573927018046426e+00
5.9999999999999998e-01
-1.0000000000000001e-01
0.0000000000000000e+00
4.0000000000000002e-01
1.5679754860399270e-01
2.5083941680916655e+00
9.7636256174882874e-01
2.6235025190984463e-03
4.8842035589390385e+00
6.6440854284167337e+00
5.9999999999999998e-01
-1.0000000000000001e-01
0.0000000000000000e+00
4.0000000000000002e-01
5.7340278036592518e-01
2.5073360370376214e+00
1.1912561328848825e-01
8.2946464058511016e-04
5.0089307462447277e+00
5.9462801519036335e+00
5.9999999999999998e-01
-1.0000000000000001e-01
0.0000000000000000e+00
4.0000000000000002e-01
4.9649716985207037e-02
2.4634223188140498e+00
-8.2745459227124230e-01
8.2946464058511016e-04
4.8987998967640989e+00
5.3399716577678973e+00
5.9999999999999998e-01
-1.0000000000000001e-01
0.0000000000000000e+00
4.0000000000000002e-01
-4.6760713003875687e-01
2.4293237925746545e+00
-5.7375349400797859e-01
8.2946464058511016e-04
5.1294572120183100e+00
5.4792925386875924e+00
5.9999999999999998e-01
-1.0000000000000001e-01
0.0000000000000000e+00
4.0000000000000002e-01
-1.9949540518524123e-01
2.4329806433894738e+00
-5.9876647262135518e-01
8.2946464058511016e-04
6.1989657764905086e+00
5.7051378145068945e+00
5.9999999999999998e-01
-1.0000000000000001e-01
0.0000000000000000e+00
4.0000000000000002e-01
3.7670515549164285e-02
2.4842572764136897e+00
-2.5725695176515712e-02
8.2946464058511016e-04
7.0220326369279018e+00
6.4426319345086878e+00
5.9999999999999998e-01
-1.0000000000000001e-01
0.0000000000000000e+00
4.0000000000000002e-01
7.7465818978546186e-01
2.3702183396794898e+00
2.3744098944356670e-01
8.2946464058511016e-04
6.7120348995202175e+00
7.0817041917890382e+00
5.9999999999999998e-01
-1.0000000000000001e-01
0.0000000000000000e+00
4.0000000000000002e-01
1.9046806466560873e-02
2.3750730103232964e+00
3.1047950764885174e-01
8.2946464058511016e-04
7.1797654455178375e+00
7.4811829275637933e+00
5.9999999999999998e-01
-1.0000000000000001e-01
0.0000000000000000e+00
4.0000000000000002e-01
2.7729211397169162e-01
2.3602647349813091e+00
8.5612373014679188e-01
8.2946464058511016e-04
6.8692960684769746e+00
7.3168424724787542e+00
5.9999999999999998e-01
-1.0000000000000001e-01
0.0000000000000000e+00
4.0000000000000002e-01
2.7729211397169162e-01
2.2984877364614116e+00
1.1309439865639448e-01
8.2946464058511016e-04
6.3870016282075044e+00
7.0876981019228777e+00
5.9999999999999998e-01
-1.0000000000000001e-01
0.0000000000000000e+00
4.0000000000000002e-01
-2.2792687642592846e-02
2.3097608719893801e+00
-9.1107423158595324e-01
8.2946464058511016e-04
6.8749950965517153e+00
6.7405927096679887e+00
5.9999999999999998e-01
-1.0000000000000001e-01
0.0000000000000000e+00
4.0000000000000002e-01
-4.3315480970146125e-01
2.3735519010254249e+00
-8.7225623449776302e-02
8.2946464058511016e-04
6.8749950965517153e+00
6.7995314722135740e+00
5.9999999999999998e-01
-1.0000000000000001e-01
0.0000000000000000e+00
4.0000000000000002e-01
-8.5928018831016484e-01
2.3430711066049592e+00
-6.3476664336631072e-01
8.2946464058511016e-04
6.8310740848653904e+00
6.9648313467577179e+00
5.9999999999999998e-01
-1.0000000000000001e-01
0.0000000000000000e+00
4.0000000000000002e-01
-6.0582903437616298e-01
2.3503081292432801e+00
-6.5899975182721393e-01
8.2946464058511016e-04
6.9110364632331729e+00
6.7497343977168294e+00
5.9999999999999998e-01
-1.0000000000000001e-01
0.0000000000000000e+00
4.0000000000000002e-01
2.7502487756012006e-01
2.3833224777651085e+00
-1.4081814261386172e-01
8.2946464058511016e-04
7.0428307370864749e+00
7.0718555008247588e+00
5.9999999999999998e-01
-1.0000000000000001e-01
0.0000000000000000e+00
4.0000000000000002e-01
6.9497366524932902e-01
2.3833224777651085e+00
3.0840508965542546e-01
8.2946464058511016e-04
6.3511017011129267e+00
7.3678083648160193e+00
5.9999999999999998e-01
-1.0000000000000001e-01
0.0000000000000000e+00
4.0000000000000002e-01
7.4656549967525521e-01
2.3833224777651085e+00
-7.8471988665172809e-01
8.2946464058511016e-04
7.2014289514743695e+00
7.0379618604853844e+00
5.9999999999999998e-01
-1.0000000000000001e-01
0.0000000000000000e+00
4.0000000000000002e-01
7.2827107904476635e-04
2.3388064778220903e+00
-4.9717248635599370e-01
8.2946464058511016e-04
7.3141004966222658e+00
8.0452743654325687e+00
5.9999999999999998e-01
-1.0000000000000001e-01
0.0000000000000000e+00
4.0000000000000002e-01
1.2424955375192684e-01
2.3294734157917154e+00
3.8707168528344674e-02
8.2946464058511016e-04
7.5789475122117418e+00
7.7228318537771781e+00
5.9999999999999998e-01
-1.0000000000000001e-01
0.0000000000000000e+00
4.0000000000000002e-01
9.5025461144445456e-01
2.1973126501736298e+00
-6.1847087132045986e-01
8.2946464058511016e-04
8.1895564848207840e+00
7.7228318537771781e+00
5.9999999999999998e-01
-1.0000000000000001e-01
0.0000000000000000e+00
4.0000000000000002e-01
9.5653243966100743e-01
2.2996697458920132e+00
8.9514578116824861e-01
8.2946464058511016e-04
7.5373754890751989e+00
7.7228318537771781e+00
5.9999999999999998e-01
-1.0000000000000001e-01
0.0000000000000000e+00
4.0000000000000002e-01
9.5653243966100743e-01
2.4040700879541288e+00
8.9514578116824861e-01
8.2946464058511016e-04
8.2597932698321497e+00
8.3347541745007110e+00
5.9999999999999998e-01
-1.0000000000000001e-01
0.0000000000000000e+00
4.0000000000000002e-01
5.4052006192205482e-01
2.3486867268529785e+00
8.9514578116824861e-01
8.2946464058511016e-04
8.8844584861886648e+00
9.9070593233406612e+00
5.9999999999999998e-01
-1.0000000000000001e-01
0.0000000000000000e+00
4.0000000000000002e-01
6.1737203962801024e-01
2.4393929675069703e+00
-2.2793998705456014e-01
8.2946464058511016e-04
9.6843729833257335e+00
9.5909871335327690e+00
5.9999999999999998e-01
-1.0000000000000001e-01
0.0000000000000000e+00
4.0000000000000002e-01
5.1136554427145053e-01
2.4922706829753771e+00
9.7914945615222693e-01
8.2946464058511016e-04
9.0644790748250621e+00
1.0167485050410038e+01
5.9999999999999998e-01
-1.0000000000000001e-01
0.0000000000000000e+00
4.0000000000000002e-01
4.5508859812913477e-01
2.5565614692417040e+00
2.2801951838424450e-01
8.2946464058511016e-04
8.6475984552991534e+00
9.8858149628341252e+00
5.9999999999999998e-01
-1.0000000000000001e-01
0.0000000000000000e+00
4.0000000000000002e-01
2.3088514983354153e-01
2.5822082690444841e+00
6.4545081989606856e-01
8.2946464058511016e-04
8.3378008732688560e+00
9.8952292303741043e+00
5.9999999999999998e-01
-1.0000000000000001e-01
0.0000000000000000e+00
4.0000000000000002e-01
1.5091072611210887e-01
2.5969792351272956e+00
4.3878360555973051e-02
8.2946464058511016e-04
7.9861471647513049e+00
9.5865908007323810e+00
5.9999999999999998e-01
-1.0000000000000001e-01
0.0000000000000000e+00
4.0000000000000002e-01
2.9890812557917368e-02
2.6668106686023134e+00
-3.9381284458795546e-01
8.2946464058511016e-04
7.3244703495991370e+00
1.0090181059688337e+01
5.9999999999999998e-01
-1.0000000000000001e-01
0.0000000000000000e+00
4.0000000000000002e-01
-6.3327393479945104e-01
2.6917284482863804e+00
-4.8418010903987868e-02
8.2946464058511016e-04
5.5551021913182872e+00
9.5901564668119033e+00
5.9999999999999998e-01
-1.0000000000000001e-01
0.0000000000000000e+00
4.0000000000000002e-01
1.3640147737858838e-01
2.6912631461766616e+00
-7.1845820052782061e-01
8.2946464058511016e-04
6.1244376311195037e+00
9.5901564668119033e+00
5.9999999999999998e-01
-1.0000000000000001e-01
0.0000000000000000e+00
4.0000000000000002e-01
5.8689787916539249e-01
2.7847889034894364e+00
-4.1051643220940598e-01
8.2946464058511016e-04
6.5627516755950595e+00
9.2808118741214365e+00
5.9999999999999998e-01
-1.0000000000000001e-01
0.0000000000000000e+00
4.0000000000000002e-01
-3.6664600797297414e-01
2.7085494036522766e+00
-3.0489480777177863e-02
8.2946464058511016e-04
6.9438557932269722e+00
9.0615718732774351e+00
5.9999999999999998e-01
-1.0000000000000001e-01
0.0000000000000000e+00
4.0000000000000002e-01
-8.0982297484131494e-01
2.7885647250262164e+00
-3.0489480777177863e-02
8.2946464058511016e-04
7.3737733433139470e+00
8.8972326587140653e+00
5.9999999999999998e-01
-1.0000000000000001e-01
0.0000000000000000e+00
4.0000000000000002e-01
-7.7563282434197101e-01
2.7827498847094438e+00
2.2616574259242053e-01
8.2946464058511016e-04
7.2453422153484963e+00
8.6830237220227815e+00
5.9999999999999998e-01
-1.0000000000000001e-01
0.0000000000000000e+00
4.0000000000000002e-01
-9.0957469288559589e-01
2.8472382188883683e+00
5.5320420028409001e-01
1.9736755603229259e-03
7.7548689806950231e+00
8.8525247718393913e+00
5.9999999999999998e-01
-1.0000000000000001e-01
0.0000000000000000e+00
4.0000000000000002e-01
-6.3827804867478044e-01
2.8570556789484876e+00
6.8095969857415195e-01
1.9736755603229259e-03
8.1283195981872218e+00
7.6207896079123110e+00
5.9999999999999998e-01
-1.0000000000000001e-01
0.0000000000000000e+00
4.0000000000000002e-01
-6.7576152470262674e-01
2.8394219184962171e+00
4.0606526436051366e-01
1.9736755603229259e-03
8.0826073279720685e+00
7.4755635108053777e+00
5.9999999999999998e-01
-1.0000000000000001e-01
0.0000000000000000e+00
4.0000000000000002e-01
2.2230824771968694e-01
2.9958966859427347e+00
4.0606526436051366e-01
1.9736755603229259e-03
7.4906506111961750e+00
7.5144133369624706e+00
5.9999999999999998e-01
-1.0000000000000001e-01
0.0000000000000000e+00
4.0000000000000002e-01
8.6336947415750931e-02
2.9367676553574462e+00
9.9852919594850514e-02
1.9736755603229259e-03
7.3761870285612492e+00
7.4878970365226358e+00
5.9999999999999998e-01
-1.0000000000000001e-01
0.0000000000000000e+00
4.0000000000000002e-01
8.8255975935308317e-01
2.9581343710866830e+00
6.9390593113144861e-01
1.9736755603229259e-03
7.1279718121630102e+00
8.3173867861926638e+00
5.9999999999999998e-01
-1.0000000000000001e-01
0.0000000000000000e+00
4.0000000000000002e-01
2.6231036159841398e-01
2.9570746206489464e+00
4.8146477045258507e-01
1.9736755603229259e-03
6.7621613642317211e+00
8.9422194841504172e+00
5.9999999999999998e-01
-1.0000000000000001e-01
0.0000000000000000e+00
4.0000000000000002e-01
9.0146298143712866e-01
2.9283060492721460e+00
8.4309711279114707e-01
1.9736755603229259e-03
6.7437978906673335e+00
9.6340550753474314e+00
5.9999999999999998e-01
-1.0000000000000001e-01
0.0000000000000000e+00
4.0000000000000002e-01
8.9053847286550392e-01
2.8539544407573603e+00
2.3406847318867219e-01
1.9736755603229259e-03
6.2946734530967614e+00
9.4964424821734514e+00
5.9999999999999998e-01
-1.0000000000000001e-01
0.0000000000000000e+00
4.0000000000000002e-01
8.5074228021947729e-01
2.7832549516406915e+00
4.1814224979141723e-01
1.9736755603229259e-03
5.7993724716943644e+00
8.5367190080881219e+00
5.9999999999999998e-01
-1.0000000000000001e-01
0.0000000000000000e+00
4.0000000000000002e-01
-1.9596921529920702e-01
2.7628918847289943e+00
1.1444482824066660e-01
1.9736755603229259e-03
5.6578226102632421e+00
8.2911548244953259e+00
5.9999999999999998e-01
-1.0000000000000001e-01
0.0000000000000000e+00
4.0000000000000002e-01
-4.7170381809788990e-02
2.7192601160255339e+00
-7.3134789341827844e-01
1.9736755603229259e-03
6.1065072281402486e+00
7.9622334945201967e+00
5.9999999999999998e-01
-1.0000000000000001e-01
0.0000000000000000e+00
4.0000000000000002e-01
-6.1963998343068372e-02
2.7315934204158450e+00
-6.7262032264610738e-01
1.9736755603229259e-03
5.9042514173430343e+00
8.0541630166769114e+00
5.9999999999999998e-01
-1.0000000000000001e-01
0.0000000000000000e+00
4.0000000000000002e-01
1.4746599290220141e-01
2.7490914793309833e+00
-7.2611601048847652e-01
1.9736755603229259e-03
5.8084872951847446e+00
8.1958385217189864e+00
5.9999999999999998e-01
-1.0000000000000001e-01
0.0000000000000000e+00
4.0000000000000002e-01
7.2656187757670909e-03
2.7257297510203986e+00
-9.4840227612992734e-01
1.9736755603229259e-03
5.4406669786316293e+00
8.0473304311931209e+00
5.9999999999999998e-01
-1.0000000000000001e-01
0.0000000000000000e+00
4.0000000000000002e-01
-9.3796901550443756e-01
2.5626590925750405e+00
-7.7956362375756716e-01
1.9736755603229259e-03
6.1887657886487375e+00
8.1710443626344276e+00
5.9999999999999998e-01
-1.0000000000000001e-01
0.0000000000000000e+00
4.0000000000000002e-01
-8.5197036709936247e-01
2.6229216504392294e+00
-8.4859985628863788e-01
1.9736755603229259e-03
6.2501420086366064e+00
9.1405359926819862e+00
5.9999999999999998e-01
-1.0000000000000001e-01
0.0000000000000000e+00
4.0000000000000002e-01
8.3459006880205966e-02
2.5976378076967861e+00
-8.9197871753713109e-01
1.9736755603229259e-03
5.7703290408593553e+00
8.4877686265111034e+00
5.9999999999999998e-01
-1.0000000000000001e-01
0.0000000000000000e+00
4.0000000000000002e-01
9.6816952500192532e-01
2.6067508992848065e+00
7.7479471972445024e-01
1.9736755603229259e-03
6.4686732150730633e+00
8.6648407521843982e+00
5.9999999999999998e-01
-1.0000000000000001e-01
0.0000000000000000e+00
4.0000000000000002e-01
9.9664758417455557e-01
2.6800746102032331e+00
9.6941151967504990e-01
1.9736755603229259e-03
6.5984174676355858e+00
8.6889499488473003e+00
5.9999999999999998e-01
-1.0000000000000001e-01
0.0000000000000000e+00
4.0000000000000002e-01
6.7648572539610863e-01
2.7352013720122246e+00
9.7000912748393597e-01
1.9736755603229259e-03
6.1598008655128016e+00
8.0723830166459152e+00
5.9999999999999998e-01
-1.0000000000000001e-01
0.0000000000000000e+00
4.0000000000000002e-01
6.4275195477230551e-01
2.6291096875515843e+00
-3.5339320815983233e-01
1.9736755603229259e-03
6.3198960922774807e+00
8.2582643258571693e+00
5.9999999999999998e-01
-1.0000000000000001e-01
0.0000000000000000e+00
4.0000000000000002e-01
1.9350403525662419e-02
2.6724112591591740e+00
1.0106143452343523e-01
1.9736755603229259e-03
5.8759116880712048e+00
8.3115861096605723e+00
5.9999999999999998e-01
-1.0000000000000001e-01
0.0000000000000000e+00
4.0000000000000002e-01
5.0292423469645975e-01
2.6844270899144074e+00
-5.0509900077013392e-02
1.9736755603229259e-03
5.5300654761609573e+00
7.0964313314482634e+00
5.9999999999999998e-01
-1.0000000000000001e-01
0.0000000000000000e+00
4.0000000000000002e-01
-7.5539699079768652e-01
2.6660375902501010e+00
1.9865813173470079e-01
1.9736755603229259e-03
5.7177652470883862e+00
6.2341239676997127e+00
5.9999999999999998e-01
-1.0000000000000001e-01
0.0000000000000000e+00
4.0000000000000002e-01
-6.2599406363742349e-01
2.5759284865704437e+00
2.9233895577606739e-01
1.9736755603229259e-03
5.9130665548262131e+00
5.9688860447332317e+00
5.9999999999999998e-01
-1.0000000000000001e-01
0.0000000000000000e+00
4.0000000000000002e-01
-8.6551115534472423e-02
2.6682263441530130e+00
9.4474539317307049e-01
1.9736755603229259e-03
6.4549473501858241e+00
5.3459034295007637e+00
5.9999999999999998e-01
-1.0000000000000001e-01
0.0000000000000000e+00
4.0000000000000002e-01
-1.0352543236987589e-01
2.7212066551891230e+00
9.4474539317307049e-01
1.9736755603229259e-03
6.7829890698310855e+00
5.2701942741125878e+00
5.9999999999999998e-01
-1.0000000000000001e-01
0.0000000000000000e+00
4.0000000000000002e-01
1.1356882093174457e-01
2.7392208515849972e+00
3.7827234782394936e-01
1.9736755603229259e-03
7.0102051824447633e+00
6.1936775594204718e+00
5.9999999999999998e-01
-1.0000000000000001e-01
0.0000000000000000e+00
4.0000000000000002e-01
5.0428513524754048e-01
2.7058184135702512e+00
8.8564875938114684e-01
1.9736755603229259e-03
7.7278937637922285e+00
5.7729259043186953e+00
5.9999999999999998e-01
-1.0000000000000001e-01
0.0000000000000000e+00
4.0000000000000002e-01
7.7644976375324726e-01
2.7634166570452114e+00
6.0729570962605040e-01
1.9736755603229259e-03
7.2486160755273827e+00
5.7721609919518277e+00
5.9999999999999998e-01
-1.0000000000000001e-01
0.0000000000000000e+00
4.0000000000000002e-01
9.4694165197832592e-01
2.7955668444928787e+00
5.4663347132620366e-01
1.9736755603229259e-03
7.1383887112257014e+00
5.8752102910727304e+00
5.9999999999999998e-01
-1.0000000000000001e-01
0.0000000000000000e+00
4.0000000000000002e-01
9.4694165197832592e-01
2.6983775801953938e+00
3.8004545875010048e-01
1.9736755603229259e-03
7.1936106473323846e+00
5.8792950093001171e+00
5.9999999999999998e-01
-1.0000000000000001e-01
0.0000000000000000e+00
4.0000000000000002e-01
8.6646154669744979e-01
2.6983775801953938e+00
7.9348295875010055e-01
1.9736755603229259e-03
6.8525144007173324e+00
5.6479929178208161e+00
5.9999999999999998e-01
-1.0000000000000001e-01
0.0000000000000000e+00
4.0000000000000002e-01
8.1427623061163423e-01
2.6518054264483113e+00
9.1093447037157571e-01
1.9736755603229259e-03
6.9805534120765476e+00
5.9461535304039765e+00
5.9999999999999998e-01
-1.0000000000000001e-01
0.0000000000000000e+00
4.0000000000000002e-01
8.1427623061163423e-01
2.6755578378138201e+00
8.9241024799761326e-01
1.9736755603229259e-03
7.3062805529800201e+00
5.2388472168892664e+00
5.9999999999999998e-01
-1.0000000000000001e-01
0.0000000000000000e+00
4.0000000000000002e-01
-9.7464695445466099e-02
2.8074499000010151e+00
4.6415239878115211e-01
1.9736755603229259e-03
7.9484853264060762e+00
5.0656526892632288e+00
5.9999999999999998e-01
-1.0000000000000001e-01
0.0000000000000000e+00
4.0000000000000002e-01
-6.9824443148748871e-01
2.8130835774836198e+00
6.3993561931070841e-01
1.9736755603229259e-03
7.4091349650290752e+00
4.7152273385971828e+00
5.9999999999999998e-01
-1.0000000000000001e-01
0.0000000000000000e+00
4.0000000000000002e-01
-7.4091692315714353e-01
2.7488625969138996e+00
4.9115000017103710e-01
1.9736755603229259e-03
7.8022619594004903e+00
5.0754981755465307e+00
5.9999999999999998e-01
-1.0000000000000001e-01
0.0000000000000000e+00
4.0000000000000002e-01
-4.3163687872068879e-01
2.7109836515632524e+00
7.5848680980619942e-01
3.3693381783120400e-04
6.5145246494677824e+00
5.0726022185012720e+00
5.9999999999999998e-01
-1.0000000000000001e-01
0.0000000000000000e+00
4.0000000000000002e-01
1.1696966482026583e-01
2.7230868322101491e+00
7.5848680980619942e-01
3.3693381783120400e-04
6.2391130138304991e+00
5.3883325875923056e+00
5.9999999999999998e-01
-1.0000000000000001e-01
0.0000000000000000e+00
4.0000000000000002e-01
9.7486327482087609e-01
2.7780344706025977e+00
1.7710219152388129e-01
5.3093685593955282e-04
7.7575546044972699e+00
5.3391203732416050e+00
5.9999999999999998e-01
-1.0000000000000001e-01
0.0000000000000000e+00
4.0000000000000002e-01
9.1915599835736750e-01
2.7891852331605809e+00
-5.1873438916984038e-01
5.3093685593955282e-04
7.8194321651128087e+00
4.1991660253331080e+00
5.9999999999999998e-01
-1.0000000000000001e-01
0.0000000000000000e+00
4.0000000000000002e-01
1.3765582097394469e-01
2.8654223509279149e+00
-6.3715629182639566e-01
5.3093685593955282e-04
7.4433115281281026e+00
5.0354772762581721e+00
5.9999999999999998e-01
-1.0000000000000001e-01
0.0000000000000000e+00
4.0000000000000002e-01
7.4981898196768870e-02
2.8618546964374438e+00
-2.2930829726043195e-01
5.3093685593955282e-04
8.3641604460892225e+00
5.1730392382666484e+00
5.9999999999999998e-01
-1.0000000000000001e-01
0.0000000000000000e+00
4.0000000000000002e-01
2.1818988003564001e-02
2.7740684962716955e+00
2.3991936247912188e-01
5.3093685593955282e-04
8.5952502345782662e+00
4.3052436814829722e+00
5.9999999999999998e-01
-1.0000000000000001e-01
0.0000000000000000e+00
4.0000000000000002e-01
5.3309976605398668e-01
2.7128752311912439e+00
1.8499692719546101e-01
5.3093685593955282e-04
7.8480281582218554e+00
4.6466671900078662e+00
5.9999999999999998e-01
-1.0000000000000001e-01
0.0000000000000000e+00
4.0000000000000002e-01
9.9866488245947371e-01
2.8336122242656607e+00
7.9395813834038509e-01
5.3093685593955282e-04
8.1310348084312825e+00
5.5036799268051988e+00
5.9999999999999998e-01
-1.0000000000000001e-01
0.0000000000000000e+00
4.0000000000000002e-01
4.6090823916418566e-01
2.9737757115808385e+00
9.8942424949374930e-01
5.3093685593955282e-04
8.1310348084312825e+00
6.0890378461405641e+00
5.9999999999999998e-01
-1.0000000000000001e-01
0.0000000000000000e+00
4.0000000000000002e-01
9.5951954392416483e-01
3.0126462835517787e+00
-9.2105367246898862e-01
5.3093685593955282e-04
8.6009895986062439e+00
6.5359610238298780e+00
5.9999999999999998e-01
-1.0000000000000001e-01
0.0000000000000000e+00
4.0000000000000002e-01
9.7386754227502348e-01
2.9299882449355983e+00
-7.9867817360791427e-01
5.3093685593955282e-04
8.8284058190998582e+00
6.8923686751350770e+00
5.9999999999999998e-01
-1.0000000000000001e-01
0.0000000000000000e+00
4.0000000000000002e-01
9.7386754227502348e-01
2.8669141633954904e+00
5.4157246288371874e-03
5.3093685593955282e-04
9.1932997740921518e+00
7.0551516720280061e+00
5.9999999999999998e-01
-1.0000000000000001e-01
0.0000000000000000e+00
4.0000000000000002e-01
9.4876276058776376e-01
2.8874449772683044e+00
8.4755695354309801e-01
5.3093685593955282e-04
9.1495895885047478e+00
7.4231315353140248e+00
5.9999999999999998e-01
-1.0000000000000001e-01
0.0000000000000000e+00
4.0000000000000002e-01
9.4876276058776376e-01
2.8926185234037298e+00
-7.1416679445537801e-01
5.3093685593955282e-04
7.8276794873294380e+00
7.9876110234484079e+00
5.9999999999999998e-01
-1.0000000000000001e-01
0.0000000000000000e+00
4.0000000000000002e-01
5.1865901155097482e-01
2.9297329329696553e+00
-4.9252645794185873e-01
5.3093685593955282e-04
8.4467019103583834e+00
7.9876110234484079e+00
5.9999999999999998e-01
-1.0000000000000001e-01
0.0000000000000000e+00
4.0000000000000002e-01
-1.4572706358807086e-01
2.9297329329696553e+00
-3.6231434050831079e-01
5.3093685593955282e-04
8.8492975853499907e+00
8.7225310363993032e+00
5.9999999999999998e-01
-1.0000000000000001e-01
0.0000000000000000e+00
4.0000000000000002e-01
3.2252996989321686e-02
2.9617858113494768e+00
-9.0633182226563858e-01
5.3093685593955282e-04
9.2733869813498995e+00
8.1735833087190954e+00
5.9999999999999998e-01
-1.0000000000000001e-01
0.0000000000000000e+00
4.0000000000000002e-01
-6.0414373891727924e-01
2.8918380665627375e+00
-5.0562599821831145e-01
5.3093685593955282e-04
9.2733869813498995e+00
9.2654758506640746e+00
5.9999999999999998e-01
-1.0000000000000001e-01
0.0000000000000000e+00
4.0000000000000002e-01
-5.6913542196454403e-01
2.9050899944153681e+00
-4.2070974810863893e-01
5.8977039821945197e-04
8.9646200948511208e+00
9.0483539321646038e+00
5.9999999999999998e-01
-1.0000000000000001e-01
0.0000000000000000e+00
4.0000000000000002e-01
-7.1023052737416614e-01
2.8560436214056866e+00
-4.2070974810863893e-01
5.8977039821945197e-04
9.4965331488405305e+00
9.0099138827249359e+00
5.9999999999999998e-01
-1.0000000000000001e-01
0.0000000000000000e+00
4.0000000000000002e-01
-1.7611949965657581e-01
2.8732863801566024e+00
2.9081539363716680e-01
5.8977039821945197e-04
9.7729733166401207e+00
7.9605843545123882e+00
5.9999999999999998e-01
-1.0000000000000001e-01
0.0000000000000000e+00
4.0000000000000002e-01
-4.5035481497945185e-01
2.9120228400674719e+00
9.3310252294992047e-01
5.8977039821945197e-04
1.0014502380520563e+01
7.7483419955894304e+00
5.9999999999999998e-01
-1.0000000000000001e-01
0.0000000000000000e+00
4.0000000000000002e-01
-3.6261654350179362e-02
3.0011458537426847e+00
6.2207696304772930e-01
5.8977039821945197e-04
1.0382685528427819e+01
7.5716636137291751e+00
5.9999999999999998e-01
-1.0000000000000001e-01
0.0000000000000000e+00
4.0000000000000002e-01
3.2182506158648139e-01
3.0000940539089100e+00
5.8065877960179879e-01
5.8977039821945197e-04
1.0123000745952586e+01
6.6600521610304675e+00
5.9999999999999998e-01
-1.0000000000000001e-01
0.0000000000000000e+00
4.0000000000000002e-01
5.3562527253924019e-01
3.0193293774572272e+00
8.4397906706784798e-01
5.8977039821945197e-04
1.0035679547220925e+01
6.6212750383838967e+00
5.9999999999999998e-01
-1.0000000000000001e-01
0.0000000000000000e+00
4.0000000000000002e-01
-4.9219416829961476e-02
2.9925002925095221e+00
8.5124218520824746e-01
5.8977039821945197e-04
8.6002755378489297e+00
6.5660218277201015e+00
5.9999999999999998e-01
-1.0000000000000001e-01
0.0000000000000000e+00
4.0000000000000002e-01
-4.4367872465701697e-01
2.9883561519083637e+00
7.4024203536217048e-01
5.8977039821945197e-04
7.8726571840350426e+00
6.7287315466627433e+00
5.9999999999999998e-01
-1.0000000000000001e-01
0.0000000000000000e+00
4.0000000000000002e-01
-2.3112386334987275e-01
2.9754657199659453e+00
7.4024203536217048e-01
5.8977039821945197e-04
7.7255435717408458e+00
6.4887829051539256e+00
5.9999999999999998e-01
-1.0000000000000001e-01
0.0000000000000000e+00
4.0000000000000002e-01
2.4626453768162135e-01
3.0056450174131499e+00
7.2766004053060840e-01
5.8977039821945197e-04
7.2792866145376953e+00
5.7264204249903514e+00
5.9999999999999998e-01
-1.0000000000000001e-01
0.0000000000000000e+00
4.0000000000000002e-01
-6.6003328908534631e-01
2.9462128532209504e+00
-1.8589841452194944e-02
5.3837023780249128e-04
6.3851458375458519e+00
7.4279195175692392e+00
5.9999999999999998e-01
-1.0000000000000001e-01
0.0000000000000000e+00
4.0000000000000002e-01
1.7024215649513608e-01
2.9197596341350183e+00
-3.8889152434422314e-02
5.3837023780249128e-04
6.6055244674091149e+00
7.3564535000547719e+00
5.9999999999999998e-01
-1.0000000000000001e-01
0.0000000000000000e+00
4.0000000000000002e-01
