11
4
1.4478527607361963e-01
2.2411693057247259e-01
2.1328671328671328e-01
7.8357235984354623e-01
1.0356731875719217e-02
6.8965517241379309e-03
0.0000000000000000e+00
0.0000000000000000e+00
0.0000000000000000e+00
0.0000000000000000e+00
2.2020000000000001e-01
1.6300000000000001e-01
1.6420000000000001e-01
1.7160000000000000e-01
1.5340000000000001e-01
1.7380000000000001e-01
1.7399999999999999e-01
0.0000000000000000e+00
0.0000000000000000e+00
0.0000000000000000e+00
0.0000000000000000e+00
1.0000000000000000e+00
1.1800000000000000e+02
1.8400000000000000e+02
1.8300000000000000e+02
6.0100000000000000e+02
9.0000000000000000e+00
6.0000000000000000e+00
0.0000000000000000e+00
0.0000000000000000e+00
0.0000000000000000e+00
0.0000000000000000e+00
1.1010000000000000e+03
8.1500000000000000e+02
8.2100000000000000e+02
8.5800000000000000e+02
7.6700000000000000e+02
8.6900000000000000e+02
8.7000000000000000e+02
0.0000000000000000e+00
0.0000000000000000e+00
0.0000000000000000e+00
0.0000000000000000e+00
5.0000000000000000e+03
