11
4
1.5632458233890215e-01
0.0000000000000000e+00
1.8867924528301888e-01
5.5710955710955712e-01
1.2642225031605562e-02
1.3605442176870748e-02
0.0000000000000000e+00
0.0000000000000000e+00
0.0000000000000000e+00
0.0000000000000000e+00
1.5620000000000001e-01
1.6760000000000000e-01
1.6719999999999999e-01
1.5900000000000000e-01
1.7160000000000000e-01
1.5820000000000001e-01
1.7640000000000000e-01
0.0000000000000000e+00
0.0000000000000000e+00
0.0000000000000000e+00
0.0000000000000000e+00
1.0000000000000000e+00
1.3100000000000000e+02
0.0000000000000000e+00
1.5000000000000000e+02
4.7800000000000000e+02
1.0000000000000000e+01
1.2000000000000000e+01
0.0000000000000000e+00
0.0000000000000000e+00
0.0000000000000000e+00
0.0000000000000000e+00
7.8100000000000000e+02
8.3800000000000000e+02
8.3600000000000000e+02
7.9500000000000000e+02
8.5800000000000000e+02
7.9100000000000000e+02
8.8200000000000000e+02
0.0000000000000000e+00
0.0000000000000000e+00
0.0000000000000000e+00
0.0000000000000000e+00
5.0000000000000000e+03
