3
250
-1.1529706859717530e+01
-1.1529706859717530e+01
0.0000000000000000e+00
-1.1529706859717486e+01
-1.1529706859717486e+01
0.0000000000000000e+00
-1.1529706859717663e+01
-1.1529706859717663e+01
0.0000000000000000e+00
-1.1529706859717574e+01
-1.1529706859717574e+01
0.0000000000000000e+00
-1.1529706859717619e+01
-1.1529706859717619e+01
0.0000000000000000e+00
-1.1529706859717397e+01
-1.1529706859717397e+01
0.0000000000000000e+00
-1.1529706859717709e+01
-1.1529706859717709e+01
0.0000000000000000e+00
-1.1529706859717663e+01
-1.1529706859717663e+01
0.0000000000000000e+00
-1.1529683784514411e+01
-1.1529683784514411e+01
0.0000000000000000e+00
-1.1529706859717574e+01
-1.1529706859717574e+01
0.0000000000000000e+00
-1.1529696902395621e+01
-1.1529696902395621e+01
0.0000000000000000e+00
-1.1529703245999929e+01
-1.1529703245999929e+01
0.0000000000000000e+00
-1.1529706859717574e+01
-1.1529706859717574e+01
0.0000000000000000e+00
-1.1529706859717352e+01
-1.1529706859717352e+01
0.0000000000000000e+00
-1.1529706859717663e+01
-1.1529706859717663e+01
0.0000000000000000e+00
-1.1529706859717574e+01
-1.1529706859717574e+01
0.0000000000000000e+00
-1.1529706859717352e+01
-1.1529706859717352e+01
0.0000000000000000e+00
-1.1529703540517662e+01
-1.1529703540517662e+01
0.0000000000000000e+00
-1.1599047990918706e+01
-1.1599047990918706e+01
0.0000000000000000e+00
-1.1529706859717574e+01
-1.1529706859717574e+01
0.0000000000000000e+00
-1.1529706859717173e+01
-1.1529706859717173e+01
0.0000000000000000e+00
-1.1529706859717173e+01
-1.1529706859717173e+01
0.0000000000000000e+00
-1.1529680527893561e+01
-1.1529680527893561e+01
0.0000000000000000e+00
-1.1529706859717574e+01
-1.1529706859717574e+01
0.0000000000000000e+00
-1.1529706859717574e+01
-1.1529706859717574e+01
0.0000000000000000e+00
-1.1529706859717308e+01
-1.1529706859717308e+01
0.0000000000000000e+00
-1.1529706859717663e+01
-1.1529706859717663e+01
0.0000000000000000e+00
-1.1529706859717486e+01
-1.1529706859717486e+01
0.0000000000000000e+00
-1.1529706859717843e+01
-1.1529706859717843e+01
0.0000000000000000e+00
-1.1529706859717397e+01
-1.1529706859717397e+01
0.0000000000000000e+00
-1.1529706859717709e+01
-1.1529706859717709e+01
0.0000000000000000e+00
-1.1529706859717308e+01
-1.1529706859717308e+01
0.0000000000000000e+00
-1.1529706859717574e+01
-1.1529706859717574e+01
0.0000000000000000e+00
-1.1529706859717663e+01
-1.1529706859717663e+01
0.0000000000000000e+00
-1.1529706859717530e+01
-1.1529706859717530e+01
0.0000000000000000e+00
-1.1529706859717709e+01
-1.1529706859717709e+01
0.0000000000000000e+00
-1.1529680527893584e+01
-1.1529680527893584e+01
0.0000000000000000e+00
-1.1529680527893138e+01
-1.1529680527893138e+01
0.0000000000000000e+00
-1.1529706859617468e+01
-1.1529706859617468e+01
0.0000000000000000e+00
-1.1529706814397864e+01
-1.1529706814397864e+01
0.0000000000000000e+00
-1.1529706859717663e+01
-1.1529706859717663e+01
0.0000000000000000e+00
-1.1529706859714763e+01
-1.1529706859714763e+01
0.0000000000000000e+00
-1.1529706856273849e+01
-1.1529706856273849e+01
0.0000000000000000e+00
-1.1529706859717441e+01
-1.1529706859717441e+01
0.0000000000000000e+00
-1.1529706856297237e+01
-1.1529706856297237e+01
0.0000000000000000e+00
-1.1529706859672631e+01
-1.1529706859672631e+01
0.0000000000000000e+00
-1.1529685859317379e+01
-1.1529685859317379e+01
0.0000000000000000e+00
-1.1529706858628044e+01
-1.1529706858628044e+01
0.0000000000000000e+00
-1.1529706859717887e+01
-1.1529706859717887e+01
0.0000000000000000e+00
-1.1529706835485193e+01
-1.1529706835485193e+01
0.0000000000000000e+00
-1.1529706691627986e+01
-1.1529706691627986e+01
0.0000000000000000e+00
-1.1529223322767098e+01
-1.1529223322767098e+01
0.0000000000000000e+00
-1.1529706859717352e+01
-1.1529706859717352e+01
0.0000000000000000e+00
-1.1529706859717486e+01
-1.1529706859717486e+01
0.0000000000000000e+00
-1.1529646062450256e+01
-1.1529646062450256e+01
0.0000000000000000e+00
-1.1529700641826603e+01
-1.1529700641826603e+01
0.0000000000000000e+00
-1.1529624881905780e+01
-1.1529624881905780e+01
0.0000000000000000e+00
-1.1529649312373046e+01
-1.1529649312373046e+01
0.0000000000000000e+00
-1.1529706855784472e+01
-1.1529706855784472e+01
0.0000000000000000e+00
-1.1529706859717486e+01
-1.1529706859717486e+01
0.0000000000000000e+00
-1.1529226074992630e+01
-1.1529226074992630e+01
0.0000000000000000e+00
-1.1529680527893294e+01
-1.1529680527893294e+01
0.0000000000000000e+00
-1.1529680488022310e+01
-1.1529680488022310e+01
0.0000000000000000e+00
-1.1529577801020451e+01
-1.1529577801020451e+01
0.0000000000000000e+00
-1.1529206640598353e+01
-1.1529206640598353e+01
0.0000000000000000e+00
-1.1529680527893159e+01
-1.1529680527893159e+01
0.0000000000000000e+00
-1.1529674219419000e+01
-1.1529674219419000e+01
0.0000000000000000e+00
-1.1529569093566151e+01
-1.1529569093566151e+01
0.0000000000000000e+00
-1.1633747713837016e+01
-1.1633747713837016e+01
0.0000000000000000e+00
-1.1529660792253322e+01
-1.1529660792253322e+01
0.0000000000000000e+00
-1.1529173803786671e+01
-1.1529173803786671e+01
0.0000000000000000e+00
-1.1994717488587334e+01
-1.1994717488587334e+01
0.0000000000000000e+00
-1.1529113833852264e+01
-1.1529113833852264e+01
0.0000000000000000e+00
-1.1529174703842349e+01
-1.1529174703842349e+01
0.0000000000000000e+00
-1.1836732475744212e+01
-1.1836732475744212e+01
0.0000000000000000e+00
-1.1623933131129073e+01
-1.1623933131129073e+01
0.0000000000000000e+00
-1.1529642888209221e+01
-1.1529642888209221e+01
0.0000000000000000e+00
-1.1529678793885127e+01
-1.1529678793885127e+01
0.0000000000000000e+00
-1.1538005341751706e+01
-1.1538005341751706e+01
0.0000000000000000e+00
-1.1529680527893206e+01
-1.1529680527893206e+01
0.0000000000000000e+00
-1.1529706859717619e+01
-1.1529706859717619e+01
0.0000000000000000e+00
-1.1529706859717441e+01
-1.1529706859717441e+01
0.0000000000000000e+00
-1.1529706859717574e+01
-1.1529706859717574e+01
0.0000000000000000e+00
-1.1529477376608199e+01
-1.1529477376608199e+01
0.0000000000000000e+00
-1.1529700742226950e+01
-1.1529700742226950e+01
0.0000000000000000e+00
-1.3489258949197534e+01
-1.3489258949197534e+01
0.0000000000000000e+00
-1.1529703668577337e+01
-1.1529703668577337e+01
0.0000000000000000e+00
-1.1529706859717709e+01
-1.1529706859717709e+01
0.0000000000000000e+00
-1.1538193781606765e+01
-1.1538193781606765e+01
0.0000000000000000e+00
-1.1529680527893383e+01
-1.1529680527893383e+01
0.0000000000000000e+00
-1.1529680527893138e+01
-1.1529680527893138e+01
0.0000000000000000e+00
-1.1529706859717574e+01
-1.1529706859717574e+01
0.0000000000000000e+00
-1.1529680527902466e+01
-1.1529680527902466e+01
0.0000000000000000e+00
-1.1529706859717486e+01
-1.1529706859717486e+01
0.0000000000000000e+00
-1.1529706859463804e+01
-1.1529706859463804e+01
0.0000000000000000e+00
-1.1529396767659986e+01
-1.1529396767659986e+01
0.0000000000000000e+00
-1.1529706859717441e+01
-1.1529706859717441e+01
0.0000000000000000e+00
-1.1529680519933294e+01
-1.1529680519933294e+01
0.0000000000000000e+00
-1.1529706859717754e+01
-1.1529706859717754e+01
0.0000000000000000e+00
-1.1529706859717486e+01
-1.1529706859717486e+01
0.0000000000000000e+00
-1.1529706859717976e+01
-1.1529706859717976e+01
0.0000000000000000e+00
-1.1529706859717619e+01
-1.1529706859717619e+01
0.0000000000000000e+00
-1.1529680527893206e+01
-1.1529680527893206e+01
0.0000000000000000e+00
-1.1529680527893138e+01
-1.1529680527893138e+01
0.0000000000000000e+00
-1.1529680527893182e+01
-1.1529680527893182e+01
0.0000000000000000e+00
-1.1529706859678612e+01
-1.1529706859678612e+01
0.0000000000000000e+00
-1.1529585849353227e+01
-1.1529585849353227e+01
0.0000000000000000e+00
-1.1529702148569116e+01
-1.1529702148569116e+01
0.0000000000000000e+00
-1.1529703262162275e+01
-1.1529703262162275e+01
0.0000000000000000e+00
-1.1529677612472762e+01
-1.1529677612472762e+01
0.0000000000000000e+00
-1.1529422985293754e+01
-1.1529422985293754e+01
0.0000000000000000e+00
-1.1529706859717843e+01
-1.1529706859717843e+01
0.0000000000000000e+00
-1.1529706859717619e+01
-1.1529706859717619e+01
0.0000000000000000e+00
-1.1529706859717843e+01
-1.1529706859717843e+01
0.0000000000000000e+00
-1.1529706859717663e+01
-1.1529706859717663e+01
0.0000000000000000e+00
-1.1529706859717441e+01
-1.1529706859717441e+01
0.0000000000000000e+00
-1.1529706859717262e+01
-1.1529706859717262e+01
0.0000000000000000e+00
-1.1529706859717709e+01
-1.1529706859717709e+01
0.0000000000000000e+00
-1.1529706859717754e+01
-1.1529706859717754e+01
0.0000000000000000e+00
-1.1529706859717530e+01
-1.1529706859717530e+01
0.0000000000000000e+00
-1.1529706859717663e+01
-1.1529706859717663e+01
0.0000000000000000e+00
-1.1529706859717754e+01
-1.1529706859717754e+01
0.0000000000000000e+00
-1.1529706859717574e+01
-1.1529706859717574e+01
0.0000000000000000e+00
-1.1529706859717574e+01
-1.1529706859717574e+01
0.0000000000000000e+00
-1.1529680527893428e+01
-1.1529680527893428e+01
0.0000000000000000e+00
-1.1529680527893360e+01
-1.1529680527893360e+01
0.0000000000000000e+00
-1.1529706859717754e+01
-1.1529706859717754e+01
0.0000000000000000e+00
-1.1529680527893316e+01
-1.1529680527893316e+01
0.0000000000000000e+00
-1.1529706859717530e+01
-1.1529706859717530e+01
0.0000000000000000e+00
-1.1693659798707660e+01
-1.1693659798707660e+01
0.0000000000000000e+00
-1.1529706859717709e+01
-1.1529706859717709e+01
0.0000000000000000e+00
-1.1529706859717754e+01
-1.1529706859717754e+01
0.0000000000000000e+00
-1.1529706859717663e+01
-1.1529706859717663e+01
0.0000000000000000e+00
-1.1529706859717663e+01
-1.1529706859717663e+01
0.0000000000000000e+00
-1.1529706859717397e+01
-1.1529706859717397e+01
0.0000000000000000e+00
-1.1529706859717574e+01
-1.1529706859717574e+01
0.0000000000000000e+00
-1.1529706859717574e+01
-1.1529706859717574e+01
0.0000000000000000e+00
-1.1529745191117080e+01
-1.1529745191117080e+01
0.0000000000000000e+00
-1.1529708552775269e+01
-1.1529708552775269e+01
0.0000000000000000e+00
-1.1529706859717530e+01
-1.1529706859717530e+01
0.0000000000000000e+00
-1.1529706859717040e+01
-1.1529706859717040e+01
0.0000000000000000e+00
-1.1529706859717530e+01
-1.1529706859717530e+01
0.0000000000000000e+00
-1.1529706859717574e+01
-1.1529706859717574e+01
0.0000000000000000e+00
-1.1529706859717798e+01
-1.1529706859717798e+01
0.0000000000000000e+00
-1.1529706859717843e+01
-1.1529706859717843e+01
0.0000000000000000e+00
-1.1529706679730888e+01
-1.1529706679730888e+01
0.0000000000000000e+00
-1.1529706859698964e+01
-1.1529706859698964e+01
0.0000000000000000e+00
-1.1529706859717754e+01
-1.1529706859717754e+01
0.0000000000000000e+00
-1.1529706859717574e+01
-1.1529706859717574e+01
0.0000000000000000e+00
-1.1529706859717843e+01
-1.1529706859717843e+01
0.0000000000000000e+00
-1.1529706859717619e+01
-1.1529706859717619e+01
0.0000000000000000e+00
-1.1529706859717530e+01
-1.1529706859717530e+01
0.0000000000000000e+00
-1.1529706859717574e+01
-1.1529706859717574e+01
0.0000000000000000e+00
-1.1529706859717843e+01
-1.1529706859717843e+01
0.0000000000000000e+00
-1.1529706859717663e+01
-1.1529706859717663e+01
0.0000000000000000e+00
-1.1529706859717663e+01
-1.1529706859717663e+01
0.0000000000000000e+00
-1.1529694839532709e+01
-1.1529694839532709e+01
0.0000000000000000e+00
-1.1529706859717486e+01
-1.1529706859717486e+01
0.0000000000000000e+00
-1.1529706859717619e+01
-1.1529706859717619e+01
0.0000000000000000e+00
-1.1529706859717619e+01
-1.1529706859717619e+01
0.0000000000000000e+00
-1.1529706859717843e+01
-1.1529706859717843e+01
0.0000000000000000e+00
-1.1529706859717843e+01
-1.1529706859717843e+01
0.0000000000000000e+00
-1.1529706859717887e+01
-1.1529706859717887e+01
0.0000000000000000e+00
-1.1529706859717308e+01
-1.1529706859717308e+01
0.0000000000000000e+00
-1.1529706859717976e+01
-1.1529706859717976e+01
0.0000000000000000e+00
-1.1529706859717486e+01
-1.1529706859717486e+01
0.0000000000000000e+00
-1.1529706859717843e+01
-1.1529706859717843e+01
0.0000000000000000e+00
-1.1529706859717709e+01
-1.1529706859717709e+01
0.0000000000000000e+00
-1.1529706859717352e+01
-1.1529706859717352e+01
0.0000000000000000e+00
-1.1529706859717352e+01
-1.1529706859717352e+01
0.0000000000000000e+00
-1.1529706859717441e+01
-1.1529706859717441e+01
0.0000000000000000e+00
-1.1529706859718067e+01
-1.1529706859718067e+01
0.0000000000000000e+00
-1.1529706859717262e+01
-1.1529706859717262e+01
0.0000000000000000e+00
-1.1529706859717663e+01
-1.1529706859717663e+01
0.0000000000000000e+00
-1.1529706859717530e+01
-1.1529706859717530e+01
0.0000000000000000e+00
-1.1529706859717530e+01
-1.1529706859717530e+01
0.0000000000000000e+00
-1.1529706859717530e+01
-1.1529706859717530e+01
0.0000000000000000e+00
-1.1529706859717798e+01
-1.1529706859717798e+01
0.0000000000000000e+00
-1.1529706859717486e+01
-1.1529706859717486e+01
0.0000000000000000e+00
-1.1529674442078068e+01
-1.1529674442078068e+01
0.0000000000000000e+00
-1.1529706859717663e+01
-1.1529706859717663e+01
0.0000000000000000e+00
-1.1529706859717441e+01
-1.1529706859717441e+01
0.0000000000000000e+00
-1.1529706859717486e+01
-1.1529706859717486e+01
0.0000000000000000e+00
-1.1529706859635008e+01
-1.1529706859635008e+01
0.0000000000000000e+00
-1.1529706859717754e+01
-1.1529706859717754e+01
0.0000000000000000e+00
-1.1529706859717843e+01
-1.1529706859717843e+01
0.0000000000000000e+00
-1.1529706859717441e+01
-1.1529706859717441e+01
0.0000000000000000e+00
-1.1529706859717663e+01
-1.1529706859717663e+01
0.0000000000000000e+00
-1.1529682048047524e+01
-1.1529682048047524e+01
0.0000000000000000e+00
-1.1529706859717530e+01
-1.1529706859717530e+01
0.0000000000000000e+00
-1.1529706859717887e+01
-1.1529706859717887e+01
0.0000000000000000e+00
-1.1529706859717663e+01
-1.1529706859717663e+01
0.0000000000000000e+00
-1.1529680527893206e+01
-1.1529680527893206e+01
0.0000000000000000e+00
-1.1529706859717887e+01
-1.1529706859717887e+01
0.0000000000000000e+00
-1.1529680527893271e+01
-1.1529680527893271e+01
0.0000000000000000e+00
-1.1529680485040338e+01
-1.1529680485040338e+01
0.0000000000000000e+00
-1.1529981175700172e+01
-1.1529981175700172e+01
0.0000000000000000e+00
-1.1529680527893406e+01
-1.1529680527893406e+01
0.0000000000000000e+00
-1.1529706859717887e+01
-1.1529706859717887e+01
0.0000000000000000e+00
-1.1529706859717976e+01
-1.1529706859717976e+01
0.0000000000000000e+00
-1.1529706859717754e+01
-1.1529706859717754e+01
0.0000000000000000e+00
-1.1529706859717486e+01
-1.1529706859717486e+01
0.0000000000000000e+00
-1.1529706859717754e+01
-1.1529706859717754e+01
0.0000000000000000e+00
-1.1529680527893383e+01
-1.1529680527893383e+01
0.0000000000000000e+00
-1.1529680527893316e+01
-1.1529680527893316e+01
0.0000000000000000e+00
-1.1529680527893628e+01
-1.1529680527893628e+01
0.0000000000000000e+00
-1.1529706859717619e+01
-1.1529706859717619e+01
0.0000000000000000e+00
-1.1529706859717798e+01
-1.1529706859717798e+01
0.0000000000000000e+00
-1.1529706906685774e+01
-1.1529706906685774e+01
0.0000000000000000e+00
-1.1529706859717843e+01
-1.1529706859717843e+01
0.0000000000000000e+00
-1.1529706859717530e+01
-1.1529706859717530e+01
0.0000000000000000e+00
-1.1529706859717308e+01
-1.1529706859717308e+01
0.0000000000000000e+00
-1.1529706859717530e+01
-1.1529706859717530e+01
0.0000000000000000e+00
-1.1529706859717932e+01
-1.1529706859717932e+01
0.0000000000000000e+00
-1.1537684099190523e+01
-1.1537684099190523e+01
0.0000000000000000e+00
-1.1529680527893250e+01
-1.1529680527893250e+01
0.0000000000000000e+00
-1.1529706859717754e+01
-1.1529706859717754e+01
0.0000000000000000e+00
-1.1529706859717397e+01
-1.1529706859717397e+01
0.0000000000000000e+00
-1.1529706859717530e+01
-1.1529706859717530e+01
0.0000000000000000e+00
-1.1529933501577549e+01
-1.1529933501577549e+01
0.0000000000000000e+00
-1.1529706859717754e+01
-1.1529706859717754e+01
0.0000000000000000e+00
-1.1529706859717574e+01
-1.1529706859717574e+01
0.0000000000000000e+00
-1.1529706859717530e+01
-1.1529706859717530e+01
0.0000000000000000e+00
-1.1529706859717441e+01
-1.1529706859717441e+01
0.0000000000000000e+00
-1.1529706859717530e+01
-1.1529706859717530e+01
0.0000000000000000e+00
-1.1529706859717887e+01
-1.1529706859717887e+01
0.0000000000000000e+00
-1.1529706859717619e+01
-1.1529706859717619e+01
0.0000000000000000e+00
-1.1529706859717619e+01
-1.1529706859717619e+01
0.0000000000000000e+00
-1.1529680527893360e+01
-1.1529680527893360e+01
0.0000000000000000e+00
-1.1529706859717709e+01
-1.1529706859717709e+01
0.0000000000000000e+00
-1.1529706859717530e+01
-1.1529706859717530e+01
0.0000000000000000e+00
-1.1529706859717397e+01
-1.1529706859717397e+01
0.0000000000000000e+00
-1.1529706859717663e+01
-1.1529706859717663e+01
0.0000000000000000e+00
-1.1529680527893383e+01
-1.1529680527893383e+01
0.0000000000000000e+00
-1.1529706859717843e+01
-1.1529706859717843e+01
0.0000000000000000e+00
-1.1529706859717663e+01
-1.1529706859717663e+01
0.0000000000000000e+00
-1.1529706859717574e+01
-1.1529706859717574e+01
0.0000000000000000e+00
-1.1529706859717887e+01
-1.1529706859717887e+01
0.0000000000000000e+00
-1.1529706859717441e+01
-1.1529706859717441e+01
0.0000000000000000e+00
-1.1529706859717574e+01
-1.1529706859717574e+01
0.0000000000000000e+00
-1.1529706859717530e+01
-1.1529706859717530e+01
0.0000000000000000e+00
-1.1529706859717486e+01
-1.1529706859717486e+01
0.0000000000000000e+00
-1.1529706859717486e+01
-1.1529706859717486e+01
0.0000000000000000e+00
-1.1529706859717619e+01
-1.1529706859717619e+01
0.0000000000000000e+00
-1.1529706859717754e+01
-1.1529706859717754e+01
0.0000000000000000e+00
-1.1529706859717352e+01
-1.1529706859717352e+01
0.0000000000000000e+00
-1.1529706859717619e+01
-1.1529706859717619e+01
0.0000000000000000e+00
-1.1529706859718067e+01
-1.1529706859718067e+01
0.0000000000000000e+00
-1.1529706859717798e+01
-1.1529706859717798e+01
0.0000000000000000e+00
-1.1529706859717619e+01
-1.1529706859717619e+01
0.0000000000000000e+00
