3
250
-1.1529631049607447e+01
-1.1529631049607447e+01
0.0000000000000000e+00
-1.1529631049607580e+01
-1.1529631049607580e+01
0.0000000000000000e+00
-1.1529631049745356e+01
-1.1529631049745356e+01
0.0000000000000000e+00
-1.1529454127560708e+01
-1.1529454127560708e+01
0.0000000000000000e+00
-1.1529002340320961e+01
-1.1529002340320961e+01
0.0000000000000000e+00
-1.1529709380881680e+01
-1.1529709380881680e+01
0.0000000000000000e+00
-1.1529697147210527e+01
-1.1529697147210527e+01
0.0000000000000000e+00
-1.1529631050068931e+01
-1.1529631050068931e+01
0.0000000000000000e+00
-1.1529631049607536e+01
-1.1529631049607536e+01
0.0000000000000000e+00
-1.1529631026940987e+01
-1.1529631026940987e+01
0.0000000000000000e+00
-1.1529631047810783e+01
-1.1529631047810783e+01
0.0000000000000000e+00
-1.1529631049607403e+01
-1.1529631049607403e+01
0.0000000000000000e+00
-1.1529697147108902e+01
-1.1529697147108902e+01
0.0000000000000000e+00
-1.1529631049607403e+01
-1.1529631049607403e+01
0.0000000000000000e+00
-1.1529610152383732e+01
-1.1529610152383732e+01
0.0000000000000000e+00
-1.1529631049607403e+01
-1.1529631049607403e+01
0.0000000000000000e+00
-1.1529631049607403e+01
-1.1529631049607403e+01
0.0000000000000000e+00
-1.1529626907341967e+01
-1.1529626907341967e+01
0.0000000000000000e+00
-1.1529631040525000e+01
-1.1529631040525000e+01
0.0000000000000000e+00
-1.1529631049607669e+01
-1.1529631049607669e+01
0.0000000000000000e+00
-1.1529631049607357e+01
-1.1529631049607357e+01
0.0000000000000000e+00
-1.1529631049607403e+01
-1.1529631049607403e+01
0.0000000000000000e+00
-1.1529631049607312e+01
-1.1529631049607312e+01
0.0000000000000000e+00
-1.1529631049607357e+01
-1.1529631049607357e+01
0.0000000000000000e+00
-1.1528982482805448e+01
-1.1528982482805448e+01
0.0000000000000000e+00
-1.1529631049607312e+01
-1.1529631049607312e+01
0.0000000000000000e+00
-1.1529631049995245e+01
-1.1529631049995245e+01
0.0000000000000000e+00
-1.1529631049607312e+01
-1.1529631049607312e+01
0.0000000000000000e+00
-1.1529631049607357e+01
-1.1529631049607357e+01
0.0000000000000000e+00
-1.1529631049607357e+01
-1.1529631049607357e+01
0.0000000000000000e+00
-1.1529631049607357e+01
-1.1529631049607357e+01
0.0000000000000000e+00
-1.1529631024209436e+01
-1.1529631024209436e+01
0.0000000000000000e+00
-1.1529697147108500e+01
-1.1529697147108500e+01
0.0000000000000000e+00
-1.1529697147108500e+01
-1.1529697147108500e+01
0.0000000000000000e+00
-1.1529631049607223e+01
-1.1529631049607223e+01
0.0000000000000000e+00
-1.1529631049607492e+01
-1.1529631049607492e+01
0.0000000000000000e+00
-1.1529631049606420e+01
-1.1529631049606420e+01
0.0000000000000000e+00
-1.1529631049607403e+01
-1.1529631049607403e+01
0.0000000000000000e+00
-1.1551795708914874e+01
-1.1551795708914874e+01
0.0000000000000000e+00
-1.1529617788182318e+01
-1.1529617788182318e+01
0.0000000000000000e+00
-1.1529631049607312e+01
-1.1529631049607312e+01
0.0000000000000000e+00
-1.1529631049607312e+01
-1.1529631049607312e+01
0.0000000000000000e+00
-1.1529631049607403e+01
-1.1529631049607403e+01
0.0000000000000000e+00
-1.1529631049607312e+01
-1.1529631049607312e+01
0.0000000000000000e+00
-1.1529631049607357e+01
-1.1529631049607357e+01
0.0000000000000000e+00
-1.1571077262398781e+01
-1.1571077262398781e+01
0.0000000000000000e+00
-1.1530085475994952e+01
-1.1530085475994952e+01
0.0000000000000000e+00
-1.1529631049607492e+01
-1.1529631049607492e+01
0.0000000000000000e+00
-1.1529631025518508e+01
-1.1529631025518508e+01
0.0000000000000000e+00
-1.1529631049607447e+01
-1.1529631049607447e+01
0.0000000000000000e+00
-1.1529631049607312e+01
-1.1529631049607312e+01
0.0000000000000000e+00
-1.1529046039466836e+01
-1.1529046039466836e+01
0.0000000000000000e+00
-1.1529631049607357e+01
-1.1529631049607357e+01
0.0000000000000000e+00
-1.1529631049607357e+01
-1.1529631049607357e+01
0.0000000000000000e+00
-1.1529631049607312e+01
-1.1529631049607312e+01
0.0000000000000000e+00
-1.1529631049607447e+01
-1.1529631049607447e+01
0.0000000000000000e+00
-1.1529631083148733e+01
-1.1529631083148733e+01
0.0000000000000000e+00
-1.1528900857443853e+01
-1.1528900857443853e+01
0.0000000000000000e+00
-1.1529631049607536e+01
-1.1529631049607536e+01
0.0000000000000000e+00
-1.1529631025184401e+01
-1.1529631025184401e+01
0.0000000000000000e+00
-1.1529631049607179e+01
-1.1529631049607179e+01
0.0000000000000000e+00
-1.1529631049607536e+01
-1.1529631049607536e+01
0.0000000000000000e+00
-1.1529631049607312e+01
-1.1529631049607312e+01
0.0000000000000000e+00
-1.1529631049607268e+01
-1.1529631049607268e+01
0.0000000000000000e+00
-1.1529631049607357e+01
-1.1529631049607357e+01
0.0000000000000000e+00
-1.1529631049607357e+01
-1.1529631049607357e+01
0.0000000000000000e+00
-1.1529630854550311e+01
-1.1529630854550311e+01
0.0000000000000000e+00
-1.1529631049607357e+01
-1.1529631049607357e+01
0.0000000000000000e+00
-1.1529631049607312e+01
-1.1529631049607312e+01
0.0000000000000000e+00
-1.1529631049607447e+01
-1.1529631049607447e+01
0.0000000000000000e+00
-1.1529631049607223e+01
-1.1529631049607223e+01
0.0000000000000000e+00
-1.1529631049607403e+01
-1.1529631049607403e+01
0.0000000000000000e+00
-1.1529631049607312e+01
-1.1529631049607312e+01
0.0000000000000000e+00
-1.1529631049607447e+01
-1.1529631049607447e+01
0.0000000000000000e+00
-1.1529631049607447e+01
-1.1529631049607447e+01
0.0000000000000000e+00
-1.1529631049607403e+01
-1.1529631049607403e+01
0.0000000000000000e+00
-1.1529631049607447e+01
-1.1529631049607447e+01
0.0000000000000000e+00
-1.1529631049607403e+01
-1.1529631049607403e+01
0.0000000000000000e+00
-1.1529631049607357e+01
-1.1529631049607357e+01
0.0000000000000000e+00
-1.1529631049607403e+01
-1.1529631049607403e+01
0.0000000000000000e+00
-1.1529631049607447e+01
-1.1529631049607447e+01
0.0000000000000000e+00
-1.1529631049607357e+01
-1.1529631049607357e+01
0.0000000000000000e+00
-1.1529631049607312e+01
-1.1529631049607312e+01
0.0000000000000000e+00
-1.1529631049607447e+01
-1.1529631049607447e+01
0.0000000000000000e+00
-1.1529631049607357e+01
-1.1529631049607357e+01
0.0000000000000000e+00
-1.1529631049607312e+01
-1.1529631049607312e+01
0.0000000000000000e+00
-1.1529631049607447e+01
-1.1529631049607447e+01
0.0000000000000000e+00
-1.1529631049607312e+01
-1.1529631049607312e+01
0.0000000000000000e+00
-1.1529631049607447e+01
-1.1529631049607447e+01
0.0000000000000000e+00
-1.1529631049607403e+01
-1.1529631049607403e+01
0.0000000000000000e+00
-1.1529631049607447e+01
-1.1529631049607447e+01
0.0000000000000000e+00
-1.1529631049607357e+01
-1.1529631049607357e+01
0.0000000000000000e+00
-1.1529631049607492e+01
-1.1529631049607492e+01
0.0000000000000000e+00
-1.1529631049607447e+01
-1.1529631049607447e+01
0.0000000000000000e+00
-1.1529631049607357e+01
-1.1529631049607357e+01
0.0000000000000000e+00
-1.1529631049607403e+01
-1.1529631049607403e+01
0.0000000000000000e+00
-1.1529631049607403e+01
-1.1529631049607403e+01
0.0000000000000000e+00
-1.1529631049607357e+01
-1.1529631049607357e+01
0.0000000000000000e+00
-1.1529631049607357e+01
-1.1529631049607357e+01
0.0000000000000000e+00
-1.1529600304049392e+01
-1.1529600304049392e+01
0.0000000000000000e+00
-1.1529631049607403e+01
-1.1529631049607403e+01
0.0000000000000000e+00
-1.1529631049607447e+01
-1.1529631049607447e+01
0.0000000000000000e+00
-1.1529623622698830e+01
-1.1529623622698830e+01
0.0000000000000000e+00
-1.1529531370557894e+01
-1.1529531370557894e+01
0.0000000000000000e+00
-1.1529631049607447e+01
-1.1529631049607447e+01
0.0000000000000000e+00
-1.1529631049607312e+01
-1.1529631049607312e+01
0.0000000000000000e+00
-1.1529631049607536e+01
-1.1529631049607536e+01
0.0000000000000000e+00
-1.1529631049607312e+01
-1.1529631049607312e+01
0.0000000000000000e+00
-1.1529697147108545e+01
-1.1529697147108545e+01
0.0000000000000000e+00
-1.1529631049607403e+01
-1.1529631049607403e+01
0.0000000000000000e+00
-1.1529631049607447e+01
-1.1529631049607447e+01
0.0000000000000000e+00
-1.1529631049607312e+01
-1.1529631049607312e+01
0.0000000000000000e+00
-1.1529631049607357e+01
-1.1529631049607357e+01
0.0000000000000000e+00
-1.1529631049607179e+01
-1.1529631049607179e+01
0.0000000000000000e+00
-1.1529631049607403e+01
-1.1529631049607403e+01
0.0000000000000000e+00
-1.1529631049607357e+01
-1.1529631049607357e+01
0.0000000000000000e+00
-1.1529631049607403e+01
-1.1529631049607403e+01
0.0000000000000000e+00
-1.1529629823442853e+01
-1.1529629823442853e+01
0.0000000000000000e+00
-1.1529631049600619e+01
-1.1529631049600619e+01
0.0000000000000000e+00
-1.1529631049607357e+01
-1.1529631049607357e+01
0.0000000000000000e+00
-1.1529631049607357e+01
-1.1529631049607357e+01
0.0000000000000000e+00
-1.1529631049607357e+01
-1.1529631049607357e+01
0.0000000000000000e+00
-1.1529631049607403e+01
-1.1529631049607403e+01
0.0000000000000000e+00
-1.1529631049607179e+01
-1.1529631049607179e+01
0.0000000000000000e+00
-1.1529631049607536e+01
-1.1529631049607536e+01
0.0000000000000000e+00
-1.1529408227306345e+01
-1.1529408227306345e+01
0.0000000000000000e+00
-1.1529631049607223e+01
-1.1529631049607223e+01
0.0000000000000000e+00
-1.1529697147108365e+01
-1.1529697147108365e+01
0.0000000000000000e+00
-1.1529697147108456e+01
-1.1529697147108456e+01
0.0000000000000000e+00
-1.1529371433944455e+01
-1.1529371433944455e+01
0.0000000000000000e+00
-1.1529631049607357e+01
-1.1529631049607357e+01
0.0000000000000000e+00
-1.1529631049607536e+01
-1.1529631049607536e+01
0.0000000000000000e+00
-1.1529631049607492e+01
-1.1529631049607492e+01
0.0000000000000000e+00
-1.1529631049607403e+01
-1.1529631049607403e+01
0.0000000000000000e+00
-1.1529631049607312e+01
-1.1529631049607312e+01
0.0000000000000000e+00
-1.1529631049607447e+01
-1.1529631049607447e+01
0.0000000000000000e+00
-1.1529631049607357e+01
-1.1529631049607357e+01
0.0000000000000000e+00
-1.1529631049607179e+01
-1.1529631049607179e+01
0.0000000000000000e+00
-1.1529631049607312e+01
-1.1529631049607312e+01
0.0000000000000000e+00
-1.1529631049607268e+01
-1.1529631049607268e+01
0.0000000000000000e+00
-1.1529631049607492e+01
-1.1529631049607492e+01
0.0000000000000000e+00
-1.1529631049607357e+01
-1.1529631049607357e+01
0.0000000000000000e+00
-1.1529697162806237e+01
-1.1529697162806237e+01
0.0000000000000000e+00
-1.1529697147108724e+01
-1.1529697147108724e+01
0.0000000000000000e+00
-1.1529631049607447e+01
-1.1529631049607447e+01
0.0000000000000000e+00
-1.1529631049607357e+01
-1.1529631049607357e+01
0.0000000000000000e+00
-1.1529497346912052e+01
-1.1529497346912052e+01
0.0000000000000000e+00
-1.1529056018057586e+01
-1.1529056018057586e+01
0.0000000000000000e+00
-1.1529631049607312e+01
-1.1529631049607312e+01
0.0000000000000000e+00
-1.1529631049607492e+01
-1.1529631049607492e+01
0.0000000000000000e+00
-1.1529631049607403e+01
-1.1529631049607403e+01
0.0000000000000000e+00
-1.1529631049607357e+01
-1.1529631049607357e+01
0.0000000000000000e+00
-1.1843696453146707e+01
-1.1843696453146707e+01
0.0000000000000000e+00
-1.1529697147108500e+01
-1.1529697147108500e+01
0.0000000000000000e+00
-1.1529631049607268e+01
-1.1529631049607268e+01
0.0000000000000000e+00
-1.1529631049607312e+01
-1.1529631049607312e+01
0.0000000000000000e+00
-1.1529540070448004e+01
-1.1529540070448004e+01
0.0000000000000000e+00
-1.1529631045309484e+01
-1.1529631045309484e+01
0.0000000000000000e+00
-1.1529631049607536e+01
-1.1529631049607536e+01
0.0000000000000000e+00
-1.1529631049607447e+01
-1.1529631049607447e+01
0.0000000000000000e+00
-1.1529631049607447e+01
-1.1529631049607447e+01
0.0000000000000000e+00
-1.1529631049607403e+01
-1.1529631049607403e+01
0.0000000000000000e+00
-1.1529631049607492e+01
-1.1529631049607492e+01
0.0000000000000000e+00
-1.1529631049023450e+01
-1.1529631049023450e+01
0.0000000000000000e+00
-1.1529631031734084e+01
-1.1529631031734084e+01
0.0000000000000000e+00
-1.1529631049607447e+01
-1.1529631049607447e+01
0.0000000000000000e+00
-1.1529631049607536e+01
-1.1529631049607536e+01
0.0000000000000000e+00
-1.1529631049607312e+01
-1.1529631049607312e+01
0.0000000000000000e+00
-1.1529631049607312e+01
-1.1529631049607312e+01
0.0000000000000000e+00
-1.1529631049607403e+01
-1.1529631049607403e+01
0.0000000000000000e+00
-1.1529631049607447e+01
-1.1529631049607447e+01
0.0000000000000000e+00
-1.1529631049607357e+01
-1.1529631049607357e+01
0.0000000000000000e+00
-1.1529631049607357e+01
-1.1529631049607357e+01
0.0000000000000000e+00
-1.1895721419484385e+01
-1.1895721419484385e+01
0.0000000000000000e+00
-1.1529620398445317e+01
-1.1529620398445317e+01
0.0000000000000000e+00
-1.1529631049607357e+01
-1.1529631049607357e+01
0.0000000000000000e+00
-1.1529631049607312e+01
-1.1529631049607312e+01
0.0000000000000000e+00
-1.1529631049607403e+01
-1.1529631049607403e+01
0.0000000000000000e+00
-1.1529631049607403e+01
-1.1529631049607403e+01
0.0000000000000000e+00
-1.1529631049607403e+01
-1.1529631049607403e+01
0.0000000000000000e+00
-1.1529631049607268e+01
-1.1529631049607268e+01
0.0000000000000000e+00
-1.1529631049607312e+01
-1.1529631049607312e+01
0.0000000000000000e+00
-1.1529631049607447e+01
-1.1529631049607447e+01
0.0000000000000000e+00
-1.1529631049607403e+01
-1.1529631049607403e+01
0.0000000000000000e+00
-1.1529631049607403e+01
-1.1529631049607403e+01
0.0000000000000000e+00
-1.1529631049607357e+01
-1.1529631049607357e+01
0.0000000000000000e+00
-1.1529631049607357e+01
-1.1529631049607357e+01
0.0000000000000000e+00
-1.1529631049607268e+01
-1.1529631049607268e+01
0.0000000000000000e+00
-1.1529631049607447e+01
-1.1529631049607447e+01
0.0000000000000000e+00
-1.1529631049607312e+01
-1.1529631049607312e+01
0.0000000000000000e+00
-1.1529631049607447e+01
-1.1529631049607447e+01
0.0000000000000000e+00
-1.1529630803576348e+01
-1.1529630803576348e+01
0.0000000000000000e+00
-1.1529032132527671e+01
-1.1529032132527671e+01
0.0000000000000000e+00
-1.1529631032383822e+01
-1.1529631032383822e+01
0.0000000000000000e+00
-1.1528854584566586e+01
-1.1528854584566586e+01
0.0000000000000000e+00
-1.1528933513390802e+01
-1.1528933513390802e+01
0.0000000000000000e+00
-1.1529631049607268e+01
-1.1529631049607268e+01
0.0000000000000000e+00
-1.1529631049607268e+01
-1.1529631049607268e+01
0.0000000000000000e+00
-1.1529631049607447e+01
-1.1529631049607447e+01
0.0000000000000000e+00
-1.1529631049607447e+01
-1.1529631049607447e+01
0.0000000000000000e+00
-1.1529631049607312e+01
-1.1529631049607312e+01
0.0000000000000000e+00
-1.1529631049607447e+01
-1.1529631049607447e+01
0.0000000000000000e+00
-1.1529631049607492e+01
-1.1529631049607492e+01
0.0000000000000000e+00
-1.1529631049607357e+01
-1.1529631049607357e+01
0.0000000000000000e+00
-1.1529631049607357e+01
-1.1529631049607357e+01
0.0000000000000000e+00
-1.1529631049607268e+01
-1.1529631049607268e+01
0.0000000000000000e+00
-1.1529631045193668e+01
-1.1529631045193668e+01
0.0000000000000000e+00
-1.1529631049602582e+01
-1.1529631049602582e+01
0.0000000000000000e+00
-1.1529597133683930e+01
-1.1529597133683930e+01
0.0000000000000000e+00
-1.1529631049607357e+01
-1.1529631049607357e+01
0.0000000000000000e+00
-1.1529631049607357e+01
-1.1529631049607357e+01
0.0000000000000000e+00
-1.1529631049607492e+01
-1.1529631049607492e+01
0.0000000000000000e+00
-1.1529631049607268e+01
-1.1529631049607268e+01
0.0000000000000000e+00
-1.1529631049607403e+01
-1.1529631049607403e+01
0.0000000000000000e+00
-1.1529631049607403e+01
-1.1529631049607403e+01
0.0000000000000000e+00
-1.1529631049607447e+01
-1.1529631049607447e+01
0.0000000000000000e+00
-1.1529631049607492e+01
-1.1529631049607492e+01
0.0000000000000000e+00
-1.1529631049607357e+01
-1.1529631049607357e+01
0.0000000000000000e+00
-1.1529631049607223e+01
-1.1529631049607223e+01
0.0000000000000000e+00
-1.1529631049607357e+01
-1.1529631049607357e+01
0.0000000000000000e+00
-1.1529631049607268e+01
-1.1529631049607268e+01
0.0000000000000000e+00
-1.1529631048400402e+01
-1.1529631048400402e+01
0.0000000000000000e+00
-1.1529631049606733e+01
-1.1529631049606733e+01
0.0000000000000000e+00
-1.1529631049607403e+01
-1.1529631049607403e+01
0.0000000000000000e+00
-1.1529631049607312e+01
-1.1529631049607312e+01
0.0000000000000000e+00
-1.1529631049607223e+01
-1.1529631049607223e+01
0.0000000000000000e+00
-1.1529631049607312e+01
-1.1529631049607312e+01
0.0000000000000000e+00
-1.1529394222362043e+01
-1.1529394222362043e+01
0.0000000000000000e+00
-1.1529610658558376e+01
-1.1529610658558376e+01
0.0000000000000000e+00
-1.1529631049607403e+01
-1.1529631049607403e+01
0.0000000000000000e+00
-1.1529631049607357e+01
-1.1529631049607357e+01
0.0000000000000000e+00
-1.1529631049607312e+01
-1.1529631049607312e+01
0.0000000000000000e+00
-1.1529631049607312e+01
-1.1529631049607312e+01
0.0000000000000000e+00
-1.1529631049607403e+01
-1.1529631049607403e+01
0.0000000000000000e+00
-1.1529631049607403e+01
-1.1529631049607403e+01
0.0000000000000000e+00
-1.1529548833850836e+01
-1.1529548833850836e+01
0.0000000000000000e+00
-1.1529631049577143e+01
-1.1529631049577143e+01
0.0000000000000000e+00
-1.1529631049607492e+01
-1.1529631049607492e+01
0.0000000000000000e+00
-1.1529630843169862e+01
-1.1529630843169862e+01
0.0000000000000000e+00
-1.1529631049607403e+01
-1.1529631049607403e+01
0.0000000000000000e+00
-1.1529630932287500e+01
-1.1529630932287500e+01
0.0000000000000000e+00
-1.1529631049607268e+01
-1.1529631049607268e+01
0.0000000000000000e+00
-1.1529632977072149e+01
-1.1529632977072149e+01
0.0000000000000000e+00
-1.1529631049607357e+01
-1.1529631049607357e+01
0.0000000000000000e+00
-1.1529631049607447e+01
-1.1529631049607447e+01
0.0000000000000000e+00
-1.1529631049607580e+01
-1.1529631049607580e+01
0.0000000000000000e+00
-1.1529631049607447e+01
-1.1529631049607447e+01
0.0000000000000000e+00
-1.1529631049607312e+01
-1.1529631049607312e+01
0.0000000000000000e+00
-1.1530388931510123e+01
-1.1530388931510123e+01
0.0000000000000000e+00
-1.1529631049607403e+01
-1.1529631049607403e+01
0.0000000000000000e+00
