11
4
1.5411764705882353e-01
7.2992700729927005e-03
1.6645649432534679e-01
4.0141676505312868e-01
2.3446658851113715e-03
2.3952095808383233e-03
0.0000000000000000e+00
0.0000000000000000e+00
0.0000000000000000e+00
0.0000000000000000e+00
1.2260000000000000e-01
1.7000000000000001e-01
1.6439999999999999e-01
1.5859999999999999e-01
1.6940000000000000e-01
1.7060000000000000e-01
1.6700000000000001e-01
0.0000000000000000e+00
0.0000000000000000e+00
0.0000000000000000e+00
0.0000000000000000e+00
1.0000000000000000e+00
1.3100000000000000e+02
6.0000000000000000e+00
1.3200000000000000e+02
3.4000000000000000e+02
2.0000000000000000e+00
2.0000000000000000e+00
0.0000000000000000e+00
0.0000000000000000e+00
0.0000000000000000e+00
0.0000000000000000e+00
6.1300000000000000e+02
8.5000000000000000e+02
8.2200000000000000e+02
7.9300000000000000e+02
8.4700000000000000e+02
8.5300000000000000e+02
8.3500000000000000e+02
0.0000000000000000e+00
0.0000000000000000e+00
0.0000000000000000e+00
0.0000000000000000e+00
5.0000000000000000e+03
