smooth_mean, smooth_sdev, filter_mean, filter_sdev, x
-0.0159171,1.83973e-16,-0.0159171,1.83973e-16,0.0205427
-0.000777262,0.00432328,0.000515746,0.000977654,0.00484101
-0.00118019,0.00347131,-2.84962e-05,0.000668422,0.0139068
-0.000925872,0.00268676,-9.37699e-06,0.000596832,-0.0040537
-0.000392628,0.00246816,-3.04257e-05,0.000704503,-0.00563336
-0.000479588,0.0020664,-7.38195e-05,0.000568088,-0.0144366
-0.000884739,0.00160901,-1.38526e-05,0.000638234,-0.0174027
-0.000482478,0.00141142,3.84729e-06,0.000577077,-0.00243902
-0.000156536,0.00108544,1.51132e-05,0.000562609,0.00276047
-0.000349354,0.000999685,-6.37636e-05,0.000521489,0.00607168
-0.000151243,0.000967576,2.05617e-05,0.000548218,0.0129179
1.46409e-05,0.000802874,-4.31017e-06,0.000531185,0.0180259
-0.000212052,0.000695645,4.70199e-06,0.000543472,-0.000599232
-0.000272357,0.000859088,3.59287e-05,0.000558911,0.010306
-0.00030712,0.00109459,-4.78107e-06,0.000562802,0.00840098
-0.000223917,0.00140687,-3.32144e-05,0.000568344,-0.00485912
-2.90425e-05,0.00107692,-1.98129e-05,0.000565202,-0.000816411
4.73689e-05,0.000788675,1.71959e-07,0.000536355,-0.00548861
-0.000142722,0.000661123,-4.54873e-05,0.000506776,-0.00751744
0.000108267,0.000584855,3.08577e-06,0.000568867,-0.00183657
-3.34319e-05,0.000421621,2.17758e-05,0.000562067,0.000672303
4.35568e-05,0.000520529,-7.21883e-06,0.000539718,0.00269851
0.000346267,0.000645833,3.05829e-06,0.000543697,0.0101171
-0.00017823,0.00048566,2.19898e-05,0.000528483,0.0010311
9.26554e-05,0.00057126,-6.74507e-06,0.000521284,-0.00963108
-3.69119e-05,0.000458769,-2.39796e-06,0.000537463,-0.00816763
-9.71963e-05,0.000452304,1.1832e-05,0.000493607,-0.0236149
-0.000293415,0.000347812,-4.29769e-05,0.000527468,-0.0112052
9.15805e-05,0.000589417,-1.93028e-05,0.000543206,-0.0154869
-4.41011e-06,0.000533516,-2.88084e-06,0.000521774,-0.00491896
0.000147723,0.000314963,2.69088e-06,0.000552166,-0.00531722
-0.000140517,0.0005231,-2.26938e-05,0.000527056,-0.0234281
-4.61211e-05,0.000536507,4.50531e-06,0.000544531,-0.00734165
3.76906e-05,0.00050852,5.67891e-05,0.000546142,-0.00366733
5.23445e-05,0.000498321,2.25851e-05,0.000532372,-0.0113691
-0.000167224,0.000491739,-2.12249e-05,0.000505857,-0.0230119
0.000106965,0.000714333,-1.42311e-05,0.000513203,-0.0287863
-0.000130705,0.000609888,6.05661e-06,0.000544838,-0.0253326
0.00012883,0.000469875,2.76893e-05,0.000533733,-0.012535
-0.000165248,0.000427125,-1.90808e-06,0.000529146,-0.0168843
-0.000185858,0.000598781,-5.92592e-06,0.000532332,-0.0168627
-0.000293907,0.000417293,3.79994e-06,0.000574292,-0.0079312
0.000316905,0.000606456,3.4851e-05,0.00052484,-0.0106434
9.20681e-05,0.000343079,1.37713e-05,0.000503959,-0.0246617
-0.000182868,0.000595199,5.8119e-06,0.000553725,-0.0153521
-0.000321582,0.000401625,-2.67907e-05,0.000539218,0.0101904
-0.000186323,0.000493659,4.00561e-06,0.000525048,0.0168273
5.43027e-05,0.000668029,-1.009e-05,0.000538365,0.0132635
-5.70597e-05,0.000625881,-1.26968e-05,0.000556332,0.03179
-0.000159657,0.000512119,-1.07935e-07,0.000555439,0.0270782
-4.04532e-05,0.000457626,-8.14681e-05,0.000568314,0.0263415
-3.58968e-05,0.000586306,1.38095e-05,0.000537622,0.0260812
6.89563e-05,0.000529982,1.00286e-05,0.000520886,0.0219005
-0.000123438,0.000555735,-2.33649e-05,0.000545294,0.0173626
0.000138711,0.00065336,-2.48595e-05,0.000552112,0.0311096
0.000275301,0.000627373,1.04332e-05,0.000530274,0.00387381
7.64534e-05,0.000775847,-5.34136e-05,0.000561123,-0.00341655
0.00039959,0.000454887,-3.06005e-05,0.000573511,-0.00562723
0.00040637,0.000583153,1.40302e-05,0.000510918,-0.00218716
-0.000149865,0.00042605,-2.26657e-05,0.000552384,0.00675716
0.000135221,0.000551139,-2.73455e-05,0.000554438,-0.00285232
-6.39018e-05,0.000512205,-1.84544e-05,0.000523562,-0.00575734
6.92948e-05,0.000439582,3.48631e-05,0.000542918,0.00426792
0.000136406,0.000564059,-1.30401e-05,0.000556182,0.00297448
0.000251791,0.000458955,3.10374e-05,0.00052425,-0.00177767
8.42346e-05,0.00055581,-1.32649e-05,0.000563831,-0.0229012
-6.26103e-05,0.000612667,-8.59566e-06,0.000583409,-0.029988
-0.000144406,0.000374712,-3.83307e-05,0.000535027,-0.0268029
9.18006e-05,0.000708467,-3.60278e-05,0.000542166,-0.0422631
2.97619e-05,0.000394716,-1.88691e-05,0.00051505,-0.0285106
-4.04364e-05,0.000471915,-1.84324e-07,0.000544977,-0.0222553
2.09399e-05,0.00053076,3.15464e-05,0.000547531,-0.017864
-3.7159e-05,0.000520001,9.16962e-06,0.000515629,-0.0179191
0.000326391,0.000582107,-1.96833e-05,0.000559948,-0.0204713
-0.000189017,0.000682291,-9.6436e-06,0.00056418,-0.0129381
8.34228e-06,0.000558103,-1.38152e-05,0.00054871,0.00456381
-3.27121e-06,0.00052856,-1.00924e-05,0.000524953,-0.00101488
0.000112325,0.000361344,8.92653e-06,0.00053783,0.000420158
0.000138209,0.000455074,-1.8889e-05,0.000534407,0.00196982
-8.47276e-05,0.00041468,9.61638e-06,0.000531062,0.00182873
-8.54709e-05,0.000557164,-3.55342e-05,0.000537261,-0.0207674
3.99399e-05,0.000511123,1.31847e-05,0.000499289,-0.0113482
-1.8437e-06,0.000377919,7.28202e-07,0.000541393,0.00854946
7.78344e-06,0.000574496,2.72938e-05,0.000503781,0.00410892
3.88364e-06,0.000428106,-9.74124e-06,0.000520391,0.0117499
-9.56759e-05,0.000664818,-1.07406e-05,0.000551294,0.00279177
5.46262e-05,0.000784504,-4.18418e-05,0.000563908,-0.00346412
-2.30948e-05,0.000955443,6.23055e-06,0.000509898,-0.00378498
-5.41719e-05,0.000752837,-1.25627e-05,0.000534958,-0.00399311
4.86329e-06,0.000647364,3.0639e-06,0.000563798,-0.0168585
-0.000105004,0.000581092,2.28919e-05,0.000519951,-0.0273599
-0.000214281,0.000654693,2.50657e-05,0.000523712,-0.0109851
-0.000132211,0.000611361,-1.64362e-06,0.000541626,-0.016821
-5.4579e-05,0.000473947,9.43983e-06,0.000559517,-0.0341155
1.38381e-05,0.000413901,1.11915e-05,0.00053603,-0.0314102
-0.000115992,0.000700789,-4.08826e-05,0.000557534,-0.0146812
-0.000118274,0.000469677,-4.7013e-05,0.000559409,0.00432659
-7.35656e-05,0.000484832,-7.53448e-06,0.000551152,0.0150886
1.71333e-05,0.000407831,-2.2538e-05,0.000548524,0.0211602
-0.000153954,0.000390889,-2.00138e-05,0.000541605,0.0207451
-0.000121621,0.000451108,7.11636e-06,0.000547526,0.0263812
0.000282972,0.000637892,-5.11814e-05,0.000563333,0.0364869
9.43578e-05,0.000854857,-7.63225e-07,0.00056381,0.0194692
6.76905e-05,0.000800783,1.77078e-05,0.000535226,0.0127734
-0.000354638,0.000495002,-3.23142e-05,0.000535486,0.0132107
-2.96337e-05,0.000449158,-4.42156e-06,0.000540163,0.0185801
-0.000103396,0.000613291,3.28103e-05,0.000545398,0.035004
-0.000236961,0.00053714,3.37969e-05,0.00052729,0.0317164
-0.000127717,0.000774373,-3.12109e-05,0.000533485,0.0048175
-0.000138052,0.000662581,-1.37571e-05,0.000539565,-0.000102906
0.000255422,0.00070332,-7.29358e-06,0.000539359,-0.00478609
4.96965e-05,0.000570911,6.74553e-06,0.000553803,0.00460953
0.000104563,0.000663453,2.54714e-05,0.000511661,-0.00267355
0.000384173,0.000426607,2.17326e-05,0.000525754,0.00219155
4.20849e-05,0.00045419,-1.09994e-05,0.000514759,0.00533837
-0.000208281,0.00062816,-3.89607e-05,0.000555469,0.00944214
-4.36195e-05,0.000502859,2.61507e-05,0.000488914,0.00570579
-0.000154454,0.000454917,-3.78671e-05,0.000535029,0.00217197
6.60296e-05,0.000496075,4.53994e-05,0.000536088,0.0116576
5.30403e-05,0.00059612,1.26519e-05,0.000524437,0.0124271
6.99177e-05,0.00073423,1.9534e-05,0.000560142,-0.000802817
-0.000247804,0.000425011,-1.18261e-05,0.000539805,-0.0025241
-2.68431e-05,0.000295209,6.67496e-05,0.000526932,0.00839195
6.45481e-05,0.000435019,-4.0217e-05,0.00051171,-1.46406e-05
-9.69045e-05,0.000546082,-5.79849e-05,0.000572569,0.00143901
-0.000110593,0.0004855,-2.11884e-05,0.00052941,-0.0111053
-6.78979e-05,0.000530752,1.50055e-05,0.00053889,0.00565601
9.40046e-05,0.000443276,-2.30767e-05,0.000554268,0.00258289
4.7708e-05,0.000403429,3.3686e-05,0.000511858,0.0180132
-7.69559e-05,0.000501453,-3.18028e-06,0.000536408,0.012989
-6.64523e-05,0.000470041,-1.04458e-05,0.000543217,0.0068998
0.000139754,0.000373358,-2.61851e-05,0.000563556,-0.00480404
-0.00014635,0.000501316,2.16215e-05,0.000518254,-0.0188447
7.83511e-05,0.00050866,1.42948e-05,0.000543243,-0.016025
0.000312454,0.000647804,9.78511e-06,0.000575211,-0.0251237
5.00382e-06,0.000557255,-4.37737e-05,0.000547967,-0.0103657
0.0001744,0.000387909,-7.67474e-06,0.000554589,-0.0166515
6.81394e-05,0.000701788,3.61419e-05,0.000580527,-0.0138566
9.47191e-05,0.000599217,5.68577e-05,0.00055996,0.00604619
-4.04826e-05,0.000520583,-1.52519e-05,0.000554544,-0.00579377
-5.57994e-05,0.00045171,-1.9502e-06,0.000544309,0.0037061
-0.000157796,0.000547901,1.16947e-05,0.000535492,0.00315072
-0.000160373,0.000372545,-4.04115e-06,0.000571426,-0.020941
-5.36049e-05,0.000506015,-4.81178e-05,0.000547143,-0.021712
0.000128261,0.000628385,-1.76498e-05,0.000558912,-0.019654
-0.000100436,0.000556743,-1.04049e-05,0.000524004,0.00740243
-9.1601e-05,0.000537368,8.73991e-06,0.000532226,0.00893269
-0.000334677,0.000550949,2.23446e-05,0.00054114,0.0157042
0.00010647,0.000564908,1.176e-05,0.000512841,0.00397839
-5.31968e-05,0.000456484,-7.67859e-06,0.000554465,0.00632257
-0.000112519,0.000654049,-1.12064e-05,0.000554048,0.0150959
-3.50612e-06,0.000464368,2.8381e-05,0.0005212,0.0150997
3.56883e-05,0.000399351,3.31051e-05,0.0005352,0.00319542
-1.14874e-05,0.000451593,2.5839e-05,0.000534216,-0.00646034
9.5302e-06,0.000446566,2.89497e-05,0.000536808,-0.00824092
4.29777e-06,0.000438979,-2.47527e-05,0.00052966,-0.0043245
4.42721e-05,0.000551335,-5.05782e-06,0.000547911,0.00524877
9.4428e-05,0.000560659,-4.28751e-05,0.000532861,-0.00727407
-0.000109695,0.000564936,-3.06575e-05,0.000557722,-0.0124815
-4.69956e-06,0.000463253,1.86353e-05,0.000529375,-0.00732813
0.000211499,0.000575907,-2.99502e-05,0.000564677,0.00190984
-4.13309e-05,0.000558963,-1.39337e-05,0.000585262,0.00330065
2.32859e-05,0.000697083,1.5932e-05,0.000544577,-0.00530284
-0.000105989,0.000447217,2.00547e-05,0.000557192,-0.00914059
-6.04904e-05,0.000529326,-9.92747e-06,0.000537564,-0.00828718
-0.000121474,0.000518485,4.93544e-06,0.000553782,-0.0270828
-0.000151837,0.000502523,-6.02387e-06,0.000502365,-0.0317736
0.000106969,0.000531488,9.50361e-06,0.000537441,-0.0178122
7.61673e-05,0.000548859,-6.92333e-06,0.00053235,-0.0105325
-6.31729e-05,0.000416855,-5.95582e-05,0.000537328,-0.00221155
6.58009e-05,0.00047288,-5.55584e-08,0.000521596,-0.0047872
5.95603e-05,0.000595929,-1.83608e-05,0.000559605,-0.0108334
-3.61357e-05,0.000526036,-2.48477e-06,0.000533081,-2.0184e-05
2.01959e-06,0.000508143,-6.78604e-05,0.000517272,-0.00788492
-3.52693e-05,0.000464661,-9.53119e-06,0.000490202,-0.00996049
-3.0898e-06,0.000471458,3.69628e-05,0.000518708,-0.00226165
5.76991e-05,0.000574251,3.54662e-06,0.000522751,-0.00266322
-4.68044e-05,0.000491528,-4.22834e-05,0.00055117,-0.00402111
-6.48217e-05,0.000511388,-2.01985e-05,0.000560075,-0.00847958
7.28058e-06,0.000506655,-1.71858e-06,0.000524952,-0.00720925
8.54349e-05,0.000510619,1.8212e-05,0.000539991,-0.00244738
5.59913e-05,0.000522219,-1.68189e-06,0.000497774,-0.00843377
5.61235e-05,0.000580969,5.16783e-06,0.000533983,-0.0219216
-5.80775e-05,0.000593306,1.83659e-05,0.000544623,-0.0230176
-2.07353e-05,0.000523165,-7.17967e-05,0.000549245,-0.00363829
7.16558e-05,0.000491954,-6.94574e-07,0.000523723,-0.023146
0.000135471,0.000436668,9.19509e-06,0.000538548,-0.0136119
7.08804e-05,0.000489019,3.49829e-06,0.000488778,-0.00782224
-2.65141e-05,0.000524521,2.16089e-05,0.000570881,-0.00499677
-1.67076e-05,0.000523181,-2.62465e-05,0.000522362,-0.0142511
-1.62159e-05,0.000570387,1.51924e-05,0.000541513,-0.0134157
3.85603e-05,0.000547468,3.03897e-06,0.000542335,-0.0167057
1.13802e-05,0.000557045,-2.9196e-05,0.00055783,-0.0176053
9.40221e-05,0.00054109,1.89497e-05,0.000554022,-0.0131037
-7.80815e-05,0.000519728,-1.51454e-05,0.000549803,-0.0077867
6.45223e-05,0.000571209,2.53666e-05,0.000535044,0.0152745
4.5391e-06,0.000566921,1.17096e-05,0.000553474,0.0156381
2.17971e-05,0.00052813,1.51453e-05,0.000532625,0.00361102
-9.31835e-06,0.000564844,-3.16068e-05,0.000555153,0.0142086
-1.21968e-05,0.000487764,-1.63806e-05,0.000499463,-0.0115112
7.41016e-06,0.000529154,7.41016e-06,0.000529154,0.00146777
