10
141
-2.2097491124013569e-01
9.3225722168191090e-03
4.9026853640330942e-01
1.1772937131929652e-02
-2.6907934839290114e+01
5.5848293282627095e+00
5.9999999999999998e-01
-1.0000000000000001e-01
0.0000000000000000e+00
4.0000000000000002e-01
-2.4070406594613697e-01
7.3641056720717569e-03
-1.8668228394584724e-01
7.0919124064851069e-02
-2.6029518733930320e+01
6.1576287658489282e+00
5.9999999999999998e-01
-1.0000000000000001e-01
0.0000000000000000e+00
4.0000000000000002e-01
7.3400108429397065e-02
7.3641056720717569e-03
-3.8619419447379189e-01
2.6150307951379084e-02
-2.6258726082753867e+01
5.8700222020572959e+00
5.9999999999999998e-01
-1.0000000000000001e-01
0.0000000000000000e+00
4.0000000000000002e-01
-1.9669949003795292e-01
7.3641056720717569e-03
-8.5094039060641058e-02
3.8115436373162531e-02
-2.6271650226425859e+01
6.3744765212363550e+00
5.9999999999999998e-01
-1.0000000000000001e-01
0.0000000000000000e+00
4.0000000000000002e-01
4.3740522986909236e-01
7.3641056720717569e-03
-3.6295035890536387e-01
3.7481450138497616e-02
-2.5912334957730504e+01
6.2731604298180894e+00
5.9999999999999998e-01
-1.0000000000000001e-01
0.0000000000000000e+00
4.0000000000000002e-01
1.2343145376702636e-01
7.3641056720717569e-03
-2.9724532536463816e-01
1.2950762395362880e-01
-2.5312229886662692e+01
5.4193504115170787e+00
5.9999999999999998e-01
-1.0000000000000001e-01
0.0000000000000000e+00
4.0000000000000002e-01
3.5747735923787444e-01
8.3172033656938697e-03
-7.4025039962725725e-01
1.6471940479974773e-01
-2.5614959374081824e+01
4.8418024232215240e+00
5.9999999999999998e-01
-1.0000000000000001e-01
0.0000000000000000e+00
4.0000000000000002e-01
-9.2226790816823156e-01
8.3172033656938697e-03
-4.3077857114840468e-02
1.8879267106007364e-01
-2.5122502390306924e+01
4.0406710816151445e+00
5.9999999999999998e-01
-1.0000000000000001e-01
0.0000000000000000e+00
4.0000000000000002e-01
-8.7553562236224680e-02
8.3172033656938697e-03
8.1006819643778705e-01
8.0937436317909034e-02
-2.4894301091146204e+01
4.1687293981737428e+00
5.9999999999999998e-01
-1.0000000000000001e-01
0.0000000000000000e+00
4.0000000000000002e-01
-8.7132637811099589e-02
8.3172033656938697e-03
-3.1054793498711680e-01
8.0338919078815255e-02
-2.5558621013176175e+01
4.3584099625772765e+00
5.9999999999999998e-01
-1.0000000000000001e-01
0.0000000000000000e+00
4.0000000000000002e-01
3.6533525230994313e-01
8.3172033656938697e-03
-9.1714461364318045e-02
1.9656888937461654e-02
-2.5337204779696201e+01
4.5691405793256088e+00
5.9999999999999998e-01
-1.0000000000000001e-01
0.0000000000000000e+00
4.0000000000000002e-01
-6.7077764985451604e-01
8.3172033656938697e-03
-2.6484571246663147e-01
1.2056160602520730e-01
-2.5155428998183943e+01
4.4872720991796777e+00
5.9999999999999998e-01
-1.0000000000000001e-01
0.0000000000000000e+00
4.0000000000000002e-01
-5.2688905460128688e-01
8.3172033656938697e-03
-7.1606465911725570e-01
2.9841655863333011e-02
-2.6272643792640899e+01
4.0760673636174731e+00
5.9999999999999998e-01
-1.0000000000000001e-01
0.0000000000000000e+00
4.0000000000000002e-01
-8.0827631178612003e-01
8.3172033656938697e-03
-9.2027843689778865e-01
2.2354215754080090e-02
-2.7152100021636592e+01
2.5225864437944221e+00
5.9999999999999998e-01
-1.0000000000000001e-01
0.0000000000000000e+00
4.0000000000000002e-01
-7.5522621932739498e-01
1.0248923995028320e-02
-5.2979240403515648e-03
9.1616548312711973e-02
-2.6712998310721019e+01
2.7908728571212817e+00
5.9999999999999998e-01
-1.0000000000000001e-01
0.0000000000000000e+00
4.0000000000000002e-01
-5.9334500256294498e-01
1.2290810995231452e-02
2.3974702233215739e-01
4.0884385479498173e-02
-2.5413897360174460e+01
4.3632628174102832e+00
5.9999999999999998e-01
-1.0000000000000001e-01
0.0000000000000000e+00
4.0000000000000002e-01
-6.1503149795645962e-01
1.0431145228873076e-02
-5.1456110691884593e-01
1.7482487333822516e-02
-2.5232121282501620e+01
4.3604153686738538e+00
5.9999999999999998e-01
-1.0000000000000001e-01
0.0000000000000000e+00
4.0000000000000002e-01
-3.1224451291674860e-01
1.0431145228873076e-02
-3.3091095483163435e-01
1.3014944208669929e-02
-2.5692485299019616e+01
4.3776157358265451e+00
5.9999999999999998e-01
-1.0000000000000001e-01
0.0000000000000000e+00
4.0000000000000002e-01
-4.6190980184191954e-01
1.0431145228873076e-02
8.3541063690325179e-01
5.0295177860069540e-02
-2.5246412526874341e+01
5.6969823339558170e+00
5.9999999999999998e-01
-1.0000000000000001e-01
0.0000000000000000e+00
4.0000000000000002e-01
2.4294065785294289e-01
8.2426755395336778e-03
3.6539592617889793e-01
2.2315600795555383e-02
-2.5735866346268455e+01
6.2792846064618759e+00
5.9999999999999998e-01
-1.0000000000000001e-01
0.0000000000000000e+00
4.0000000000000002e-01
-1.2312730360144852e-01
8.2426755395336778e-03
-6.2167110597947695e-01
6.8983641905594126e-02
-2.4791842485277453e+01
6.6150979797891312e+00
5.9999999999999998e-01
-1.0000000000000001e-01
0.0000000000000000e+00
4.0000000000000002e-01
4.0683091996963017e-02
8.2426755395336778e-03
-5.0797255048761225e-01
1.2668541757564566e-01
-2.6005271916894714e+01
6.6681573994061880e+00
5.9999999999999998e-01
-1.0000000000000001e-01
0.0000000000000000e+00
4.0000000000000002e-01
4.8743249166560698e-03
8.2426755395336778e-03
-6.3257168064126845e-01
1.0505703284393571e-01
-2.5424300133495134e+01
7.1589589953026698e+00
5.9999999999999998e-01
-1.0000000000000001e-01
0.0000000000000000e+00
4.0000000000000002e-01
4.0894846928005940e-01
8.2426755395336778e-03
-7.6886756131658429e-01
1.3931269509147423e-01
-2.5926892453467016e+01
6.7100482448539669e+00
5.9999999999999998e-01
-1.0000000000000001e-01
0.0000000000000000e+00
4.0000000000000002e-01
4.0222021636253114e-01
8.2426755395336778e-03
-4.9666831666836625e-01
8.4674800610053710e-02
-2.4139242371951706e+01
6.5144748493633209e+00
5.9999999999999998e-01
-1.0000000000000001e-01
0.0000000000000000e+00
4.0000000000000002e-01
8.8392937152440398e-02
8.2426755395336778e-03
-7.5249963516602403e-01
2.2140825843322456e-02
-2.3638416817819245e+01
6.3841449398151591e+00
5.9999999999999998e-01
-1.0000000000000001e-01
0.0000000000000000e+00
4.0000000000000002e-01
1.7809802262837779e-02
8.2426755395336778e-03
4.7163265263428800e-01
9.8804303264129340e-02
-2.3007798241858847e+01
4.7707942772260861e+00
5.9999999999999998e-01
-1.0000000000000001e-01
0.0000000000000000e+00
4.0000000000000002e-01
1.8590131967122447e-02
8.2426755395336778e-03
-2.4408432090887899e-01
3.2815028792131135e-02
-2.3051104088907607e+01
5.1355717394105147e+00
5.9999999999999998e-01
-1.0000000000000001e-01
0.0000000000000000e+00
4.0000000000000002e-01
3.9933827397113547e-01
8.2426755395336778e-03
-5.3223190391669162e-01
1.0930838978837745e-01
-2.3288863339310055e+01
4.7566587719670483e+00
5.9999999999999998e-01
-1.0000000000000001e-01
0.0000000000000000e+00
4.0000000000000002e-01
6.2579940766727438e-01
8.2426755395336778e-03
-7.1690186718711746e-01
1.2488721469591872e-01
-2.2735427929495934e+01
4.1568116377643287e+00
5.9999999999999998e-01
-1.0000000000000001e-01
0.0000000000000000e+00
4.0000000000000002e-01
3.5148939282333369e-01
8.2426755395336778e-03
-3.8281908612931265e-01
1.1282305643509641e-01
-2.3156710054015285e+01
4.3460388285876226e+00
5.9999999999999998e-01
-1.0000000000000001e-01
0.0000000000000000e+00
4.0000000000000002e-01
5.0233071238433835e-01
8.2426755395336778e-03
-2.7093061357969539e-01
1.4123238722037090e-01
-2.4010265888308648e+01
4.5292130528320529e+00
5.9999999999999998e-01
-1.0000000000000001e-01
0.0000000000000000e+00
4.0000000000000002e-01
5.9837051338310132e-02
6.0056483116551068e-03
2.4028253413503864e-01
1.1007507422368541e-01
-2.4069239600037697e+01
4.6531757356901631e+00
5.9999999999999998e-01
-1.0000000000000001e-01
0.0000000000000000e+00
4.0000000000000002e-01
7.1492235214149469e-01
1.3459060039798812e-02
5.9023073054617159e-01
2.5222876499177566e-03
-2.3396347074245575e+01
3.6815307008405194e+00
5.9999999999999998e-01
-1.0000000000000001e-01
0.0000000000000000e+00
4.0000000000000002e-01
9.5484082013999938e-01
1.3399231788186267e-01
7.7799418605631099e-01
2.5222876499177566e-03
-2.2724100375210405e+01
3.6776935527403816e+00
5.9999999999999998e-01
-1.0000000000000001e-01
0.0000000000000000e+00
4.0000000000000002e-01
9.4875990898048401e-01
1.6545177253750992e-01
-8.1732034869725001e-01
2.5222876499177566e-03
-2.2782568980043290e+01
2.9668187210638983e+00
5.9999999999999998e-01
-1.0000000000000001e-01
0.0000000000000000e+00
4.0000000000000002e-01
5.2823820418472334e-02
1.0849305754570200e-01
-3.4598520346218842e-01
2.5222876499177566e-03
-2.1080661556345877e+01
3.0370528491516575e+00
5.9999999999999998e-01
-1.0000000000000001e-01
0.0000000000000000e+00
4.0000000000000002e-01
-1.8344981520736692e-01
1.8131723063854410e-01
8.8988314442103611e-01
2.5222876499177566e-03
-2.1122123125416692e+01
3.5684597747703073e+00
5.9999999999999998e-01
-1.0000000000000001e-01
0.0000000000000000e+00
4.0000000000000002e-01
5.5808371514713295e-01
7.7310797390024236e-02
9.4100218407576797e-01
2.5222876499177566e-03
-2.0921205255237872e+01
3.5502009319444174e+00
5.9999999999999998e-01
-1.0000000000000001e-01
0.0000000000000000e+00
4.0000000000000002e-01
-4.4593560128772719e-01
1.4320800956766183e-02
-2.5373776085907696e-01
2.5222876499177566e-03
-2.0422684018127619e+01
4.3659137239982364e+00
5.9999999999999998e-01
-1.0000000000000001e-01
0.0000000000000000e+00
4.0000000000000002e-01
-3.6890251010024999e-01
3.2527055856267993e-02
2.5288457803195247e-01
2.0098219456853024e-03
-1.9443521741591393e+01
4.6676088175107715e+00
5.9999999999999998e-01
-1.0000000000000001e-01
0.0000000000000000e+00
4.0000000000000002e-01
2.1069314188118235e-02
6.5669691082517703e-02
-7.2014191873604527e-01
2.3761003183902850e-03
-1.8769399074278770e+01
4.7608136406470987e+00
5.9999999999999998e-01
-1.0000000000000001e-01
0.0000000000000000e+00
4.0000000000000002e-01
1.0703726202880884e-01
9.1437972423116756e-02
-5.9897043693112306e-01
2.3761003183902850e-03
-1.9192789474595333e+01
4.1118217518855777e+00
5.9999999999999998e-01
-1.0000000000000001e-01
0.0000000000000000e+00
4.0000000000000002e-01
-6.1020007341468785e-01
3.0454474142248826e-02
-5.2936805534409459e-01
2.3761003183902850e-03
-1.9108810247946522e+01
3.7692893689800937e+00
5.9999999999999998e-01
-1.0000000000000001e-01
0.0000000000000000e+00
4.0000000000000002e-01
-7.0272008254492724e-01
4.4728465652520852e-02
5.4169116434408249e-01
2.3761003183902850e-03
-1.8730458684731268e+01
4.6607995583047108e+00
5.9999999999999998e-01
-1.0000000000000001e-01
0.0000000000000000e+00
4.0000000000000002e-01
6.6904505655800861e-01
3.4257482147271832e-02
6.0097420093370491e-01
2.3761003183902850e-03
-1.8497407059557730e+01
5.6222970946063233e+00
5.9999999999999998e-01
-1.0000000000000001e-01
0.0000000000000000e+00
4.0000000000000002e-01
9.1794113562142410e-01
2.4381561566000717e-01
3.7654184666229307e-01
2.4811061861695397e-03
-1.8426406268961717e+01
6.0563425196637342e+00
5.9999999999999998e-01
-1.0000000000000001e-01
0.0000000000000000e+00
4.0000000000000002e-01
6.5053956315552741e-01
2.8354491991406222e-01
-3.1616598147200509e-01
2.4811061861695397e-03
-1.7899336345680048e+01
7.8567539749969670e+00
5.9999999999999998e-01
-1.0000000000000001e-01
0.0000000000000000e+00
4.0000000000000002e-01
1.5184998080765760e-01
4.4238836169844409e-01
-5.3972829799400723e-01
2.4811061861695397e-03
-1.6935789344646029e+01
8.5439047215809065e+00
5.9999999999999998e-01
-1.0000000000000001e-01
0.0000000000000000e+00
4.0000000000000002e-01
7.0648254678284683e-01
4.6499804151659752e-01
-1.6477758095134909e-02
2.4811061861695397e-03
-1.7143261886574319e+01
9.2835862456192206e+00
5.9999999999999998e-01
-1.0000000000000001e-01
0.0000000000000000e+00
4.0000000000000002e-01
1.3164852664505999e-01
5.2144835317736415e-01
-9.7418741986621871e-02
2.4811061861695397e-03
-1.7418345644511273e+01
1.0021500976227685e+01
5.9999999999999998e-01
-1.0000000000000001e-01
0.0000000000000000e+00
4.0000000000000002e-01
-5.9953644587958288e-01
6.6006923878794466e-01
-6.9758809845196157e-01
2.4811061861695397e-03
-1.7427177582122379e+01
1.0071348404029846e+01
5.9999999999999998e-01
-1.0000000000000001e-01
0.0000000000000000e+00
4.0000000000000002e-01
-6.0439890458548495e-01
7.6012622668450636e-01
2.0764847946120349e-01
2.4811061861695397e-03
-1.8147319974564009e+01
9.3285704283812034e+00
5.9999999999999998e-01
-1.0000000000000001e-01
0.0000000000000000e+00
4.0000000000000002e-01
-8.4569765544796416e-01
7.8733820488160411e-01
-5.0260197418974784e-01
2.5570059035675274e-03
-1.8829434944409869e+01
9.7491388126113403e+00
5.9999999999999998e-01
-1.0000000000000001e-01
0.0000000000000000e+00
4.0000000000000002e-01
1.1741904102897210e-01
7.1902514579003607e-01
-2.3051161158131506e-01
2.5570059035675274e-03
-1.8828190614562473e+01
8.8502082277857657e+00
5.9999999999999998e-01
-1.0000000000000001e-01
0.0000000000000000e+00
4.0000000000000002e-01
1.6936660074328944e-01
7.0080086959754961e-01
3.6278814089251604e-01
2.5570059035675274e-03
-1.8189362109731874e+01
8.7003742386423948e+00
5.9999999999999998e-01
-1.0000000000000001e-01
0.0000000000000000e+00
4.0000000000000002e-01
1.6273434006309079e-01
7.6962309886371627e-01
6.5710534107638430e-01
2.5570059035675274e-03
-1.8693262213002885e+01
8.5517400015913854e+00
5.9999999999999998e-01
-1.0000000000000001e-01
0.0000000000000000e+00
4.0000000000000002e-01
-3.4016219463391950e-03
8.9889110179101961e-01
-2.1465925221564353e-01
2.5570059035675274e-03
-1.9142981595825397e+01
8.9879438851796980e+00
5.9999999999999998e-01
-1.0000000000000001e-01
0.0000000000000000e+00
4.0000000000000002e-01
-8.0645411587620219e-01
8.9365242250120169e-01
-4.7654519443633148e-01
2.5570059035675274e-03
-1.9691163617651906e+01
9.7313375177630181e+00
5.9999999999999998e-01
-1.0000000000000001e-01
0.0000000000000000e+00
4.0000000000000002e-01
-5.9171453631782955e-01
9.2001343662893298e-01
-5.9167941962601733e-01
2.5570059035675274e-03
-1.9362396309059111e+01
9.4285579970874771e+00
5.9999999999999998e-01
-1.0000000000000001e-01
0.0000000000000000e+00
4.0000000000000002e-01
9.8112660729026357e-01
9.7364403422033330e-01
-8.5607636724831659e-01
2.5570059035675274e-03
-1.9716308406274766e+01
1.0231750582794188e+01
5.9999999999999998e-01
-1.0000000000000001e-01
0.0000000000000000e+00
4.0000000000000002e-01
8.2977033042048975e-01
1.0946180079714014e+00
-4.7772303556325035e-01
2.4240450476066813e-03
-1.9331098461430525e+01
1.0454002201447722e+01
5.9999999999999998e-01
-1.0000000000000001e-01
0.0000000000000000e+00
4.0000000000000002e-01
7.3986772679423862e-01
1.1161462887567086e+00
4.7987895513651768e-01
2.4240450476066813e-03
-1.7821913612168284e+01
9.6467606200673526e+00
5.9999999999999998e-01
-1.0000000000000001e-01
0.0000000000000000e+00
4.0000000000000002e-01
-9.2474884606266450e-01
1.2519253088053865e+00
4.4508006903109959e-01
2.4240450476066813e-03
-1.8233471334259960e+01
1.1612897200772995e+01
5.9999999999999998e-01
-1.0000000000000001e-01
0.0000000000000000e+00
4.0000000000000002e-01
-6.2575562036896182e-01
1.3310963340815707e+00
-7.2249667492928094e-01
2.4240450476066813e-03
-1.9259567121998408e+01
1.2793640017400019e+01
5.9999999999999998e-01
-1.0000000000000001e-01
0.0000000000000000e+00
4.0000000000000002e-01
-5.7688408769035759e-01
1.3971019306000874e+00
-1.3580420975806295e-01
2.4240450476066813e-03
-1.9414425290958029e+01
1.2473808666954271e+01
5.9999999999999998e-01
-1.0000000000000001e-01
0.0000000000000000e+00
4.0000000000000002e-01
-7.3802507511640014e-01
1.2011330352541609e+00
3.4604890609858452e-01
2.4240450476066813e-03
-1.8869874177710155e+01
1.3797682306061022e+01
5.9999999999999998e-01
-1.0000000000000001e-01
0.0000000000000000e+00
4.0000000000000002e-01
-8.7971420130992362e-01
1.3189953354117079e+00
-7.0159862538101248e-01
2.4240450476066813e-03
-1.8394252508529469e+01
1.3463381339872710e+01
5.9999999999999998e-01
-1.0000000000000001e-01
0.0000000000000000e+00
4.0000000000000002e-01
-1.3327017120385598e-01
1.4639006582018539e+00
1.8886145810363730e-01
2.4240450476066813e-03
-1.7886476367362786e+01
1.4181056250894898e+01
5.9999999999999998e-01
-1.0000000000000001e-01
0.0000000000000000e+00
4.0000000000000002e-01
-8.2593350461984083e-01
1.4446216925647664e+00
2.2088502253172834e-01
2.4240450476066813e-03
-1.6614198997267533e+01
1.3466638231726819e+01
5.9999999999999998e-01
-1.0000000000000001e-01
0.0000000000000000e+00
4.0000000000000002e-01
3.5641457029318402e-01
1.4817666524913715e+00
4.2808043773053134e-01
2.4240450476066813e-03
-1.5820854866155432e+01
1.3639303067775899e+01
5.9999999999999998e-01
-1.0000000000000001e-01
0.0000000000000000e+00
4.0000000000000002e-01
-1.8148178122306272e-01
1.4943891501095699e+00
7.0257414723513567e-01
2.4240450476066813e-03
-1.6150997855165052e+01
1.3581242010632987e+01
5.9999999999999998e-01
-1.0000000000000001e-01
0.0000000000000000e+00
4.0000000000000002e-01
-4.9060313946867390e-01
1.5266553185549185e+00
8.3387383962748496e-01
2.8025699843423112e-03
-1.5330530450888920e+01
1.3040833953658574e+01
5.9999999999999998e-01
-1.0000000000000001e-01
0.0000000000000000e+00
4.0000000000000002e-01
-6.5905832178259305e-01
1.5845153005686210e+00
7.4701413463334781e-02
2.8025699843423112e-03
-1.6718750753649520e+01
1.3036409962812892e+01
5.9999999999999998e-01
-1.0000000000000001e-01
0.0000000000000000e+00
4.0000000000000002e-01
6.3256779783105443e-01
1.5956863749590324e+00
2.5362091238377549e-01
2.8025699843423112e-03
-1.6154803938535050e+01
1.2776995493362177e+01
5.9999999999999998e-01
-1.0000000000000001e-01
0.0000000000000000e+00
4.0000000000000002e-01
-4.2458263523245254e-01
1.5622932750549721e+00
-7.8322614346863761e-01
2.8025699843423112e-03
-1.6248727933433845e+01
1.2468477966526974e+01
5.9999999999999998e-01
-1.0000000000000001e-01
0.0000000000000000e+00
4.0000000000000002e-01
-2.9610325969124235e-01
1.4799772827294277e+00
-7.9189462770940799e-01
5.0465906698958611e-03
-1.7354165255394769e+01
1.2173010595778457e+01
5.9999999999999998e-01
-1.0000000000000001e-01
0.0000000000000000e+00
4.0000000000000002e-01
5.1728645168876242e-01
1.5073697043922354e+00
-4.3056242366554281e-01
5.1539896129401061e-03
-1.7493923033517792e+01
1.2604178246653159e+01
5.9999999999999998e-01
-1.0000000000000001e-01
0.0000000000000000e+00
4.0000000000000002e-01
4.7610844396686147e-01
1.5121386773851324e+00
-4.7029295915970648e-01
5.1539896129401061e-03
-1.8052287742239429e+01
1.3075796797669014e+01
5.9999999999999998e-01
-1.0000000000000001e-01
0.0000000000000000e+00
4.0000000000000002e-01
-5.5936394998077454e-02
1.5620436077979019e+00
-8.6759469747776230e-01
5.1539896129401061e-03
-1.8842440464836550e+01
1.2830556669628701e+01
5.9999999999999998e-01
-1.0000000000000001e-01
0.0000000000000000e+00
4.0000000000000002e-01
-1.0911705202722928e-01
1.5080378517773558e+00
-9.9304149598116132e-01
5.1539896129401061e-03
-1.8100510927778672e+01
1.2948409872672043e+01
5.9999999999999998e-01
-1.0000000000000001e-01
0.0000000000000000e+00
4.0000000000000002e-01
3.9438836686944567e-01
1.3693904933002401e+00
-8.2186619967455132e-01
5.1539896129401061e-03
-1.9152157710236498e+01
1.2637698640844308e+01
5.9999999999999998e-01
-1.0000000000000001e-01
0.0000000000000000e+00
4.0000000000000002e-01
3.6438915186261739e-01
1.4072043639686513e+00
-7.8045869320863959e-01
4.3894023968608711e-03
-1.8428919057291935e+01
1.2821168364754401e+01
5.9999999999999998e-01
-1.0000000000000001e-01
0.0000000000000000e+00
4.0000000000000002e-01
8.3578880243634790e-01
1.3954238387164282e+00
3.5417324475711109e-01
4.3894023968608711e-03
-1.7932606409233994e+01
1.1432124974748573e+01
5.9999999999999998e-01
-1.0000000000000001e-01
0.0000000000000000e+00
4.0000000000000002e-01
4.9694436394309599e-01
1.4774891048487830e+00
1.9183425716822866e-01
4.3894023968608711e-03
-1.8862646558997223e+01
1.1960894627294026e+01
5.9999999999999998e-01
-1.0000000000000001e-01
0.0000000000000000e+00
4.0000000000000002e-01
2.0368787907695374e-01
1.5076167660173583e+00
-4.2597546674544090e-01
4.3894023968608711e-03
-1.8884839270380329e+01
1.1707471697854334e+01
5.9999999999999998e-01
-1.0000000000000001e-01
0.0000000000000000e+00
4.0000000000000002e-01
3.0328809522723749e-01
1.5045105795529294e+00
-7.8289470471674671e-01
4.4601842834384774e-03
-1.9287146994587971e+01
1.2646605976747805e+01
5.9999999999999998e-01
-1.0000000000000001e-01
0.0000000000000000e+00
4.0000000000000002e-01
5.9664100550746513e-01
1.4395297640380071e+00
4.0446188948815587e-01
3.7271906061799860e-03
-1.9031848190468740e+01
1.1966034706758792e+01
5.9999999999999998e-01
-1.0000000000000001e-01
0.0000000000000000e+00
4.0000000000000002e-01
3.1751934908961843e-01
1.3721301365908782e+00
-3.3869052298599944e-01
3.7271906061799860e-03
-1.9242312833783220e+01
1.2211712059455451e+01
5.9999999999999998e-01
-1.0000000000000001e-01
0.0000000000000000e+00
4.0000000000000002e-01
4.3757540546989027e-01
1.4017795384344263e+00
3.9665917627280489e-01
3.7271906061799860e-03
-1.8864855449763130e+01
1.2128226209508714e+01
5.9999999999999998e-01
-1.0000000000000001e-01
0.0000000000000000e+00
4.0000000000000002e-01
-1.1738484598064836e-01
1.3131345410761042e+00
7.2519144735997454e-01
2.5583838297756050e-03
-1.9780486332369037e+01
1.1381432647334870e+01
5.9999999999999998e-01
-1.0000000000000001e-01
0.0000000000000000e+00
4.0000000000000002e-01
-2.4708898521328382e-01
1.3482012707409066e+00
-4.5590867775027522e-02
2.5583838297756050e-03
-1.8714467590046119e+01
1.1781454312505659e+01
5.9999999999999998e-01
-1.0000000000000001e-01
0.0000000000000000e+00
4.0000000000000002e-01
-6.0621500349903523e-01
1.2532113109496039e+00
4.8578039161628039e-01
2.5583838297756050e-03
-1.8238898426503880e+01
1.2809324559273659e+01
5.9999999999999998e-01
-1.0000000000000001e-01
0.0000000000000000e+00
4.0000000000000002e-01
1.7162806772327005e-01
1.2131382467415734e+00
-6.2119612939888680e-01
2.5583838297756050e-03
-1.8418952113599524e+01
1.4365750083031593e+01
5.9999999999999998e-01
-1.0000000000000001e-01
0.0000000000000000e+00
4.0000000000000002e-01
7.1207572840785560e-01
1.1416331545379563e+00
-4.7543021517340821e-02
2.5583838297756050e-03
-1.8076415548683148e+01
1.4668514242472586e+01
5.9999999999999998e-01
-1.0000000000000001e-01
0.0000000000000000e+00
4.0000000000000002e-01
5.7100091122722207e-01
1.1551525584426328e+00
9.2515819974010727e-01
2.5583838297756050e-03
-1.7974621838540774e+01
1.3437254795136388e+01
5.9999999999999998e-01
-1.0000000000000001e-01
0.0000000000000000e+00
4.0000000000000002e-01
5.3194479637479364e-01
1.0251280180778903e+00
7.1950597114628090e-01
2.5583838297756050e-03
-1.7220592921436769e+01
1.4583846188785964e+01
5.9999999999999998e-01
-1.0000000000000001e-01
0.0000000000000000e+00
4.0000000000000002e-01
2.0471785806750825e-01
1.1120631926175757e+00
-1.8922028474742625e-01
3.1750759853751993e-03
-1.7083657492161734e+01
1.4740685178043778e+01
5.9999999999999998e-01
-1.0000000000000001e-01
0.0000000000000000e+00
4.0000000000000002e-01
-6.6602777636909916e-01
1.1339579218444034e+00
-4.5027649544412340e-01
3.9130972622664307e-03
-1.6471777662099342e+01
1.4455341219606336e+01
5.9999999999999998e-01
-1.0000000000000001e-01
0.0000000000000000e+00
4.0000000000000002e-01
4.9070618950461903e-01
1.1045374438580675e+00
-6.3318088613683421e-01
3.9130972622664307e-03
-1.5617600567848427e+01
1.4382909752132830e+01
5.9999999999999998e-01
-1.0000000000000001e-01
0.0000000000000000e+00
4.0000000000000002e-01
2.2648190282916594e-01
1.0812512336787388e+00
7.1036793917184626e-01
3.9130972622664307e-03
-1.5288626926974398e+01
1.3806830814185082e+01
5.9999999999999998e-01
-1.0000000000000001e-01
0.0000000000000000e+00
4.0000000000000002e-01
2.4372862481212187e-01
1.1342088759583042e+00
2.7847960695391460e-01
3.9130972622664307e-03
-1.5840256854728802e+01
1.3309911387863099e+01
5.9999999999999998e-01
-1.0000000000000001e-01
0.0000000000000000e+00
4.0000000000000002e-01
-9.3019596196079701e-01
1.1998679589670704e+00
7.6161946788197321e-01
3.9130972622664307e-03
-1.6462878004298549e+01
1.3137413787546098e+01
5.9999999999999998e-01
-1.0000000000000001e-01
0.0000000000000000e+00
4.0000000000000002e-01
-9.5005011297131037e-01
1.2412548925322102e+00
9.8678030386334226e-01
3.9130972622664307e-03
-1.7398646879778248e+01
1.2456099322142542e+01
5.9999999999999998e-01
-1.0000000000000001e-01
0.0000000000000000e+00
4.0000000000000002e-01
-8.5827273643875568e-01
1.2445741637390659e+00
4.0045838184421828e-01
3.9130972622664307e-03
-1.8329440011666158e+01
1.2134173327388705e+01
5.9999999999999998e-01
-1.0000000000000001e-01
0.0000000000000000e+00
4.0000000000000002e-01
-9.8980267948770961e-01
1.2673489056271121e+00
-2.4156283684307761e-01
3.9130972622664307e-03
-1.8501753947720868e+01
1.1552329104098023e+01
5.9999999999999998e-01
-1.0000000000000001e-01
0.0000000000000000e+00
4.0000000000000002e-01
5.1153480582570587e-01
1.3882368233841464e+00
1.0663265131181054e-01
3.9130972622664307e-03
-1.8623833931074483e+01
1.1624489456119479e+01
5.9999999999999998e-01
-1.0000000000000001e-01
0.0000000000000000e+00
4.0000000000000002e-01
-6.7803105297798349e-01
1.3915678509813354e+00
3.8258596531813915e-01
3.9130972622664307e-03
-1.7138363582477915e+01
1.1965804201068819e+01
5.9999999999999998e-01
-1.0000000000000001e-01
0.0000000000000000e+00
4.0000000000000002e-01
-9.7287301841491880e-01
1.3410735013824508e+00
2.3638639084761925e-01
3.9130972622664307e-03
-1.7007278466806760e+01
1.2814623951057433e+01
5.9999999999999998e-01
-1.0000000000000001e-01
0.0000000000000000e+00
4.0000000000000002e-01
1.2904766735320861e-01
1.4086005084109112e+00
1.6654017857974357e-01
3.9130972622664307e-03
-1.7861597675667156e+01
1.2075307319203853e+01
5.9999999999999998e-01
-1.0000000000000001e-01
0.0000000000000000e+00
4.0000000000000002e-01
5.9445383068805513e-01
1.4804392475676342e+00
-3.8399048336083103e-01
3.9130972622664307e-03
-1.8083822393999448e+01
1.1949965484703421e+01
5.9999999999999998e-01
-1.0000000000000001e-01
0.0000000000000000e+00
4.0000000000000002e-01
4.8307924239690825e-02
1.5009891877364918e+00
-8.9560362823540374e-01
3.9130972622664307e-03
-1.7441744238720283e+01
1.1502471639106513e+01
5.9999999999999998e-01
-1.0000000000000001e-01
0.0000000000000000e+00
4.0000000000000002e-01
3.3450128373390009e-01
1.3674473223876760e+00
-9.9493998788530047e-01
3.9130972622664307e-03
-1.7105699971341533e+01
1.1881438731292727e+01
5.9999999999999998e-01
-1.0000000000000001e-01
0.0000000000000000e+00
4.0000000000000002e-01
8.0466163036113558e-01
1.2923396163177294e+00
-6.3800510682398504e-01
3.9130972622664307e-03
-1.6464647557609720e+01
1.2895602805058006e+01
5.9999999999999998e-01
-1.0000000000000001e-01
0.0000000000000000e+00
4.0000000000000002e-01
5.3342772838359664e-01
1.2188847129237457e+00
-6.3357997112209030e-01
3.9130972622664307e-03
-1.6561064129346054e+01
1.3059939511755950e+01
5.9999999999999998e-01
-1.0000000000000001e-01
0.0000000000000000e+00
4.0000000000000002e-01
7.9497336265331109e-01
1.2108398749124807e+00
2.5385285682743364e-01
3.9130972622664307e-03
-1.8240021669142880e+01
1.2568170614058619e+01
5.9999999999999998e-01
-1.0000000000000001e-01
0.0000000000000000e+00
4.0000000000000002e-01
3.1862277266269523e-01
1.2113796761822504e+00
-8.5342207201058085e-01
3.9130972622664307e-03
-1.7830000691884202e+01
1.1321016552562364e+01
5.9999999999999998e-01
-1.0000000000000001e-01
0.0000000000000000e+00
4.0000000000000002e-01
-7.9323800201827688e-01
1.3295713793676895e+00
-1.9087399311596576e-01
3.9130972622664307e-03
-1.6919530492299241e+01
1.1584018179292331e+01
5.9999999999999998e-01
-1.0000000000000001e-01
0.0000000000000000e+00
4.0000000000000002e-01
-7.0352963324004814e-01
1.3898676837128205e+00
2.6203916840022368e-01
3.9130972622664307e-03
-1.8130231835716408e+01
1.1699785145635257e+01
5.9999999999999998e-01
-1.0000000000000001e-01
0.0000000000000000e+00
4.0000000000000002e-01
-2.7736580717677284e-01
1.3727603102665946e+00
5.9228735409444133e-01
3.9130972622664307e-03
-1.7744878634088678e+01
1.1624884324783929e+01
5.9999999999999998e-01
-1.0000000000000001e-01
0.0000000000000000e+00
4.0000000000000002e-01
-2.6261618758851696e-01
1.3416415240508124e+00
7.5036421142285625e-01
3.9130972622664307e-03
-1.7681291987770241e+01
1.1394639944548258e+01
5.9999999999999998e-01
-1.0000000000000001e-01
0.0000000000000000e+00
4.0000000000000002e-01
5.2115629289930654e-01
1.3369076413255734e+00
-4.6528328813845354e-01
3.3576012476117943e-03
-1.6837639825814406e+01
1.2400702868665110e+01
5.9999999999999998e-01
-1.0000000000000001e-01
0.0000000000000000e+00
4.0000000000000002e-01
-5.2467867548877423e-01
1.3262606512647670e+00
-8.7862959282938968e-02
5.5430225058229303e-03
-1.6540008876868526e+01
1.2757180275286089e+01
5.9999999999999998e-01
-1.0000000000000001e-01
0.0000000000000000e+00
4.0000000000000002e-01
8.8836342070883079e-01
1.2763910611015361e+00
4.0849673000629437e-02
5.5430225058229303e-03
-1.6600563236442397e+01
1.2841177063698421e+01
5.9999999999999998e-01
-1.0000000000000001e-01
0.0000000000000000e+00
4.0000000000000002e-01
2.0261621688192644e-01
1.2384619852644005e+00
4.8125768115277780e-02
5.5430225058229303e-03
-1.6318551732716152e+01
1.4358448265756023e+01
5.9999999999999998e-01
-1.0000000000000001e-01
0.0000000000000000e+00
4.0000000000000002e-01
-2.8835995863491737e-01
1.2283607686799565e+00
1.2738606642698813e-01
5.5430225058229303e-03
-1.5499813890573572e+01
1.4982802008355511e+01
5.9999999999999998e-01
-1.0000000000000001e-01
0.0000000000000000e+00
4.0000000000000002e-01
-8.2537441323811245e-01
1.0969236627858678e+00
-2.3020811189198920e-01
6.0973122640283440e-03
-1.5137576621142220e+01
1.4463742562646521e+01
5.9999999999999998e-01
-1.0000000000000001e-01
0.0000000000000000e+00
4.0000000000000002e-01
-6.6793132434899050e-01
1.0902305183750192e+00
-2.3299231279874275e-01
6.0973122640283440e-03
-1.5826807841868142e+01
1.4016461225117100e+01
5.9999999999999998e-01
-1.0000000000000001e-01
0.0000000000000000e+00
4.0000000000000002e-01
-6.1300230155998903e-01
1.1955068644028704e+00
6.6340439429040443e-02
6.0973122640283440e-03
-1.4018376434058883e+01
1.3716911758000506e+01
5.9999999999999998e-01
-1.0000000000000001e-01
0.0000000000000000e+00
4.0000000000000002e-01
-9.5151532362515168e-01
1.0100974228125614e+00
2.5408931892132330e-01
6.0973122640283440e-03
-1.4587582058296539e+01
1.2624532962853564e+01
5.9999999999999998e-01
-1.0000000000000001e-01
0.0000000000000000e+00
4.0000000000000002e-01
-9.1649509146178210e-01
9.4433713576612888e-01
-5.5301532495999772e-01
6.0973122640283440e-03
-1.5195986705482937e+01
1.2473646993453158e+01
5.9999999999999998e-01
-1.0000000000000001e-01
0.0000000000000000e+00
4.0000000000000002e-01
7.6867855355774917e-01
9.4318080863771847e-01
-2.7884793926263290e-01
6.0973122640283440e-03
-1.4227073207427747e+01
1.1581802945102108e+01
5.9999999999999998e-01
-1.0000000000000001e-01
0.0000000000000000e+00
4.0000000000000002e-01
7.9205955193078093e-01
9.2265841086624079e-01
7.2545215952908559e-01
5.7624895646007394e-03
-1.3657890295912511e+01
1.2821853079909932e+01
5.9999999999999998e-01
-1.0000000000000001e-01
0.0000000000000000e+00
4.0000000000000002e-01
7.9205955193078093e-01
1.0157017117333216e+00
6.4881476212060007e-01
5.7624895646007394e-03
-1.2949454727699047e+01
1.3425099966565618e+01
5.9999999999999998e-01
-1.0000000000000001e-01
0.0000000000000000e+00
4.0000000000000002e-01
1.5624533152933634e-02
8.8401196696279483e-01
5.5898565549170520e-01
3.9986615403325891e-03
-1.3783741398085841e+01
1.2290397497902164e+01
5.9999999999999998e-01
-1.0000000000000001e-01
0.0000000000000000e+00
4.0000000000000002e-01
4.7625084445511873e-01
8.3761962153432812e-01
2.5169496703660021e-01
5.2470479829938741e-03
-1.4361569292773492e+01
1.3497751798674004e+01
5.9999999999999998e-01
-1.0000000000000001e-01
0.0000000000000000e+00
4.0000000000000002e-01
8.7593018130099343e-01
8.4427538372991529e-01
8.1165101159131070e-01
5.2470479829938741e-03
-1.5399234572355633e+01
1.3143459301635165e+01
5.9999999999999998e-01
-1.0000000000000001e-01
0.0000000000000000e+00
4.0000000000000002e-01
8.4263268069064190e-01
8.1234790613172503e-01
5.0494603622471823e-01
5.2470479829938741e-03
-1.5263065785472278e+01
1.3364929657622714e+01
5.9999999999999998e-01
-1.0000000000000001e-01
0.0000000000000000e+00
4.0000000000000002e-01
-3.8487403615677779e-01
8.6799833880780186e-01
7.1327638435875906e-01
5.2470479829938741e-03
-1.5860011111502532e+01
1.3689721550240655e+01
5.9999999999999998e-01
-1.0000000000000001e-01
0.0000000000000000e+00
4.0000000000000002e-01
-9.8995340689385358e-01
8.6586231659768054e-01
-3.2114814233267763e-01
5.2470479829938741e-03
-1.5706463031773453e+01
1.3381296152814764e+01
5.9999999999999998e-01
-1.0000000000000001e-01
0.0000000000000000e+00
4.0000000000000002e-01
-4.5549107886219448e-01
8.5602671085713333e-01
2.6218112576519986e-01
5.2470479829938741e-03
-1.6455213104491122e+01
1.3094489133178730e+01
5.9999999999999998e-01
-1.0000000000000001e-01
0.0000000000000000e+00
4.0000000000000002e-01
