11
4
1.7034313725490197e-01
3.0467762326169406e-01
1.9850187265917604e-01
6.2165308498253780e-01
3.7671232876712327e-02
4.9008168028004666e-02
0.0000000000000000e+00
0.0000000000000000e+00
0.0000000000000000e+00
0.0000000000000000e+00
2.2960000000000000e-01
1.6320000000000001e-01
1.5820000000000001e-01
1.6020000000000001e-01
1.7180000000000001e-01
1.7519999999999999e-01
1.7140000000000000e-01
0.0000000000000000e+00
0.0000000000000000e+00
0.0000000000000000e+00
0.0000000000000000e+00
1.0000000000000000e+00
1.3900000000000000e+02
2.4100000000000000e+02
1.5900000000000000e+02
5.3400000000000000e+02
3.3000000000000000e+01
4.2000000000000000e+01
0.0000000000000000e+00
0.0000000000000000e+00
0.0000000000000000e+00
0.0000000000000000e+00
1.1480000000000000e+03
8.1600000000000000e+02
7.9100000000000000e+02
8.0100000000000000e+02
8.5900000000000000e+02
8.7600000000000000e+02
8.5700000000000000e+02
0.0000000000000000e+00
0.0000000000000000e+00
0.0000000000000000e+00
0.0000000000000000e+00
5.0000000000000000e+03
