10
133
-8.2946587291750973e-02
9.9169821153856841e-01
-5.0572794493171458e-01
1.7106290580695585e-04
5.0000000000000003e-02
2.9999999999999999e-02
5.9999999999999998e-01
-1.0000000000000001e-01
0.0000000000000000e+00
4.0000000000000002e-01
2.2991501006092957e-02
8.9518076992310602e-01
-8.9289515580865619e-01
1.7106290580695585e-04
5.0000000000000003e-02
2.9999999999999999e-02
5.9999999999999998e-01
-1.0000000000000001e-01
0.0000000000000000e+00
4.0000000000000002e-01
-9.3647922852376464e-01
9.0206945094741908e-01
-3.4939234953257309e-01
1.7106290580695585e-04
5.0000000000000003e-02
2.9999999999999999e-02
5.9999999999999998e-01
-1.0000000000000001e-01
0.0000000000000000e+00
4.0000000000000002e-01
-9.0008869567254557e-01
8.4960151121296013e-01
-7.6832254867884386e-01
1.7106290580695585e-04
5.0000000000000003e-02
2.9999999999999999e-02
5.9999999999999998e-01
-1.0000000000000001e-01
0.0000000000000000e+00
4.0000000000000002e-01
-5.0143884429076691e-01
8.6730221244968486e-01
-5.9565544705721607e-01
1.7106290580695585e-04
5.0000000000000003e-02
2.9999999999999999e-02
5.9999999999999998e-01
-1.0000000000000001e-01
0.0000000000000000e+00
4.0000000000000002e-01
7.1117415732404210e-01
7.9227991614021365e-01
-7.8447054352494927e-01
1.7106290580695585e-04
5.0000000000000003e-02
2.9999999999999999e-02
5.9999999999999998e-01
-1.0000000000000001e-01
0.0000000000000000e+00
4.0000000000000002e-01
-3.6833676935473453e-01
7.5774318489708015e-01
-5.2188271548482623e-01
1.7106290580695585e-04
5.0000000000000003e-02
2.9999999999999999e-02
5.9999999999999998e-01
-1.0000000000000001e-01
0.0000000000000000e+00
4.0000000000000002e-01
-8.6353765406945704e-01
8.0559416100658476e-01
5.4669727024153070e-03
1.7106290580695585e-04
5.0000000000000003e-02
2.9999999999999999e-02
5.9999999999999998e-01
-1.0000000000000001e-01
0.0000000000000000e+00
4.0000000000000002e-01
2.5329130462070942e-01
8.6405451581157733e-01
-1.5983942497405262e-01
1.7106290580695585e-04
5.0000000000000003e-02
2.9999999999999999e-02
5.9999999999999998e-01
-1.0000000000000001e-01
0.0000000000000000e+00
4.0000000000000002e-01
3.3273274591824054e-01
7.6211561259903027e-01
-2.3161010790499900e-01
1.7106290580695585e-04
5.0000000000000003e-02
2.9999999999999999e-02
5.9999999999999998e-01
-1.0000000000000001e-01
0.0000000000000000e+00
4.0000000000000002e-01
5.1178227866699932e-01
7.5469495591796942e-01
-2.4771817136439539e-01
1.7106290580695585e-04
5.0000000000000003e-02
2.9999999999999999e-02
5.9999999999999998e-01
-1.0000000000000001e-01
0.0000000000000000e+00
4.0000000000000002e-01
-4.4140946661422015e-01
6.9957542392514649e-01
-2.2136127639445521e-01
1.7106290580695585e-04
5.0000000000000003e-02
2.9999999999999999e-02
5.9999999999999998e-01
-1.0000000000000001e-01
0.0000000000000000e+00
4.0000000000000002e-01
-2.9472463946158051e-01
7.1615646356247364e-01
-4.5685019131633509e-01
3.3654650161033585e-04
5.0000000000000003e-02
2.9999999999999999e-02
5.9999999999999998e-01
-1.0000000000000001e-01
0.0000000000000000e+00
4.0000000000000002e-01
-7.8234623651320101e-01
7.4719740304254001e-01
-4.1699457522365324e-01
3.3654650161033585e-04
5.0000000000000003e-02
2.9999999999999999e-02
5.9999999999999998e-01
-1.0000000000000001e-01
0.0000000000000000e+00
4.0000000000000002e-01
-8.7134883026892318e-01
8.3444092625282718e-01
-4.7094031806918857e-01
3.3654650161033585e-04
5.0000000000000003e-02
2.9999999999999999e-02
5.9999999999999998e-01
-1.0000000000000001e-01
0.0000000000000000e+00
4.0000000000000002e-01
-9.1655427675062784e-01
7.9926790958546112e-01
-3.3985895749065159e-01
3.3654650161033585e-04
5.0000000000000003e-02
2.9999999999999999e-02
5.9999999999999998e-01
-1.0000000000000001e-01
0.0000000000000000e+00
4.0000000000000002e-01
6.9368025754278517e-01
7.9984088870786141e-01
-5.6648370023700467e-01
3.3654650161033585e-04
5.0000000000000003e-02
2.9999999999999999e-02
5.9999999999999998e-01
-1.0000000000000001e-01
0.0000000000000000e+00
4.0000000000000002e-01
6.1182708655184126e-01
7.8366842862866803e-01
-3.2897623102995621e-01
3.3654650161033585e-04
5.0000000000000003e-02
2.9999999999999999e-02
5.9999999999999998e-01
-1.0000000000000001e-01
0.0000000000000000e+00
4.0000000000000002e-01
-1.3118032302076010e-01
9.3926199593298110e-01
-4.6300302099320156e-01
3.3654650161033585e-04
5.0000000000000003e-02
2.9999999999999999e-02
5.9999999999999998e-01
-1.0000000000000001e-01
0.0000000000000000e+00
4.0000000000000002e-01
9.4442060743158662e-01
8.7487786879293594e-01
-5.5530394863220911e-01
3.3654650161033585e-04
5.0000000000000003e-02
2.9999999999999999e-02
5.9999999999999998e-01
-1.0000000000000001e-01
0.0000000000000000e+00
4.0000000000000002e-01
4.6600294892376276e-01
8.7037603322319679e-01
-5.3979851852986083e-01
3.3654650161033585e-04
5.0000000000000003e-02
2.9999999999999999e-02
5.9999999999999998e-01
-1.0000000000000001e-01
0.0000000000000000e+00
4.0000000000000002e-01
1.4093895201271389e-01
8.4242887727074311e-01
-7.8442554969224210e-01
3.3654650161033585e-04
5.0000000000000003e-02
2.9999999999999999e-02
5.9999999999999998e-01
-1.0000000000000001e-01
0.0000000000000000e+00
4.0000000000000002e-01
5.6784655932968464e-01
8.5546774689011273e-01
-5.5453401598031693e-01
3.3654650161033585e-04
5.0000000000000003e-02
2.9999999999999999e-02
5.9999999999999998e-01
-1.0000000000000001e-01
0.0000000000000000e+00
4.0000000000000002e-01
3.1666398090010489e-01
8.3140563497595477e-01
-1.9612354307907698e-03
3.3654650161033585e-04
5.0000000000000003e-02
2.9999999999999999e-02
5.9999999999999998e-01
-1.0000000000000001e-01
0.0000000000000000e+00
4.0000000000000002e-01
2.1694161426907391e-01
8.2084884080938991e-01
-1.5235209050471965e-01
3.3654650161033585e-04
5.0000000000000003e-02
2.9999999999999999e-02
5.9999999999999998e-01
-1.0000000000000001e-01
0.0000000000000000e+00
4.0000000000000002e-01
-4.1234836611265330e-01
7.9994935104899090e-01
3.2289833155577002e-01
3.3654650161033585e-04
5.0000000000000003e-02
2.9999999999999999e-02
5.9999999999999998e-01
-1.0000000000000001e-01
0.0000000000000000e+00
4.0000000000000002e-01
-5.5869049462789677e-01
7.6963730177931466e-01
2.1662283835117635e-01
3.3654650161033585e-04
5.0000000000000003e-02
2.9999999999999999e-02
5.9999999999999998e-01
-1.0000000000000001e-01
0.0000000000000000e+00
4.0000000000000002e-01
4.7171092775350426e-01
7.9078533664993911e-01
5.6486238268320388e-01
3.3654650161033585e-04
5.0000000000000003e-02
2.9999999999999999e-02
5.9999999999999998e-01
-1.0000000000000001e-01
0.0000000000000000e+00
4.0000000000000002e-01
-1.9608757137620822e-01
7.0758480076394958e-01
6.5962779012625050e-01
1.9864557823157027e-04
5.0000000000000003e-02
2.9999999999999999e-02
5.9999999999999998e-01
-1.0000000000000001e-01
0.0000000000000000e+00
4.0000000000000002e-01
4.1019843936597922e-01
6.5930751484535621e-01
4.3112358150188762e-01
1.9864557823157027e-04
5.0000000000000003e-02
2.9999999999999999e-02
5.9999999999999998e-01
-1.0000000000000001e-01
0.0000000000000000e+00
4.0000000000000002e-01
2.4369730532800765e-01
5.9047713139556335e-01
8.0589557741885032e-01
2.5393886445080949e-04
5.0000000000000003e-02
2.9999999999999999e-02
5.9999999999999998e-01
-1.0000000000000001e-01
0.0000000000000000e+00
4.0000000000000002e-01
9.0035711378490535e-01
5.7974425235293792e-01
4.8346587319974732e-01
2.5393886445080949e-04
5.0000000000000003e-02
2.9999999999999999e-02
5.9999999999999998e-01
-1.0000000000000001e-01
0.0000000000000000e+00
4.0000000000000002e-01
7.8610438675319760e-01
6.2673090019725253e-01
9.7967888613347842e-01
2.5393886445080949e-04
5.0000000000000003e-02
2.9999999999999999e-02
5.9999999999999998e-01
-1.0000000000000001e-01
0.0000000000000000e+00
4.0000000000000002e-01
5.0523154825603567e-01
5.5857110449574909e-01
6.6072865744237730e-01
2.5393886445080949e-04
5.0000000000000003e-02
2.9999999999999999e-02
5.9999999999999998e-01
-1.0000000000000001e-01
0.0000000000000000e+00
4.0000000000000002e-01
-7.3905661045873572e-01
6.3759191498063528e-01
5.7848866720800229e-01
2.5393886445080949e-04
5.0000000000000003e-02
2.9999999999999999e-02
5.9999999999999998e-01
-1.0000000000000001e-01
0.0000000000000000e+00
4.0000000000000002e-01
-2.6387594639623579e-01
7.0445843085549786e-01
3.1971749474410827e-01
2.5393886445080949e-04
5.0000000000000003e-02
2.9999999999999999e-02
5.9999999999999998e-01
-1.0000000000000001e-01
0.0000000000000000e+00
4.0000000000000002e-01
-2.3095459877813285e-01
7.9781492862008518e-01
-3.2971207600786118e-02
2.5393886445080949e-04
5.0000000000000003e-02
2.9999999999999999e-02
5.9999999999999998e-01
-1.0000000000000001e-01
0.0000000000000000e+00
4.0000000000000002e-01
-3.2093944429719873e-01
5.9362476858399793e-01
5.4106521477107827e-01
2.5393886445080949e-04
5.0000000000000003e-02
2.9999999999999999e-02
5.9999999999999998e-01
-1.0000000000000001e-01
0.0000000000000000e+00
4.0000000000000002e-01
3.9039454222356834e-01
4.9235338315270816e-01
6.2861663431976855e-01
2.3012789338817908e-04
5.0000000000000003e-02
2.9999999999999999e-02
5.9999999999999998e-01
-1.0000000000000001e-01
0.0000000000000000e+00
4.0000000000000002e-01
-9.9366686224306067e-01
4.9121661683820167e-01
9.5900707879220071e-01
2.3012789338817908e-04
5.0000000000000003e-02
2.9999999999999999e-02
5.9999999999999998e-01
-1.0000000000000001e-01
0.0000000000000000e+00
4.0000000000000002e-01
-3.1302511452997167e-01
4.6695279047913824e-01
8.3369285148684813e-01
2.3012789338817908e-04
5.0000000000000003e-02
2.9999999999999999e-02
5.9999999999999998e-01
-1.0000000000000001e-01
0.0000000000000000e+00
4.0000000000000002e-01
-9.3169804930055578e-01
4.5877763042502090e-01
3.9637384575908025e-01
2.3012789338817908e-04
5.0000000000000003e-02
2.9999999999999999e-02
5.9999999999999998e-01
-1.0000000000000001e-01
0.0000000000000000e+00
4.0000000000000002e-01
-7.6171912544612447e-02
5.3912611094765350e-01
2.9773941618506750e-01
2.3012789338817908e-04
5.0000000000000003e-02
2.9999999999999999e-02
5.9999999999999998e-01
-1.0000000000000001e-01
0.0000000000000000e+00
4.0000000000000002e-01
7.8738341153299385e-01
5.6176347867302590e-01
1.9758998834644401e-01
2.3012789338817908e-04
5.0000000000000003e-02
2.9999999999999999e-02
5.9999999999999998e-01
-1.0000000000000001e-01
0.0000000000000000e+00
4.0000000000000002e-01
8.4008707255756432e-01
5.7702191952519111e-01
6.2196813956950747e-01
2.3012789338817908e-04
5.0000000000000003e-02
2.9999999999999999e-02
5.9999999999999998e-01
-1.0000000000000001e-01
0.0000000000000000e+00
4.0000000000000002e-01
4.4462531358634994e-01
5.0869535658411680e-01
6.7017231182311621e-01
2.3012789338817908e-04
5.0000000000000003e-02
2.9999999999999999e-02
5.9999999999999998e-01
-1.0000000000000001e-01
0.0000000000000000e+00
4.0000000000000002e-01
8.9992073241429438e-03
6.1248730582647004e-01
3.4751353935454932e-01
2.3012789338817908e-04
5.0000000000000003e-02
2.9999999999999999e-02
5.9999999999999998e-01
-1.0000000000000001e-01
0.0000000000000000e+00
4.0000000000000002e-01
5.9790824801361131e-01
6.1301105040960002e-01
4.9366282330010980e-01
2.3012789338817908e-04
5.0000000000000003e-02
2.9999999999999999e-02
5.9999999999999998e-01
-1.0000000000000001e-01
0.0000000000000000e+00
4.0000000000000002e-01
2.5574556023513839e-01
6.0895022315435110e-01
3.3197948203538508e-01
1.3619148544957949e-04
5.0000000000000003e-02
2.9999999999999999e-02
5.9999999999999998e-01
-1.0000000000000001e-01
0.0000000000000000e+00
4.0000000000000002e-01
-4.7616786673033673e-01
7.4483676189832393e-01
3.6371253774617773e-01
1.3619148544957949e-04
5.0000000000000003e-02
2.9999999999999999e-02
5.9999999999999998e-01
-1.0000000000000001e-01
0.0000000000000000e+00
4.0000000000000002e-01
-4.8238942220175718e-01
8.2946546158842749e-01
3.9208115980145497e-01
4.6726898290207696e-04
5.0000000000000003e-02
2.9999999999999999e-02
5.9999999999999998e-01
-1.0000000000000001e-01
0.0000000000000000e+00
4.0000000000000002e-01
5.5067753993606106e-01
7.2160560414843278e-01
5.3132928893086473e-01
4.6726898290207696e-04
5.0000000000000003e-02
2.9999999999999999e-02
5.9999999999999998e-01
-1.0000000000000001e-01
0.0000000000000000e+00
4.0000000000000002e-01
-1.5999206944668753e-01
7.7249337623171532e-01
5.8384599372860946e-01
4.6726898290207696e-04
5.0000000000000003e-02
2.9999999999999999e-02
5.9999999999999998e-01
-1.0000000000000001e-01
0.0000000000000000e+00
4.0000000000000002e-01
9.2925621942317016e-01
8.3697608313612648e-01
5.2702838823315656e-01
4.6726898290207696e-04
5.0000000000000003e-02
2.9999999999999999e-02
5.9999999999999998e-01
-1.0000000000000001e-01
0.0000000000000000e+00
4.0000000000000002e-01
5.0066642180716536e-01
8.2909411321483562e-01
2.5810741588589703e-01
4.6726898290207696e-04
5.0000000000000003e-02
2.9999999999999999e-02
5.9999999999999998e-01
-1.0000000000000001e-01
0.0000000000000000e+00
4.0000000000000002e-01
-1.3891639753544796e-01
8.2687067495189626e-01
1.8399936214205770e-01
4.6726898290207696e-04
5.0000000000000003e-02
2.9999999999999999e-02
5.9999999999999998e-01
-1.0000000000000001e-01
0.0000000000000000e+00
4.0000000000000002e-01
-4.5647837384903878e-01
9.0642680214248617e-01
1.2238892451045064e-01
9.7634160891083043e-05
5.0000000000000003e-02
2.9999999999999999e-02
5.9999999999999998e-01
-1.0000000000000001e-01
0.0000000000000000e+00
4.0000000000000002e-01
9.5719450012480767e-01
8.1728294180236771e-01
-2.0453183516743631e-01
9.7634160891083043e-05
5.0000000000000003e-02
2.9999999999999999e-02
5.9999999999999998e-01
-1.0000000000000001e-01
0.0000000000000000e+00
4.0000000000000002e-01
6.6320797160899203e-01
8.0364841453634228e-01
-3.9425201713922475e-01
9.7634160891083043e-05
5.0000000000000003e-02
2.9999999999999999e-02
5.9999999999999998e-01
-1.0000000000000001e-01
0.0000000000000000e+00
4.0000000000000002e-01
9.8773666933810278e-01
8.5749277080871178e-01
-4.7411044895532595e-01
9.7634160891083043e-05
5.0000000000000003e-02
2.9999999999999999e-02
5.9999999999999998e-01
-1.0000000000000001e-01
0.0000000000000000e+00
4.0000000000000002e-01
5.0560896328444786e-02
9.2994699333883846e-01
-9.1911969661596293e-01
9.7634160891083043e-05
5.0000000000000003e-02
2.9999999999999999e-02
5.9999999999999998e-01
-1.0000000000000001e-01
0.0000000000000000e+00
4.0000000000000002e-01
-3.9387738234663455e-01
9.4846861575819574e-01
-8.8731864131870752e-01
2.2419674973925665e-04
5.0000000000000003e-02
2.9999999999999999e-02
5.9999999999999998e-01
-1.0000000000000001e-01
0.0000000000000000e+00
4.0000000000000002e-01
-2.2046662637238174e-02
9.2830392815448359e-01
-8.5302296735229988e-01
2.2419674973925665e-04
5.0000000000000003e-02
2.9999999999999999e-02
5.9999999999999998e-01
-1.0000000000000001e-01
0.0000000000000000e+00
4.0000000000000002e-01
-8.4322743616366824e-01
8.6514383657552318e-01
-4.0277278967085378e-01
2.2419674973925665e-04
5.0000000000000003e-02
2.9999999999999999e-02
5.9999999999999998e-01
-1.0000000000000001e-01
0.0000000000000000e+00
4.0000000000000002e-01
-7.4486707917714556e-01
8.9852072073794931e-01
-2.4018371224287055e-01
2.2419674973925665e-04
5.0000000000000003e-02
2.9999999999999999e-02
5.9999999999999998e-01
-1.0000000000000001e-01
0.0000000000000000e+00
4.0000000000000002e-01
1.1027031161522427e-01
9.3768525888301468e-01
-1.8929982900503181e-01
2.2419674973925665e-04
5.0000000000000003e-02
2.9999999999999999e-02
5.9999999999999998e-01
-1.0000000000000001e-01
0.0000000000000000e+00
4.0000000000000002e-01
8.3806481704747238e-01
8.8035049832142931e-01
-3.4030572398333785e-02
2.2419674973925665e-04
5.0000000000000003e-02
2.9999999999999999e-02
5.9999999999999998e-01
-1.0000000000000001e-01
0.0000000000000000e+00
4.0000000000000002e-01
1.0797713891303118e-01
8.7862881124295333e-01
-7.5677150412230776e-02
2.2419674973925665e-04
5.0000000000000003e-02
2.9999999999999999e-02
5.9999999999999998e-01
-1.0000000000000001e-01
0.0000000000000000e+00
4.0000000000000002e-01
-7.8878606110179839e-01
9.4077664411343687e-01
3.4416336387512181e-01
2.2419674973925665e-04
5.0000000000000003e-02
2.9999999999999999e-02
5.9999999999999998e-01
-1.0000000000000001e-01
0.0000000000000000e+00
4.0000000000000002e-01
-2.6781795411670622e-01
1.1208646414903556e+00
4.4402999758836725e-01
2.2419674973925665e-04
5.0000000000000003e-02
2.9999999999999999e-02
5.9999999999999998e-01
-1.0000000000000001e-01
0.0000000000000000e+00
4.0000000000000002e-01
5.1621161074077659e-01
1.0709618967203056e+00
1.8397050827857958e-01
2.2419674973925665e-04
5.0000000000000003e-02
2.9999999999999999e-02
5.9999999999999998e-01
-1.0000000000000001e-01
0.0000000000000000e+00
4.0000000000000002e-01
8.3965989059563317e-02
9.8804746216811268e-01
9.7239015907165516e-01
2.2419674973925665e-04
5.0000000000000003e-02
2.9999999999999999e-02
5.9999999999999998e-01
-1.0000000000000001e-01
0.0000000000000000e+00
4.0000000000000002e-01
-6.6636029987895906e-01
9.7200838923730004e-01
9.2888157412526129e-01
2.2419674973925665e-04
5.0000000000000003e-02
2.9999999999999999e-02
5.9999999999999998e-01
-1.0000000000000001e-01
0.0000000000000000e+00
4.0000000000000002e-01
-1.2943258255088752e-01
1.0103311784779287e+00
9.3866388256777933e-01
2.2419674973925665e-04
5.0000000000000003e-02
2.9999999999999999e-02
5.9999999999999998e-01
-1.0000000000000001e-01
0.0000000000000000e+00
4.0000000000000002e-01
4.1526269406711630e-01
9.0879482718460325e-01
6.1735654826392328e-01
2.2419674973925665e-04
5.0000000000000003e-02
2.9999999999999999e-02
5.9999999999999998e-01
-1.0000000000000001e-01
0.0000000000000000e+00
4.0000000000000002e-01
7.4694979727899635e-01
8.9344271351300253e-01
4.1580928321112770e-01
2.2419674973925665e-04
5.0000000000000003e-02
2.9999999999999999e-02
5.9999999999999998e-01
-1.0000000000000001e-01
0.0000000000000000e+00
4.0000000000000002e-01
8.3606666118537976e-01
8.7996361713014615e-01
4.8747367198695318e-01
2.2419674973925665e-04
5.0000000000000003e-02
2.9999999999999999e-02
5.9999999999999998e-01
-1.0000000000000001e-01
0.0000000000000000e+00
4.0000000000000002e-01
2.5302144438659729e-01
8.3141696827016842e-01
5.1056855018366942e-01
2.2419674973925665e-04
5.0000000000000003e-02
2.9999999999999999e-02
5.9999999999999998e-01
-1.0000000000000001e-01
0.0000000000000000e+00
4.0000000000000002e-01
1.6829614788925240e-01
8.3549124850235945e-01
6.0967155653168315e-01
2.2419674973925665e-04
5.0000000000000003e-02
2.9999999999999999e-02
5.9999999999999998e-01
-1.0000000000000001e-01
0.0000000000000000e+00
4.0000000000000002e-01
8.5791290224229877e-01
9.2841569094263077e-01
2.2910354095627428e-01
2.2419674973925665e-04
5.0000000000000003e-02
2.9999999999999999e-02
5.9999999999999998e-01
-1.0000000000000001e-01
0.0000000000000000e+00
4.0000000000000002e-01
5.0503547073041977e-01
9.2028131417833325e-01
-2.3921428722213145e-01
4.0981275495132515e-04
5.0000000000000003e-02
2.9999999999999999e-02
5.9999999999999998e-01
-1.0000000000000001e-01
0.0000000000000000e+00
4.0000000000000002e-01
3.3849450991189067e-01
1.0014447687109567e+00
-1.7405049306224224e-01
4.0981275495132515e-04
5.0000000000000003e-02
2.9999999999999999e-02
5.9999999999999998e-01
-1.0000000000000001e-01
0.0000000000000000e+00
4.0000000000000002e-01
9.0556685016190586e-01
9.2817257265649811e-01
-2.4107558847173430e-02
4.0981275495132515e-04
5.0000000000000003e-02
2.9999999999999999e-02
5.9999999999999998e-01
-1.0000000000000001e-01
0.0000000000000000e+00
4.0000000000000002e-01
-2.3502849473917897e-01
1.0274819580455876e+00
-2.6123498228262299e-01
4.0981275495132515e-04
5.0000000000000003e-02
2.9999999999999999e-02
5.9999999999999998e-01
-1.0000000000000001e-01
0.0000000000000000e+00
4.0000000000000002e-01
-7.2837718867902246e-02
9.8954889143906610e-01
3.6291731211473111e-01
4.0981275495132515e-04
5.0000000000000003e-02
2.9999999999999999e-02
5.9999999999999998e-01
-1.0000000000000001e-01
0.0000000000000000e+00
4.0000000000000002e-01
-2.5540740921462002e-01
1.0316359849115471e+00
5.5185954305459617e-01
4.0981275495132515e-04
5.0000000000000003e-02
2.9999999999999999e-02
5.9999999999999998e-01
-1.0000000000000001e-01
0.0000000000000000e+00
4.0000000000000002e-01
-4.9644667580092366e-01
1.1012983346124745e+00
7.8406002792646057e-01
4.0981275495132515e-04
5.0000000000000003e-02
2.9999999999999999e-02
5.9999999999999998e-01
-1.0000000000000001e-01
0.0000000000000000e+00
4.0000000000000002e-01
-8.9495901161078834e-02
1.0659848145385837e+00
5.3151801857282288e-01
4.0981275495132515e-04
5.0000000000000003e-02
2.9999999999999999e-02
5.9999999999999998e-01
-1.0000000000000001e-01
0.0000000000000000e+00
4.0000000000000002e-01
8.4390488595401814e-01
9.9400545324288347e-01
6.2076656374265315e-01
4.0981275495132515e-04
5.0000000000000003e-02
2.9999999999999999e-02
5.9999999999999998e-01
-1.0000000000000001e-01
0.0000000000000000e+00
4.0000000000000002e-01
9.8116238326465655e-01
9.4248027636013976e-01
7.2376227769185664e-01
4.0981275495132515e-04
5.0000000000000003e-02
2.9999999999999999e-02
5.9999999999999998e-01
-1.0000000000000001e-01
0.0000000000000000e+00
4.0000000000000002e-01
5.4888717145359101e-01
9.7615406085453993e-01
6.8996870520640985e-01
4.0981275495132515e-04
5.0000000000000003e-02
2.9999999999999999e-02
5.9999999999999998e-01
-1.0000000000000001e-01
0.0000000000000000e+00
4.0000000000000002e-01
1.9681421220933973e-01
9.9610338808499355e-01
5.2952835771371498e-01
4.0981275495132515e-04
5.0000000000000003e-02
2.9999999999999999e-02
5.9999999999999998e-01
-1.0000000000000001e-01
0.0000000000000000e+00
4.0000000000000002e-01
4.6976535425221488e-01
9.8198145891629229e-01
6.5124483469058647e-01
4.0981275495132515e-04
5.0000000000000003e-02
2.9999999999999999e-02
5.9999999999999998e-01
-1.0000000000000001e-01
0.0000000000000000e+00
4.0000000000000002e-01
-8.9582367404663987e-01
9.7284723724328082e-01
8.0998486082185861e-01
4.0981275495132515e-04
5.0000000000000003e-02
2.9999999999999999e-02
5.9999999999999998e-01
-1.0000000000000001e-01
0.0000000000000000e+00
4.0000000000000002e-01
4.8255684391295472e-01
8.6607923163376843e-01
7.2703042308916210e-01
4.0981275495132515e-04
5.0000000000000003e-02
2.9999999999999999e-02
5.9999999999999998e-01
-1.0000000000000001e-01
0.0000000000000000e+00
4.0000000000000002e-01
-1.0578232252244579e-02
8.6555906073652311e-01
9.3931589718093056e-01
4.0981275495132515e-04
5.0000000000000003e-02
2.9999999999999999e-02
5.9999999999999998e-01
-1.0000000000000001e-01
0.0000000000000000e+00
4.0000000000000002e-01
-2.3600764653945405e-01
8.2928186391197245e-01
8.1697073991526747e-01
4.0981275495132515e-04
5.0000000000000003e-02
2.9999999999999999e-02
5.9999999999999998e-01
-1.0000000000000001e-01
0.0000000000000000e+00
4.0000000000000002e-01
-6.5906207821631890e-01
9.8454858408771551e-01
6.2079775001038706e-01
4.0981275495132515e-04
5.0000000000000003e-02
2.9999999999999999e-02
5.9999999999999998e-01
-1.0000000000000001e-01
0.0000000000000000e+00
4.0000000000000002e-01
-9.4944063864016992e-01
1.0467901027639965e+00
9.0609734024037514e-01
4.0981275495132515e-04
5.0000000000000003e-02
2.9999999999999999e-02
5.9999999999999998e-01
-1.0000000000000001e-01
0.0000000000000000e+00
4.0000000000000002e-01
-5.7899415335917936e-01
1.0047791680236917e+00
7.6741289164055970e-01
1.9310823734840465e-04
5.0000000000000003e-02
2.9999999999999999e-02
5.9999999999999998e-01
-1.0000000000000001e-01
0.0000000000000000e+00
4.0000000000000002e-01
3.7114278920626198e-01
1.0465898478766540e+00
7.4579656149377027e-01
1.9310823734840465e-04
5.0000000000000003e-02
2.9999999999999999e-02
5.9999999999999998e-01
-1.0000000000000001e-01
0.0000000000000000e+00
4.0000000000000002e-01
-5.2673820364588941e-01
1.0451336360117056e+00
4.7473424221505328e-01
1.9310823734840465e-04
5.0000000000000003e-02
2.9999999999999999e-02
5.9999999999999998e-01
-1.0000000000000001e-01
0.0000000000000000e+00
4.0000000000000002e-01
-8.2158016908282483e-01
1.0622258985181900e+00
5.3504553760518236e-01
1.9310823734840465e-04
5.0000000000000003e-02
2.9999999999999999e-02
5.9999999999999998e-01
-1.0000000000000001e-01
0.0000000000000000e+00
4.0000000000000002e-01
1.7870971140151773e-01
1.0598432078500839e+00
5.8322410146822146e-01
1.9310823734840465e-04
5.0000000000000003e-02
2.9999999999999999e-02
5.9999999999999998e-01
-1.0000000000000001e-01
0.0000000000000000e+00
4.0000000000000002e-01
3.8457826015239510e-01
1.0156192917963121e+00
3.2980405847658328e-01
1.9310823734840465e-04
5.0000000000000003e-02
2.9999999999999999e-02
5.9999999999999998e-01
-1.0000000000000001e-01
0.0000000000000000e+00
4.0000000000000002e-01
-5.4087205174679021e-01
1.0175117182870956e+00
5.1186829033424075e-01
1.9310823734840465e-04
5.0000000000000003e-02
2.9999999999999999e-02
5.9999999999999998e-01
-1.0000000000000001e-01
0.0000000000000000e+00
4.0000000000000002e-01
-8.7616265717262487e-01
9.7231911046706165e-01
6.6521194416214646e-01
1.9310823734840465e-04
5.0000000000000003e-02
2.9999999999999999e-02
5.9999999999999998e-01
-1.0000000000000001e-01
0.0000000000000000e+00
4.0000000000000002e-01
-2.6510817501062611e-01
9.1355742467843026e-01
7.1189165252377218e-01
1.9310823734840465e-04
5.0000000000000003e-02
2.9999999999999999e-02
5.9999999999999998e-01
-1.0000000000000001e-01
0.0000000000000000e+00
4.0000000000000002e-01
2.4610092368608247e-01
9.3757781429491960e-01
2.4733190137077996e-01
1.9310823734840465e-04
5.0000000000000003e-02
2.9999999999999999e-02
5.9999999999999998e-01
-1.0000000000000001e-01
0.0000000000000000e+00
4.0000000000000002e-01
4.6613216071183849e-02
7.5865104801855998e-01
3.0976299124886231e-01
1.9310823734840465e-04
5.0000000000000003e-02
2.9999999999999999e-02
5.9999999999999998e-01
-1.0000000000000001e-01
0.0000000000000000e+00
4.0000000000000002e-01
-7.1369331243747935e-01
7.7411394454441973e-01
5.5504605072666835e-01
1.9310823734840465e-04
5.0000000000000003e-02
2.9999999999999999e-02
5.9999999999999998e-01
-1.0000000000000001e-01
0.0000000000000000e+00
4.0000000000000002e-01
-2.3718777056152079e-01
8.2326908104024843e-01
4.1766625899006560e-01
1.9310823734840465e-04
5.0000000000000003e-02
2.9999999999999999e-02
5.9999999999999998e-01
-1.0000000000000001e-01
0.0000000000000000e+00
4.0000000000000002e-01
-6.0960587258750654e-01
8.6950803844533875e-01
4.5048960941960053e-01
1.9310823734840465e-04
5.0000000000000003e-02
2.9999999999999999e-02
5.9999999999999998e-01
-1.0000000000000001e-01
0.0000000000000000e+00
4.0000000000000002e-01
-3.7074103529864999e-01
9.0396770374380075e-01
6.1791118997265537e-01
1.9310823734840465e-04
5.0000000000000003e-02
2.9999999999999999e-02
5.9999999999999998e-01
-1.0000000000000001e-01
0.0000000000000000e+00
4.0000000000000002e-01
3.3776550058906818e-01
1.0029002093514059e+00
5.2557421858538833e-01
1.9310823734840465e-04
5.0000000000000003e-02
2.9999999999999999e-02
5.9999999999999998e-01
-1.0000000000000001e-01
0.0000000000000000e+00
4.0000000000000002e-01
-6.1745702292138760e-01
9.0493673078618975e-01
5.5979803706635678e-01
1.9310823734840465e-04
5.0000000000000003e-02
2.9999999999999999e-02
5.9999999999999998e-01
-1.0000000000000001e-01
0.0000000000000000e+00
4.0000000000000002e-01
6.6146964435165689e-01
8.9637550263010002e-01
9.9363710950245110e-01
1.9310823734840465e-04
5.0000000000000003e-02
2.9999999999999999e-02
5.9999999999999998e-01
-1.0000000000000001e-01
0.0000000000000000e+00
4.0000000000000002e-01
-1.7094179983550739e-01
9.3408730724357114e-01
8.1395104508032046e-01
1.9310823734840465e-04
5.0000000000000003e-02
2.9999999999999999e-02
5.9999999999999998e-01
-1.0000000000000001e-01
0.0000000000000000e+00
4.0000000000000002e-01
8.9335283680613609e-02
9.4766821223400577e-01
4.1157401750911921e-01
1.9310823734840465e-04
5.0000000000000003e-02
2.9999999999999999e-02
5.9999999999999998e-01
-1.0000000000000001e-01
0.0000000000000000e+00
4.0000000000000002e-01
-7.8559982712680532e-01
9.4741262346409316e-01
8.2486790220369532e-01
1.9310823734840465e-04
5.0000000000000003e-02
2.9999999999999999e-02
5.9999999999999998e-01
-1.0000000000000001e-01
0.0000000000000000e+00
4.0000000000000002e-01
-2.2606294389182768e-01
1.0421942806234219e+00
7.1978931347955888e-01
6.1530768405636857e-04
5.0000000000000003e-02
2.9999999999999999e-02
5.9999999999999998e-01
-1.0000000000000001e-01
0.0000000000000000e+00
4.0000000000000002e-01
-9.1455620403701499e-01
1.1836731459488725e+00
9.1016417126287652e-01
6.1530768405636857e-04
5.0000000000000003e-02
2.9999999999999999e-02
5.9999999999999998e-01
-1.0000000000000001e-01
0.0000000000000000e+00
4.0000000000000002e-01
-8.7040554697925288e-01
1.1766696630706639e+00
6.6163077379693214e-01
6.1530768405636857e-04
5.0000000000000003e-02
2.9999999999999999e-02
5.9999999999999998e-01
-1.0000000000000001e-01
0.0000000000000000e+00
4.0000000000000002e-01
-3.1053473173940621e-01
1.2283091889610140e+00
8.3163670967449366e-01
6.1530768405636857e-04
5.0000000000000003e-02
2.9999999999999999e-02
5.9999999999999998e-01
-1.0000000000000001e-01
0.0000000000000000e+00
4.0000000000000002e-01
8.8529140458142319e-01
1.2871802172353117e+00
9.3953921924461536e-01
6.1530768405636857e-04
5.0000000000000003e-02
2.9999999999999999e-02
5.9999999999999998e-01
-1.0000000000000001e-01
0.0000000000000000e+00
4.0000000000000002e-01
3.1549810276066836e-01
1.3906757422377913e+00
8.8439947004546338e-01
6.1530768405636857e-04
5.0000000000000003e-02
2.9999999999999999e-02
5.9999999999999998e-01
-1.0000000000000001e-01
0.0000000000000000e+00
4.0000000000000002e-01
-5.3256677224600735e-01
1.3846371388127652e+00
8.7037939588655644e-01
6.1530768405636857e-04
5.0000000000000003e-02
2.9999999999999999e-02
5.9999999999999998e-01
-1.0000000000000001e-01
0.0000000000000000e+00
4.0000000000000002e-01
6.8182240293061303e-01
1.4615780042102187e+00
6.4946928451885388e-01
3.3774645067742180e-04
5.0000000000000003e-02
2.9999999999999999e-02
5.9999999999999998e-01
-1.0000000000000001e-01
0.0000000000000000e+00
4.0000000000000002e-01
4.4880240753924411e-01
1.5446515770842881e+00
2.8301532010664154e-01
3.3774645067742180e-04
5.0000000000000003e-02
2.9999999999999999e-02
5.9999999999999998e-01
-1.0000000000000001e-01
0.0000000000000000e+00
4.0000000000000002e-01
1.3968174532687230e-01
1.5205864423205706e+00
2.4394954304327174e-01
3.3774645067742180e-04
5.0000000000000003e-02
2.9999999999999999e-02
5.9999999999999998e-01
-1.0000000000000001e-01
0.0000000000000000e+00
4.0000000000000002e-01
-6.1210817679131468e-01
1.5319135390212391e+00
-1.4076563973794770e-01
3.3774645067742180e-04
5.0000000000000003e-02
2.9999999999999999e-02
5.9999999999999998e-01
-1.0000000000000001e-01
0.0000000000000000e+00
4.0000000000000002e-01
1.8590517199392642e-02
1.5273824223568291e+00
-3.3335411210428079e-01
3.3774645067742180e-04
5.0000000000000003e-02
2.9999999999999999e-02
5.9999999999999998e-01
-1.0000000000000001e-01
0.0000000000000000e+00
4.0000000000000002e-01
3.3569021009540106e-01
1.6180559178879113e+00
-7.3398020525346597e-01
3.3774645067742180e-04
5.0000000000000003e-02
2.9999999999999999e-02
5.9999999999999998e-01
-1.0000000000000001e-01
0.0000000000000000e+00
4.0000000000000002e-01
