10
141
1.8114849504947661e-01
4.6039999999999998e-02
-8.1793026037514216e-01
1.1019178338348866e-02
5.0000000000000003e-02
2.9999999999999999e-02
5.9999999999999998e-01
-1.0000000000000001e-01
0.0000000000000000e+00
4.0000000000000002e-01
1.4971154627323149e-01
4.7345798456072806e-02
-5.5330803222954272e-01
1.2184267573058604e-02
7.1047535538673406e-02
8.2817721247673026e-01
5.9999999999999998e-01
-1.0000000000000001e-01
0.0000000000000000e+00
4.0000000000000002e-01
4.5642781195163729e-01
4.7345798456072806e-02
-5.5098294146358973e-01
1.2184267573058604e-02
3.8931441046297544e-01
1.7028132158517837e+00
5.9999999999999998e-01
-1.0000000000000001e-01
0.0000000000000000e+00
4.0000000000000002e-01
8.1478471753120418e-01
4.0737131559252737e-02
-8.5240804851055163e-01
1.9727545306086544e-03
-1.0173566639422593e-03
2.9197196307778355e+00
5.9999999999999998e-01
-1.0000000000000001e-01
0.0000000000000000e+00
4.0000000000000002e-01
-7.9933326272964567e-02
6.8870751106142991e-02
-6.2212743319571040e-01
2.7667798623442655e-03
-5.4249312952160800e-01
2.9826051454246039e+00
5.9999999999999998e-01
-1.0000000000000001e-01
0.0000000000000000e+00
4.0000000000000002e-01
-7.7788955326259135e-01
1.3226585980594158e-01
-7.1246389038860836e-01
3.7017657384276394e-03
-1.0192505773156877e+00
2.1338060680031772e+00
5.9999999999999998e-01
-1.0000000000000001e-01
0.0000000000000000e+00
4.0000000000000002e-01
2.5267392591834113e-02
4.7429620706439003e-02
-3.4776339329779188e-01
3.7017657384276394e-03
-2.1357379052788010e+00
2.3163366611301894e+00
5.9999999999999998e-01
-1.0000000000000001e-01
0.0000000000000000e+00
4.0000000000000002e-01
-7.9112305085241785e-01
3.7493242227435108e-02
6.9240568503737124e-02
4.5415508970618251e-03
-2.0606922406703223e+00
1.7410119916498656e+00
5.9999999999999998e-01
-1.0000000000000001e-01
0.0000000000000000e+00
4.0000000000000002e-01
-7.1256478051722039e-01
1.3948741682708263e-01
6.2881131552159752e-01
2.8111586198210723e-03
-1.6089943308383217e+00
2.5635225946269928e+00
5.9999999999999998e-01
-1.0000000000000001e-01
0.0000000000000000e+00
4.0000000000000002e-01
8.9238206343054904e-02
1.7232089749068019e-01
6.6254793129861322e-01
2.8111586198210723e-03
-9.3240488059818638e-01
3.3921450877748422e+00
5.9999999999999998e-01
-1.0000000000000001e-01
0.0000000000000000e+00
4.0000000000000002e-01
9.8673202534139171e-01
2.1016110959738490e-01
8.4869174025952776e-01
2.8111586198210723e-03
-1.0624699275940643e+00
4.0066731834970408e+00
5.9999999999999998e-01
-1.0000000000000001e-01
0.0000000000000000e+00
4.0000000000000002e-01
4.3226586361348651e-01
3.0630171814650292e-01
3.8174126647412743e-01
3.2039601169526581e-03
-1.6733163371682055e-01
3.8298220724053680e+00
5.9999999999999998e-01
-1.0000000000000001e-01
0.0000000000000000e+00
4.0000000000000002e-01
8.4098295469701312e-01
3.7908552131146184e-01
-2.1624925460666450e-01
7.6699526570737364e-03
-5.0269967094063639e-01
4.0748122587986284e+00
5.9999999999999998e-01
-1.0000000000000001e-01
0.0000000000000000e+00
4.0000000000000002e-01
1.0428767250180493e-02
3.5273608990102995e-01
-3.5843363370746406e-01
4.4560498856008064e-03
2.6505086523247995e-01
3.1157648762874306e+00
5.9999999999999998e-01
-1.0000000000000001e-01
0.0000000000000000e+00
4.0000000000000002e-01
-7.9146572007536636e-02
3.6500799544244994e-01
1.8774667754765106e-03
4.4560498856008064e-03
-3.9225112620042513e-01
2.1554742183722557e+00
5.9999999999999998e-01
-1.0000000000000001e-01
0.0000000000000000e+00
4.0000000000000002e-01
3.5537838553011436e-01
3.7715004156619297e-01
-8.9207845147699161e-01
1.1281349919736398e-03
4.7432981011225012e-01
3.0390812497772282e+00
5.9999999999999998e-01
-1.0000000000000001e-01
0.0000000000000000e+00
4.0000000000000002e-01
7.9407639359056970e-01
4.1582259033709751e-01
-9.9840759858492723e-03
1.1281349919736398e-03
-1.0815039511071400e-01
2.1902483295835564e+00
5.9999999999999998e-01
-1.0000000000000001e-01
0.0000000000000000e+00
4.0000000000000002e-01
7.5761173252880598e-01
4.4488238376468403e-01
1.9754373375326356e-01
1.1281349919736398e-03
-1.5464272435055937e-01
2.8352535080350938e+00
5.9999999999999998e-01
-1.0000000000000001e-01
0.0000000000000000e+00
4.0000000000000002e-01
4.1986592148363622e-01
4.5883042773693788e-01
-7.5775249864906102e-01
1.1281349919736398e-03
3.9464177831542838e-02
3.0241556238569314e+00
5.9999999999999998e-01
-1.0000000000000001e-01
0.0000000000000000e+00
4.0000000000000002e-01
5.6254431341707734e-01
4.7818746583998190e-01
-7.0099715258926176e-01
2.5815823487937463e-03
-1.2929241146193704e-01
2.8632612418569616e+00
5.9999999999999998e-01
-1.0000000000000001e-01
0.0000000000000000e+00
4.0000000000000002e-01
7.8894788120806236e-01
6.3041288250029059e-01
4.9382593635469629e-01
2.5815823487937463e-03
-8.2632185678230474e-01
2.9155001122690729e+00
5.9999999999999998e-01
-1.0000000000000001e-01
0.0000000000000000e+00
4.0000000000000002e-01
5.5330948923647427e-01
5.0620578862071008e-01
7.7797481823712544e-01
2.5815823487937463e-03
-7.0280030304565899e-01
2.6482381228543805e+00
5.9999999999999998e-01
-1.0000000000000001e-01
0.0000000000000000e+00
4.0000000000000002e-01
8.6191329345971368e-01
5.7252571965098353e-01
8.8933159392327021e-01
5.0778692178428189e-03
-8.4383176499977564e-01
2.7072214033640911e+00
5.9999999999999998e-01
-1.0000000000000001e-01
0.0000000000000000e+00
4.0000000000000002e-01
-2.6065115346640333e-01
4.1797310686945888e-01
9.0908714011311487e-01
5.0778692178428189e-03
-1.0204776943661258e+00
2.4410153499059368e+00
5.9999999999999998e-01
-1.0000000000000001e-01
0.0000000000000000e+00
4.0000000000000002e-01
-6.8294601607203476e-01
4.5483135581850975e-01
1.5014962628483730e-01
4.6048221960663816e-03
-1.0951675147749469e+00
2.7564286863617586e+00
5.9999999999999998e-01
-1.0000000000000001e-01
0.0000000000000000e+00
4.0000000000000002e-01
-4.4136622427701888e-02
4.5604385229289496e-01
6.0072051435708596e-02
4.6048221960663816e-03
-8.2908071735873679e-01
3.3817063024453811e+00
5.9999999999999998e-01
-1.0000000000000001e-01
0.0000000000000000e+00
4.0000000000000002e-01
-7.2458575802922243e-01
4.9741120318412746e-01
-2.0417412921786346e-01
4.6048221960663816e-03
-8.0476805837824783e-01
3.4227497821860009e+00
5.9999999999999998e-01
-1.0000000000000001e-01
0.0000000000000000e+00
4.0000000000000002e-01
5.5848477305173949e-02
6.6276565799951515e-01
-7.8845789335668126e-01
4.6048221960663816e-03
-9.2404855201020675e-01
2.4636289311759172e+00
5.9999999999999998e-01
-1.0000000000000001e-01
0.0000000000000000e+00
4.0000000000000002e-01
-7.5859286922097191e-01
6.6331159817097651e-01
5.3233281917870001e-01
4.6048221960663816e-03
-3.9812617609277218e-01
2.4741129888407882e+00
5.9999999999999998e-01
-1.0000000000000001e-01
0.0000000000000000e+00
4.0000000000000002e-01
-9.2049217480301837e-01
5.4381682514069551e-01
3.9347610302269426e-01
5.1705732345581077e-03
-9.3873015055432762e-01
2.1233781067840747e+00
5.9999999999999998e-01
-1.0000000000000001e-01
0.0000000000000000e+00
4.0000000000000002e-01
-6.3157272535443298e-01
5.8915027032462830e-01
4.9949121721088852e-01
6.5871498733758947e-03
-1.1340404727496192e+00
2.2338340556435274e+00
5.9999999999999998e-01
-1.0000000000000001e-01
0.0000000000000000e+00
4.0000000000000002e-01
-3.1017063575863829e-01
5.5594792278060634e-01
9.5787814594805198e-01
6.5871498733758947e-03
-1.0796528355218455e+00
2.4307124799303694e+00
5.9999999999999998e-01
-1.0000000000000001e-01
0.0000000000000000e+00
4.0000000000000002e-01
-2.0552767354130735e-01
4.7592391641387655e-01
6.4915601618587937e-01
6.5871498733758947e-03
-1.6327299703843878e+00
2.6329206055216479e+00
5.9999999999999998e-01
-1.0000000000000001e-01
0.0000000000000000e+00
4.0000000000000002e-01
3.4008142464727176e-01
5.4435045091757472e-01
3.4645641975104768e-01
5.8644231557846089e-03
-1.5944211144931602e+00
2.5634346818737672e+00
5.9999999999999998e-01
-1.0000000000000001e-01
0.0000000000000000e+00
4.0000000000000002e-01
8.8823411160081633e-01
5.1454806499132810e-01
9.5141156040132002e-01
6.3187759518623368e-03
-2.1409375448711203e+00
2.3871462708525346e+00
5.9999999999999998e-01
-1.0000000000000001e-01
0.0000000000000000e+00
4.0000000000000002e-01
8.9816774242490527e-01
5.7057846355387865e-01
9.6817968711256941e-01
6.3187759518623368e-03
-2.0614929278381156e+00
1.3174059411697079e+00
5.9999999999999998e-01
-1.0000000000000001e-01
0.0000000000000000e+00
4.0000000000000002e-01
5.2116187476485953e-01
4.8641893358478244e-01
8.7184931978583302e-01
2.6268163621425648e-03
-2.8941168834455291e+00
1.5459170600585628e+00
5.9999999999999998e-01
-1.0000000000000001e-01
0.0000000000000000e+00
4.0000000000000002e-01
6.9792404481142745e-01
5.6015913067707712e-01
-3.9088403403759031e-01
2.6268163621425648e-03
-2.1019356955774109e+00
1.8941835520975281e+00
5.9999999999999998e-01
-1.0000000000000001e-01
0.0000000000000000e+00
4.0000000000000002e-01
4.9613148280352332e-01
5.7687496993640353e-01
-8.3142815202474618e-01
6.0924846827983877e-03
-2.6795619864948077e+00
2.0954530127998430e+00
5.9999999999999998e-01
-1.0000000000000001e-01
0.0000000000000000e+00
4.0000000000000002e-01
-2.5474911145001666e-01
6.7088744518855492e-01
-3.6826731771230725e-01
4.0089967548847224e-03
-2.6318385904072761e+00
3.5301254384871559e+00
5.9999999999999998e-01
-1.0000000000000001e-01
0.0000000000000000e+00
4.0000000000000002e-01
-8.7709466627866040e-01
6.6207184196213165e-01
-9.0376751422882096e-01
4.0089967548847224e-03
-3.3607409288524623e+00
4.7708905362244689e+00
5.9999999999999998e-01
-1.0000000000000001e-01
0.0000000000000000e+00
4.0000000000000002e-01
-3.5847075096398612e-01
7.2305165899494561e-01
-5.2312475264072433e-01
4.0089967548847224e-03
-2.9685246874927520e+00
3.3002807319816192e+00
5.9999999999999998e-01
-1.0000000000000001e-01
0.0000000000000000e+00
4.0000000000000002e-01
-2.7914364687234183e-01
7.5111201239326864e-01
5.9597901523113228e-01
5.7230809330940545e-04
-3.3988346257596254e+00
2.9916248456295569e+00
5.9999999999999998e-01
-1.0000000000000001e-01
0.0000000000000000e+00
4.0000000000000002e-01
-2.4943029365569369e-01
7.5623707062700640e-01
-1.0290227904916072e-02
5.7230809330940545e-04
-3.2934058294980764e+00
2.8679160305019460e+00
5.9999999999999998e-01
-1.0000000000000001e-01
0.0000000000000000e+00
4.0000000000000002e-01
3.0107134857147916e-01
6.4742999768951792e-01
-6.4456306643784078e-01
5.7230809330940545e-04
-3.5998986930935621e+00
3.4434981741663053e+00
5.9999999999999998e-01
-1.0000000000000001e-01
0.0000000000000000e+00
4.0000000000000002e-01
9.6089755864514015e-01
6.1197293928960217e-01
-7.1943935826421140e-02
5.7230809330940545e-04
-4.9045544297783614e+00
4.1148293458577232e+00
5.9999999999999998e-01
-1.0000000000000001e-01
0.0000000000000000e+00
4.0000000000000002e-01
8.3306171210182811e-01
7.3434702829221121e-01
6.1120554655790041e-02
5.7230809330940545e-04
-3.1367278772755496e+00
4.3250622598640609e+00
5.9999999999999998e-01
-1.0000000000000001e-01
0.0000000000000000e+00
4.0000000000000002e-01
6.4008822936264786e-01
6.9953700748780601e-01
-7.9605914115905796e-01
5.7230809330940545e-04
-2.8959676250233284e+00
2.7571043593995266e+00
5.9999999999999998e-01
-1.0000000000000001e-01
0.0000000000000000e+00
4.0000000000000002e-01
6.0595929089633738e-01
5.7660012558797236e-01
-9.8987509250640904e-01
5.7230809330940545e-04
-3.5286310478462810e+00
2.2272924043424425e+00
5.9999999999999998e-01
-1.0000000000000001e-01
0.0000000000000000e+00
4.0000000000000002e-01
6.0595929089633738e-01
4.2387110281126433e-01
-8.1735207468271276e-01
5.7230809330940545e-04
-3.2035296478657953e+00
2.4938815079815679e+00
5.9999999999999998e-01
-1.0000000000000001e-01
0.0000000000000000e+00
4.0000000000000002e-01
6.3221522841302669e-01
2.5558367993073400e-01
-4.4859817102551769e-02
5.7230809330940545e-04
-4.1334389069466821e+00
2.5311481379158791e+00
5.9999999999999998e-01
-1.0000000000000001e-01
0.0000000000000000e+00
4.0000000000000002e-01
4.4188247415868553e-01
2.2022464580969747e-01
2.4630160324275463e-01
5.7230809330940545e-04
-2.7995179213001364e+00
3.6899678046070026e+00
5.9999999999999998e-01
-1.0000000000000001e-01
0.0000000000000000e+00
4.0000000000000002e-01
-3.7886124279649935e-01
2.0239573185281690e-01
9.1469790093600722e-01
5.7230809330940545e-04
-2.8928861535503501e+00
2.9927139008603971e+00
5.9999999999999998e-01
-1.0000000000000001e-01
0.0000000000000000e+00
4.0000000000000002e-01
-8.7613644268663604e-01
1.2223867477612432e-01
4.8908014938235256e-01
1.2924762517213849e-03
-2.4670071161701319e+00
2.9662325138412395e+00
5.9999999999999998e-01
-1.0000000000000001e-01
0.0000000000000000e+00
4.0000000000000002e-01
-6.9214316319974145e-01
1.2223867477612432e-01
-6.9080465227365506e-01
1.2924762517213849e-03
-2.7005416951491474e+00
4.1864180636778459e+00
5.9999999999999998e-01
-1.0000000000000001e-01
0.0000000000000000e+00
4.0000000000000002e-01
-3.2992276620419697e-01
1.5882336093621191e-01
-1.2564381778240216e-01
1.2924762517213849e-03
-1.8555606237961888e+00
4.1350537431612597e+00
5.9999999999999998e-01
-1.0000000000000001e-01
0.0000000000000000e+00
4.0000000000000002e-01
4.0613979670850553e-01
2.8387432082133229e-01
9.5796215832233411e-01
1.2924762517213849e-03
-1.9550281244679333e+00
3.3799297695234407e+00
5.9999999999999998e-01
-1.0000000000000001e-01
0.0000000000000000e+00
4.0000000000000002e-01
-3.7035335090311239e-01
3.7086024476723600e-01
1.1874937593936896e-01
1.2924762517213849e-03
-4.6484184417291523e+00
3.9337351788952932e+00
5.9999999999999998e-01
-1.0000000000000001e-01
0.0000000000000000e+00
4.0000000000000002e-01
-7.0549547460230067e-01
2.8045799388127252e-01
7.1741339439526164e-01
1.2924762517213849e-03
-5.8746788013144382e+00
3.3838537664338935e+00
5.9999999999999998e-01
-1.0000000000000001e-01
0.0000000000000000e+00
4.0000000000000002e-01
6.1944544586984440e-01
2.3108040024475976e-01
2.9933237189426987e-01
1.2924762517213849e-03
-4.2819165158434762e+00
2.7549107463285321e+00
5.9999999999999998e-01
-1.0000000000000001e-01
0.0000000000000000e+00
4.0000000000000002e-01
5.8448522243348888e-01
3.9350078393654753e-01
5.1636504078283874e-01
1.2924762517213849e-03
-3.7829194325371631e+00
3.4138948437944046e+00
5.9999999999999998e-01
-1.0000000000000001e-01
0.0000000000000000e+00
4.0000000000000002e-01
7.2201882933061623e-02
2.5806682934002811e-01
6.0271084213629333e-01
1.0887825936079054e-03
-3.3329426112934009e+00
4.0251570102944960e+00
5.9999999999999998e-01
-1.0000000000000001e-01
0.0000000000000000e+00
4.0000000000000002e-01
-4.8172147479208172e-01
2.6488952900605134e-01
7.2851407090201947e-01
1.0887825936079054e-03
-3.6761226917966265e+00
4.3318849560990911e+00
5.9999999999999998e-01
-1.0000000000000001e-01
0.0000000000000000e+00
4.0000000000000002e-01
-7.8109071132095520e-01
1.6792894716696671e-01
8.7841596016660306e-01
3.7508061081171062e-03
-3.5645782242878337e+00
4.1008941886201482e+00
5.9999999999999998e-01
-1.0000000000000001e-01
0.0000000000000000e+00
4.0000000000000002e-01
-9.9614281650932501e-01
7.0229087369012150e-02
8.4200278947129814e-01
5.1891181617975263e-03
-3.6369996921508569e+00
2.2686332044377906e+00
5.9999999999999998e-01
-1.0000000000000001e-01
0.0000000000000000e+00
4.0000000000000002e-01
-8.0876209546180444e-01
5.3726473613255393e-03
1.2968437815085027e-01
9.0871575027704279e-03
-2.9510405415087000e+00
2.8903969965130072e+00
5.9999999999999998e-01
-1.0000000000000001e-01
0.0000000000000000e+00
4.0000000000000002e-01
-2.4882774640174601e-01
5.3726473613255393e-03
2.7464487845078084e-01
8.4552996411919587e-02
-3.5176248931675209e+00
3.0807496856152992e+00
5.9999999999999998e-01
-1.0000000000000001e-01
0.0000000000000000e+00
4.0000000000000002e-01
-2.5431158107073998e-01
8.0285632176869300e-03
9.3637450987473092e-01
4.6476708086207491e-02
-3.0044441544800056e+00
3.0796391303837281e+00
5.9999999999999998e-01
-1.0000000000000001e-01
0.0000000000000000e+00
4.0000000000000002e-01
-7.5034347515853139e-01
3.0085958497094428e-02
9.9367275275286659e-03
4.2803987177088838e-02
-3.7101381742744697e+00
4.0084952960908389e+00
5.9999999999999998e-01
-1.0000000000000001e-01
0.0000000000000000e+00
4.0000000000000002e-01
8.2937653844039672e-02
5.9202966740899456e-03
-9.5666942061856419e-01
6.8097253324463938e-02
-4.0362139308243048e+00
3.9183986078202704e+00
5.9999999999999998e-01
-1.0000000000000001e-01
0.0000000000000000e+00
4.0000000000000002e-01
3.4397844876794120e-01
2.9702905467324627e-03
-6.3636000754311717e-01
1.2725843105651435e-01
-4.8958855324774042e+00
3.0868575762212265e+00
5.9999999999999998e-01
-1.0000000000000001e-01
0.0000000000000000e+00
4.0000000000000002e-01
-4.1631870676131938e-01
2.5730286454277551e-02
-1.0542773099616209e-01
3.8121877456083864e-02
-4.6230451160459767e+00
2.3458410217612973e+00
5.9999999999999998e-01
-1.0000000000000001e-01
0.0000000000000000e+00
4.0000000000000002e-01
-8.4185318399520614e-01
6.9072247838097123e-02
-8.1561584385111974e-01
9.6469460744410540e-03
-4.0637607359676613e+00
9.5426102645695132e-01
5.9999999999999998e-01
-1.0000000000000001e-01
0.0000000000000000e+00
4.0000000000000002e-01
-7.8376910690518109e-01
2.4496177187734031e-03
4.1839116612914889e-01
3.6041051151230907e-02
-3.9133290500729339e+00
9.4789241696242166e-01
5.9999999999999998e-01
-1.0000000000000001e-01
0.0000000000000000e+00
4.0000000000000002e-01
-8.1121582452507701e-01
2.4496177187734031e-03
3.8866506789345234e-01
6.2691320063546274e-02
-4.5368447185843239e+00
7.2709813634399256e-01
5.9999999999999998e-01
-1.0000000000000001e-01
0.0000000000000000e+00
4.0000000000000002e-01
4.2871943216470976e-01
4.7267628227787531e-02
2.2946391080040429e-01
4.4286479856818807e-03
-5.2606889249174849e+00
7.5477018332574475e-01
5.9999999999999998e-01
-1.0000000000000001e-01
0.0000000000000000e+00
4.0000000000000002e-01
-6.0173238892408110e-01
2.6800932339005983e-03
2.7594383901450731e-01
4.4286479856818807e-03
-4.8234935761778610e+00
9.7656093812081912e-01
5.9999999999999998e-01
-1.0000000000000001e-01
0.0000000000000000e+00
4.0000000000000002e-01
-8.7231061686130262e-01
1.5680391257124476e-02
8.5875327086541753e-01
6.1199414154514652e-02
-5.2915012502460730e+00
1.4056277719745407e+00
5.9999999999999998e-01
-1.0000000000000001e-01
0.0000000000000000e+00
4.0000000000000002e-01
-2.1592504281850555e-01
2.9808904712515405e-02
8.5239745742175677e-01
6.6884723892435410e-02
-5.6343225562362909e+00
1.3694637692067746e-01
5.9999999999999998e-01
-1.0000000000000001e-01
0.0000000000000000e+00
4.0000000000000002e-01
-1.7488286752553678e-01
7.2896644314246695e-02
1.7826920563820714e-01
1.3405046692118033e-02
-5.8175007860525492e+00
1.2680231717834247e+00
5.9999999999999998e-01
-1.0000000000000001e-01
0.0000000000000000e+00
4.0000000000000002e-01
-3.1331601996274694e-01
1.8912297077985338e-01
2.3509778030682316e-01
1.3405046692118033e-02
-6.6860512825543976e+00
2.3270335455844173e+00
5.9999999999999998e-01
-1.0000000000000001e-01
0.0000000000000000e+00
4.0000000000000002e-01
3.6984330009369148e-01
3.1740966634960704e-01
6.9011868782807106e-01
1.3405046692118033e-02
-5.9857970732147798e+00
2.0452491690823802e+00
5.9999999999999998e-01
-1.0000000000000001e-01
0.0000000000000000e+00
4.0000000000000002e-01
6.4664694320110583e-01
2.6634905790300900e-01
1.3329494126606717e-01
1.3405046692118033e-02
-5.8034037533099756e+00
1.9684017529198896e+00
5.9999999999999998e-01
-1.0000000000000001e-01
0.0000000000000000e+00
4.0000000000000002e-01
9.4205485968550640e-01
2.8368333577127991e-01
-7.0880314163398006e-01
8.9881688859313573e-03
-6.0408864679629906e+00
1.8496536140749225e+00
5.9999999999999998e-01
-1.0000000000000001e-01
0.0000000000000000e+00
4.0000000000000002e-01
9.9095394401511150e-01
3.6458181094141545e-01
-4.1422274466138348e-01
8.9881688859313573e-03
-4.8414776000077842e+00
2.5909207505593068e+00
5.9999999999999998e-01
-1.0000000000000001e-01
0.0000000000000000e+00
4.0000000000000002e-01
2.9399069695433572e-01
4.9164163517342752e-01
-1.3062958832364541e-01
1.1030275156721458e-02
-5.6397676977212550e+00
2.4553275478491550e+00
5.9999999999999998e-01
-1.0000000000000001e-01
0.0000000000000000e+00
4.0000000000000002e-01
-2.2522131950894392e-01
3.9858849140392488e-01
1.5152095921803252e-01
1.1763833036646231e-02
-6.9101281757350090e+00
3.0595550400624041e+00
5.9999999999999998e-01
-1.0000000000000001e-01
0.0000000000000000e+00
4.0000000000000002e-01
-7.1981137269476447e-01
2.7542413564907264e-01
3.2272329845000058e-01
1.1763833036646231e-02
-6.8060323054785856e+00
3.2663077530870206e+00
5.9999999999999998e-01
-1.0000000000000001e-01
0.0000000000000000e+00
4.0000000000000002e-01
9.3299225276967479e-01
3.9278999392079067e-01
3.0719436638522896e-01
2.0833115484565345e-03
-7.1624266887898562e+00
2.7777510306285689e+00
5.9999999999999998e-01
-1.0000000000000001e-01
0.0000000000000000e+00
4.0000000000000002e-01
2.4035041994115294e-01
3.3967368523167324e-01
4.9410937954671663e-02
2.0833115484565345e-03
-6.5780235017533428e+00
1.8524238517927001e+00
5.9999999999999998e-01
-1.0000000000000001e-01
0.0000000000000000e+00
4.0000000000000002e-01
-3.9683672004679255e-01
3.1006823567436886e-01
7.4970314726699128e-01
5.1601236667483891e-03
-7.1295615906710754e+00
1.0676003253506492e+00
5.9999999999999998e-01
-1.0000000000000001e-01
0.0000000000000000e+00
4.0000000000000002e-01
-7.1164480530956808e-01
3.2982734582709028e-01
2.9160467848647370e-01
5.1601236667483891e-03
-6.8197526444564600e+00
8.5765697047580014e-01
5.9999999999999998e-01
-1.0000000000000001e-01
0.0000000000000000e+00
4.0000000000000002e-01
-4.4789712035397117e-01
4.6488503263281539e-01
-2.2010672464501127e-01
6.8715484347194279e-03
-5.6665194083820136e+00
1.2754082395182920e+00
5.9999999999999998e-01
-1.0000000000000001e-01
0.0000000000000000e+00
4.0000000000000002e-01
1.5151248967906406e-01
4.3548789992319298e-01
-8.7194383993279190e-01
1.3259284105151745e-03
-6.5963688083807970e+00
7.0733717516530281e-01
5.9999999999999998e-01
-1.0000000000000001e-01
0.0000000000000000e+00
4.0000000000000002e-01
-6.7373650274539421e-01
4.1322977858172616e-01
-2.2195451810490341e-01
1.3259284105151745e-03
-7.2782551992218973e+00
1.2296930758701634e+00
5.9999999999999998e-01
-1.0000000000000001e-01
0.0000000000000000e+00
4.0000000000000002e-01
-6.1490052200222434e-01
4.2038977220045293e-01
-3.8467257603537297e-01
2.5496829207986445e-03
-6.9632207739632603e+00
1.5292846827255557e+00
5.9999999999999998e-01
-1.0000000000000001e-01
0.0000000000000000e+00
4.0000000000000002e-01
-8.7257794953251300e-01
4.8985799782859057e-01
-8.0549500390421591e-01
2.5496829207986445e-03
-5.2000891092699053e+00
4.6662537701893592e-01
5.9999999999999998e-01
-1.0000000000000001e-01
0.0000000000000000e+00
4.0000000000000002e-01
-9.2402200228834563e-01
4.4352941601859308e-01
-3.0389763701008632e-01
2.5496829207986445e-03
-5.0970277133863453e+00
1.5484912807540965e+00
5.9999999999999998e-01
-1.0000000000000001e-01
0.0000000000000000e+00
4.0000000000000002e-01
1.8267098241185731e-01
4.0735806792365287e-01
-7.0527472708607086e-01
1.3600879734382017e-02
-4.3974786724429613e+00
1.4886439590202640e+00
5.9999999999999998e-01
-1.0000000000000001e-01
0.0000000000000000e+00
4.0000000000000002e-01
-5.2267728516105921e-02
2.6512541728602629e-01
-8.1499333501094962e-01
9.3972394224256118e-03
-5.0242850984912399e+00
2.1705245314585042e+00
5.9999999999999998e-01
-1.0000000000000001e-01
0.0000000000000000e+00
4.0000000000000002e-01
-8.7388227290773812e-01
1.5342725984888059e-01
-8.8595639631384993e-01
1.9489456390961987e-02
-4.4813391040544985e+00
2.2610197043465448e+00
5.9999999999999998e-01
-1.0000000000000001e-01
0.0000000000000000e+00
4.0000000000000002e-01
-3.3173309392595723e-01
1.1553680031137448e-01
5.0470740869408459e-01
1.9083482598885877e-02
-6.0854397754650593e+00
2.8346999293612312e+00
5.9999999999999998e-01
-1.0000000000000001e-01
0.0000000000000000e+00
4.0000000000000002e-01
3.8903695755338241e-01
1.7318788115816097e-01
-6.5951851591700694e-01
1.2152951156720505e-02
-5.7697805340867516e+00
2.8734886950300997e+00
5.9999999999999998e-01
-1.0000000000000001e-01
0.0000000000000000e+00
4.0000000000000002e-01
1.9682078295087388e-01
1.0072005985068067e-01
-1.8306874051922939e-01
1.2152951156720505e-02
-6.4402303389157192e+00
2.6366877934383219e+00
5.9999999999999998e-01
-1.0000000000000001e-01
0.0000000000000000e+00
4.0000000000000002e-01
1.4901458552833091e-02
1.1675445627848655e-02
4.6595102265244343e-01
1.3343221640214311e-02
-6.7652118368889225e+00
1.9996114751743148e+00
5.9999999999999998e-01
-1.0000000000000001e-01
0.0000000000000000e+00
4.0000000000000002e-01
-5.8044421053791473e-01
1.6319419097582843e-02
-9.0522343233460556e-01
5.7595118140801774e-02
-6.7020749288494725e+00
3.1031287154601879e+00
5.9999999999999998e-01
-1.0000000000000001e-01
0.0000000000000000e+00
4.0000000000000002e-01
-6.6590368128681610e-01
1.0499990057627704e-02
6.9724689140683049e-01
6.1594219362363208e-02
-6.5239399610902211e+00
2.9485542437480752e+00
5.9999999999999998e-01
-1.0000000000000001e-01
0.0000000000000000e+00
4.0000000000000002e-01
-1.7054977453613709e-01
2.7803836387078312e-02
-3.9509666772792107e-01
1.0975211626850066e-01
-6.5487573726917647e+00
1.7022235896857447e+00
5.9999999999999998e-01
-1.0000000000000001e-01
0.0000000000000000e+00
4.0000000000000002e-01
-4.1315897024536563e-01
2.7803836387078312e-02
-8.9744016619632005e-01
1.2176550862751899e-01
-6.5064026727224729e+00
2.1772431727917860e+00
5.9999999999999998e-01
-1.0000000000000001e-01
0.0000000000000000e+00
4.0000000000000002e-01
-8.0686289794111687e-01
3.0014238449241067e-02
-6.1563475938746692e-01
3.8683307377062742e-01
-6.3336266233469400e+00
1.6683508661063382e+00
5.9999999999999998e-01
-1.0000000000000001e-01
0.0000000000000000e+00
4.0000000000000002e-01
-4.9245132095480404e-01
2.2753580185080911e-02
-3.5925363039830688e-01
3.6590206894837329e-01
-6.8127394071663776e+00
1.6218794670375054e+00
5.9999999999999998e-01
-1.0000000000000001e-01
0.0000000000000000e+00
4.0000000000000002e-01
7.5552925995345549e-02
1.5647492262030986e-02
-8.2673700032988551e-01
4.6177922760881490e-01
-6.7310751101817052e+00
1.4716145184310143e+00
5.9999999999999998e-01
-1.0000000000000001e-01
0.0000000000000000e+00
4.0000000000000002e-01
5.8326117732262184e-01
4.4525462113870658e-03
-8.8793003974715234e-01
5.0683866804279387e-01
-7.3631924039567869e+00
8.1717670824844313e-01
5.9999999999999998e-01
-1.0000000000000001e-01
0.0000000000000000e+00
4.0000000000000002e-01
7.4580493128652975e-02
1.9804682346488384e-02
-5.4375797687331207e-01
5.0683866804279387e-01
-7.8560664242948448e+00
9.3732422035653062e-01
5.9999999999999998e-01
-1.0000000000000001e-01
0.0000000000000000e+00
4.0000000000000002e-01
-8.5536469682419725e-01
1.2659083338881879e-02
2.9248680533608418e-01
6.2267393057979648e-01
-9.3704079634393622e+00
2.1316173289390266e+00
5.9999999999999998e-01
-1.0000000000000001e-01
0.0000000000000000e+00
4.0000000000000002e-01
-4.9846912845337815e-01
1.6521117778922467e-02
-5.0905174298444766e-01
4.9535140680707995e-01
-8.9774904138292246e+00
1.9614384625526133e+00
5.9999999999999998e-01
-1.0000000000000001e-01
0.0000000000000000e+00
4.0000000000000002e-01
-9.1147595688069294e-01
8.7284910999788322e-03
-3.6341030670562763e-01
4.3562112903036188e-01
-8.9754208660568171e+00
3.0876501616509615e+00
5.9999999999999998e-01
-1.0000000000000001e-01
0.0000000000000000e+00
4.0000000000000002e-01
-7.8811290576422655e-01
8.8588388305707259e-03
-7.1493400229373960e-01
4.6368159669078890e-01
-8.9451801351155211e+00
3.5071914744051154e+00
5.9999999999999998e-01
-1.0000000000000001e-01
0.0000000000000000e+00
4.0000000000000002e-01
-6.5257811620200123e-01
1.4202927325348405e-02
-3.8043547107139619e-01
3.2649637472070753e-01
-9.2327141753281516e+00
3.2762320172460733e+00
5.9999999999999998e-01
-1.0000000000000001e-01
0.0000000000000000e+00
4.0000000000000002e-01
-4.9426993175709694e-01
1.1579214137475041e-02
9.6700531841954196e-01
3.7944146888889368e-01
-1.0843542676314252e+01
4.9688889485271623e+00
5.9999999999999998e-01
-1.0000000000000001e-01
0.0000000000000000e+00
4.0000000000000002e-01
-2.4614303513730018e-01
2.0122098666111973e-02
-7.6595344515750208e-01
3.9589840101636936e-01
-1.2229132659628528e+01
4.5649157289834674e+00
5.9999999999999998e-01
-1.0000000000000001e-01
0.0000000000000000e+00
4.0000000000000002e-01
-6.5750743969643555e-01
1.6894673806111364e-02
-6.7112543093273436e-01
5.7691350393928575e-01
-1.2749920053675313e+01
4.3434340808959657e+00
5.9999999999999998e-01
-1.0000000000000001e-01
0.0000000000000000e+00
4.0000000000000002e-01
-5.5093189659828379e-01
1.9678708862940816e-02
-1.3503545331070210e-01
5.0082690262235696e-01
-1.2206765441491742e+01
3.0534166787238779e+00
5.9999999999999998e-01
-1.0000000000000001e-01
0.0000000000000000e+00
4.0000000000000002e-01
-7.5250882777685357e-01
1.9678708862940816e-02
-8.5150723802158623e-01
5.8454865115322163e-01
-1.3071097604825635e+01
4.9439061854453739e+00
5.9999999999999998e-01
-1.0000000000000001e-01
0.0000000000000000e+00
4.0000000000000002e-01
-8.2519526810590715e-02
9.5633605238600056e-03
-3.8314328478882109e-01
4.7985718064941463e-01
-1.3145605499937671e+01
4.5518291864963221e+00
5.9999999999999998e-01
-1.0000000000000001e-01
0.0000000000000000e+00
4.0000000000000002e-01
7.7451837268358048e-01
9.5633605238600056e-03
2.2906904877861933e-01
5.9232227867282927e-01
-1.3076942609890837e+01
5.0153230224223773e+00
5.9999999999999998e-01
-1.0000000000000001e-01
0.0000000000000000e+00
4.0000000000000002e-01
9.5710017253344837e-01
9.5633605238600056e-03
9.3364138321485102e-02
5.9516406383551668e-01
-1.3666516143723863e+01
3.9079532448621430e+00
5.9999999999999998e-01
-1.0000000000000001e-01
0.0000000000000000e+00
4.0000000000000002e-01
8.4701316286509809e-01
9.5633605238600056e-03
9.4460172863444281e-01
4.3845628564991068e-01
-1.5328766910999557e+01
3.6731403205962820e+00
5.9999999999999998e-01
-1.0000000000000001e-01
0.0000000000000000e+00
4.0000000000000002e-01
8.0843004216140091e-01
8.6732571241064354e-03
6.6593955965479801e-01
5.0172798913158489e-01
-1.4840222896903299e+01
4.1400820244522736e+00
5.9999999999999998e-01
-1.0000000000000001e-01
0.0000000000000000e+00
4.0000000000000002e-01
4.1530225564425766e-01
8.6732571241064354e-03
5.9425633104285192e-01
2.1940582435764383e-01
-1.4760184273391509e+01
4.3086820844979936e+00
5.9999999999999998e-01
-1.0000000000000001e-01
0.0000000000000000e+00
4.0000000000000002e-01
2.5716163885479748e-01
8.6732571241064354e-03
-9.4772291817003884e-01
3.2133690409734850e-01
-1.4834513373568200e+01
4.0531371044414097e+00
5.9999999999999998e-01
-1.0000000000000001e-01
0.0000000000000000e+00
4.0000000000000002e-01
-2.7612463909501250e-01
1.0572794866244344e-02
-1.4044329323107407e-01
3.4366975097730762e-01
-1.5900213532045028e+01
4.3874283599155000e+00
5.9999999999999998e-01
-1.0000000000000001e-01
0.0000000000000000e+00
4.0000000000000002e-01
-1.7787037152165586e-01
1.0572794866244344e-02
-8.9840026475722001e-01
2.9055873214080935e-01
-1.6421865272417211e+01
4.3235546568827683e+00
5.9999999999999998e-01
-1.0000000000000001e-01
0.0000000000000000e+00
4.0000000000000002e-01
4.6059251564349583e-02
1.0572794866244344e-02
-1.2010194398695639e-01
3.1582847558334476e-01
-1.6818196299567365e+01
4.6928466478781763e+00
5.9999999999999998e-01
-1.0000000000000001e-01
0.0000000000000000e+00
4.0000000000000002e-01
7.3296276106199210e-01
1.2909690928141621e-02
-1.3146694459253960e-01
3.4742394237592822e-01
-1.6621491847827578e+01
4.8937299723224719e+00
5.9999999999999998e-01
-1.0000000000000001e-01
0.0000000000000000e+00
4.0000000000000002e-01
5.2682440580500267e-01
1.2909690928141621e-02
-3.9005130010191680e-02
4.9624063267186280e-01
-1.7148136553808595e+01
3.9702654535369959e+00
5.9999999999999998e-01
-1.0000000000000001e-01
0.0000000000000000e+00
4.0000000000000002e-01
-7.5654734431134563e-01
5.9678678554101264e-03
9.1976290119345855e-02
4.0740325869992372e-01
-1.6828584738716032e+01
4.1706381032662483e+00
5.9999999999999998e-01
-1.0000000000000001e-01
0.0000000000000000e+00
4.0000000000000002e-01
4.8506302849184446e-02
1.1968580428938416e-02
-7.2113430522615118e-01
3.5813654919341203e-01
-1.6641959462955143e+01
3.9087970236735430e+00
5.9999999999999998e-01
-1.0000000000000001e-01
0.0000000000000000e+00
4.0000000000000002e-01
4.0015206948648879e-02
1.1968580428938416e-02
-2.8759250872070002e-01
2.5419711645320059e-01
-1.7278738413646366e+01
3.9273103477852436e+00
5.9999999999999998e-01
-1.0000000000000001e-01
0.0000000000000000e+00
4.0000000000000002e-01
-2.3436591862069467e-01
1.0267761920074966e-02
8.8617957895589794e-04
3.2917351793125271e-01
-1.8402752759947923e+01
3.4841860386030765e+00
5.9999999999999998e-01
-1.0000000000000001e-01
0.0000000000000000e+00
4.0000000000000002e-01
-2.2159609416799653e-01
1.0267761920074966e-02
-8.6928225981537544e-02
3.3549365853145718e-01
-1.6791023912362302e+01
2.8192716138856504e+00
5.9999999999999998e-01
-1.0000000000000001e-01
0.0000000000000000e+00
4.0000000000000002e-01
