3
250
-1.2538205364593566e+01
-1.2538205364593566e+01
0.0000000000000000e+00
-1.2617975672964965e+01
-1.2617975672964965e+01
0.0000000000000000e+00
-1.1895871745373832e+01
-1.1895871745373832e+01
0.0000000000000000e+00
-1.1948850179485493e+01
-1.1948850179485493e+01
0.0000000000000000e+00
-1.2110660841227512e+01
-1.2110660841227512e+01
0.0000000000000000e+00
-1.3406550975660654e+01
-1.3406550975660654e+01
0.0000000000000000e+00
-1.1529680585175777e+01
-1.1529680585175777e+01
0.0000000000000000e+00
-1.1529680527893115e+01
-1.1529680527893115e+01
0.0000000000000000e+00
-1.1529680527972134e+01
-1.1529680527972134e+01
0.0000000000000000e+00
-1.1529676757652085e+01
-1.1529676757652085e+01
0.0000000000000000e+00
-1.1529680527859487e+01
-1.1529680527859487e+01
0.0000000000000000e+00
-1.1529680226787718e+01
-1.1529680226787718e+01
0.0000000000000000e+00
-1.1529680524973001e+01
-1.1529680524973001e+01
0.0000000000000000e+00
-1.1529679450779881e+01
-1.1529679450779881e+01
0.0000000000000000e+00
-1.1530175570256082e+01
-1.1530175570256082e+01
0.0000000000000000e+00
-1.1576095381708367e+01
-1.1576095381708367e+01
0.0000000000000000e+00
-1.1531432498555999e+01
-1.1531432498555999e+01
0.0000000000000000e+00
-1.1529702322372362e+01
-1.1529702322372362e+01
0.0000000000000000e+00
-1.1529876226184690e+01
-1.1529876226184690e+01
0.0000000000000000e+00
-1.1529685154268581e+01
-1.1529685154268581e+01
0.0000000000000000e+00
-1.1534391299764634e+01
-1.1534391299764634e+01
0.0000000000000000e+00
-1.1529750118962600e+01
-1.1529750118962600e+01
0.0000000000000000e+00
-1.1529706858569087e+01
-1.1529706858569087e+01
0.0000000000000000e+00
-1.1529680584556120e+01
-1.1529680584556120e+01
0.0000000000000000e+00
-1.1529680529145818e+01
-1.1529680529145818e+01
0.0000000000000000e+00
-1.1529685099427612e+01
-1.1529685099427612e+01
0.0000000000000000e+00
-1.1529754889355027e+01
-1.1529754889355027e+01
0.0000000000000000e+00
-1.1529680729244289e+01
-1.1529680729244289e+01
0.0000000000000000e+00
-1.1529680527893383e+01
-1.1529680527893383e+01
0.0000000000000000e+00
-1.1529680527893651e+01
-1.1529680527893651e+01
0.0000000000000000e+00
-1.1529681635317003e+01
-1.1529681635317003e+01
0.0000000000000000e+00
-1.1531868874292281e+01
-1.1531868874292281e+01
0.0000000000000000e+00
-1.1529680527893495e+01
-1.1529680527893495e+01
0.0000000000000000e+00
-1.1529680527893316e+01
-1.1529680527893316e+01
0.0000000000000000e+00
-1.1529680527893696e+01
-1.1529680527893696e+01
0.0000000000000000e+00
-1.1529680527893294e+01
-1.1529680527893294e+01
0.0000000000000000e+00
-1.1529680582264991e+01
-1.1529680582264991e+01
0.0000000000000000e+00
-1.1991242063139415e+01
-1.1991242063139415e+01
0.0000000000000000e+00
-1.1940357731337974e+01
-1.1940357731337974e+01
0.0000000000000000e+00
-1.2283228594003706e+01
-1.2283228594003706e+01
0.0000000000000000e+00
-1.1808419471997842e+01
-1.1808419471997842e+01
0.0000000000000000e+00
-1.1795324830854593e+01
-1.1795324830854593e+01
0.0000000000000000e+00
-1.2177166458677203e+01
-1.2177166458677203e+01
0.0000000000000000e+00
-1.2678839803174700e+01
-1.2678839803174700e+01
0.0000000000000000e+00
-1.1703152095569671e+01
-1.1703152095569671e+01
0.0000000000000000e+00
-1.1529688072815311e+01
-1.1529688072815311e+01
0.0000000000000000e+00
-1.1529682838608046e+01
-1.1529682838608046e+01
0.0000000000000000e+00
-1.1529680623984678e+01
-1.1529680623984678e+01
0.0000000000000000e+00
-1.1529680556409179e+01
-1.1529680556409179e+01
0.0000000000000000e+00
-1.1550168774326913e+01
-1.1550168774326913e+01
0.0000000000000000e+00
-1.1529680042933556e+01
-1.1529680042933556e+01
0.0000000000000000e+00
-1.1692247368300155e+01
-1.1692247368300155e+01
0.0000000000000000e+00
-1.1557285765563636e+01
-1.1557285765563636e+01
0.0000000000000000e+00
-1.1609915018961999e+01
-1.1609915018961999e+01
0.0000000000000000e+00
-1.2027750612519196e+01
-1.2027750612519196e+01
0.0000000000000000e+00
-1.1654835225096171e+01
-1.1654835225096171e+01
0.0000000000000000e+00
-1.1630510868299840e+01
-1.1630510868299840e+01
0.0000000000000000e+00
-1.1668390320794074e+01
-1.1668390320794074e+01
0.0000000000000000e+00
-1.2221601873777672e+01
-1.2221601873777672e+01
0.0000000000000000e+00
-1.1532744149561729e+01
-1.1532744149561729e+01
0.0000000000000000e+00
-1.4888054828499641e+01
-1.4888054828499641e+01
0.0000000000000000e+00
-1.1529700334592436e+01
-1.1529700334592436e+01
0.0000000000000000e+00
-1.1529681950106188e+01
-1.1529681950106188e+01
0.0000000000000000e+00
-1.1530957375345537e+01
-1.1530957375345537e+01
0.0000000000000000e+00
-1.1833578837462730e+01
-1.1833578837462730e+01
0.0000000000000000e+00
-1.1529680012299242e+01
-1.1529680012299242e+01
0.0000000000000000e+00
-1.1529680936282071e+01
-1.1529680936282071e+01
0.0000000000000000e+00
-1.2032352808901367e+01
-1.2032352808901367e+01
0.0000000000000000e+00
-1.1529680527819808e+01
-1.1529680527819808e+01
0.0000000000000000e+00
-1.3848876898773185e+01
-1.3848876898773185e+01
0.0000000000000000e+00
-1.1529658819862041e+01
-1.1529658819862041e+01
0.0000000000000000e+00
-1.1529687789488166e+01
-1.1529687789488166e+01
0.0000000000000000e+00
-1.1529680527893316e+01
-1.1529680527893316e+01
0.0000000000000000e+00
-1.1529680527893495e+01
-1.1529680527893495e+01
0.0000000000000000e+00
-1.1529680527892959e+01
-1.1529680527892959e+01
0.0000000000000000e+00
-1.1529680524624522e+01
-1.1529680524624522e+01
0.0000000000000000e+00
-1.1529671532092271e+01
-1.1529671532092271e+01
0.0000000000000000e+00
-1.1529706859717574e+01
-1.1529706859717574e+01
0.0000000000000000e+00
-1.1529706859717663e+01
-1.1529706859717663e+01
0.0000000000000000e+00
-1.1979501566291784e+01
-1.1979501566291784e+01
0.0000000000000000e+00
-1.1529706859717486e+01
-1.1529706859717486e+01
0.0000000000000000e+00
-1.1529706859717754e+01
-1.1529706859717754e+01
0.0000000000000000e+00
-1.1529706859717887e+01
-1.1529706859717887e+01
0.0000000000000000e+00
-1.1529706859717397e+01
-1.1529706859717397e+01
0.0000000000000000e+00
-1.1529706859717709e+01
-1.1529706859717709e+01
0.0000000000000000e+00
-1.1529680753175791e+01
-1.1529680753175791e+01
0.0000000000000000e+00
-1.1529680527893428e+01
-1.1529680527893428e+01
0.0000000000000000e+00
-1.1529680527893250e+01
-1.1529680527893250e+01
0.0000000000000000e+00
-1.1529707924389704e+01
-1.1529707924389704e+01
0.0000000000000000e+00
-1.1718835526985153e+01
-1.1718835526985153e+01
0.0000000000000000e+00
-1.2026770184637597e+01
-1.2026770184637597e+01
0.0000000000000000e+00
-1.1529706859717574e+01
-1.1529706859717574e+01
0.0000000000000000e+00
-1.1529706859717887e+01
-1.1529706859717887e+01
0.0000000000000000e+00
-1.1529706859717441e+01
-1.1529706859717441e+01
0.0000000000000000e+00
-1.1529706859717397e+01
-1.1529706859717397e+01
0.0000000000000000e+00
-1.1529706859701999e+01
-1.1529706859701999e+01
0.0000000000000000e+00
-1.1529706859717530e+01
-1.1529706859717530e+01
0.0000000000000000e+00
-1.1529680530285045e+01
-1.1529680530285045e+01
0.0000000000000000e+00
-1.1529680529060505e+01
-1.1529680529060505e+01
0.0000000000000000e+00
-1.1529706860147416e+01
-1.1529706860147416e+01
0.0000000000000000e+00
-1.1529706859717798e+01
-1.1529706859717798e+01
0.0000000000000000e+00
-1.1529706859717530e+01
-1.1529706859717530e+01
0.0000000000000000e+00
-1.1529706859718200e+01
-1.1529706859718200e+01
0.0000000000000000e+00
-1.1529706859717976e+01
-1.1529706859717976e+01
0.0000000000000000e+00
-1.1529706860713247e+01
-1.1529706860713247e+01
0.0000000000000000e+00
-1.1529706859717843e+01
-1.1529706859717843e+01
0.0000000000000000e+00
-1.1529706859717663e+01
-1.1529706859717663e+01
0.0000000000000000e+00
-1.1529706262721728e+01
-1.1529706262721728e+01
0.0000000000000000e+00
-1.1529690374635827e+01
-1.1529690374635827e+01
0.0000000000000000e+00
-1.1529706859717352e+01
-1.1529706859717352e+01
0.0000000000000000e+00
-1.3030567968068851e+01
-1.3030567968068851e+01
0.0000000000000000e+00
-1.1529706859717709e+01
-1.1529706859717709e+01
0.0000000000000000e+00
-1.1529706859717486e+01
-1.1529706859717486e+01
0.0000000000000000e+00
-1.1529220657913244e+01
-1.1529220657913244e+01
0.0000000000000000e+00
-1.1529436559146978e+01
-1.1529436559146978e+01
0.0000000000000000e+00
-1.1529368852975212e+01
-1.1529368852975212e+01
0.0000000000000000e+00
-1.1883330539415287e+01
-1.1883330539415287e+01
0.0000000000000000e+00
-1.2032792401775513e+01
-1.2032792401775513e+01
0.0000000000000000e+00
-1.2036950249668399e+01
-1.2036950249668399e+01
0.0000000000000000e+00
-1.1583939568538099e+01
-1.1583939568538099e+01
0.0000000000000000e+00
-1.1999597012114780e+01
-1.1999597012114780e+01
0.0000000000000000e+00
-1.3929628473873420e+01
-1.3929628473873420e+01
0.0000000000000000e+00
-1.1530575384774970e+01
-1.1530575384774970e+01
0.0000000000000000e+00
-1.1837745700566979e+01
-1.1837745700566979e+01
0.0000000000000000e+00
-1.1529695779832286e+01
-1.1529695779832286e+01
0.0000000000000000e+00
-1.1847009760786053e+01
-1.1847009760786053e+01
0.0000000000000000e+00
-1.1568877264460120e+01
-1.1568877264460120e+01
0.0000000000000000e+00
-1.1529670653028957e+01
-1.1529670653028957e+01
0.0000000000000000e+00
-1.1529693417912471e+01
-1.1529693417912471e+01
0.0000000000000000e+00
-1.1537953533219190e+01
-1.1537953533219190e+01
0.0000000000000000e+00
-1.1529702717523058e+01
-1.1529702717523058e+01
0.0000000000000000e+00
-1.1529691251306241e+01
-1.1529691251306241e+01
0.0000000000000000e+00
-1.1530446510103046e+01
-1.1530446510103046e+01
0.0000000000000000e+00
-1.1529691251725570e+01
-1.1529691251725570e+01
0.0000000000000000e+00
-1.1529844575191431e+01
-1.1529844575191431e+01
0.0000000000000000e+00
-1.1529672058947622e+01
-1.1529672058947622e+01
0.0000000000000000e+00
-1.1555257594395851e+01
-1.1555257594395851e+01
0.0000000000000000e+00
-1.1535928748779597e+01
-1.1535928748779597e+01
0.0000000000000000e+00
-1.2020990209945754e+01
-1.2020990209945754e+01
0.0000000000000000e+00
-1.2024503764427452e+01
-1.2024503764427452e+01
0.0000000000000000e+00
-1.1731188831687884e+01
-1.1731188831687884e+01
0.0000000000000000e+00
-1.1954335092522879e+01
-1.1954335092522879e+01
0.0000000000000000e+00
-1.1916605167903576e+01
-1.1916605167903576e+01
0.0000000000000000e+00
-1.1668058579833518e+01
-1.1668058579833518e+01
0.0000000000000000e+00
-1.1529690979324712e+01
-1.1529690979324712e+01
0.0000000000000000e+00
-1.1529183098028600e+01
-1.1529183098028600e+01
0.0000000000000000e+00
-1.1529298012943459e+01
-1.1529298012943459e+01
0.0000000000000000e+00
-1.1534236621025501e+01
-1.1534236621025501e+01
0.0000000000000000e+00
-1.1529255463685626e+01
-1.1529255463685626e+01
0.0000000000000000e+00
-1.1529680380175353e+01
-1.1529680380175353e+01
0.0000000000000000e+00
-1.1529680505428052e+01
-1.1529680505428052e+01
0.0000000000000000e+00
-1.1529680527893026e+01
-1.1529680527893026e+01
0.0000000000000000e+00
-1.1529680527893628e+01
-1.1529680527893628e+01
0.0000000000000000e+00
-1.1529680527776138e+01
-1.1529680527776138e+01
0.0000000000000000e+00
-1.1529680527871736e+01
-1.1529680527871736e+01
0.0000000000000000e+00
-1.1529680527559455e+01
-1.1529680527559455e+01
0.0000000000000000e+00
-1.1529680518039491e+01
-1.1529680518039491e+01
0.0000000000000000e+00
-1.1529680527559030e+01
-1.1529680527559030e+01
0.0000000000000000e+00
-1.1529680527893294e+01
-1.1529680527893294e+01
0.0000000000000000e+00
-1.1529680527893339e+01
-1.1529680527893339e+01
0.0000000000000000e+00
-1.1529680527893339e+01
-1.1529680527893339e+01
0.0000000000000000e+00
-1.1529680527893159e+01
-1.1529680527893159e+01
0.0000000000000000e+00
-1.1529552873630786e+01
-1.1529552873630786e+01
0.0000000000000000e+00
-1.1533376995991398e+01
-1.1533376995991398e+01
0.0000000000000000e+00
-1.1529076236916042e+01
-1.1529076236916042e+01
0.0000000000000000e+00
-1.1529680527894431e+01
-1.1529680527894431e+01
0.0000000000000000e+00
-1.1529680527893428e+01
-1.1529680527893428e+01
0.0000000000000000e+00
-1.1529680527893294e+01
-1.1529680527893294e+01
0.0000000000000000e+00
-1.1529680527893271e+01
-1.1529680527893271e+01
0.0000000000000000e+00
-1.1529680527893360e+01
-1.1529680527893360e+01
0.0000000000000000e+00
-1.1529680527893406e+01
-1.1529680527893406e+01
0.0000000000000000e+00
-1.1529680527893250e+01
-1.1529680527893250e+01
0.0000000000000000e+00
-1.1529680455294312e+01
-1.1529680455294312e+01
0.0000000000000000e+00
-1.1529680527893250e+01
-1.1529680527893250e+01
0.0000000000000000e+00
-1.1529680527893472e+01
-1.1529680527893472e+01
0.0000000000000000e+00
-1.1529680527893227e+01
-1.1529680527893227e+01
0.0000000000000000e+00
-1.1529256778607619e+01
-1.1529256778607619e+01
0.0000000000000000e+00
-1.1529644330445105e+01
-1.1529644330445105e+01
0.0000000000000000e+00
-1.1529680528132493e+01
-1.1529680528132493e+01
0.0000000000000000e+00
-1.1529680527893094e+01
-1.1529680527893094e+01
0.0000000000000000e+00
-1.1529680527893763e+01
-1.1529680527893763e+01
0.0000000000000000e+00
-1.1529139075252392e+01
-1.1529139075252392e+01
0.0000000000000000e+00
-1.1547099387773299e+01
-1.1547099387773299e+01
0.0000000000000000e+00
-1.1529680527888965e+01
-1.1529680527888965e+01
0.0000000000000000e+00
-1.1529680527893138e+01
-1.1529680527893138e+01
0.0000000000000000e+00
-1.1529680264391938e+01
-1.1529680264391938e+01
0.0000000000000000e+00
-1.1611475369310492e+01
-1.1611475369310492e+01
0.0000000000000000e+00
-1.1726346098612211e+01
-1.1726346098612211e+01
0.0000000000000000e+00
-1.2008972470958479e+01
-1.2008972470958479e+01
0.0000000000000000e+00
-1.1529708934321834e+01
-1.1529708934321834e+01
0.0000000000000000e+00
-1.1529674456905914e+01
-1.1529674456905914e+01
0.0000000000000000e+00
-1.1530309061384063e+01
-1.1530309061384063e+01
0.0000000000000000e+00
-1.1757371056991447e+01
-1.1757371056991447e+01
0.0000000000000000e+00
-1.1529820184150624e+01
-1.1529820184150624e+01
0.0000000000000000e+00
-1.1893539532534733e+01
-1.1893539532534733e+01
0.0000000000000000e+00
-1.1531494980437369e+01
-1.1531494980437369e+01
0.0000000000000000e+00
-1.1529826614668940e+01
-1.1529826614668940e+01
0.0000000000000000e+00
-1.1532587177008697e+01
-1.1532587177008697e+01
0.0000000000000000e+00
-1.2041977933147347e+01
-1.2041977933147347e+01
0.0000000000000000e+00
-1.1811646457012319e+01
-1.1811646457012319e+01
0.0000000000000000e+00
-1.1529670648879950e+01
-1.1529670648879950e+01
0.0000000000000000e+00
-1.1529803291395934e+01
-1.1529803291395934e+01
0.0000000000000000e+00
-1.1534319346753543e+01
-1.1534319346753543e+01
0.0000000000000000e+00
-1.1542325126266196e+01
-1.1542325126266196e+01
0.0000000000000000e+00
-1.1529990168254136e+01
-1.1529990168254136e+01
0.0000000000000000e+00
-1.1530431715733521e+01
-1.1530431715733521e+01
0.0000000000000000e+00
-1.1529819696310962e+01
-1.1529819696310962e+01
0.0000000000000000e+00
-1.1581772136167658e+01
-1.1581772136167658e+01
0.0000000000000000e+00
-1.1857457507172461e+01
-1.1857457507172461e+01
0.0000000000000000e+00
-1.1538476298469060e+01
-1.1538476298469060e+01
0.0000000000000000e+00
-1.1541048847709941e+01
-1.1541048847709941e+01
0.0000000000000000e+00
-1.1529985849796896e+01
-1.1529985849796896e+01
0.0000000000000000e+00
-1.2325183503549102e+01
-1.2325183503549102e+01
0.0000000000000000e+00
-1.1622232419853615e+01
-1.1622232419853615e+01
0.0000000000000000e+00
-1.1529673280507424e+01
-1.1529673280507424e+01
0.0000000000000000e+00
-1.1529691251298788e+01
-1.1529691251298788e+01
0.0000000000000000e+00
-1.1529691252553430e+01
-1.1529691252553430e+01
0.0000000000000000e+00
-1.1529691312881955e+01
-1.1529691312881955e+01
0.0000000000000000e+00
-1.1533599273316121e+01
-1.1533599273316121e+01
0.0000000000000000e+00
-1.1530846843904143e+01
-1.1530846843904143e+01
0.0000000000000000e+00
-1.1664777362518903e+01
-1.1664777362518903e+01
0.0000000000000000e+00
-1.1628135525226472e+01
-1.1628135525226472e+01
0.0000000000000000e+00
-1.1529691945282966e+01
-1.1529691945282966e+01
0.0000000000000000e+00
-1.1529691945282831e+01
-1.1529691945282831e+01
0.0000000000000000e+00
-1.1529691945283233e+01
-1.1529691945283233e+01
0.0000000000000000e+00
-1.1529691945282519e+01
-1.1529691945282519e+01
0.0000000000000000e+00
-1.1529691945282876e+01
-1.1529691945282876e+01
0.0000000000000000e+00
-1.1529692013499254e+01
-1.1529692013499254e+01
0.0000000000000000e+00
-1.1529691945283055e+01
-1.1529691945283055e+01
0.0000000000000000e+00
-1.1529670857318555e+01
-1.1529670857318555e+01
0.0000000000000000e+00
-1.1529670689487670e+01
-1.1529670689487670e+01
0.0000000000000000e+00
-1.1529670648685851e+01
-1.1529670648685851e+01
0.0000000000000000e+00
-1.1529842426164491e+01
-1.1529842426164491e+01
0.0000000000000000e+00
-1.1530017870232124e+01
-1.1530017870232124e+01
0.0000000000000000e+00
-1.1682718867685564e+01
-1.1682718867685564e+01
0.0000000000000000e+00
-1.1529754878173085e+01
-1.1529754878173085e+01
0.0000000000000000e+00
-1.1537338540917681e+01
-1.1537338540917681e+01
0.0000000000000000e+00
-1.1529676115038159e+01
-1.1529676115038159e+01
0.0000000000000000e+00
-1.1529670651485908e+01
-1.1529670651485908e+01
0.0000000000000000e+00
-1.1529691946325144e+01
-1.1529691946325144e+01
0.0000000000000000e+00
-1.1529691945282966e+01
-1.1529691945282966e+01
0.0000000000000000e+00
-1.1529797914059854e+01
-1.1529797914059854e+01
0.0000000000000000e+00
-1.1529823418945750e+01
-1.1529823418945750e+01
0.0000000000000000e+00
-1.2027831360911438e+01
-1.2027831360911438e+01
0.0000000000000000e+00
-1.1755584669930359e+01
-1.1755584669930359e+01
0.0000000000000000e+00
-1.1529676153531474e+01
-1.1529676153531474e+01
0.0000000000000000e+00
-1.1530202360507705e+01
-1.1530202360507705e+01
0.0000000000000000e+00
-1.1534408316592705e+01
-1.1534408316592705e+01
0.0000000000000000e+00
-1.1557340180571746e+01
-1.1557340180571746e+01
0.0000000000000000e+00
-1.1529726724391159e+01
-1.1529726724391159e+01
0.0000000000000000e+00
