10
25
-3.8143599364042285e-01
5.0022975034639219e-02
1.0923159368336180e-01
9.1171474035717584e-02
5.0000000000000003e-02
2.9999999999999999e-02
5.9999999999999998e-01
-1.0000000000000001e-01
0.0000000000000000e+00
4.0000000000000002e-01
-3.5685901078462606e-01
5.0022975034639219e-02
4.8619690187275383e-01
7.3685714292787058e-02
5.0000000000000003e-02
2.9999999999999999e-02
5.9999999999999998e-01
-1.0000000000000001e-01
0.0000000000000000e+00
4.0000000000000002e-01
-2.9064595612764366e-01
5.2348384461328369e-02
5.1764363713562467e-01
7.4855604173354851e-02
5.0000000000000003e-02
2.9999999999999999e-02
5.9999999999999998e-01
-1.0000000000000001e-01
0.0000000000000000e+00
4.0000000000000002e-01
-3.4253035518407832e-01
5.2348384461328369e-02
5.5948938794434044e-01
8.3992973272018184e-02
5.0000000000000003e-02
2.9999999999999999e-02
5.9999999999999998e-01
-1.0000000000000001e-01
0.0000000000000000e+00
4.0000000000000002e-01
-4.5818921777486810e-01
5.4095731024667602e-02
3.0495673604309537e-01
6.6989787461571443e-02
5.0000000000000003e-02
2.9999999999999999e-02
5.9999999999999998e-01
-1.0000000000000001e-01
0.0000000000000000e+00
4.0000000000000002e-01
-3.5045011016607291e-01
5.1371723768040521e-02
1.9360052920877910e-01
2.6995156661681875e-02
5.0000000000000003e-02
2.9999999999999999e-02
5.9999999999999998e-01
-1.0000000000000001e-01
0.0000000000000000e+00
4.0000000000000002e-01
-3.6609886678934106e-01
5.1371723768040521e-02
2.5480928279459447e-01
4.6704923309497583e-02
5.0000000000000003e-02
2.9999999999999999e-02
5.9999999999999998e-01
-1.0000000000000001e-01
0.0000000000000000e+00
4.0000000000000002e-01
-4.2923675539970407e-01
5.1371723768040521e-02
6.1850749827921359e-01
8.0577065121345270e-02
5.0000000000000003e-02
2.9999999999999999e-02
5.9999999999999998e-01
-1.0000000000000001e-01
0.0000000000000000e+00
4.0000000000000002e-01
-4.9716643991947185e-01
5.5165140842720853e-02
4.8784165479242769e-01
8.6803874879293197e-02
5.0000000000000003e-02
2.9999999999999999e-02
5.9999999999999998e-01
-1.0000000000000001e-01
0.0000000000000000e+00
4.0000000000000002e-01
-3.3075741472721110e-01
4.7686124607846131e-02
6.4281346268951856e-01
8.4617198797874202e-02
5.0000000000000003e-02
2.9999999999999999e-02
5.9999999999999998e-01
-1.0000000000000001e-01
0.0000000000000000e+00
4.0000000000000002e-01
-1.0078388976931582e-01
4.7686124607846131e-02
5.7820138640701735e-01
9.1440212314538721e-02
5.0000000000000003e-02
2.9999999999999999e-02
5.9999999999999998e-01
-1.0000000000000001e-01
0.0000000000000000e+00
4.0000000000000002e-01
1.0408648204922666e-01
4.7686124607846131e-02
5.2318230576813196e-01
1.1123712584029889e-01
5.0000000000000003e-02
2.9999999999999999e-02
5.9999999999999998e-01
-1.0000000000000001e-01
0.0000000000000000e+00
4.0000000000000002e-01
3.3240330886960018e-01
4.5732279755994670e-02
5.2318230576813196e-01
1.0984600890379405e-01
5.0000000000000003e-02
2.9999999999999999e-02
5.9999999999999998e-01
-1.0000000000000001e-01
0.0000000000000000e+00
4.0000000000000002e-01
3.0405380171656599e-01
4.6355152716264121e-02
5.4366985149681546e-01
1.0056862550120806e-01
5.0000000000000003e-02
2.9999999999999999e-02
5.9999999999999998e-01
-1.0000000000000001e-01
0.0000000000000000e+00
4.0000000000000002e-01
-4.5785250055791083e-03
4.6355152716264121e-02
5.6068063505925214e-01
9.5645161962918987e-02
5.0000000000000003e-02
2.9999999999999999e-02
5.9999999999999998e-01
-1.0000000000000001e-01
0.0000000000000000e+00
4.0000000000000002e-01
8.9282656804919147e-02
4.6632976202294223e-02
4.5802242525853193e-01
9.3122600413076642e-02
5.0000000000000003e-02
2.9999999999999999e-02
5.9999999999999998e-01
-1.0000000000000001e-01
0.0000000000000000e+00
4.0000000000000002e-01
2.2656417061507692e-01
4.6295135439708819e-02
2.8662919768132245e-01
9.3995523105375539e-02
5.0000000000000003e-02
2.9999999999999999e-02
5.9999999999999998e-01
-1.0000000000000001e-01
0.0000000000000000e+00
4.0000000000000002e-01
2.7882960964858522e-01
4.4703332060053932e-02
4.7163479336537395e-01
8.9654476977326036e-02
5.0000000000000003e-02
2.9999999999999999e-02
5.9999999999999998e-01
-1.0000000000000001e-01
0.0000000000000000e+00
4.0000000000000002e-01
-9.0793999164104564e-02
4.4029559249132856e-02
4.7163479336537395e-01
5.7242601298429147e-02
5.0000000000000003e-02
2.9999999999999999e-02
5.9999999999999998e-01
-1.0000000000000001e-01
0.0000000000000000e+00
4.0000000000000002e-01
-2.6445824238538751e-01
4.7123181672543271e-02
4.3665899679996045e-01
6.3780003521777762e-02
5.0000000000000003e-02
2.9999999999999999e-02
5.9999999999999998e-01
-1.0000000000000001e-01
0.0000000000000000e+00
4.0000000000000002e-01
-2.9596680971860895e-01
4.7123181672543271e-02
5.7179844305850536e-01
8.9820115765072484e-02
5.0000000000000003e-02
2.9999999999999999e-02
5.9999999999999998e-01
-1.0000000000000001e-01
0.0000000000000000e+00
4.0000000000000002e-01
-2.5844982507705694e-01
4.9740451403111202e-02
4.9485039041377576e-01
7.7629442221857692e-02
5.0000000000000003e-02
2.9999999999999999e-02
5.9999999999999998e-01
-1.0000000000000001e-01
0.0000000000000000e+00
4.0000000000000002e-01
-4.5617675366878518e-01
4.9014634004235252e-02
3.5136920974589858e-01
9.2917043968178417e-02
5.0000000000000003e-02
2.9999999999999999e-02
5.9999999999999998e-01
-1.0000000000000001e-01
0.0000000000000000e+00
4.0000000000000002e-01
-5.3884712043285377e-01
5.1646713889837249e-02
5.8375624225474865e-01
8.1501783901639369e-02
5.0000000000000003e-02
2.9999999999999999e-02
5.9999999999999998e-01
-1.0000000000000001e-01
0.0000000000000000e+00
4.0000000000000002e-01
-4.1235547724246985e-01
5.2089988560527545e-02
6.6540489480830700e-01
1.0262377232421199e-01
5.0000000000000003e-02
2.9999999999999999e-02
5.9999999999999998e-01
-1.0000000000000001e-01
0.0000000000000000e+00
4.0000000000000002e-01
