3
200
-1.6132925200585515e+01
-1.6132925200585515e+01
0.0000000000000000e+00
-1.6132922492160816e+01
-1.6132922492160816e+01
0.0000000000000000e+00
-1.6215900434113259e+01
-1.6215900434113259e+01
0.0000000000000000e+00
-1.6215815051406974e+01
-1.6215815051406974e+01
0.0000000000000000e+00
-1.6142006881285386e+01
-1.6142006881285386e+01
0.0000000000000000e+00
-1.6129688538633843e+01
-1.6129688538633843e+01
0.0000000000000000e+00
-1.6136693352283714e+01
-1.6136693352283714e+01
0.0000000000000000e+00
-1.6136693188967584e+01
-1.6136693188967584e+01
0.0000000000000000e+00
-1.6136695459218590e+01
-1.6136695459218590e+01
0.0000000000000000e+00
-1.7481045571633452e+01
-1.7481045571633452e+01
0.0000000000000000e+00
-1.6374860442048160e+01
-1.6374860442048160e+01
0.0000000000000000e+00
-1.6351859331457888e+01
-1.6351859331457888e+01
0.0000000000000000e+00
-1.6331447866080051e+01
-1.6331447866080051e+01
0.0000000000000000e+00
-1.6373390872676019e+01
-1.6373390872676019e+01
0.0000000000000000e+00
-1.6442430273055304e+01
-1.6442430273055304e+01
0.0000000000000000e+00
-1.6321444084838504e+01
-1.6321444084838504e+01
0.0000000000000000e+00
-1.6291347919615276e+01
-1.6291347919615276e+01
0.0000000000000000e+00
-1.6279782585854473e+01
-1.6279782585854473e+01
0.0000000000000000e+00
-1.6279376441319677e+01
-1.6279376441319677e+01
0.0000000000000000e+00
-1.6279189002512986e+01
-1.6279189002512986e+01
0.0000000000000000e+00
-1.6144562776189414e+01
-1.6144562776189414e+01
0.0000000000000000e+00
-1.6130421745475676e+01
-1.6130421745475676e+01
0.0000000000000000e+00
-1.6130418022852179e+01
-1.6130418022852179e+01
0.0000000000000000e+00
-1.6129475488609447e+01
-1.6129475488609447e+01
0.0000000000000000e+00
-1.6129475488609447e+01
-1.6129475488609447e+01
0.0000000000000000e+00
-1.6129475488608733e+01
-1.6129475488608733e+01
0.0000000000000000e+00
-1.6129475488609359e+01
-1.6129475488609359e+01
0.0000000000000000e+00
-1.6129475488609177e+01
-1.6129475488609177e+01
0.0000000000000000e+00
-1.6129475488609177e+01
-1.6129475488609177e+01
0.0000000000000000e+00
-1.6129475488609000e+01
-1.6129475488609000e+01
0.0000000000000000e+00
-1.6129475488609089e+01
-1.6129475488609089e+01
0.0000000000000000e+00
-1.6129475488609177e+01
-1.6129475488609177e+01
0.0000000000000000e+00
-1.6129475488609714e+01
-1.6129475488609714e+01
0.0000000000000000e+00
-1.6129475488609266e+01
-1.6129475488609266e+01
0.0000000000000000e+00
-1.6129475488609536e+01
-1.6129475488609536e+01
0.0000000000000000e+00
-1.6129475488609177e+01
-1.6129475488609177e+01
0.0000000000000000e+00
-1.6129475488609089e+01
-1.6129475488609089e+01
0.0000000000000000e+00
-1.6129475488609447e+01
-1.6129475488609447e+01
0.0000000000000000e+00
-1.6129475488609000e+01
-1.6129475488609000e+01
0.0000000000000000e+00
-1.6129475488609089e+01
-1.6129475488609089e+01
0.0000000000000000e+00
-1.6175558532607198e+01
-1.6175558532607198e+01
0.0000000000000000e+00
-1.6155139890320783e+01
-1.6155139890320783e+01
0.0000000000000000e+00
-1.6141857696980743e+01
-1.6141857696980743e+01
0.0000000000000000e+00
-1.6140086740938365e+01
-1.6140086740938365e+01
0.0000000000000000e+00
-1.6445114710700537e+01
-1.6445114710700537e+01
0.0000000000000000e+00
-1.6902481778209200e+01
-1.6902481778209200e+01
0.0000000000000000e+00
-1.6722688231731521e+01
-1.6722688231731521e+01
0.0000000000000000e+00
-1.6858725588905550e+01
-1.6858725588905550e+01
0.0000000000000000e+00
-1.6863446989945551e+01
-1.6863446989945551e+01
0.0000000000000000e+00
-1.6670199553368501e+01
-1.6670199553368501e+01
0.0000000000000000e+00
-1.6601794581485795e+01
-1.6601794581485795e+01
0.0000000000000000e+00
-1.6776279339717149e+01
-1.6776279339717149e+01
0.0000000000000000e+00
-1.6230001378361191e+01
-1.6230001378361191e+01
0.0000000000000000e+00
-1.6250848235675381e+01
-1.6250848235675381e+01
0.0000000000000000e+00
-1.6211264608825520e+01
-1.6211264608825520e+01
0.0000000000000000e+00
-1.6194363785180233e+01
-1.6194363785180233e+01
0.0000000000000000e+00
-1.6181306375590736e+01
-1.6181306375590736e+01
0.0000000000000000e+00
-1.6220464409381364e+01
-1.6220464409381364e+01
0.0000000000000000e+00
-1.6220470044594549e+01
-1.6220470044594549e+01
0.0000000000000000e+00
-1.6220106322217433e+01
-1.6220106322217433e+01
0.0000000000000000e+00
-1.6228770118415344e+01
-1.6228770118415344e+01
0.0000000000000000e+00
-1.6228852880295015e+01
-1.6228852880295015e+01
0.0000000000000000e+00
-1.6129527185903164e+01
-1.6129527185903164e+01
0.0000000000000000e+00
-1.6129527193837479e+01
-1.6129527193837479e+01
0.0000000000000000e+00
-1.6129483536055183e+01
-1.6129483536055183e+01
0.0000000000000000e+00
-1.6129511062392801e+01
-1.6129511062392801e+01
0.0000000000000000e+00
-1.6129511034242892e+01
-1.6129511034242892e+01
0.0000000000000000e+00
-1.6129492145293106e+01
-1.6129492145293106e+01
0.0000000000000000e+00
-1.6129493994441130e+01
-1.6129493994441130e+01
0.0000000000000000e+00
-1.6129493975415038e+01
-1.6129493975415038e+01
0.0000000000000000e+00
-1.6129492859906275e+01
-1.6129492859906275e+01
0.0000000000000000e+00
-1.6129761756224905e+01
-1.6129761756224905e+01
0.0000000000000000e+00
-1.6129837356013216e+01
-1.6129837356013216e+01
0.0000000000000000e+00
-1.6129509661939334e+01
-1.6129509661939334e+01
0.0000000000000000e+00
-1.6375387547552293e+01
-1.6375387547552293e+01
0.0000000000000000e+00
-1.6376012962024333e+01
-1.6376012962024333e+01
0.0000000000000000e+00
-1.6375912684038290e+01
-1.6375912684038290e+01
0.0000000000000000e+00
-1.6315436094735624e+01
-1.6315436094735624e+01
0.0000000000000000e+00
-1.6140720853714420e+01
-1.6140720853714420e+01
0.0000000000000000e+00
-1.6140754342702092e+01
-1.6140754342702092e+01
0.0000000000000000e+00
-1.6140752025700955e+01
-1.6140752025700955e+01
0.0000000000000000e+00
-1.6139899589565093e+01
-1.6139899589565093e+01
0.0000000000000000e+00
-1.6166225891475094e+01
-1.6166225891475094e+01
0.0000000000000000e+00
-1.6167805377583413e+01
-1.6167805377583413e+01
0.0000000000000000e+00
-1.6167860082416425e+01
-1.6167860082416425e+01
0.0000000000000000e+00
-1.6170317807227779e+01
-1.6170317807227779e+01
0.0000000000000000e+00
-1.6181504511640718e+01
-1.6181504511640718e+01
0.0000000000000000e+00
-1.6132382714879398e+01
-1.6132382714879398e+01
0.0000000000000000e+00
-1.6302651936117712e+01
-1.6302651936117712e+01
0.0000000000000000e+00
-1.6291270816064149e+01
-1.6291270816064149e+01
0.0000000000000000e+00
-1.6314359956573323e+01
-1.6314359956573323e+01
0.0000000000000000e+00
-1.6447909987709785e+01
-1.6447909987709785e+01
0.0000000000000000e+00
-1.6447622192000846e+01
-1.6447622192000846e+01
0.0000000000000000e+00
-1.6207340645556048e+01
-1.6207340645556048e+01
0.0000000000000000e+00
-1.6589084353276249e+01
-1.6589084353276249e+01
0.0000000000000000e+00
-1.6521430724873639e+01
-1.6521430724873639e+01
0.0000000000000000e+00
-1.6689506883877812e+01
-1.6689506883877812e+01
0.0000000000000000e+00
-1.6644976614361280e+01
-1.6644976614361280e+01
0.0000000000000000e+00
-1.6676044738723469e+01
-1.6676044738723469e+01
0.0000000000000000e+00
-1.6698038919663631e+01
-1.6698038919663631e+01
0.0000000000000000e+00
-1.6847635715674439e+01
-1.6847635715674439e+01
0.0000000000000000e+00
-1.6897088086319304e+01
-1.6897088086319304e+01
0.0000000000000000e+00
-1.6661433384109369e+01
-1.6661433384109369e+01
0.0000000000000000e+00
-1.6660136061838230e+01
-1.6660136061838230e+01
0.0000000000000000e+00
-1.6817944209180730e+01
-1.6817944209180730e+01
0.0000000000000000e+00
-1.6898856308467693e+01
-1.6898856308467693e+01
0.0000000000000000e+00
-1.7119056599442590e+01
-1.7119056599442590e+01
0.0000000000000000e+00
-1.7210931639822114e+01
-1.7210931639822114e+01
0.0000000000000000e+00
-1.7291086902071712e+01
-1.7291086902071712e+01
0.0000000000000000e+00
-1.6866181437976376e+01
-1.6866181437976376e+01
0.0000000000000000e+00
-1.6821266931370573e+01
-1.6821266931370573e+01
0.0000000000000000e+00
-1.6879034808942869e+01
-1.6879034808942869e+01
0.0000000000000000e+00
-1.6876541331100562e+01
-1.6876541331100562e+01
0.0000000000000000e+00
-1.6457472739202306e+01
-1.6457472739202306e+01
0.0000000000000000e+00
-1.6505188554935593e+01
-1.6505188554935593e+01
0.0000000000000000e+00
-1.6569903405950591e+01
-1.6569903405950591e+01
0.0000000000000000e+00
-1.7096840809319620e+01
-1.7096840809319620e+01
0.0000000000000000e+00
-1.7117540139955366e+01
-1.7117540139955366e+01
0.0000000000000000e+00
-1.6425245910441550e+01
-1.6425245910441550e+01
0.0000000000000000e+00
-1.6313783005173519e+01
-1.6313783005173519e+01
0.0000000000000000e+00
-1.6338073657551988e+01
-1.6338073657551988e+01
0.0000000000000000e+00
-1.6336447171911484e+01
-1.6336447171911484e+01
0.0000000000000000e+00
-1.6499099513544948e+01
-1.6499099513544948e+01
0.0000000000000000e+00
-1.6433772175896163e+01
-1.6433772175896163e+01
0.0000000000000000e+00
-1.6402689057613355e+01
-1.6402689057613355e+01
0.0000000000000000e+00
-1.6414250829784631e+01
-1.6414250829784631e+01
0.0000000000000000e+00
-1.6387459419587561e+01
-1.6387459419587561e+01
0.0000000000000000e+00
-1.6387103152566347e+01
-1.6387103152566347e+01
0.0000000000000000e+00
-1.6858692963340506e+01
-1.6858692963340506e+01
0.0000000000000000e+00
-1.6801596460527367e+01
-1.6801596460527367e+01
0.0000000000000000e+00
-1.6721157315937667e+01
-1.6721157315937667e+01
0.0000000000000000e+00
-1.6454262887267951e+01
-1.6454262887267951e+01
0.0000000000000000e+00
-1.6454775086521860e+01
-1.6454775086521860e+01
0.0000000000000000e+00
-1.6437232820123441e+01
-1.6437232820123441e+01
0.0000000000000000e+00
-1.6735451912464882e+01
-1.6735451912464882e+01
0.0000000000000000e+00
-1.6665925384396665e+01
-1.6665925384396665e+01
0.0000000000000000e+00
-1.6541141625074602e+01
-1.6541141625074602e+01
0.0000000000000000e+00
-1.6541512778641557e+01
-1.6541512778641557e+01
0.0000000000000000e+00
-1.6529566481524320e+01
-1.6529566481524320e+01
0.0000000000000000e+00
-1.6495954080428696e+01
-1.6495954080428696e+01
0.0000000000000000e+00
-1.6506873915656101e+01
-1.6506873915656101e+01
0.0000000000000000e+00
-1.6477881791982604e+01
-1.6477881791982604e+01
0.0000000000000000e+00
-1.6293852945450091e+01
-1.6293852945450091e+01
0.0000000000000000e+00
-1.6287739212018529e+01
-1.6287739212018529e+01
0.0000000000000000e+00
-1.6287341658920507e+01
-1.6287341658920507e+01
0.0000000000000000e+00
-1.6294625531191080e+01
-1.6294625531191080e+01
0.0000000000000000e+00
-1.6314303516733396e+01
-1.6314303516733396e+01
0.0000000000000000e+00
-1.6342194793363067e+01
-1.6342194793363067e+01
0.0000000000000000e+00
-1.6342658813291372e+01
-1.6342658813291372e+01
0.0000000000000000e+00
-1.6325250340882238e+01
-1.6325250340882238e+01
0.0000000000000000e+00
-1.6660677089126146e+01
-1.6660677089126146e+01
0.0000000000000000e+00
-1.6495717867695898e+01
-1.6495717867695898e+01
0.0000000000000000e+00
-1.6502510751696605e+01
-1.6502510751696605e+01
0.0000000000000000e+00
-1.6503424558605644e+01
-1.6503424558605644e+01
0.0000000000000000e+00
-1.6366600264000766e+01
-1.6366600264000766e+01
0.0000000000000000e+00
-1.6463733099790648e+01
-1.6463733099790648e+01
0.0000000000000000e+00
-1.6490266009407357e+01
-1.6490266009407357e+01
0.0000000000000000e+00
-1.6526727447461187e+01
-1.6526727447461187e+01
0.0000000000000000e+00
-1.6823313932367604e+01
-1.6823313932367604e+01
0.0000000000000000e+00
-1.6823482499496066e+01
-1.6823482499496066e+01
0.0000000000000000e+00
-1.6805013823026798e+01
-1.6805013823026798e+01
0.0000000000000000e+00
-1.6489204743987333e+01
-1.6489204743987333e+01
0.0000000000000000e+00
-1.6688816507864061e+01
-1.6688816507864061e+01
0.0000000000000000e+00
-1.6307169397420598e+01
-1.6307169397420598e+01
0.0000000000000000e+00
-1.6301693082436731e+01
-1.6301693082436731e+01
0.0000000000000000e+00
-1.6292745755043459e+01
-1.6292745755043459e+01
0.0000000000000000e+00
-1.6636369322169411e+01
-1.6636369322169411e+01
0.0000000000000000e+00
-1.6653285237699571e+01
-1.6653285237699571e+01
0.0000000000000000e+00
-1.6707389901172750e+01
-1.6707389901172750e+01
0.0000000000000000e+00
-1.6622776360950287e+01
-1.6622776360950287e+01
0.0000000000000000e+00
-1.6709396191060666e+01
-1.6709396191060666e+01
0.0000000000000000e+00
-1.6830857137154467e+01
-1.6830857137154467e+01
0.0000000000000000e+00
-1.6591127411385347e+01
-1.6591127411385347e+01
0.0000000000000000e+00
-1.6590744424808964e+01
-1.6590744424808964e+01
0.0000000000000000e+00
-1.6723428244936102e+01
-1.6723428244936102e+01
0.0000000000000000e+00
-1.6323626426048907e+01
-1.6323626426048907e+01
0.0000000000000000e+00
-1.6129475215713853e+01
-1.6129475215713853e+01
0.0000000000000000e+00
-1.6129475211353675e+01
-1.6129475211353675e+01
0.0000000000000000e+00
-1.6129475405856137e+01
-1.6129475405856137e+01
0.0000000000000000e+00
-1.6129475407639770e+01
-1.6129475407639770e+01
0.0000000000000000e+00
-1.6129475407643696e+01
-1.6129475407643696e+01
0.0000000000000000e+00
-1.6129475619971679e+01
-1.6129475619971679e+01
0.0000000000000000e+00
-1.6129475682858761e+01
-1.6129475682858761e+01
0.0000000000000000e+00
-1.6129475488609359e+01
-1.6129475488609359e+01
0.0000000000000000e+00
-1.6129475488609266e+01
-1.6129475488609266e+01
0.0000000000000000e+00
-1.6129475488609266e+01
-1.6129475488609266e+01
0.0000000000000000e+00
-1.6129475488609089e+01
-1.6129475488609089e+01
0.0000000000000000e+00
-1.6129475488609000e+01
-1.6129475488609000e+01
0.0000000000000000e+00
-1.6129475488609359e+01
-1.6129475488609359e+01
0.0000000000000000e+00
-1.6129475488609177e+01
-1.6129475488609177e+01
0.0000000000000000e+00
-1.6129475494399689e+01
-1.6129475494399689e+01
0.0000000000000000e+00
-1.6129475511849147e+01
-1.6129475511849147e+01
0.0000000000000000e+00
-1.6129475512200393e+01
-1.6129475512200393e+01
0.0000000000000000e+00
-1.6129475488610694e+01
-1.6129475488610694e+01
0.0000000000000000e+00
-1.6129475488611320e+01
-1.6129475488611320e+01
0.0000000000000000e+00
-1.6129475488610694e+01
-1.6129475488610694e+01
0.0000000000000000e+00
-1.6129475488615160e+01
-1.6129475488615160e+01
0.0000000000000000e+00
-1.6129475728666467e+01
-1.6129475728666467e+01
0.0000000000000000e+00
-1.6129475488609089e+01
-1.6129475488609089e+01
0.0000000000000000e+00
-1.6182175450047474e+01
-1.6182175450047474e+01
0.0000000000000000e+00
