3
250
-1.1529813348400548e+01
-1.1529813348400548e+01
0.0000000000000000e+00
-1.1529680402276696e+01
-1.1529680402276696e+01
0.0000000000000000e+00
-1.1529681453400160e+01
-1.1529681453400160e+01
0.0000000000000000e+00
-1.1530096887127764e+01
-1.1530096887127764e+01
0.0000000000000000e+00
-1.1529680509074000e+01
-1.1529680509074000e+01
0.0000000000000000e+00
-1.1529681463246176e+01
-1.1529681463246176e+01
0.0000000000000000e+00
-1.1529680467714595e+01
-1.1529680467714595e+01
0.0000000000000000e+00
-1.1529681088945100e+01
-1.1529681088945100e+01
0.0000000000000000e+00
-1.1529680593161373e+01
-1.1529680593161373e+01
0.0000000000000000e+00
-1.1529680443525482e+01
-1.1529680443525482e+01
0.0000000000000000e+00
-1.1529680725550897e+01
-1.1529680725550897e+01
0.0000000000000000e+00
-1.1529680553371170e+01
-1.1529680553371170e+01
0.0000000000000000e+00
-1.1529680646283714e+01
-1.1529680646283714e+01
0.0000000000000000e+00
-1.1529680794478582e+01
-1.1529680794478582e+01
0.0000000000000000e+00
-1.1529680527805260e+01
-1.1529680527805260e+01
0.0000000000000000e+00
-1.1529680525769017e+01
-1.1529680525769017e+01
0.0000000000000000e+00
-1.1529680527499739e+01
-1.1529680527499739e+01
0.0000000000000000e+00
-1.1529680525600869e+01
-1.1529680525600869e+01
0.0000000000000000e+00
-1.1529680523660872e+01
-1.1529680523660872e+01
0.0000000000000000e+00
-1.1529680527829740e+01
-1.1529680527829740e+01
0.0000000000000000e+00
-1.1529680528604667e+01
-1.1529680528604667e+01
0.0000000000000000e+00
-1.1529680526835183e+01
-1.1529680526835183e+01
0.0000000000000000e+00
-1.1529680526826702e+01
-1.1529680526826702e+01
0.0000000000000000e+00
-1.1583838206730295e+01
-1.1583838206730295e+01
0.0000000000000000e+00
-1.1550895692522202e+01
-1.1550895692522202e+01
0.0000000000000000e+00
-1.1566938713044113e+01
-1.1566938713044113e+01
0.0000000000000000e+00
-1.1533003331329638e+01
-1.1533003331329638e+01
0.0000000000000000e+00
-1.1544644411551213e+01
-1.1544644411551213e+01
0.0000000000000000e+00
-1.1572245211054224e+01
-1.1572245211054224e+01
0.0000000000000000e+00
-1.1578090058040909e+01
-1.1578090058040909e+01
0.0000000000000000e+00
-1.1579216062005429e+01
-1.1579216062005429e+01
0.0000000000000000e+00
-1.1679376122753403e+01
-1.1679376122753403e+01
0.0000000000000000e+00
-1.1541570622852099e+01
-1.1541570622852099e+01
0.0000000000000000e+00
-1.1534937279373469e+01
-1.1534937279373469e+01
0.0000000000000000e+00
-1.1587065361016188e+01
-1.1587065361016188e+01
0.0000000000000000e+00
-1.1665976764536937e+01
-1.1665976764536937e+01
0.0000000000000000e+00
-1.1665157806589725e+01
-1.1665157806589725e+01
0.0000000000000000e+00
-1.1620121080525434e+01
-1.1620121080525434e+01
0.0000000000000000e+00
-1.1647021562022765e+01
-1.1647021562022765e+01
0.0000000000000000e+00
-1.1586163212910245e+01
-1.1586163212910245e+01
0.0000000000000000e+00
-1.1597526017799067e+01
-1.1597526017799067e+01
0.0000000000000000e+00
-1.1601127876057193e+01
-1.1601127876057193e+01
0.0000000000000000e+00
-1.1672075148547425e+01
-1.1672075148547425e+01
0.0000000000000000e+00
-1.1590905203158796e+01
-1.1590905203158796e+01
0.0000000000000000e+00
-1.1530458878614677e+01
-1.1530458878614677e+01
0.0000000000000000e+00
-1.1535465809087267e+01
-1.1535465809087267e+01
0.0000000000000000e+00
-1.1531022456340979e+01
-1.1531022456340979e+01
0.0000000000000000e+00
-1.1529831043273862e+01
-1.1529831043273862e+01
0.0000000000000000e+00
-1.1529946968148845e+01
-1.1529946968148845e+01
0.0000000000000000e+00
-1.1530037048229046e+01
-1.1530037048229046e+01
0.0000000000000000e+00
-1.1529723484110219e+01
-1.1529723484110219e+01
0.0000000000000000e+00
-1.1529728186217739e+01
-1.1529728186217739e+01
0.0000000000000000e+00
-1.1531290974820998e+01
-1.1531290974820998e+01
0.0000000000000000e+00
-1.1531399852058763e+01
-1.1531399852058763e+01
0.0000000000000000e+00
-1.1529709300808594e+01
-1.1529709300808594e+01
0.0000000000000000e+00
-1.1529680653338643e+01
-1.1529680653338643e+01
0.0000000000000000e+00
-1.1530554492795472e+01
-1.1530554492795472e+01
0.0000000000000000e+00
-1.1529874899907508e+01
-1.1529874899907508e+01
0.0000000000000000e+00
-1.1787854303035134e+01
-1.1787854303035134e+01
0.0000000000000000e+00
-1.1529692197240477e+01
-1.1529692197240477e+01
0.0000000000000000e+00
-1.1530289030107136e+01
-1.1530289030107136e+01
0.0000000000000000e+00
-1.1581978444822145e+01
-1.1581978444822145e+01
0.0000000000000000e+00
-1.1920125662058320e+01
-1.1920125662058320e+01
0.0000000000000000e+00
-1.1538557791818619e+01
-1.1538557791818619e+01
0.0000000000000000e+00
-1.1529896290800224e+01
-1.1529896290800224e+01
0.0000000000000000e+00
-1.1529680874455218e+01
-1.1529680874455218e+01
0.0000000000000000e+00
-1.1529680592854534e+01
-1.1529680592854534e+01
0.0000000000000000e+00
-1.1529683911597560e+01
-1.1529683911597560e+01
0.0000000000000000e+00
-1.1529682543488867e+01
-1.1529682543488867e+01
0.0000000000000000e+00
-1.1529682223400625e+01
-1.1529682223400625e+01
0.0000000000000000e+00
-1.1529687749416745e+01
-1.1529687749416745e+01
0.0000000000000000e+00
-1.1541707482882073e+01
-1.1541707482882073e+01
0.0000000000000000e+00
-1.1529692787146359e+01
-1.1529692787146359e+01
0.0000000000000000e+00
-1.1776977613289581e+01
-1.1776977613289581e+01
0.0000000000000000e+00
-1.1632433668242674e+01
-1.1632433668242674e+01
0.0000000000000000e+00
-1.2031879008449582e+01
-1.2031879008449582e+01
0.0000000000000000e+00
-1.1570127596864335e+01
-1.1570127596864335e+01
0.0000000000000000e+00
-1.1529740902486200e+01
-1.1529740902486200e+01
0.0000000000000000e+00
-1.1529681887407758e+01
-1.1529681887407758e+01
0.0000000000000000e+00
-1.1529683089880049e+01
-1.1529683089880049e+01
0.0000000000000000e+00
-1.1529680515900841e+01
-1.1529680515900841e+01
0.0000000000000000e+00
-1.1529680517849362e+01
-1.1529680517849362e+01
0.0000000000000000e+00
-1.1529680509880951e+01
-1.1529680509880951e+01
0.0000000000000000e+00
-1.1529680777256317e+01
-1.1529680777256317e+01
0.0000000000000000e+00
-1.1531626258242962e+01
-1.1531626258242962e+01
0.0000000000000000e+00
-1.1531915025641327e+01
-1.1531915025641327e+01
0.0000000000000000e+00
-1.1529704813588687e+01
-1.1529704813588687e+01
0.0000000000000000e+00
-1.1529680628452638e+01
-1.1529680628452638e+01
0.0000000000000000e+00
-1.1529681882082169e+01
-1.1529681882082169e+01
0.0000000000000000e+00
-1.1529680538632464e+01
-1.1529680538632464e+01
0.0000000000000000e+00
-1.1529680527893628e+01
-1.1529680527893628e+01
0.0000000000000000e+00
-1.1529682750966934e+01
-1.1529682750966934e+01
0.0000000000000000e+00
-1.1529680527893985e+01
-1.1529680527893985e+01
0.0000000000000000e+00
-1.1529680527895325e+01
-1.1529680527895325e+01
0.0000000000000000e+00
-1.1570973689549264e+01
-1.1570973689549264e+01
0.0000000000000000e+00
-1.1575582724306660e+01
-1.1575582724306660e+01
0.0000000000000000e+00
-1.1551311108544033e+01
-1.1551311108544033e+01
0.0000000000000000e+00
-1.1557068680912334e+01
-1.1557068680912334e+01
0.0000000000000000e+00
-1.1721868246574493e+01
-1.1721868246574493e+01
0.0000000000000000e+00
-1.1551998858168835e+01
-1.1551998858168835e+01
0.0000000000000000e+00
-1.1567465863495805e+01
-1.1567465863495805e+01
0.0000000000000000e+00
-1.1564958178312363e+01
-1.1564958178312363e+01
0.0000000000000000e+00
-1.1661555938115370e+01
-1.1661555938115370e+01
0.0000000000000000e+00
-1.1695136933463262e+01
-1.1695136933463262e+01
0.0000000000000000e+00
-1.1529680527893495e+01
-1.1529680527893495e+01
0.0000000000000000e+00
-1.1529680527893607e+01
-1.1529680527893607e+01
0.0000000000000000e+00
-1.1529680527893516e+01
-1.1529680527893516e+01
0.0000000000000000e+00
-1.1529680527893451e+01
-1.1529680527893451e+01
0.0000000000000000e+00
-1.1529680527893339e+01
-1.1529680527893339e+01
0.0000000000000000e+00
-1.1529680527893206e+01
-1.1529680527893206e+01
0.0000000000000000e+00
-1.1529680527893451e+01
-1.1529680527893451e+01
0.0000000000000000e+00
-1.1529680527893227e+01
-1.1529680527893227e+01
0.0000000000000000e+00
-1.1529680527893159e+01
-1.1529680527893159e+01
0.0000000000000000e+00
-1.1529680527885640e+01
-1.1529680527885640e+01
0.0000000000000000e+00
-1.1529680528204260e+01
-1.1529680528204260e+01
0.0000000000000000e+00
-1.1530874138434845e+01
-1.1530874138434845e+01
0.0000000000000000e+00
-1.1532786151386158e+01
-1.1532786151386158e+01
0.0000000000000000e+00
-1.1530099049422731e+01
-1.1530099049422731e+01
0.0000000000000000e+00
-1.1549497509957025e+01
-1.1549497509957025e+01
0.0000000000000000e+00
-1.1529680956845208e+01
-1.1529680956845208e+01
0.0000000000000000e+00
-1.1529680985122875e+01
-1.1529680985122875e+01
0.0000000000000000e+00
-1.1529680633536531e+01
-1.1529680633536531e+01
0.0000000000000000e+00
-1.1529680522697179e+01
-1.1529680522697179e+01
0.0000000000000000e+00
-1.1529680563341438e+01
-1.1529680563341438e+01
0.0000000000000000e+00
-1.1529680508445551e+01
-1.1529680508445551e+01
0.0000000000000000e+00
-1.1529680508050479e+01
-1.1529680508050479e+01
0.0000000000000000e+00
-1.1529680535127037e+01
-1.1529680535127037e+01
0.0000000000000000e+00
-1.1529680569643933e+01
-1.1529680569643933e+01
0.0000000000000000e+00
-1.1529780234773803e+01
-1.1529780234773803e+01
0.0000000000000000e+00
-1.1529688936187103e+01
-1.1529688936187103e+01
0.0000000000000000e+00
-1.1529680534865030e+01
-1.1529680534865030e+01
0.0000000000000000e+00
-1.1529680525177767e+01
-1.1529680525177767e+01
0.0000000000000000e+00
-1.1529908201647839e+01
-1.1529908201647839e+01
0.0000000000000000e+00
-1.1565632229374112e+01
-1.1565632229374112e+01
0.0000000000000000e+00
-1.1574593083401760e+01
-1.1574593083401760e+01
0.0000000000000000e+00
-1.2031678906832241e+01
-1.2031678906832241e+01
0.0000000000000000e+00
-1.1964256318676576e+01
-1.1964256318676576e+01
0.0000000000000000e+00
-1.1719791521427956e+01
-1.1719791521427956e+01
0.0000000000000000e+00
-1.1756819600711601e+01
-1.1756819600711601e+01
0.0000000000000000e+00
-1.1531356688970686e+01
-1.1531356688970686e+01
0.0000000000000000e+00
-1.1529953078792076e+01
-1.1529953078792076e+01
0.0000000000000000e+00
-1.1529680771181374e+01
-1.1529680771181374e+01
0.0000000000000000e+00
-1.1529685862676237e+01
-1.1529685862676237e+01
0.0000000000000000e+00
-1.1529683477816864e+01
-1.1529683477816864e+01
0.0000000000000000e+00
-1.1529680602395720e+01
-1.1529680602395720e+01
0.0000000000000000e+00
-1.1529687113109967e+01
-1.1529687113109967e+01
0.0000000000000000e+00
-1.1529680694463400e+01
-1.1529680694463400e+01
0.0000000000000000e+00
-1.1529744855931721e+01
-1.1529744855931721e+01
0.0000000000000000e+00
-1.1529680592291694e+01
-1.1529680592291694e+01
0.0000000000000000e+00
-1.1529680519509277e+01
-1.1529680519509277e+01
0.0000000000000000e+00
-1.1529680565987876e+01
-1.1529680565987876e+01
0.0000000000000000e+00
-1.1583924816207084e+01
-1.1583924816207084e+01
0.0000000000000000e+00
-1.1746528289812908e+01
-1.1746528289812908e+01
0.0000000000000000e+00
-1.1676896112047730e+01
-1.1676896112047730e+01
0.0000000000000000e+00
-1.1592384636653881e+01
-1.1592384636653881e+01
0.0000000000000000e+00
-1.1544802606637974e+01
-1.1544802606637974e+01
0.0000000000000000e+00
-1.1598489952175068e+01
-1.1598489952175068e+01
0.0000000000000000e+00
-1.1544552215909842e+01
-1.1544552215909842e+01
0.0000000000000000e+00
-1.1533013217287749e+01
-1.1533013217287749e+01
0.0000000000000000e+00
-1.1576091197713112e+01
-1.1576091197713112e+01
0.0000000000000000e+00
-1.1536550958861000e+01
-1.1536550958861000e+01
0.0000000000000000e+00
-1.1591898137901280e+01
-1.1591898137901280e+01
0.0000000000000000e+00
-1.1887946663991372e+01
-1.1887946663991372e+01
0.0000000000000000e+00
-1.1532999588652647e+01
-1.1532999588652647e+01
0.0000000000000000e+00
-1.1625111600809580e+01
-1.1625111600809580e+01
0.0000000000000000e+00
-1.1549449089677474e+01
-1.1549449089677474e+01
0.0000000000000000e+00
-1.2010577311411431e+01
-1.2010577311411431e+01
0.0000000000000000e+00
-1.1797799859853336e+01
-1.1797799859853336e+01
0.0000000000000000e+00
-1.1538164617427855e+01
-1.1538164617427855e+01
0.0000000000000000e+00
-1.1655420254647458e+01
-1.1655420254647458e+01
0.0000000000000000e+00
-1.1533752700619269e+01
-1.1533752700619269e+01
0.0000000000000000e+00
-1.1532893922172772e+01
-1.1532893922172772e+01
0.0000000000000000e+00
-1.1531806234142991e+01
-1.1531806234142991e+01
0.0000000000000000e+00
-1.2030243675815729e+01
-1.2030243675815729e+01
0.0000000000000000e+00
-1.2034832149650075e+01
-1.2034832149650075e+01
0.0000000000000000e+00
-1.1882161910331574e+01
-1.1882161910331574e+01
0.0000000000000000e+00
-1.1812985962691268e+01
-1.1812985962691268e+01
0.0000000000000000e+00
-1.1558729858126517e+01
-1.1558729858126517e+01
0.0000000000000000e+00
-1.1990698917875660e+01
-1.1990698917875660e+01
0.0000000000000000e+00
-1.2034391360219429e+01
-1.2034391360219429e+01
0.0000000000000000e+00
-1.1854426674073361e+01
-1.1854426674073361e+01
0.0000000000000000e+00
-1.1561831022807306e+01
-1.1561831022807306e+01
0.0000000000000000e+00
-1.1549272710973085e+01
-1.1549272710973085e+01
0.0000000000000000e+00
-1.1999263504437696e+01
-1.1999263504437696e+01
0.0000000000000000e+00
-1.1969210089608087e+01
-1.1969210089608087e+01
0.0000000000000000e+00
-1.1771839598418527e+01
-1.1771839598418527e+01
0.0000000000000000e+00
-1.1604704401047035e+01
-1.1604704401047035e+01
0.0000000000000000e+00
-1.1530703442436279e+01
-1.1530703442436279e+01
0.0000000000000000e+00
-1.1551178462153445e+01
-1.1551178462153445e+01
0.0000000000000000e+00
-1.1535042927640678e+01
-1.1535042927640678e+01
0.0000000000000000e+00
-1.1529680754350835e+01
-1.1529680754350835e+01
0.0000000000000000e+00
-1.1529680534663790e+01
-1.1529680534663790e+01
0.0000000000000000e+00
-1.1529683107398149e+01
-1.1529683107398149e+01
0.0000000000000000e+00
-1.1529785189951459e+01
-1.1529785189951459e+01
0.0000000000000000e+00
-1.1529680676490688e+01
-1.1529680676490688e+01
0.0000000000000000e+00
-1.1533793498156802e+01
-1.1533793498156802e+01
0.0000000000000000e+00
-1.1545782692444735e+01
-1.1545782692444735e+01
0.0000000000000000e+00
-1.1529703622380628e+01
-1.1529703622380628e+01
0.0000000000000000e+00
-1.1529681540435430e+01
-1.1529681540435430e+01
0.0000000000000000e+00
-1.1530186616836897e+01
-1.1530186616836897e+01
0.0000000000000000e+00
-1.1535201676199460e+01
-1.1535201676199460e+01
0.0000000000000000e+00
-1.1545970043497038e+01
-1.1545970043497038e+01
0.0000000000000000e+00
-1.1529781134939540e+01
-1.1529781134939540e+01
0.0000000000000000e+00
-1.1529680529216089e+01
-1.1529680529216089e+01
0.0000000000000000e+00
-1.1529814043895149e+01
-1.1529814043895149e+01
0.0000000000000000e+00
-1.1529680528016140e+01
-1.1529680528016140e+01
0.0000000000000000e+00
-1.1529680765145258e+01
-1.1529680765145258e+01
0.0000000000000000e+00
-1.1529686301409676e+01
-1.1529686301409676e+01
0.0000000000000000e+00
-1.1529680528579918e+01
-1.1529680528579918e+01
0.0000000000000000e+00
-1.1529680527657151e+01
-1.1529680527657151e+01
0.0000000000000000e+00
-1.1529680528106720e+01
-1.1529680528106720e+01
0.0000000000000000e+00
-1.1529680613075509e+01
-1.1529680613075509e+01
0.0000000000000000e+00
-1.1530108174117402e+01
-1.1530108174117402e+01
0.0000000000000000e+00
-1.1529686113511882e+01
-1.1529686113511882e+01
0.0000000000000000e+00
-1.1529682304254662e+01
-1.1529682304254662e+01
0.0000000000000000e+00
-1.1529680757238436e+01
-1.1529680757238436e+01
0.0000000000000000e+00
-1.1587067006155086e+01
-1.1587067006155086e+01
0.0000000000000000e+00
-1.1529755918433807e+01
-1.1529755918433807e+01
0.0000000000000000e+00
-1.1776380595347993e+01
-1.1776380595347993e+01
0.0000000000000000e+00
-1.1674812718367658e+01
-1.1674812718367658e+01
0.0000000000000000e+00
-1.1759057033919492e+01
-1.1759057033919492e+01
0.0000000000000000e+00
-1.1529684802179467e+01
-1.1529684802179467e+01
0.0000000000000000e+00
-1.1986698476409524e+01
-1.1986698476409524e+01
0.0000000000000000e+00
-1.1534673470675823e+01
-1.1534673470675823e+01
0.0000000000000000e+00
-1.2984268702701169e+01
-1.2984268702701169e+01
0.0000000000000000e+00
-1.2802576602597991e+01
-1.2802576602597991e+01
0.0000000000000000e+00
-1.2316262245221996e+01
-1.2316262245221996e+01
0.0000000000000000e+00
-1.2165909575523436e+01
-1.2165909575523436e+01
0.0000000000000000e+00
-1.3034777143569670e+01
-1.3034777143569670e+01
0.0000000000000000e+00
-1.2958492194474175e+01
-1.2958492194474175e+01
0.0000000000000000e+00
-1.4030037232439316e+01
-1.4030037232439316e+01
0.0000000000000000e+00
-1.2391441599203930e+01
-1.2391441599203930e+01
0.0000000000000000e+00
-1.3276734649901829e+01
-1.3276734649901829e+01
0.0000000000000000e+00
-1.2065249256501250e+01
-1.2065249256501250e+01
0.0000000000000000e+00
-1.2378323510477601e+01
-1.2378323510477601e+01
0.0000000000000000e+00
-1.2188098230697273e+01
-1.2188098230697273e+01
0.0000000000000000e+00
-1.2036234102005778e+01
-1.2036234102005778e+01
0.0000000000000000e+00
-1.2236850810723215e+01
-1.2236850810723215e+01
0.0000000000000000e+00
-1.1950613692227842e+01
-1.1950613692227842e+01
0.0000000000000000e+00
-1.1542867621759150e+01
-1.1542867621759150e+01
0.0000000000000000e+00
-1.1529986849507385e+01
-1.1529986849507385e+01
0.0000000000000000e+00
-1.1529719879156957e+01
-1.1529719879156957e+01
0.0000000000000000e+00
-1.1529742742445601e+01
-1.1529742742445601e+01
0.0000000000000000e+00
-1.1529810272670922e+01
-1.1529810272670922e+01
0.0000000000000000e+00
-1.1533961187075441e+01
-1.1533961187075441e+01
0.0000000000000000e+00
-1.1535932926048227e+01
-1.1535932926048227e+01
0.0000000000000000e+00
-1.1547006638880211e+01
-1.1547006638880211e+01
0.0000000000000000e+00
-1.1624160865285537e+01
-1.1624160865285537e+01
0.0000000000000000e+00
-1.1833549279201453e+01
-1.1833549279201453e+01
0.0000000000000000e+00
-1.1728979109988879e+01
-1.1728979109988879e+01
0.0000000000000000e+00
