26
1
-4.1227586987576587e-01
3.2097105896533824e+00
-1.1903147081298798e-01
2.9475152984029929e-01
1.2559062053080501e-03
-7.6636617435049437e-01
0.0000000000000000e+00
3.8079257895934610e-01
7.5330764154910101e-01
7.0871852434036707e-03
-6.2927321396610625e-01
2.9122176794072063e-01
-2.1440774448819067e-01
0.0000000000000000e+00
0.0000000000000000e+00
0.0000000000000000e+00
0.0000000000000000e+00
0.0000000000000000e+00
0.0000000000000000e+00
-1.9271568542584108e-01
-1.7611434612268961e-01
3.1403097926982865e-01
-4.5131048908278104e-01
1.0340178891080543e-01
-2.0418595547757551e-01
9.8094166448409147e-03
