11
4
1.1538461538461539e-01
1.6260162601626018e-02
9.1538461538461535e-01
9.7435897435897434e-01
0.0000000000000000e+00
0.0000000000000000e+00
0.0000000000000000e+00
0.0000000000000000e+00
0.0000000000000000e+00
0.0000000000000000e+00
5.0000000000000000e-01
2.6000000000000001e-01
2.4600000000000000e-01
2.6000000000000001e-01
2.3400000000000001e-01
0.0000000000000000e+00
0.0000000000000000e+00
0.0000000000000000e+00
0.0000000000000000e+00
0.0000000000000000e+00
0.0000000000000000e+00
1.0000000000000000e+00
1.5000000000000000e+01
2.0000000000000000e+00
1.1900000000000000e+02
1.1400000000000000e+02
0.0000000000000000e+00
0.0000000000000000e+00
0.0000000000000000e+00
0.0000000000000000e+00
0.0000000000000000e+00
0.0000000000000000e+00
2.5000000000000000e+02
1.3000000000000000e+02
1.2300000000000000e+02
1.3000000000000000e+02
1.1700000000000000e+02
0.0000000000000000e+00
0.0000000000000000e+00
0.0000000000000000e+00
0.0000000000000000e+00
0.0000000000000000e+00
0.0000000000000000e+00
5.0000000000000000e+02
