10
140
-7.5970821012111300e-01
2.9035281679608924e+00
-3.8889152434422314e-02
5.3837023780249128e-04
7.2584163059596838e+00
6.8611544587835622e+00
5.9999999999999998e-01
-1.0000000000000001e-01
0.0000000000000000e+00
4.0000000000000002e-01
9.1884349267629983e-01
2.8027539381959539e+00
-3.2284377555246535e-01
5.3837023780249128e-04
7.1527556841378042e+00
6.7816144445165945e+00
5.9999999999999998e-01
-1.0000000000000001e-01
0.0000000000000000e+00
4.0000000000000002e-01
6.5978230278639205e-01
2.7915703414433701e+00
-4.8434071804280460e-01
5.3837023780249128e-04
7.7242157106404132e+00
7.5443143555149383e+00
5.9999999999999998e-01
-1.0000000000000001e-01
0.0000000000000000e+00
4.0000000000000002e-01
9.8576498310713179e-01
2.7683794086926681e+00
-7.6837473398889466e-01
5.3837023780249128e-04
8.2760873769526295e+00
6.8944216602668114e+00
5.9999999999999998e-01
-1.0000000000000001e-01
0.0000000000000000e+00
4.0000000000000002e-01
7.9964668195394883e-01
2.6202479796164733e+00
-4.3422327346052103e-01
5.3837023780249128e-04
8.5580533345346268e+00
6.3218188115581802e+00
5.9999999999999998e-01
-1.0000000000000001e-01
0.0000000000000000e+00
4.0000000000000002e-01
-4.0957081068606954e-01
2.5540548655741917e+00
-8.6838695085491124e-01
5.3837023780249128e-04
8.8536391628091167e+00
6.0945776862278507e+00
5.9999999999999998e-01
-1.0000000000000001e-01
0.0000000000000000e+00
4.0000000000000002e-01
1.2623183261303311e-01
2.6232902666085463e+00
-8.6838695085491124e-01
5.3837023780249128e-04
8.0110369292204222e+00
5.3701459196582348e+00
5.9999999999999998e-01
-1.0000000000000001e-01
0.0000000000000000e+00
4.0000000000000002e-01
-4.6869595233650796e-01
2.5001496795171003e+00
-9.3817228055442758e-01
1.0776270285748019e-04
7.6114878323976836e+00
5.3798945983126680e+00
5.9999999999999998e-01
-1.0000000000000001e-01
0.0000000000000000e+00
4.0000000000000002e-01
-7.7493887786121951e-01
2.5430760401242476e+00
-9.3817228055442758e-01
1.0776270285748019e-04
7.4256863662623758e+00
5.6496575107052847e+00
5.9999999999999998e-01
-1.0000000000000001e-01
0.0000000000000000e+00
4.0000000000000002e-01
-7.5483986530752767e-01
2.4924803212971489e+00
-9.1874049297417593e-01
5.4288975999258532e-04
7.3333064386271829e+00
5.5338210617378278e+00
5.9999999999999998e-01
-1.0000000000000001e-01
0.0000000000000000e+00
4.0000000000000002e-01
-1.3650891218634240e-01
2.5224017584116254e+00
3.6230097373132508e-01
5.4288975999258532e-04
7.4604778559529175e+00
6.1654220928624186e+00
5.9999999999999998e-01
-1.0000000000000001e-01
0.0000000000000000e+00
4.0000000000000002e-01
3.2589908327607520e-01
2.6328349931181467e+00
7.7385057588224204e-01
5.4288975999258532e-04
7.6766254888498180e+00
6.5882856835797341e+00
5.9999999999999998e-01
-1.0000000000000001e-01
0.0000000000000000e+00
4.0000000000000002e-01
7.8385008688716296e-01
2.7266954965532819e+00
-8.6143681029672825e-01
5.4288975999258532e-04
6.4325758328312030e+00
6.3382696052268059e+00
5.9999999999999998e-01
-1.0000000000000001e-01
0.0000000000000000e+00
4.0000000000000002e-01
7.0921876232771275e-01
2.8074220190585653e+00
6.8972105522756355e-01
5.4288975999258532e-04
6.9104104904108636e+00
5.7171998822316450e+00
5.9999999999999998e-01
-1.0000000000000001e-01
0.0000000000000000e+00
4.0000000000000002e-01
2.5552973922042255e-01
2.8778396802933019e+00
4.4216017489437853e-01
5.4288975999258532e-04
5.6140860883169763e+00
7.7010720336064606e+00
5.9999999999999998e-01
-1.0000000000000001e-01
0.0000000000000000e+00
4.0000000000000002e-01
-4.6033221643717870e-01
2.9639914452822018e+00
-3.5295214260812008e-01
5.4288975999258532e-04
5.6321318028145422e+00
8.1016014152392657e+00
5.9999999999999998e-01
-1.0000000000000001e-01
0.0000000000000000e+00
4.0000000000000002e-01
-3.8116656925829034e-01
2.9532440070302299e+00
2.8783871215884482e-01
5.4288975999258532e-04
4.9546146211796387e+00
7.3169608646258624e+00
5.9999999999999998e-01
-1.0000000000000001e-01
0.0000000000000000e+00
4.0000000000000002e-01
8.6811371855137964e-01
2.9632477321566157e+00
-1.0013943510945045e-01
5.4288975999258532e-04
5.7947314640157801e+00
7.7812843167409209e+00
5.9999999999999998e-01
-1.0000000000000001e-01
0.0000000000000000e+00
4.0000000000000002e-01
-4.2614954896571011e-01
3.1236161133662872e+00
7.6778658163850100e-01
8.0998524010680688e-04
7.4199876902275665e+00
7.9968354844674367e+00
5.9999999999999998e-01
-1.0000000000000001e-01
0.0000000000000000e+00
4.0000000000000002e-01
-9.4480391808153952e-01
3.0090993486062696e+00
4.5350620758836063e-01
8.0998524010680688e-04
8.2086308901780232e+00
8.0126174994930519e+00
5.9999999999999998e-01
-1.0000000000000001e-01
0.0000000000000000e+00
4.0000000000000002e-01
-9.4480391808153952e-01
2.9061581369654341e+00
-7.0361808272893644e-01
9.8032170638941304e-04
8.3892190601734864e+00
8.0730872580036426e+00
5.9999999999999998e-01
-1.0000000000000001e-01
0.0000000000000000e+00
4.0000000000000002e-01
-8.6946591325404010e-01
2.7958952694700163e+00
-2.1777327212388731e-01
9.8032170638941304e-04
7.8109526388405310e+00
9.1299036272987628e+00
5.9999999999999998e-01
-1.0000000000000001e-01
0.0000000000000000e+00
4.0000000000000002e-01
-5.8524769026058465e-02
2.9288394069538515e+00
3.5136354518239277e-01
1.7959834124197818e-03
8.5565515987633205e+00
7.9323132165893826e+00
5.9999999999999998e-01
-1.0000000000000001e-01
0.0000000000000000e+00
4.0000000000000002e-01
-1.6407394238116096e-01
2.7993726067409916e+00
4.8965003800694712e-01
1.7959834124197818e-03
7.7512676343379914e+00
7.6777640530094420e+00
5.9999999999999998e-01
-1.0000000000000001e-01
0.0000000000000000e+00
4.0000000000000002e-01
-8.5806665905119728e-01
2.7753199875221659e+00
6.7450789046590098e-01
1.7959834124197818e-03
7.3943085365055499e+00
7.5271943026408463e+00
5.9999999999999998e-01
-1.0000000000000001e-01
0.0000000000000000e+00
4.0000000000000002e-01
2.3719706905240315e-01
2.9570126883254457e+00
4.4749205124680769e-01
1.7959834124197818e-03
7.7583648226747668e+00
8.5020836078748037e+00
5.9999999999999998e-01
-1.0000000000000001e-01
0.0000000000000000e+00
4.0000000000000002e-01
-7.7198967214877415e-02
2.9525616922841480e+00
4.3023223654598652e-02
1.7959834124197818e-03
7.0031232095847287e+00
7.9497733243927291e+00
5.9999999999999998e-01
-1.0000000000000001e-01
0.0000000000000000e+00
4.0000000000000002e-01
5.6734386663118497e-01
2.9741616437898091e+00
9.8505671300110276e-01
1.7959834124197818e-03
9.0095961860904854e+00
8.0032778633013297e+00
5.9999999999999998e-01
-1.0000000000000001e-01
0.0000000000000000e+00
4.0000000000000002e-01
4.5038560073057310e-01
2.9443604315982279e+00
6.0076458968338420e-01
1.7959834124197818e-03
9.8201690263638639e+00
8.5406263333931491e+00
5.9999999999999998e-01
-1.0000000000000001e-01
0.0000000000000000e+00
4.0000000000000002e-01
8.1875332038084170e-01
3.0934664547310291e+00
8.1181069277343199e-01
1.7959834124197818e-03
9.7859745002875478e+00
8.8011348244920296e+00
5.9999999999999998e-01
-1.0000000000000001e-01
0.0000000000000000e+00
4.0000000000000002e-01
2.5975166977549091e-01
3.1321454783544955e+00
9.0336286746081751e-01
1.7959834124197818e-03
9.9166274360904811e+00
9.1205581193044711e+00
5.9999999999999998e-01
-1.0000000000000001e-01
0.0000000000000000e+00
4.0000000000000002e-01
-5.1849281280135606e-01
3.2508077118785197e+00
5.1679029204067639e-01
1.7959834124197818e-03
1.0046727480326068e+01
9.3730162416770977e+00
5.9999999999999998e-01
-1.0000000000000001e-01
0.0000000000000000e+00
4.0000000000000002e-01
3.6976420791054271e-01
3.2129711910278611e+00
4.9791071273502763e-01
1.7959834124197818e-03
1.0101100881729494e+01
9.0582375510781930e+00
5.9999999999999998e-01
-1.0000000000000001e-01
0.0000000000000000e+00
4.0000000000000002e-01
-3.2645127146338915e-01
3.2632998490423972e+00
9.9714476607856195e-01
1.7959834124197818e-03
1.0071771730814346e+01
8.7336622490733795e+00
5.9999999999999998e-01
-1.0000000000000001e-01
0.0000000000000000e+00
4.0000000000000002e-01
-3.4136154397224877e-01
3.3224575733632853e+00
-5.6344393946114135e-01
1.7959834124197818e-03
9.2359745788911685e+00
8.3253466963022866e+00
5.9999999999999998e-01
-1.0000000000000001e-01
0.0000000000000000e+00
4.0000000000000002e-01
-7.8553765280937637e-01
3.2902361020536235e+00
-5.9646826110663964e-01
1.7959834124197818e-03
1.0199856098328008e+01
7.3543037771433504e+00
5.9999999999999998e-01
-1.0000000000000001e-01
0.0000000000000000e+00
4.0000000000000002e-01
-4.6827494933103997e-01
3.2593246763438994e+00
-8.9519865266862464e-01
1.7959834124197818e-03
1.0926989941258206e+01
7.3398677549511104e+00
5.9999999999999998e-01
-1.0000000000000001e-01
0.0000000000000000e+00
4.0000000000000002e-01
-7.9472055747007808e-01
3.3169207998008545e+00
-8.3343402556958746e-01
1.7959834124197818e-03
1.1365782518644108e+01
6.7609064570814281e+00
5.9999999999999998e-01
-1.0000000000000001e-01
0.0000000000000000e+00
4.0000000000000002e-01
-6.3416644139980760e-01
3.4618122341127213e+00
-9.1784519538167075e-01
1.7959834124197818e-03
1.1502474720735323e+01
5.6400372288376008e+00
5.9999999999999998e-01
-1.0000000000000001e-01
0.0000000000000000e+00
4.0000000000000002e-01
-7.8319588049149003e-01
3.5651420608253295e+00
-9.0677118003252100e-01
1.7959834124197818e-03
1.1574757437367213e+01
5.7029445431381376e+00
5.9999999999999998e-01
-1.0000000000000001e-01
0.0000000000000000e+00
4.0000000000000002e-01
2.6373291687274486e-01
3.5057687595204525e+00
-9.0677118003252100e-01
1.7959834124197818e-03
1.0755112099420499e+01
5.1614597327727738e+00
5.9999999999999998e-01
-1.0000000000000001e-01
0.0000000000000000e+00
4.0000000000000002e-01
4.2344870851541061e-01
3.4416894514874627e+00
-8.0070110849919862e-01
1.7959834124197818e-03
1.0763692432414960e+01
5.3356344289798203e+00
5.9999999999999998e-01
-1.0000000000000001e-01
0.0000000000000000e+00
4.0000000000000002e-01
-7.9198665692305059e-01
3.3809928553418334e+00
-7.4156401984277320e-01
1.7959834124197818e-03
1.0917335355054806e+01
7.3027450494188724e+00
5.9999999999999998e-01
-1.0000000000000001e-01
0.0000000000000000e+00
4.0000000000000002e-01
-8.5226089312529052e-01
3.3664428520516569e+00
-8.3568396441522197e-01
9.1004320338867681e-04
1.1821179816086063e+01
6.5832368038315234e+00
5.9999999999999998e-01
-1.0000000000000001e-01
0.0000000000000000e+00
4.0000000000000002e-01
4.9987336740994964e-01
3.3366124504522499e+00
-6.7489727578940950e-01
9.1004320338867681e-04
1.1375877949368427e+01
7.3718133106548240e+00
5.9999999999999998e-01
-1.0000000000000001e-01
0.0000000000000000e+00
4.0000000000000002e-01
5.6840021770243943e-02
3.2775516472176727e+00
5.0741766221937568e-01
9.1004320338867681e-04
1.2148677374195525e+01
6.4873780443984916e+00
5.9999999999999998e-01
-1.0000000000000001e-01
0.0000000000000000e+00
4.0000000000000002e-01
-4.9213766295666456e-02
3.2743423473850903e+00
6.9745618098066020e-01
1.4443456094016887e-03
1.2310018183063935e+01
6.9261541709024366e+00
5.9999999999999998e-01
-1.0000000000000001e-01
0.0000000000000000e+00
4.0000000000000002e-01
5.8621501402164000e-01
3.2916375830189404e+00
8.8926069584325718e-01
1.4443456094016887e-03
1.2260606392245958e+01
5.6930146543029601e+00
5.9999999999999998e-01
-1.0000000000000001e-01
0.0000000000000000e+00
4.0000000000000002e-01
-7.1740614815449211e-01
3.3056391571776089e+00
8.9879275985644036e-01
5.6372965232037091e-04
1.1533889721106956e+01
4.8486736921314062e+00
5.9999999999999998e-01
-1.0000000000000001e-01
0.0000000000000000e+00
4.0000000000000002e-01
-5.7169674325938058e-02
3.2879346518532446e+00
-7.9072467259480772e-01
5.6372965232037091e-04
1.1566158689331481e+01
3.9702007261756718e+00
5.9999999999999998e-01
-1.0000000000000001e-01
0.0000000000000000e+00
4.0000000000000002e-01
-1.4037916867827877e-01
3.2771823539749785e+00
-6.4226186468615354e-01
5.6372965232037091e-04
1.1309351289045285e+01
4.3443777886871153e+00
5.9999999999999998e-01
-1.0000000000000001e-01
0.0000000000000000e+00
4.0000000000000002e-01
-2.8223112909888731e-01
3.0831173890248942e+00
-1.4889296482666553e-01
5.6372965232037091e-04
1.1736464419733952e+01
5.2477497366908841e+00
5.9999999999999998e-01
-1.0000000000000001e-01
0.0000000000000000e+00
4.0000000000000002e-01
-3.3777976899241913e-01
3.0799432266668485e+00
-7.7566163878305971e-01
5.6372965232037091e-04
1.1840492789965342e+01
5.8045829894207319e+00
5.9999999999999998e-01
-1.0000000000000001e-01
0.0000000000000000e+00
4.0000000000000002e-01
2.1901894898319735e-01
3.0880315025166678e+00
-4.9661483605741674e-01
5.6372965232037091e-04
1.1500353706401061e+01
4.8333339684829006e+00
5.9999999999999998e-01
-1.0000000000000001e-01
0.0000000000000000e+00
4.0000000000000002e-01
7.9839069479311009e-01
3.0648904459790400e+00
-7.4210373451351341e-01
5.6372965232037091e-04
1.0432801437895964e+01
4.9731539168581254e+00
5.9999999999999998e-01
-1.0000000000000001e-01
0.0000000000000000e+00
4.0000000000000002e-01
9.9800262623632441e-01
3.0216237248496221e+00
6.4658998305559934e-01
5.6372965232037091e-04
1.0319270956268870e+01
5.8632124343141800e+00
5.9999999999999998e-01
-1.0000000000000001e-01
0.0000000000000000e+00
4.0000000000000002e-01
5.8032764100635537e-01
3.0449116045699522e+00
4.5571644718409360e-01
5.6372965232037091e-04
1.0564933638399802e+01
5.9172980659827479e+00
5.9999999999999998e-01
-1.0000000000000001e-01
0.0000000000000000e+00
4.0000000000000002e-01
-8.8508142445440224e-02
3.0870780190543337e+00
-7.6594050233601751e-01
5.6372965232037091e-04
1.1867317007607184e+01
4.9271490031108156e+00
5.9999999999999998e-01
-1.0000000000000001e-01
0.0000000000000000e+00
4.0000000000000002e-01
-3.6992434284483899e-01
3.0202516596035167e+00
2.5531493956805057e-01
5.6372965232037091e-04
1.2743962224698029e+01
4.6197086983546516e+00
5.9999999999999998e-01
-1.0000000000000001e-01
0.0000000000000000e+00
4.0000000000000002e-01
7.7217023160104870e-02
2.9042041866571711e+00
-1.5530195390223672e-01
5.6372965232037091e-04
1.2865730589008294e+01
4.2275578894838590e+00
5.9999999999999998e-01
-1.0000000000000001e-01
0.0000000000000000e+00
4.0000000000000002e-01
-1.3259050509726517e-01
2.8362231953681509e+00
6.7234172472961623e-02
5.6372965232037091e-04
1.3253963267183266e+01
3.7382160925492554e+00
5.9999999999999998e-01
-1.0000000000000001e-01
0.0000000000000000e+00
4.0000000000000002e-01
-7.1399977288043015e-01
2.6843677840770290e+00
1.4100853080511877e-01
5.6372965232037091e-04
1.3001993101215326e+01
3.4553003513440399e+00
5.9999999999999998e-01
-1.0000000000000001e-01
0.0000000000000000e+00
4.0000000000000002e-01
6.0041363814080240e-01
2.5493833720029397e+00
2.7797744924784490e-01
5.6372965232037091e-04
1.2422863950705494e+01
4.3403141483489609e+00
5.9999999999999998e-01
-1.0000000000000001e-01
0.0000000000000000e+00
4.0000000000000002e-01
7.8874417164528854e-01
2.3584975526870293e+00
-1.2703740303754024e-01
5.6372965232037091e-04
1.2244929074621165e+01
4.6379377765406105e+00
5.9999999999999998e-01
-1.0000000000000001e-01
0.0000000000000000e+00
4.0000000000000002e-01
-7.3025691721792074e-02
2.3766616920770214e+00
-1.5366213624715025e-01
5.6372965232037091e-04
1.2938369947238233e+01
4.7347337288607090e+00
5.9999999999999998e-01
-1.0000000000000001e-01
0.0000000000000000e+00
4.0000000000000002e-01
5.5322130778038991e-01
2.5286231198252245e+00
1.4635077590704745e-01
5.6372965232037091e-04
1.2203729936372826e+01
5.0741026038129053e+00
5.9999999999999998e-01
-1.0000000000000001e-01
0.0000000000000000e+00
4.0000000000000002e-01
1.4081718311810981e-01
2.5587353400529427e+00
5.7770944783695377e-02
5.6372965232037091e-04
1.0070024193715643e+01
5.5613936686713421e+00
5.9999999999999998e-01
-1.0000000000000001e-01
0.0000000000000000e+00
4.0000000000000002e-01
-5.7812398805117127e-01
2.5931740480034677e+00
-2.4340478186844997e-01
5.6372965232037091e-04
1.0042751893665981e+01
4.9456055471498699e+00
5.9999999999999998e-01
-1.0000000000000001e-01
0.0000000000000000e+00
4.0000000000000002e-01
-3.7176360263323321e-01
2.5025106937258572e+00
6.3013483862043218e-01
5.6372965232037091e-04
9.1717370021011355e+00
4.9346882054407324e+00
5.9999999999999998e-01
-1.0000000000000001e-01
0.0000000000000000e+00
4.0000000000000002e-01
8.1356135145926933e-01
2.5252056763737531e+00
-9.6693176915287171e-01
5.6372965232037091e-04
8.7201244535710316e+00
3.4228724175889225e+00
5.9999999999999998e-01
-1.0000000000000001e-01
0.0000000000000000e+00
4.0000000000000002e-01
-2.8291142447685730e-01
2.4090986562415093e+00
1.2273318032384717e-01
5.6372965232037091e-04
9.0408801200654008e+00
5.0385375158686356e+00
5.9999999999999998e-01
-1.0000000000000001e-01
0.0000000000000000e+00
4.0000000000000002e-01
-6.0601815446114071e-01
2.4083513241454098e+00
-2.7065828969120181e-01
5.6372965232037091e-04
8.4417215301509589e+00
5.4145236143667423e+00
5.9999999999999998e-01
-1.0000000000000001e-01
0.0000000000000000e+00
4.0000000000000002e-01
-7.2725398584103118e-01
2.4045190965577095e+00
-4.8226210852502988e-01
5.6372965232037091e-04
8.3636608927365028e+00
4.8964849794108600e+00
5.9999999999999998e-01
-1.0000000000000001e-01
0.0000000000000000e+00
4.0000000000000002e-01
-2.1297825991010194e-01
2.4205702099247906e+00
3.4339276174665295e-01
5.6372965232037091e-04
8.7622715203877171e+00
5.3923595243890015e+00
5.9999999999999998e-01
-1.0000000000000001e-01
0.0000000000000000e+00
4.0000000000000002e-01
-3.3853452383374694e-01
2.4705921291752788e+00
4.0894219050765834e-01
5.6372965232037091e-04
7.6219475953694058e+00
6.2112200105387894e+00
5.9999999999999998e-01
-1.0000000000000001e-01
0.0000000000000000e+00
4.0000000000000002e-01
-7.3467293966765490e-02
2.4812114077254273e+00
6.1421322869718875e-01
5.6372965232037091e-04
7.8301154351647568e+00
7.3462715821165760e+00
5.9999999999999998e-01
-1.0000000000000001e-01
0.0000000000000000e+00
4.0000000000000002e-01
3.1063465000296109e-01
2.4090677394910793e+00
7.2629433202207883e-01
5.6372965232037091e-04
6.7366126782115172e+00
9.0180611328978255e+00
5.9999999999999998e-01
-1.0000000000000001e-01
0.0000000000000000e+00
4.0000000000000002e-01
6.8147318036461346e-01
2.1865743346258140e+00
-9.5890907769791353e-02
5.6372965232037091e-04
6.7338432258780667e+00
8.7370164540421378e+00
5.9999999999999998e-01
-1.0000000000000001e-01
0.0000000000000000e+00
4.0000000000000002e-01
4.9997016565108771e-01
2.0861680031683836e+00
-4.6711918902932803e-01
5.6372965232037091e-04
7.1695241457637024e+00
9.3137765032064337e+00
5.9999999999999998e-01
-1.0000000000000001e-01
0.0000000000000000e+00
4.0000000000000002e-01
-8.7960453881716250e-01
2.0636820445325768e+00
-6.1514281225740108e-01
5.6372965232037091e-04
7.7650917663093280e+00
8.7753249478351485e+00
5.9999999999999998e-01
-1.0000000000000001e-01
0.0000000000000000e+00
4.0000000000000002e-01
-9.5716179265474788e-01
2.0464754698541561e+00
-4.1125001783832116e-01
1.3252730305542805e-03
6.6740521802421284e+00
7.5196032893669020e+00
5.9999999999999998e-01
-1.0000000000000001e-01
0.0000000000000000e+00
4.0000000000000002e-01
-3.7054062261080256e-01
2.0174393529560963e+00
2.9375128571526010e-01
1.4088675949027398e-03
8.2525245691503937e+00
7.2119933762412671e+00
5.9999999999999998e-01
-1.0000000000000001e-01
0.0000000000000000e+00
4.0000000000000002e-01
-4.8229180081581591e-01
2.0269649876025122e+00
7.2033266131416751e-01
1.4088675949027398e-03
8.5004632855619846e+00
7.8496909030538200e+00
5.9999999999999998e-01
-1.0000000000000001e-01
0.0000000000000000e+00
4.0000000000000002e-01
-5.1943693562244886e-01
2.0287642877068923e+00
9.0493704502121397e-01
1.4088675949027398e-03
6.8423823262419159e+00
8.8324030094605082e+00
5.9999999999999998e-01
-1.0000000000000001e-01
0.0000000000000000e+00
4.0000000000000002e-01
-3.7097992284988873e-01
2.0134070320394439e+00
7.4624189917580075e-01
1.4088675949027398e-03
6.4469844474311531e+00
1.0262956898735107e+01
5.9999999999999998e-01
-1.0000000000000001e-01
0.0000000000000000e+00
4.0000000000000002e-01
-9.1348976238464830e-01
2.0061157322194978e+00
9.9329952512518360e-01
1.4088675949027398e-03
7.1054092607315233e+00
9.4402863346796639e+00
5.9999999999999998e-01
-1.0000000000000001e-01
0.0000000000000000e+00
4.0000000000000002e-01
-1.4227392538284769e-01
1.9969315288331908e+00
8.0606924269930325e-01
1.4088675949027398e-03
9.1456068782921491e+00
9.8925757118325830e+00
5.9999999999999998e-01
-1.0000000000000001e-01
0.0000000000000000e+00
4.0000000000000002e-01
-4.6722439511513220e-01
2.0131847627427977e+00
3.9602320684351544e-02
1.4088675949027398e-03
9.8694041979353493e+00
1.0133610797749100e+01
5.9999999999999998e-01
-1.0000000000000001e-01
0.0000000000000000e+00
4.0000000000000002e-01
-9.0684188588356485e-01
2.0391231917556927e+00
9.8357145222020204e-01
8.0503435165189298e-04
9.7859508854191368e+00
9.7956024151178660e+00
5.9999999999999998e-01
-1.0000000000000001e-01
0.0000000000000000e+00
4.0000000000000002e-01
-5.3670615989918638e-02
2.0640958210047891e+00
-2.3230666009592948e-01
5.2563225955270317e-04
1.1210435552601107e+01
8.8234676446648894e+00
5.9999999999999998e-01
-1.0000000000000001e-01
0.0000000000000000e+00
4.0000000000000002e-01
3.3882921845818037e-01
2.0961976826903035e+00
-2.8867392359185157e-01
5.2563225955270317e-04
1.0047634528283366e+01
8.5428972449036902e+00
5.9999999999999998e-01
-1.0000000000000001e-01
0.0000000000000000e+00
4.0000000000000002e-01
7.4489558576306436e-01
1.8103616106030160e+00
2.7463112222147046e-01
5.2563225955270317e-04
1.0265501662794836e+01
9.4509890984627063e+00
5.9999999999999998e-01
-1.0000000000000001e-01
0.0000000000000000e+00
4.0000000000000002e-01
4.6121091781815632e-01
1.8514795223590550e+00
-4.6497973723220765e-01
5.2563225955270317e-04
9.0628182780783266e+00
1.0207930834207184e+01
5.9999999999999998e-01
-1.0000000000000001e-01
0.0000000000000000e+00
4.0000000000000002e-01
9.7997537015637515e-01
1.7635632779714285e+00
-1.2119560046005184e-01
5.2563225955270317e-04
9.4775311295728759e+00
1.0114454318943865e+01
5.9999999999999998e-01
-1.0000000000000001e-01
0.0000000000000000e+00
4.0000000000000002e-01
9.7997537015637515e-01
1.7284572303411181e+00
-2.3647744755737540e-03
5.2563225955270317e-04
9.7945007284026229e+00
9.8895190585287871e+00
5.9999999999999998e-01
-1.0000000000000001e-01
0.0000000000000000e+00
4.0000000000000002e-01
7.9808663417285441e-01
1.9020177351948435e+00
-5.5947634888696596e-01
5.2563225955270317e-04
1.0329773892913350e+01
1.1550599912728615e+01
5.9999999999999998e-01
-1.0000000000000001e-01
0.0000000000000000e+00
4.0000000000000002e-01
5.8350949629006332e-02
1.8402416971739943e+00
-8.1654941392946179e-01
5.2563225955270317e-04
1.0369212035913355e+01
1.1310153214062996e+01
5.9999999999999998e-01
-1.0000000000000001e-01
0.0000000000000000e+00
4.0000000000000002e-01
-4.7035352791959290e-01
1.9183523561772522e+00
3.5581232721102296e-01
5.2563225955270317e-04
9.8491869077872121e+00
1.0802189398731537e+01
5.9999999999999998e-01
-1.0000000000000001e-01
0.0000000000000000e+00
4.0000000000000002e-01
-2.8151237692052361e-01
1.9682752557810959e+00
-4.1057323133456636e-01
5.2563225955270317e-04
8.6374200210760925e+00
1.1811082665796825e+01
5.9999999999999998e-01
-1.0000000000000001e-01
0.0000000000000000e+00
4.0000000000000002e-01
1.5267404292410380e-01
1.9511648248848135e+00
-1.9768620973336626e-01
1.3682529154469825e-03
8.4135851011465874e+00
1.1231170167203494e+01
5.9999999999999998e-01
-1.0000000000000001e-01
0.0000000000000000e+00
4.0000000000000002e-01
-5.1144679728263842e-01
1.9130581455048734e+00
-2.6585199145483884e-01
1.3682529154469825e-03
7.8907261297892424e+00
1.1478748761292048e+01
5.9999999999999998e-01
-1.0000000000000001e-01
0.0000000000000000e+00
4.0000000000000002e-01
-6.9070064965003952e-01
1.8835798229989225e+00
8.5164240916491440e-02
1.3682529154469825e-03
8.8617819565202680e+00
1.2770903830404826e+01
5.9999999999999998e-01
-1.0000000000000001e-01
0.0000000000000000e+00
4.0000000000000002e-01
-6.5922486248725876e-01
1.6777839996632751e+00
6.0400118263554659e-01
1.3682529154469825e-03
9.1572654562856641e+00
1.3290399258013316e+01
5.9999999999999998e-01
-1.0000000000000001e-01
0.0000000000000000e+00
4.0000000000000002e-01
-7.8046974364036548e-01
1.7310774245378191e+00
7.0129841763981737e-03
1.3682529154469825e-03
8.5955883825983470e+00
1.3145461167569705e+01
5.9999999999999998e-01
-1.0000000000000001e-01
0.0000000000000000e+00
4.0000000000000002e-01
2.6659262773281112e-01
1.6394615180608445e+00
9.0538045721244886e-01
1.3682529154469825e-03
7.6349404874112068e+00
1.3927418919082232e+01
5.9999999999999998e-01
-1.0000000000000001e-01
0.0000000000000000e+00
4.0000000000000002e-01
5.2119955357795722e-01
1.4652937303077991e+00
-2.0194562537479324e-01
1.3682529154469825e-03
7.4035067944641764e+00
1.4127398012753076e+01
5.9999999999999998e-01
-1.0000000000000001e-01
0.0000000000000000e+00
4.0000000000000002e-01
6.9320181783920298e-01
1.3920739506971651e+00
4.5840456964564397e-01
1.3682529154469825e-03
6.6459933381847653e+00
1.4216332911129539e+01
5.9999999999999998e-01
-1.0000000000000001e-01
0.0000000000000000e+00
4.0000000000000002e-01
7.8247889277225502e-01
1.3148776857149413e+00
-4.5741058764862930e-01
1.3682529154469825e-03
6.9463295592315113e+00
1.4274756622489040e+01
5.9999999999999998e-01
-1.0000000000000001e-01
0.0000000000000000e+00
4.0000000000000002e-01
2.3664967982826302e-02
1.3349082638513854e+00
-9.3804368642973812e-01
1.3682529154469825e-03
5.8093834841943890e+00
1.3994674635108058e+01
5.9999999999999998e-01
-1.0000000000000001e-01
0.0000000000000000e+00
4.0000000000000002e-01
6.2285739418750774e-01
1.1404199320566466e+00
5.2388291450333679e-01
1.3682529154469825e-03
7.9536423826910161e+00
1.3704266849893573e+01
5.9999999999999998e-01
-1.0000000000000001e-01
0.0000000000000000e+00
4.0000000000000002e-01
6.6677073475605020e-01
1.2861699768458117e+00
-3.6996199695277127e-01
6.4249027252696531e-04
8.3298581922746795e+00
1.2807779059547428e+01
5.9999999999999998e-01
-1.0000000000000001e-01
0.0000000000000000e+00
4.0000000000000002e-01
4.3288882490879066e-01
1.3271071254168261e+00
4.4328013459336840e-01
6.4249027252696531e-04
8.5309593322075497e+00
1.3372251310187819e+01
5.9999999999999998e-01
-1.0000000000000001e-01
0.0000000000000000e+00
4.0000000000000002e-01
-8.6472727361434920e-01
1.2805588209335315e+00
-2.2208939220639978e-01
6.4249027252696531e-04
8.4378221677936196e+00
1.2256585706013682e+01
5.9999999999999998e-01
-1.0000000000000001e-01
0.0000000000000000e+00
4.0000000000000002e-01
-5.0728080096954331e-01
1.2992002004091250e+00
-3.2895728167030125e-01
6.4249027252696531e-04
8.4603751117217865e+00
1.2793727120745423e+01
5.9999999999999998e-01
-1.0000000000000001e-01
0.0000000000000000e+00
4.0000000000000002e-01
7.4427833017593392e-01
1.2612149769854353e+00
-8.4832657270017175e-01
6.4249027252696531e-04
9.2058868573832839e+00
1.2535948260116818e+01
5.9999999999999998e-01
-1.0000000000000001e-01
0.0000000000000000e+00
4.0000000000000002e-01
-2.4069546225780480e-01
1.3011990775507496e+00
-5.0076253466191800e-01
3.9735051721833726e-04
9.5003207841742352e+00
1.3113929277646783e+01
5.9999999999999998e-01
-1.0000000000000001e-01
0.0000000000000000e+00
4.0000000000000002e-01
-6.2853847089523307e-01
1.3740414177816913e+00
-7.7987117789569405e-01
3.9735051721833726e-04
9.5668435061204757e+00
1.3710879141080621e+01
5.9999999999999998e-01
-1.0000000000000001e-01
0.0000000000000000e+00
4.0000000000000002e-01
-1.8612387064212790e-01
1.2262393634360833e+00
-5.2674572907271888e-01
3.9735051721833726e-04
8.8549416029680099e+00
1.2901121428597214e+01
5.9999999999999998e-01
-1.0000000000000001e-01
0.0000000000000000e+00
4.0000000000000002e-01
8.0618135926013967e-01
1.1805849556666417e+00
-2.2772632680717020e-01
3.9735051721833726e-04
1.0271701704882418e+01
1.3110967137652878e+01
5.9999999999999998e-01
-1.0000000000000001e-01
0.0000000000000000e+00
4.0000000000000002e-01
8.8811158810442470e-01
1.2152388842445416e+00
-5.0732255004230054e-01
3.9735051721833726e-04
9.7295124554860930e+00
1.2006941547233110e+01
5.9999999999999998e-01
-1.0000000000000001e-01
0.0000000000000000e+00
4.0000000000000002e-01
-2.3975292529279210e-01
1.1532034345012707e+00
-9.3954338006558913e-01
3.9735051721833726e-04
1.0051834952257906e+01
1.2451448678213602e+01
5.9999999999999998e-01
-1.0000000000000001e-01
0.0000000000000000e+00
4.0000000000000002e-01
9.8359806273764150e-01
1.0882578220408958e+00
-5.7380980223300959e-01
3.9735051721833726e-04
9.9533767813670995e+00
1.3102456855017193e+01
5.9999999999999998e-01
-1.0000000000000001e-01
0.0000000000000000e+00
4.0000000000000002e-01
9.0009526078289526e-01
1.0727984506529378e+00
-9.5643534660223040e-01
3.9735051721833726e-04
1.1800228598140516e+01
1.2796433521050460e+01
5.9999999999999998e-01
-1.0000000000000001e-01
0.0000000000000000e+00
4.0000000000000002e-01
-7.1672348912173722e-01
1.0683424394172238e+00
-3.4230302244308497e-01
3.9735051721833726e-04
1.1917561650447883e+01
1.2931477876182148e+01
5.9999999999999998e-01
-1.0000000000000001e-01
0.0000000000000000e+00
4.0000000000000002e-01
5.8965038125103497e-01
1.0994962056618738e+00
-8.0409243434551259e-01
3.9735051721833726e-04
1.0214615613393823e+01
1.2845847231324264e+01
5.9999999999999998e-01
-1.0000000000000001e-01
0.0000000000000000e+00
4.0000000000000002e-01
5.9906991307323953e-01
1.1716928275418090e+00
-9.3558010041597406e-01
3.9735051721833726e-04
1.0114723967187444e+01
1.3667285548325131e+01
5.9999999999999998e-01
-1.0000000000000001e-01
0.0000000000000000e+00
4.0000000000000002e-01
-4.0199396844321700e-01
1.2194976974618243e+00
-2.2773370087030445e-01
3.9735051721833726e-04
1.0889696477525273e+01
1.4497010936762642e+01
5.9999999999999998e-01
-1.0000000000000001e-01
0.0000000000000000e+00
4.0000000000000002e-01
-3.0208015109712089e-01
1.2459565481138035e+00
-9.1428994253161455e-01
3.9735051721833726e-04
1.0339445375077764e+01
1.4428052094008278e+01
5.9999999999999998e-01
-1.0000000000000001e-01
0.0000000000000000e+00
4.0000000000000002e-01
9.1093949888533143e-01
1.2341388027858540e+00
-3.1915066406014464e-01
3.9735051721833726e-04
1.0736585289411583e+01
1.5547779591369878e+01
5.9999999999999998e-01
-1.0000000000000001e-01
0.0000000000000000e+00
4.0000000000000002e-01
3.2538583730047743e-01
1.2818744859289926e+00
-2.3313728853943838e-01
3.9735051721833726e-04
1.1817691573672334e+01
1.5794205145153651e+01
5.9999999999999998e-01
-1.0000000000000001e-01
0.0000000000000000e+00
4.0000000000000002e-01
-6.3287456804254849e-01
1.1882295055654448e+00
-8.2317844673874863e-01
3.9735051721833726e-04
1.2333119221203367e+01
1.6197651044640189e+01
5.9999999999999998e-01
-1.0000000000000001e-01
0.0000000000000000e+00
4.0000000000000002e-01
4.7239948573319035e-02
9.8530554702548212e-01
-6.6310734733822829e-01
3.9735051721833726e-04
1.2416297705643219e+01
1.6866030780586843e+01
5.9999999999999998e-01
-1.0000000000000001e-01
0.0000000000000000e+00
4.0000000000000002e-01
3.5747717148324643e-01
1.1177973093059463e+00
-4.1902101978543294e-01
3.9735051721833726e-04
1.2551587662272494e+01
1.6018456086877233e+01
5.9999999999999998e-01
-1.0000000000000001e-01
0.0000000000000000e+00
4.0000000000000002e-01
4.3980663305780088e-01
1.0003844765689776e+00
-2.2905535500380289e-01
3.9735051721833726e-04
1.2403379462831062e+01
1.7109079060924675e+01
5.9999999999999998e-01
-1.0000000000000001e-01
0.0000000000000000e+00
4.0000000000000002e-01
6.6762397176286370e-01
1.0549682947662280e+00
-8.9506020318600421e-01
3.9735051721833726e-04
1.2470900289792906e+01
1.6380849022639417e+01
5.9999999999999998e-01
-1.0000000000000001e-01
0.0000000000000000e+00
4.0000000000000002e-01
5.2410118824502616e-01
1.1124564544823574e+00
-6.0951222073170430e-01
3.9735051721833726e-04
1.2561551095623862e+01
1.5670361037028460e+01
5.9999999999999998e-01
-1.0000000000000001e-01
0.0000000000000000e+00
4.0000000000000002e-01
6.6505801639219908e-01
1.2461515726712151e+00
-6.0951222073170430e-01
3.9735051721833726e-04
1.2708743911315096e+01
1.5728114524704841e+01
5.9999999999999998e-01
-1.0000000000000001e-01
0.0000000000000000e+00
4.0000000000000002e-01
-1.0824553140738818e-01
1.1768831944134637e+00
-5.6478637959691780e-01
3.9735051721833726e-04
1.2910588007498873e+01
1.5891452282888322e+01
5.9999999999999998e-01
-1.0000000000000001e-01
0.0000000000000000e+00
4.0000000000000002e-01
-3.9426012703517294e-01
1.1941165831354066e+00
-5.8362823743256820e-01
3.9735051721833726e-04
1.2309595796916977e+01
1.5024305328947930e+01
5.9999999999999998e-01
-1.0000000000000001e-01
0.0000000000000000e+00
4.0000000000000002e-01
-1.5600735375026087e-01
1.1355080026876734e+00
-6.3232995733502406e-01
3.9735051721833726e-04
1.2334468493316667e+01
1.6223602527601145e+01
5.9999999999999998e-01
-1.0000000000000001e-01
0.0000000000000000e+00
4.0000000000000002e-01
