10
15
2.0690215130735112e-01
4.8616127345347745e-02
4.9653915614820932e-01
1.2130564177841981e-02
5.0000000000000003e-02
2.9999999999999999e-02
5.9999999999999998e-01
-1.0000000000000001e-01
0.0000000000000000e+00
4.0000000000000002e-01
1.3738686819959361e-01
4.4603786364579540e-02
6.4457405091263265e-01
2.8763553822846261e-02
5.0000000000000003e-02
2.9999999999999999e-02
5.9999999999999998e-01
-1.0000000000000001e-01
0.0000000000000000e+00
4.0000000000000002e-01
9.3894444903618882e-02
4.4603786364579540e-02
4.7734122277237384e-01
6.3852386488528104e-02
5.0000000000000003e-02
2.9999999999999999e-02
5.9999999999999998e-01
-1.0000000000000001e-01
0.0000000000000000e+00
4.0000000000000002e-01
5.6468491841037420e-04
4.4891590996431155e-02
5.0877218843437644e-01
7.1345572155700171e-02
5.0000000000000003e-02
2.9999999999999999e-02
5.9999999999999998e-01
-1.0000000000000001e-01
0.0000000000000000e+00
4.0000000000000002e-01
-2.2207067693185131e-01
4.7124050551103393e-02
7.0039847162552082e-01
3.9141117069707361e-02
5.0000000000000003e-02
2.9999999999999999e-02
5.9999999999999998e-01
-1.0000000000000001e-01
0.0000000000000000e+00
4.0000000000000002e-01
-1.5517990494679729e-01
4.1569574849056046e-02
6.7265549329109398e-01
5.2499579861150239e-02
5.0000000000000003e-02
2.9999999999999999e-02
5.9999999999999998e-01
-1.0000000000000001e-01
0.0000000000000000e+00
4.0000000000000002e-01
-5.1786870011799727e-02
4.5463280754135887e-02
7.0687877085991113e-01
5.6493791541741348e-02
5.0000000000000003e-02
2.9999999999999999e-02
5.9999999999999998e-01
-1.0000000000000001e-01
0.0000000000000000e+00
4.0000000000000002e-01
1.8585610942382294e-01
4.5492604723023217e-02
5.6326103356666779e-01
4.5202491531060193e-02
5.0000000000000003e-02
2.9999999999999999e-02
5.9999999999999998e-01
-1.0000000000000001e-01
0.0000000000000000e+00
4.0000000000000002e-01
4.4540356950301607e-01
4.5492604723023217e-02
3.8090076473541468e-01
5.4904967860267606e-02
5.0000000000000003e-02
2.9999999999999999e-02
5.9999999999999998e-01
-1.0000000000000001e-01
0.0000000000000000e+00
4.0000000000000002e-01
4.1435359347078882e-01
4.3025696985172071e-02
5.0858059969730585e-01
1.0023475021408046e-02
5.0000000000000003e-02
2.9999999999999999e-02
5.9999999999999998e-01
-1.0000000000000001e-01
0.0000000000000000e+00
4.0000000000000002e-01
2.6639350535608133e-02
4.4147626550542156e-02
4.0385463383980014e-01
2.3773913638875929e-02
5.0000000000000003e-02
2.9999999999999999e-02
5.9999999999999998e-01
-1.0000000000000001e-01
0.0000000000000000e+00
4.0000000000000002e-01
8.0627825888133803e-02
4.5376995283709802e-02
4.6541656103916379e-01
2.6456013402030909e-02
5.0000000000000003e-02
2.9999999999999999e-02
5.9999999999999998e-01
-1.0000000000000001e-01
0.0000000000000000e+00
4.0000000000000002e-01
4.0160149875495510e-01
4.9245446157799994e-02
1.8445699063129639e-01
2.3503724478767356e-02
5.0000000000000003e-02
2.9999999999999999e-02
5.9999999999999998e-01
-1.0000000000000001e-01
0.0000000000000000e+00
4.0000000000000002e-01
4.5409526530120448e-01
4.6443336890684403e-02
3.2486744252033445e-01
3.7197632223229023e-03
5.0000000000000003e-02
2.9999999999999999e-02
5.9999999999999998e-01
-1.0000000000000001e-01
0.0000000000000000e+00
4.0000000000000002e-01
7.2432501729044985e-01
1.5298748870240488e-02
4.0185386058874328e-01
6.9506242869897810e-04
5.0000000000000003e-02
2.9999999999999999e-02
5.9999999999999998e-01
-1.0000000000000001e-01
0.0000000000000000e+00
4.0000000000000002e-01
