26
19
-1.8946989023228633e-01
3.1060498388250868e+00
7.1905485669994551e-02
4.6194175421439443e-02
4.1340228952397196e-04
-4.4088778391030814e-01
0.0000000000000000e+00
4.3892169368759382e-01
5.9563945973310228e-01
2.4148025562219094e-03
-4.2373297235084462e-01
-5.7117125348413511e-02
2.3604260459964277e-01
0.0000000000000000e+00
0.0000000000000000e+00
0.0000000000000000e+00
0.0000000000000000e+00
0.0000000000000000e+00
0.0000000000000000e+00
-3.2355341657203096e-01
-1.7368052150064617e-01
4.4570671185079846e-01
-6.7086536747403436e-01
2.5046706434790389e-01
-1.5566634679489655e-01
-8.0690651169497862e-02
-2.3652805623700368e-01
3.0363517323275606e+00
9.1770792742313922e-03
8.9733398682616983e-02
1.9081394039024201e-04
-4.4259992919412638e-01
0.0000000000000000e+00
4.3892169368759382e-01
5.6830347510072943e-01
1.6253997863434030e-03
-4.3892008869064736e-01
-8.7935379569644256e-02
2.7933050929990710e-01
0.0000000000000000e+00
0.0000000000000000e+00
0.0000000000000000e+00
0.0000000000000000e+00
0.0000000000000000e+00
0.0000000000000000e+00
-2.8826295926373857e-01
-1.5942263202683538e-01
5.0276359520081315e-01
-6.7086536747403436e-01
2.5320516412597494e-01
-7.0514990004448941e-02
-1.2114332026321784e-02
-2.3652805623700368e-01
3.0790690387365918e+00
5.2988236620003182e-02
1.5959258533566478e-01
4.2143863066328440e-05
-4.0935526720729853e-01
0.0000000000000000e+00
4.8189433684878635e-01
5.3214590519452076e-01
7.3450283270103469e-04
-4.6679710747761416e-01
-5.1932038602644726e-02
3.7753851390865745e-01
0.0000000000000000e+00
0.0000000000000000e+00
0.0000000000000000e+00
0.0000000000000000e+00
0.0000000000000000e+00
0.0000000000000000e+00
-3.3386762898553568e-01
-1.3470203028933614e-01
4.9932223162773881e-01
-7.3762440060265355e-01
2.8432593380552129e-01
-1.2944453767195230e-01
6.2397466072361574e-02
-2.8604982656528699e-01
3.0135317902313123e+00
5.2988236620003182e-02
1.2836210585682872e-01
3.2832202352513164e-04
-4.3482628955987479e-01
0.0000000000000000e+00
4.9124869212814259e-01
5.6348318991036694e-01
6.6794899414999022e-04
-5.2174659596843409e-01
-7.3156308246070667e-02
3.4947104617443980e-01
0.0000000000000000e+00
0.0000000000000000e+00
0.0000000000000000e+00
0.0000000000000000e+00
0.0000000000000000e+00
0.0000000000000000e+00
-3.1608142603326994e-01
-2.1472932044358461e-01
5.3801674558941159e-01
-6.7680709187872701e-01
2.5512153354924516e-01
-1.5896645839020496e-01
1.1646978973505612e-01
-2.7264843930592286e-01
3.0135317902313123e+00
4.2873973389210285e-03
1.1786108713149313e-01
7.3615747354854432e-04
-4.4336813807037856e-01
0.0000000000000000e+00
4.9117475471998218e-01
5.9889906368585843e-01
7.6435443602276582e-04
-6.6572160611016440e-01
-3.1291373519452437e-02
3.8380169314754309e-01
0.0000000000000000e+00
0.0000000000000000e+00
0.0000000000000000e+00
0.0000000000000000e+00
0.0000000000000000e+00
0.0000000000000000e+00
-3.1760999832440573e-01
-2.9307569209428042e-01
4.6092186658803258e-01
-7.0419860196299844e-01
2.4481466368291871e-01
-1.2989400046571975e-01
1.0101219915879484e-01
-2.5755112667669999e-01
3.0881826385156761e+00
5.1044452785426575e-02
1.0898530732392553e-01
7.3615747354854432e-04
-5.4710428535488631e-01
0.0000000000000000e+00
5.3081075012291434e-01
5.8667713686260003e-01
7.6435443602276582e-04
-6.7779234854591774e-01
-7.3253244607003554e-02
3.5233226772819759e-01
0.0000000000000000e+00
0.0000000000000000e+00
0.0000000000000000e+00
0.0000000000000000e+00
0.0000000000000000e+00
0.0000000000000000e+00
-3.8175315914813834e-01
-3.5310989543737381e-01
5.4445643327358995e-01
-7.1619743605144315e-01
1.3576576814506547e-01
-1.0729509963348394e-01
1.4004910315481539e-01
-3.3131235561435568e-01
3.1023299532243560e+00
1.8430226332420308e-02
-1.3415181846178736e-02
2.2275707535375445e-04
-4.8350732519773032e-01
0.0000000000000000e+00
6.0140155911053184e-01
5.5469302743109483e-01
7.4697156093788883e-04
-6.6700129175645995e-01
-2.6951928137095793e-02
3.6498754639600517e-01
0.0000000000000000e+00
0.0000000000000000e+00
0.0000000000000000e+00
0.0000000000000000e+00
0.0000000000000000e+00
0.0000000000000000e+00
-2.5288121068988401e-01
-3.4783148318470924e-01
4.9369987449768815e-01
-7.1433333058841519e-01
8.2291143503825825e-02
-1.0201677585646396e-01
1.3364824137745018e-01
-2.7092166713540899e-01
3.1306773592950354e+00
3.5594337050857128e-03
8.0190526090491154e-03
3.4280545860458699e-04
-4.9726059965339686e-01
0.0000000000000000e+00
6.4462814297134641e-01
5.4003721269215066e-01
5.3589316673351064e-04
-6.6700129175645995e-01
-4.9879685772975524e-03
4.0367829036389591e-01
0.0000000000000000e+00
0.0000000000000000e+00
0.0000000000000000e+00
0.0000000000000000e+00
0.0000000000000000e+00
0.0000000000000000e+00
-2.3956917079303819e-01
-3.0579535774828404e-01
5.7179852924469743e-01
-7.0565838583745055e-01
4.7700713877420586e-02
-1.6051727438971286e-01
1.1451565145609494e-01
-2.8419311068122732e-01
3.1306773592950354e+00
3.3763184993440110e-02
-5.2588743925846781e-02
8.4252219498087255e-04
-5.0423657486114848e-01
0.0000000000000000e+00
7.2727596949393514e-01
6.0871937990556080e-01
8.6949723429752116e-04
-6.4511590019887077e-01
4.9237357007114069e-02
3.9022514578377010e-01
0.0000000000000000e+00
0.0000000000000000e+00
0.0000000000000000e+00
0.0000000000000000e+00
0.0000000000000000e+00
0.0000000000000000e+00
-2.7487979007091778e-01
-2.8000449547485917e-01
4.9740949843704585e-01
-6.5975003184750669e-01
6.7851462890248460e-02
-1.6368206123515849e-01
6.8433244219995693e-02
-3.0368409494971382e-01
3.1300051464931617e+00
6.4363596810871559e-02
-2.6316046551622119e-02
1.3383836843066344e-03
-6.6107599029217112e-01
0.0000000000000000e+00
6.9687801975364450e-01
5.9637002393970806e-01
1.0996418039478134e-03
-7.4073942505841839e-01
-1.4298817588241919e-02
3.1957564112221004e-01
0.0000000000000000e+00
0.0000000000000000e+00
0.0000000000000000e+00
0.0000000000000000e+00
0.0000000000000000e+00
0.0000000000000000e+00
-2.6137510423686761e-01
-2.5497455866949170e-01
4.9740949843704585e-01
-6.3930996654555194e-01
3.4440392185788316e-02
-1.9592640966802721e-01
5.1957508056439117e-02
-3.0613427425836670e-01
3.1315506050595592e+00
2.5836324169212777e-02
8.7587169140506127e-03
1.2681887377046475e-03
-6.8388505617056239e-01
0.0000000000000000e+00
6.9896324913556340e-01
5.9637002393970806e-01
3.0513777363277749e-03
-7.4086560972122240e-01
1.1229449204875008e-02
3.3906350755554737e-01
0.0000000000000000e+00
0.0000000000000000e+00
0.0000000000000000e+00
0.0000000000000000e+00
0.0000000000000000e+00
0.0000000000000000e+00
-2.6137510423686761e-01
-2.2367177875654309e-01
4.6795646066471819e-01
-5.7356893604621284e-01
3.4474493958841723e-02
-9.8290537937282374e-02
-3.7193596855722710e-02
-3.3019850103286552e-01
3.1238377128028820e+00
1.1064393295818764e-02
3.1608109059922729e-02
1.0732068013392815e-03
-7.2483755146984208e-01
0.0000000000000000e+00
6.7388895669559601e-01
4.6161779322097618e-01
3.4969706729218145e-03
-7.5673307396558809e-01
2.3943852187840120e-02
2.7601005607706608e-01
0.0000000000000000e+00
0.0000000000000000e+00
0.0000000000000000e+00
0.0000000000000000e+00
0.0000000000000000e+00
0.0000000000000000e+00
-2.1066677970484304e-01
-2.2367177875654309e-01
4.6795646066471819e-01
-5.6397842157632105e-01
5.7440841593634051e-02
-1.0768778388082867e-01
-4.0365574006209493e-02
-3.3019850103286552e-01
3.1181871813023041e+00
2.6731161250645119e-02
1.0004979621171239e-01
1.2938055008642803e-03
-8.3384465390715945e-01
0.0000000000000000e+00
6.9361674253436389e-01
5.1500024766097385e-01
3.1301657565101764e-03
-7.7505143463698911e-01
1.3301442891523041e-01
3.1648976454001965e-01
0.0000000000000000e+00
0.0000000000000000e+00
0.0000000000000000e+00
0.0000000000000000e+00
0.0000000000000000e+00
0.0000000000000000e+00
-1.9811832187369871e-01
-1.5557554522471040e-01
3.7630048452570919e-01
-5.5482012320309870e-01
1.0944689346928493e-01
-7.3220451815723231e-02
-9.2102932373381852e-03
-4.0674070434746790e-01
3.1028745142975400e+00
-1.9916819046197354e-03
2.4184013523644987e-01
8.8624496795166826e-04
-8.3384465390715945e-01
0.0000000000000000e+00
7.2085559953543010e-01
5.2831884220609981e-01
2.8952667059540531e-03
-8.4739146299747514e-01
1.0622926384374298e-01
3.4040592383084001e-01
0.0000000000000000e+00
0.0000000000000000e+00
0.0000000000000000e+00
0.0000000000000000e+00
0.0000000000000000e+00
0.0000000000000000e+00
-1.4021388468936491e-01
-1.2676330627815335e-01
4.8663482687130455e-01
-5.2220640245825045e-01
1.8197007852126257e-01
-1.5157713134467488e-01
-9.7917293254504323e-02
-4.2180459274081039e-01
3.0699093906441282e+00
-1.2160994728183550e-02
2.9212868392951075e-01
8.4140968825597857e-04
-8.4528921706967253e-01
0.0000000000000000e+00
6.7560373925211492e-01
6.0478548574861679e-01
3.7097634690046095e-03
-8.0303838837047803e-01
1.2119932800695099e-01
3.3888637529875265e-01
0.0000000000000000e+00
0.0000000000000000e+00
0.0000000000000000e+00
0.0000000000000000e+00
0.0000000000000000e+00
0.0000000000000000e+00
-1.7035399358392167e-01
-1.8081830600218385e-01
5.7497575890898589e-01
-5.0415239024907343e-01
2.1067857372094290e-01
-2.3469435934603100e-01
-1.3103574613131058e-01
-3.7914960159090805e-01
3.0185091948369096e+00
1.7204205821180540e-02
2.4993576288706842e-01
9.9364248362765256e-04
-8.8066890579082269e-01
0.0000000000000000e+00
7.2772528537156644e-01
5.6676997113641892e-01
4.0157261619508050e-03
-7.7927710848947751e-01
7.3308195473400728e-02
1.9648249888981806e-01
0.0000000000000000e+00
0.0000000000000000e+00
0.0000000000000000e+00
0.0000000000000000e+00
0.0000000000000000e+00
0.0000000000000000e+00
-1.6006978209734368e-01
-1.8904076861159413e-01
5.4963608051344637e-01
-6.0252877192571752e-01
2.7075909359831707e-01
-3.0170910478263979e-01
-1.6098187217510712e-01
-3.4318634381619739e-01
3.0185091948369096e+00
-1.6407081076031726e-02
3.5462167130335454e-01
1.0583108130602591e-03
-8.0151659552373189e-01
0.0000000000000000e+00
6.6119379763099018e-01
5.8258954491135273e-01
3.7528715318232565e-03
-8.4868525608530032e-01
9.0999872531283499e-02
1.9162607168967949e-01
0.0000000000000000e+00
0.0000000000000000e+00
0.0000000000000000e+00
0.0000000000000000e+00
0.0000000000000000e+00
0.0000000000000000e+00
-1.8771059047103333e-01
-2.0353202028141826e-01
5.7535277831062559e-01
-6.0963019049260758e-01
3.0862063916851179e-01
-2.5254859634369498e-01
-1.4979480864501965e-01
-3.4318634381619739e-01
3.0814003279665063e+00
6.6814983113581139e-02
3.8206808192207697e-01
5.4328239312624160e-05
-7.5331180751688975e-01
0.0000000000000000e+00
6.4685967451500359e-01
6.7851385343488846e-01
3.7767072805119819e-03
-7.3668307705869662e-01
1.1028517234652102e-01
1.8027861112917887e-01
0.0000000000000000e+00
0.0000000000000000e+00
0.0000000000000000e+00
0.0000000000000000e+00
0.0000000000000000e+00
0.0000000000000000e+00
-2.1073389430202949e-01
-1.2031228719220965e-01
6.6117450373872999e-01
-5.7240853431168937e-01
3.2477890305148316e-01
-1.2594590008884554e-01
-1.5991754905342531e-01
-3.3326671950621056e-01
3.1158344006398271e+00
9.6648261383088130e-02
2.5404443980678204e-01
5.4328239312624160e-05
-8.4474174025833804e-01
0.0000000000000000e+00
6.6042013260143462e-01
7.0868435697299037e-01
4.3448271081699208e-03
-7.9278917738323795e-01
9.4498831886339785e-02
1.8027861112917887e-01
0.0000000000000000e+00
0.0000000000000000e+00
0.0000000000000000e+00
0.0000000000000000e+00
0.0000000000000000e+00
0.0000000000000000e+00
-2.2647484955050456e-01
-1.2546011684404224e-01
5.9036509192243103e-01
-5.7760245767887675e-01
3.8593362249361229e-01
-1.1870635253071671e-01
-1.3150384515545738e-01
