10
141
6.7517949844876257e-01
7.3761950448198155e-01
9.7758969814749364e-01
7.1805148624119915e-03
-5.4290291184093951e+00
1.5160634409439476e+01
5.9999999999999998e-01
-1.0000000000000001e-01
0.0000000000000000e+00
4.0000000000000002e-01
6.6802062894383396e-01
6.6631759028179482e-01
3.0026504033477908e-01
7.1805148624119915e-03
-4.9923212253954405e+00
1.4851243206661852e+01
5.9999999999999998e-01
-1.0000000000000001e-01
0.0000000000000000e+00
4.0000000000000002e-01
-7.9913557325324081e-01
6.6749291066868144e-01
7.6627501362236150e-01
7.1805148624119915e-03
-5.4875874981749950e+00
1.4520104619663865e+01
5.9999999999999998e-01
-1.0000000000000001e-01
0.0000000000000000e+00
4.0000000000000002e-01
-1.1466795596128365e-01
5.9403705589515998e-01
1.0212708064587735e-01
7.1805148624119915e-03
-5.9510607704986036e+00
1.3477494579356822e+01
5.9999999999999998e-01
-1.0000000000000001e-01
0.0000000000000000e+00
4.0000000000000002e-01
-7.4808513718491454e-01
6.9917150609237977e-01
-4.4344569495646335e-01
7.1805148624119915e-03
-4.9347541682887970e+00
1.2919012577634964e+01
5.9999999999999998e-01
-1.0000000000000001e-01
0.0000000000000000e+00
4.0000000000000002e-01
2.3528697413558097e-01
7.7815250490648580e-01
2.0794505247147699e-01
7.1805148624119915e-03
-4.7519934840966167e+00
1.4590222798091089e+01
5.9999999999999998e-01
-1.0000000000000001e-01
0.0000000000000000e+00
4.0000000000000002e-01
5.4791008633727167e-01
7.4192164905412028e-01
2.3735723161371380e-01
7.1805148624119915e-03
-3.7718063600827154e+00
1.3980048768025554e+01
5.9999999999999998e-01
-1.0000000000000001e-01
0.0000000000000000e+00
4.0000000000000002e-01
3.9369898957366090e-01
6.6786435182435333e-01
4.8823535138042601e-01
7.1805148624119915e-03
-4.2445298113394667e+00
1.3165868557792821e+01
5.9999999999999998e-01
-1.0000000000000001e-01
0.0000000000000000e+00
4.0000000000000002e-01
8.0700883788222422e-01
5.6402795238835646e-01
-8.3460822648135990e-01
7.1805148624119915e-03
-2.7606634863186770e+00
1.3333710022073904e+01
5.9999999999999998e-01
-1.0000000000000001e-01
0.0000000000000000e+00
4.0000000000000002e-01
9.0196308178061591e-01
4.9086187227858141e-01
-6.9590436293510760e-01
7.1805148624119915e-03
-2.1508876097854368e+00
1.3628675189417521e+01
5.9999999999999998e-01
-1.0000000000000001e-01
0.0000000000000000e+00
4.0000000000000002e-01
5.7416933101767642e-01
5.2393224342955191e-01
-8.1272011312423320e-01
6.7529256843266647e-03
-2.3102320191916221e+00
1.2849746934313991e+01
5.9999999999999998e-01
-1.0000000000000001e-01
0.0000000000000000e+00
4.0000000000000002e-01
-8.7177426713353046e-01
5.2853824513448322e-01
-2.2613360258517845e-01
1.4135802624398246e-02
-2.9084364233072986e+00
1.2303718920786599e+01
5.9999999999999998e-01
-1.0000000000000001e-01
0.0000000000000000e+00
4.0000000000000002e-01
-3.5006522673016427e-01
6.2441207795632925e-01
-6.2262107762275321e-01
1.4135802624398246e-02
-2.6440423143562071e+00
1.2010804512341240e+01
5.9999999999999998e-01
-1.0000000000000001e-01
0.0000000000000000e+00
4.0000000000000002e-01
-1.2477238314991829e-01
5.5309011357320403e-01
-9.3826783600030528e-01
5.7554919474063077e-03
-3.7955356461461767e+00
1.1311445499201039e+01
5.9999999999999998e-01
-1.0000000000000001e-01
0.0000000000000000e+00
4.0000000000000002e-01
-9.4545869278555739e-01
7.2624379973901365e-01
-5.0260427447734468e-01
5.7554919474063077e-03
-4.2380479959305504e+00
1.1252106569999563e+01
5.9999999999999998e-01
-1.0000000000000001e-01
0.0000000000000000e+00
4.0000000000000002e-01
-7.1405533182268965e-01
7.8602395533813096e-01
-4.6379809703212885e-02
7.8315155558524290e-03
-3.2188222853001331e+00
1.4004021919065819e+01
5.9999999999999998e-01
-1.0000000000000001e-01
0.0000000000000000e+00
4.0000000000000002e-01
-3.1464417430406438e-01
7.4737331297291376e-01
3.9198343967320320e-01
7.8315155558524290e-03
-3.6686213900800917e+00
1.4343774849468575e+01
5.9999999999999998e-01
-1.0000000000000001e-01
0.0000000000000000e+00
4.0000000000000002e-01
-1.8911056153681161e-02
7.9323947229279135e-01
4.8465833116787649e-02
7.8315155558524290e-03
-4.3236147874500723e+00
1.4855443170958864e+01
5.9999999999999998e-01
-1.0000000000000001e-01
0.0000000000000000e+00
4.0000000000000002e-01
2.8338936544189230e-01
8.8364387216461748e-01
2.6630879466654667e-01
7.8315155558524290e-03
-4.7617968806531401e+00
1.4202554148727764e+01
5.9999999999999998e-01
-1.0000000000000001e-01
0.0000000000000000e+00
4.0000000000000002e-01
-2.8326298647394405e-01
9.8720844259155849e-01
-5.9416652376530754e-01
5.2510668687758607e-03
-5.2807619718369221e+00
1.3909245339328159e+01
5.9999999999999998e-01
-1.0000000000000001e-01
0.0000000000000000e+00
4.0000000000000002e-01
1.5661011405084246e-02
9.2269593419922447e-01
-7.2440138410311827e-02
5.2510668687758607e-03
-5.0389167260844383e+00
1.4530578163558351e+01
5.9999999999999998e-01
-1.0000000000000001e-01
0.0000000000000000e+00
4.0000000000000002e-01
5.7758007443675763e-01
9.3833581530345522e-01
3.3731371351750500e-01
2.9618921332297482e-03
-6.0067130994517477e+00
1.3620824122721062e+01
5.9999999999999998e-01
-1.0000000000000001e-01
0.0000000000000000e+00
4.0000000000000002e-01
9.2106326735744237e-01
9.4711799377990791e-01
8.3831987765151383e-02
2.9618921332297482e-03
-6.6922742706257976e+00
1.3680591520214186e+01
5.9999999999999998e-01
-1.0000000000000001e-01
0.0000000000000000e+00
4.0000000000000002e-01
6.2207764572629687e-01
1.0231572870988950e+00
6.8953019240172519e-01
2.9618921332297482e-03
-6.5254117813427124e+00
1.4466406278790641e+01
5.9999999999999998e-01
-1.0000000000000001e-01
0.0000000000000000e+00
4.0000000000000002e-01
-4.6337548569610337e-01
9.7187212035847759e-01
-1.9815646919888089e-02
2.9618921332297482e-03
-7.2832763400394587e+00
1.3850094013394525e+01
5.9999999999999998e-01
-1.0000000000000001e-01
0.0000000000000000e+00
4.0000000000000002e-01
-3.3000431076457715e-01
9.8731988046361074e-01
2.8871948548825399e-01
2.9618921332297482e-03
-6.9729374971706539e+00
1.3902969857038666e+01
5.9999999999999998e-01
-1.0000000000000001e-01
0.0000000000000000e+00
4.0000000000000002e-01
4.2814532204696920e-01
1.0509458859194625e+00
4.0719864079030166e-01
7.0025933437285574e-03
-7.7914606955368200e+00
1.4383176908375431e+01
5.9999999999999998e-01
-1.0000000000000001e-01
0.0000000000000000e+00
4.0000000000000002e-01
-1.6200267926624035e-01
1.0073355722059121e+00
7.2770383187802445e-01
4.6661430649695551e-03
-7.5517199632246168e+00
1.4173007132591415e+01
5.9999999999999998e-01
-1.0000000000000001e-01
0.0000000000000000e+00
4.0000000000000002e-01
3.7726105435917157e-01
9.3356087251795428e-01
4.9091642805607932e-01
3.1074002288518105e-03
-7.7605328586418274e+00
1.4687317599834611e+01
5.9999999999999998e-01
-1.0000000000000001e-01
0.0000000000000000e+00
4.0000000000000002e-01
9.1074054523536951e-01
1.0915791530836929e+00
8.6417130776913775e-01
4.0326581351695211e-03
-7.6279734131414516e+00
1.5097056171776464e+01
5.9999999999999998e-01
-1.0000000000000001e-01
0.0000000000000000e+00
4.0000000000000002e-01
6.5846461593339245e-01
1.0843110125292645e+00
8.6417130776913775e-01
4.0814011023616046e-03
-8.1805404108483391e+00
1.5804357277335335e+01
5.9999999999999998e-01
-1.0000000000000001e-01
0.0000000000000000e+00
4.0000000000000002e-01
9.4230204976329601e-01
8.7783056714428520e-01
7.6449493230553278e-01
4.0814011023616046e-03
-7.4792994659859735e+00
1.4508497325995675e+01
5.9999999999999998e-01
-1.0000000000000001e-01
0.0000000000000000e+00
4.0000000000000002e-01
6.8824901945684358e-02
9.6695298858774759e-01
3.0464772940846097e-01
7.0311915801142899e-03
-7.8302184056956374e+00
1.4740322466114275e+01
5.9999999999999998e-01
-1.0000000000000001e-01
0.0000000000000000e+00
4.0000000000000002e-01
9.7159223354587354e-01
9.3257887663735006e-01
8.6982712031574849e-01
7.0311915801142899e-03
-8.0699429464060870e+00
1.5115422532627100e+01
5.9999999999999998e-01
-1.0000000000000001e-01
0.0000000000000000e+00
4.0000000000000002e-01
1.8516706711778441e-01
9.7285743560684756e-01
-9.2895022689132078e-01
7.0311915801142899e-03
-9.1823978122789462e+00
1.4832374236652369e+01
5.9999999999999998e-01
-1.0000000000000001e-01
0.0000000000000000e+00
4.0000000000000002e-01
3.7838723546991149e-01
9.2502964272392818e-01
-7.2363265215186456e-01
7.0311915801142899e-03
-9.2117844608146751e+00
1.5371307000437493e+01
5.9999999999999998e-01
-1.0000000000000001e-01
0.0000000000000000e+00
4.0000000000000002e-01
-2.5707295820882514e-01
1.0622247430791230e+00
4.8074413717957154e-01
7.0311915801142899e-03
-7.7044774892274344e+00
1.5210661375442260e+01
5.9999999999999998e-01
-1.0000000000000001e-01
0.0000000000000000e+00
4.0000000000000002e-01
9.9069307667950524e-03
1.2095616685857147e+00
8.4823931467253144e-02
7.0311915801142899e-03
-8.0073312657419624e+00
1.4850463753858321e+01
5.9999999999999998e-01
-1.0000000000000001e-01
0.0000000000000000e+00
4.0000000000000002e-01
2.9975313170978818e-01
1.2126480489482252e+00
-3.2120816289214471e-01
7.0311915801142899e-03
-7.5977910033776466e+00
1.3938761919656507e+01
5.9999999999999998e-01
-1.0000000000000001e-01
0.0000000000000000e+00
4.0000000000000002e-01
7.6150239943692466e-01
1.2968499250968066e+00
-4.0457126288441991e-01
1.0292130105314179e-02
-8.1362409583642190e+00
1.3593282678642979e+01
5.9999999999999998e-01
-1.0000000000000001e-01
0.0000000000000000e+00
4.0000000000000002e-01
-2.1158047647049638e-01
1.2909208505709735e+00
-7.0438349384349341e-02
1.0146215520915909e-02
-6.1817220709635921e+00
1.3838093277731646e+01
5.9999999999999998e-01
-1.0000000000000001e-01
0.0000000000000000e+00
4.0000000000000002e-01
-3.5169889838268975e-01
1.2876905696948140e+00
-4.1761533907381870e-01
1.0146215520915909e-02
-6.4039737365557858e+00
1.5412394960144271e+01
5.9999999999999998e-01
-1.0000000000000001e-01
0.0000000000000000e+00
4.0000000000000002e-01
-1.6007127017548300e-01
1.3291300325591202e+00
-8.0819835654227112e-01
1.0146215520915909e-02
-5.8293124377145471e+00
1.5455327081599942e+01
5.9999999999999998e-01
-1.0000000000000001e-01
0.0000000000000000e+00
4.0000000000000002e-01
-1.5094707913901606e-02
1.3107302959758873e+00
-3.2434348764596554e-01
1.0641561322030946e-02
-6.3429736494435973e+00
1.4708422359743825e+01
5.9999999999999998e-01
-1.0000000000000001e-01
0.0000000000000000e+00
4.0000000000000002e-01
-9.9541330666115502e-01
1.3754676872093317e+00
3.4500047025503539e-01
1.0641561322030946e-02
-5.0373400969780091e+00
1.3770601048985235e+01
5.9999999999999998e-01
-1.0000000000000001e-01
0.0000000000000000e+00
4.0000000000000002e-01
-9.1506491930058220e-01
1.2584332924384711e+00
4.7129904424073116e-01
1.0641561322030946e-02
-4.9288599772728086e+00
1.3294748040953392e+01
5.9999999999999998e-01
-1.0000000000000001e-01
0.0000000000000000e+00
4.0000000000000002e-01
-5.5723043829968200e-01
1.4667394799489617e+00
4.3408494984032525e-01
3.0874629543399066e-03
-4.1052002234733704e+00
1.3769188865938897e+01
5.9999999999999998e-01
-1.0000000000000001e-01
0.0000000000000000e+00
4.0000000000000002e-01
1.9606829545626420e-01
1.5199649654079319e+00
6.5985929911257635e-01
3.0874629543399066e-03
-3.9142633235431314e+00
1.2379243706086392e+01
5.9999999999999998e-01
-1.0000000000000001e-01
0.0000000000000000e+00
4.0000000000000002e-01
1.2238531015047818e-01
1.6964718481648804e+00
-4.8744025136111363e-01
1.4428740672883912e-02
-3.4915964281535747e+00
1.2361856149801726e+01
5.9999999999999998e-01
-1.0000000000000001e-01
0.0000000000000000e+00
4.0000000000000002e-01
-2.0307401486506682e-01
1.7842136513341307e+00
-4.8744025136111363e-01
3.5926130340670805e-03
-3.5789813472307328e+00
1.2599750603655096e+01
5.9999999999999998e-01
-1.0000000000000001e-01
0.0000000000000000e+00
4.0000000000000002e-01
-7.1153589316477994e-01
1.9028203539449811e+00
-6.3029199803946601e-01
3.5926130340670805e-03
-2.9699451638734944e+00
1.2541385547736402e+01
5.9999999999999998e-01
-1.0000000000000001e-01
0.0000000000000000e+00
4.0000000000000002e-01
9.6657633236775164e-01
1.8272591185171245e+00
1.7047630881192088e-01
4.1777586565589168e-03
-3.3013844130910046e+00
1.2667733167031519e+01
5.9999999999999998e-01
-1.0000000000000001e-01
0.0000000000000000e+00
4.0000000000000002e-01
-6.6859897323718298e-01
1.8106381537515759e+00
9.7622532670618889e-01
7.0852665231799341e-03
-3.0874208359397062e+00
1.1350756412664166e+01
5.9999999999999998e-01
-1.0000000000000001e-01
0.0000000000000000e+00
4.0000000000000002e-01
-4.1789684482684358e-01
1.8659763818580748e+00
-7.1895064620999694e-01
7.0852665231799341e-03
-3.3503388835000849e+00
1.0472007009306660e+01
5.9999999999999998e-01
-1.0000000000000001e-01
0.0000000000000000e+00
4.0000000000000002e-01
-6.1400838353505360e-01
1.9266457476813437e+00
-6.3007899666903622e-01
7.0852665231799341e-03
-2.3502196680638052e+00
1.0644672068873156e+01
5.9999999999999998e-01
-1.0000000000000001e-01
0.0000000000000000e+00
4.0000000000000002e-01
-9.4764697351327165e-01
1.9234101015824916e+00
-7.0994681889889844e-01
7.0852665231799341e-03
-1.3320091467234352e+00
1.0863022792258969e+01
5.9999999999999998e-01
-1.0000000000000001e-01
0.0000000000000000e+00
4.0000000000000002e-01
4.2727291203830314e-02
1.9927813972730282e+00
-1.9859364378033290e-01
4.5367508755301692e-03
-3.1522762086126059e+00
1.0963525852480641e+01
5.9999999999999998e-01
-1.0000000000000001e-01
0.0000000000000000e+00
4.0000000000000002e-01
-1.5590293028226132e-01
2.0289306691784499e+00
-6.0576009328943581e-02
9.4237357006644457e-03
-3.6582096096011840e+00
1.0555824878731480e+01
5.9999999999999998e-01
-1.0000000000000001e-01
0.0000000000000000e+00
4.0000000000000002e-01
-7.7266473889555889e-02
2.1131310219664212e+00
3.7047193472506396e-01
9.4237357006644457e-03
-3.4178500112029755e+00
1.1176891265729179e+01
5.9999999999999998e-01
-1.0000000000000001e-01
0.0000000000000000e+00
4.0000000000000002e-01
-6.1106464874764910e-01
2.2113687169749370e+00
6.6915093158604488e-01
2.4693910033678265e-03
-4.9581896234187326e+00
1.1758126075485457e+01
5.9999999999999998e-01
-1.0000000000000001e-01
0.0000000000000000e+00
4.0000000000000002e-01
1.2624268579462528e-01
2.1650602750677694e+00
6.6915093158604488e-01
2.7837293372725697e-03
-4.4907978135976041e+00
1.1644869386324395e+01
5.9999999999999998e-01
-1.0000000000000001e-01
0.0000000000000000e+00
4.0000000000000002e-01
6.1138099181631556e-01
2.0904881793160066e+00
6.2525451218010764e-01
2.7837293372725697e-03
-4.6019722480210508e+00
1.2469028921717513e+01
5.9999999999999998e-01
-1.0000000000000001e-01
0.0000000000000000e+00
4.0000000000000002e-01
5.5934183466413956e-01
2.0469045766491512e+00
6.2982563180150375e-01
2.7837293372725697e-03
-4.7405021343263831e+00
1.2499123977416861e+01
5.9999999999999998e-01
-1.0000000000000001e-01
0.0000000000000000e+00
4.0000000000000002e-01
-6.8239408683797387e-01
1.8519427341122250e+00
6.2982563180150375e-01
2.7837293372725697e-03
-5.1420905079576213e+00
1.2269501047128546e+01
5.9999999999999998e-01
-1.0000000000000001e-01
0.0000000000000000e+00
4.0000000000000002e-01
-6.3714330565949950e-01
1.8239335307080369e+00
6.8013221022905690e-01
2.7837293372725697e-03
-4.9330877009662837e+00
1.3126978789562092e+01
5.9999999999999998e-01
-1.0000000000000001e-01
0.0000000000000000e+00
4.0000000000000002e-01
-2.9516187083741696e-01
1.7380298621404986e+00
7.8075082448543875e-01
2.7837293372725697e-03
-3.7550812069210266e+00
1.3448528765434130e+01
5.9999999999999998e-01
-1.0000000000000001e-01
0.0000000000000000e+00
4.0000000000000002e-01
-7.2436331805607335e-01
1.7860699859310012e+00
5.6695395645918212e-01
2.7837293372725697e-03
-3.5111395720276093e+00
1.3652054526762770e+01
5.9999999999999998e-01
-1.0000000000000001e-01
0.0000000000000000e+00
4.0000000000000002e-01
-7.5504108366390732e-01
1.8694232643891195e+00
5.6695395645918212e-01
2.7837293372725697e-03
-2.6468580365064600e+00
1.1803300811456248e+01
5.9999999999999998e-01
-1.0000000000000001e-01
0.0000000000000000e+00
4.0000000000000002e-01
4.5513265672305553e-01
1.8648762656498770e+00
6.3929968510987134e-01
2.7837293372725697e-03
-1.8683287326130134e+00
1.1379986320169374e+01
5.9999999999999998e-01
-1.0000000000000001e-01
0.0000000000000000e+00
4.0000000000000002e-01
-2.6899215695282480e-01
1.9243746903289178e+00
6.5072981153847553e-01
2.7837293372725697e-03
-2.6925916906329852e+00
1.1946321587370441e+01
5.9999999999999998e-01
-1.0000000000000001e-01
0.0000000000000000e+00
4.0000000000000002e-01
3.9185581627467619e-01
1.8816791295159676e+00
7.3678321634652000e-01
2.7837293372725697e-03
-3.2131841596099600e+00
1.1352829399810838e+01
5.9999999999999998e-01
-1.0000000000000001e-01
0.0000000000000000e+00
4.0000000000000002e-01
5.7554087373593787e-01
1.8270973272670128e+00
9.4503597175003873e-01
2.7837293372725697e-03
-3.8302055474254351e+00
1.1519157499180842e+01
5.9999999999999998e-01
-1.0000000000000001e-01
0.0000000000000000e+00
4.0000000000000002e-01
6.3741535875180699e-01
1.8638016292203283e+00
-8.8242518554208882e-01
2.7837293372725697e-03
-2.6409998025628791e+00
1.2301538758085778e+01
5.9999999999999998e-01
-1.0000000000000001e-01
0.0000000000000000e+00
4.0000000000000002e-01
4.2561602476218674e-01
1.8603236983764984e+00
-6.5447373996255997e-01
2.7837293372725697e-03
-2.7838057871791584e+00
1.1947523630516340e+01
5.9999999999999998e-01
-1.0000000000000001e-01
0.0000000000000000e+00
4.0000000000000002e-01
9.6060234311202486e-01
1.8433361279416898e+00
-7.6621701637981532e-01
3.9665616528367252e-03
-2.5611467487993704e+00
1.2780305040733625e+01
5.9999999999999998e-01
-1.0000000000000001e-01
0.0000000000000000e+00
4.0000000000000002e-01
8.5787205073216877e-01
1.9100903391886572e+00
-8.5023046712158323e-01
3.9665616528367252e-03
-2.2097707874956600e+00
1.3070381376998233e+01
5.9999999999999998e-01
-1.0000000000000001e-01
0.0000000000000000e+00
4.0000000000000002e-01
-1.9946163621565383e-01
1.9067076530505043e+00
-8.9062591979978678e-01
4.2586171665465085e-03
-1.5157814495149129e+00
1.3856833444641639e+01
5.9999999999999998e-01
-1.0000000000000001e-01
0.0000000000000000e+00
4.0000000000000002e-01
1.7207047074827675e-02
1.8196458692599158e+00
1.2038628657581210e-01
3.7195109241878240e-03
6.5358954147667903e-01
1.4426274590300132e+01
5.9999999999999998e-01
-1.0000000000000001e-01
0.0000000000000000e+00
4.0000000000000002e-01
-4.8358937801985524e-03
1.7714650445628979e+00
2.8064463366987114e-01
3.7195109241878240e-03
-2.8532750530867540e-01
1.4729313890741874e+01
5.9999999999999998e-01
-1.0000000000000001e-01
0.0000000000000000e+00
4.0000000000000002e-01
6.1763500471997945e-01
1.8013574561525203e+00
6.6175463517429234e-01
3.7195109241878240e-03
-8.5665760225384191e-01
1.4464772673802187e+01
5.9999999999999998e-01
-1.0000000000000001e-01
0.0000000000000000e+00
4.0000000000000002e-01
8.8806118627477382e-01
1.8077059401918267e+00
4.5648110630223449e-01
3.7195109241878240e-03
-2.6816247290699435e-01
1.4802371200280001e+01
5.9999999999999998e-01
-1.0000000000000001e-01
0.0000000000000000e+00
4.0000000000000002e-01
-1.4228660265516546e-01
1.9096236919511176e+00
6.3197736578294927e-01
3.7195109241878240e-03
-1.8150541473063699e+00
1.4740825589852145e+01
5.9999999999999998e-01
-1.0000000000000001e-01
0.0000000000000000e+00
4.0000000000000002e-01
-1.8408189395975372e-01
1.7138072190333224e+00
6.4926427262136632e-01
3.7195109241878240e-03
-1.9396109226974718e+00
1.4884024008469392e+01
5.9999999999999998e-01
-1.0000000000000001e-01
0.0000000000000000e+00
4.0000000000000002e-01
-2.6986844936918519e-01
1.7344253723371843e+00
5.8317787813255484e-01
3.7195109241878240e-03
-2.2007863998296724e+00
1.4569650694088748e+01
5.9999999999999998e-01
-1.0000000000000001e-01
0.0000000000000000e+00
4.0000000000000002e-01
3.9256673177171442e-01
1.7527240701068261e+00
7.3645757334539597e-01
3.7195109241878240e-03
-9.4127672015457065e-01
1.5057322681801130e+01
5.9999999999999998e-01
-1.0000000000000001e-01
0.0000000000000000e+00
4.0000000000000002e-01
3.1481772681165432e-01
1.7588512606371260e+00
9.8849255735287378e-01
3.7195109241878240e-03
-8.1394465862541121e-01
1.3517617137090971e+01
5.9999999999999998e-01
-1.0000000000000001e-01
0.0000000000000000e+00
4.0000000000000002e-01
4.0315168877530783e-01
1.7277786438215588e+00
8.4435559893259726e-01
1.3152109497462960e-03
-1.6520112453727653e-01
1.3859334275418629e+01
5.9999999999999998e-01
-1.0000000000000001e-01
0.0000000000000000e+00
4.0000000000000002e-01
4.8066119929242818e-01
1.6421437851686094e+00
-8.7697247480740814e-01
1.3152109497462960e-03
1.2037828267784179e-01
1.3844364148298013e+01
5.9999999999999998e-01
-1.0000000000000001e-01
0.0000000000000000e+00
4.0000000000000002e-01
-3.6318199137758528e-01
1.7099339164990994e+00
-8.2488956546178127e-01
1.3152109497462960e-03
-4.8975749908714217e-01
1.2839072135755526e+01
5.9999999999999998e-01
-1.0000000000000001e-01
0.0000000000000000e+00
4.0000000000000002e-01
-3.5393023663871738e-02
1.7471780629057498e+00
9.8130964720854497e-01
1.3152109497462960e-03
-9.3254414944677233e-01
1.2496074698039996e+01
5.9999999999999998e-01
-1.0000000000000001e-01
0.0000000000000000e+00
4.0000000000000002e-01
6.8937434536803432e-01
1.7729329471487614e+00
2.9499122182140092e-01
1.3152109497462960e-03
-1.1237772465567160e+00
1.3360581316718566e+01
5.9999999999999998e-01
-1.0000000000000001e-01
0.0000000000000000e+00
4.0000000000000002e-01
7.7416331750739276e-01
1.7359636893469903e+00
-3.4774354895344040e-01
1.3152109497462960e-03
6.5319023944897192e-02
1.2372926837870585e+01
5.9999999999999998e-01
-1.0000000000000001e-01
0.0000000000000000e+00
4.0000000000000002e-01
-3.5251854220938023e-01
1.8428877249557589e+00
1.8730364257702564e-01
1.3152109497462960e-03
-6.7833015404181907e-02
1.3352942036756980e+01
5.9999999999999998e-01
-1.0000000000000001e-01
0.0000000000000000e+00
4.0000000000000002e-01
-7.1668626586508100e-01
1.8619594090778444e+00
2.6095907712588051e-01
1.3152109497462960e-03
-3.5628401794238607e-01
1.4161385761866081e+01
5.9999999999999998e-01
-1.0000000000000001e-01
0.0000000000000000e+00
4.0000000000000002e-01
-4.4785485068868941e-01
2.0246873842079256e+00
6.1524974400410393e-01
1.3152109497462960e-03
-7.5408253528876823e-01
1.3713333767572152e+01
5.9999999999999998e-01
-1.0000000000000001e-01
0.0000000000000000e+00
4.0000000000000002e-01
7.9752047707725215e-01
1.9395076201159569e+00
7.0674240360269280e-01
1.3152109497462960e-03
-2.0657426820020248e+00
1.4531156690338362e+01
5.9999999999999998e-01
-1.0000000000000001e-01
0.0000000000000000e+00
4.0000000000000002e-01
8.9243053292322805e-01
1.9498273111406772e+00
-3.1667207887163423e-01
1.3152109497462960e-03
-1.9653837659279874e+00
1.4068212242344130e+01
5.9999999999999998e-01
-1.0000000000000001e-01
0.0000000000000000e+00
4.0000000000000002e-01
-1.5573512221288027e-01
1.9804181683484523e+00
6.7359254608163566e-01
1.3152109497462960e-03
-2.1503912069718409e+00
1.3984544919723380e+01
5.9999999999999998e-01
-1.0000000000000001e-01
0.0000000000000000e+00
4.0000000000000002e-01
-4.5246457288574521e-01
2.0129700874734722e+00
9.1260359840700356e-01
1.3152109497462960e-03
-3.1016106434981392e+00
1.4079265872681249e+01
5.9999999999999998e-01
-1.0000000000000001e-01
0.0000000000000000e+00
4.0000000000000002e-01
-6.5901373217415160e-01
1.8463945366192662e+00
4.6936776807997016e-02
1.3152109497462960e-03
-3.9347189702908558e+00
1.4370770136559118e+01
5.9999999999999998e-01
-1.0000000000000001e-01
0.0000000000000000e+00
4.0000000000000002e-01
-6.5856008479904471e-01
1.8910157182488643e+00
4.0745861621806362e-01
1.3152109497462960e-03
-4.1177376829902697e+00
1.5507781104290594e+01
5.9999999999999998e-01
-1.0000000000000001e-01
0.0000000000000000e+00
4.0000000000000002e-01
-4.8696736791842637e-02
1.8036229734692777e+00
9.7760533791268212e-01
1.3152109497462960e-03
-4.6509387196390950e+00
1.5212047092908730e+01
5.9999999999999998e-01
-1.0000000000000001e-01
0.0000000000000000e+00
4.0000000000000002e-01
3.5756142308402722e-01
1.7608048748645984e+00
7.5156892698490951e-01
2.2300399580275267e-03
-2.8983641357510410e+00
1.5123525531882157e+01
5.9999999999999998e-01
-1.0000000000000001e-01
0.0000000000000000e+00
4.0000000000000002e-01
9.9785159190583883e-01
1.8904052045617303e+00
4.5374713015044060e-01
2.2300399580275267e-03
-3.0441400345764178e+00
1.5236324394786466e+01
5.9999999999999998e-01
-1.0000000000000001e-01
0.0000000000000000e+00
4.0000000000000002e-01
9.4779018839288409e-01
1.8494088006291589e+00
7.7442442964995228e-01
2.2300399580275267e-03
-3.9747857902548325e+00
1.2615275181377040e+01
5.9999999999999998e-01
-1.0000000000000001e-01
0.0000000000000000e+00
4.0000000000000002e-01
1.6004875739503555e-01
1.8660999132070739e+00
2.5412926029646721e-01
2.2300399580275267e-03
-4.5947639648220546e+00
1.1430785215938197e+01
5.9999999999999998e-01
-1.0000000000000001e-01
0.0000000000000000e+00
4.0000000000000002e-01
-2.1290917674612342e-01
1.6735875930909119e+00
5.1370459389174306e-01
2.2300399580275267e-03
-5.3948246155283455e+00
1.2525012553775417e+01
5.9999999999999998e-01
-1.0000000000000001e-01
0.0000000000000000e+00
4.0000000000000002e-01
6.7551941951204009e-01
1.6595311924342120e+00
7.3559844922507134e-01
2.2300399580275267e-03
-5.7660906888893857e+00
1.1235985476815806e+01
5.9999999999999998e-01
-1.0000000000000001e-01
0.0000000000000000e+00
4.0000000000000002e-01
4.3657387455392549e-01
1.5042214387182202e+00
2.8119509171927304e-01
2.2300399580275267e-03
-5.8173464967287201e+00
1.1496142214083779e+01
5.9999999999999998e-01
-1.0000000000000001e-01
0.0000000000000000e+00
4.0000000000000002e-01
-6.7123261044334692e-01
1.5187017957691160e+00
1.9140274744713637e-01
2.2300399580275267e-03
-6.0830010606325287e+00
1.1439441102290262e+01
5.9999999999999998e-01
-1.0000000000000001e-01
0.0000000000000000e+00
4.0000000000000002e-01
-1.5665218422722144e-01
1.4891609737698046e+00
7.0291195135796403e-01
2.2300399580275267e-03
-5.6241436666227003e+00
1.1882588509762394e+01
5.9999999999999998e-01
-1.0000000000000001e-01
0.0000000000000000e+00
4.0000000000000002e-01
-3.0168214390587117e-01
1.5789761835161655e+00
7.2382528569782112e-01
2.2626996414040774e-03
-6.5121430075145375e+00
1.1749122888887037e+01
5.9999999999999998e-01
-1.0000000000000001e-01
0.0000000000000000e+00
4.0000000000000002e-01
-9.5918828318428306e-01
1.7648057212654560e+00
8.1460261423373570e-01
2.2626996414040774e-03
-6.6762192448950417e+00
1.0829815668904891e+01
5.9999999999999998e-01
-1.0000000000000001e-01
0.0000000000000000e+00
4.0000000000000002e-01
-9.8188292036365798e-01
1.7814639494244069e+00
2.6198505878681294e-01
2.2626996414040774e-03
-5.6683311490691306e+00
1.0793086872047249e+01
5.9999999999999998e-01
-1.0000000000000001e-01
0.0000000000000000e+00
4.0000000000000002e-01
-7.4952616284202866e-01
1.8174247902456728e+00
1.8787658795947182e-01
2.2626996414040774e-03
-6.4770800827420363e+00
1.0146279213374918e+01
5.9999999999999998e-01
-1.0000000000000001e-01
0.0000000000000000e+00
4.0000000000000002e-01
-7.3812644461702637e-01
1.7063975590292422e+00
4.2655526921385872e-01
2.2626996414040774e-03
-6.8881925402558455e+00
1.1434602299875086e+01
5.9999999999999998e-01
-1.0000000000000001e-01
0.0000000000000000e+00
4.0000000000000002e-01
-5.1003621617072226e-02
1.7570726576980260e+00
5.5668419882887954e-01
2.2626996414040774e-03
-6.6620077688596258e+00
1.0951316403395005e+01
5.9999999999999998e-01
-1.0000000000000001e-01
0.0000000000000000e+00
4.0000000000000002e-01
3.1447289129186334e-01
1.7418440559294133e+00
5.2540352627867803e-01
2.2626996414040774e-03
-7.0692515243194123e+00
1.0386078601127931e+01
5.9999999999999998e-01
-1.0000000000000001e-01
0.0000000000000000e+00
4.0000000000000002e-01
-2.1899082283090884e-01
1.7732038887824921e+00
4.2721601531142334e-01
2.2626996414040774e-03
-6.9620921556255837e+00
9.6913749226089347e+00
5.9999999999999998e-01
-1.0000000000000001e-01
0.0000000000000000e+00
4.0000000000000002e-01
-3.9008445660185148e-01
1.7630920047845748e+00
5.0668509051436528e-01
2.2626996414040774e-03
-6.0229882957763090e+00
8.7957749792095061e+00
5.9999999999999998e-01
-1.0000000000000001e-01
0.0000000000000000e+00
4.0000000000000002e-01
4.5472192337203687e-01
1.7407471544828321e+00
5.8176025048131086e-01
2.2626996414040774e-03
-5.4399763929075613e+00
9.3815516986604575e+00
5.9999999999999998e-01
-1.0000000000000001e-01
0.0000000000000000e+00
4.0000000000000002e-01
8.6777414550471976e-01
1.6214830235328581e+00
9.2366512611741158e-01
2.2626996414040774e-03
-5.6475830184645073e+00
1.0927620051121318e+01
5.9999999999999998e-01
-1.0000000000000001e-01
0.0000000000000000e+00
4.0000000000000002e-01
-5.6058508346390057e-01
1.6340197065558340e+00
7.6923728786641687e-01
2.2626996414040774e-03
-5.4821498426026718e+00
1.2349801612710559e+01
5.9999999999999998e-01
-1.0000000000000001e-01
0.0000000000000000e+00
4.0000000000000002e-01
-8.2595267246078763e-01
1.7089026306357289e+00
7.6923728786641687e-01
2.2626996414040774e-03
-5.3324899154133210e+00
1.1972855163244510e+01
5.9999999999999998e-01
-1.0000000000000001e-01
0.0000000000000000e+00
4.0000000000000002e-01
-4.8698776791405007e-01
1.7908375339668299e+00
7.6923728786641687e-01
2.2626996414040774e-03
-4.8729813950485603e+00
1.1664768812684324e+01
5.9999999999999998e-01
-1.0000000000000001e-01
0.0000000000000000e+00
4.0000000000000002e-01
-8.2041423271011638e-01
1.7309389759387874e+00
8.0749883430543817e-02
1.3194367365216464e-03
-4.2350449459976574e+00
1.1400504462299850e+01
5.9999999999999998e-01
-1.0000000000000001e-01
0.0000000000000000e+00
4.0000000000000002e-01
-1.8105822096180246e-01
1.7719245709713600e+00
-8.3885590794729126e-01
1.3194367365216464e-03
-3.1574675636715321e+00
1.0872872627405432e+01
5.9999999999999998e-01
-1.0000000000000001e-01
0.0000000000000000e+00
4.0000000000000002e-01
-9.7806357743751327e-01
1.7636407872971200e+00
-3.5945681709097754e-01
1.3194367365216464e-03
-3.5185947673744589e+00
1.1654662499455718e+01
5.9999999999999998e-01
-1.0000000000000001e-01
0.0000000000000000e+00
4.0000000000000002e-01
-7.3241141560088907e-01
1.8103382510330579e+00
-5.9159758794354333e-01
1.3194367365216464e-03
-3.4666577237076197e+00
1.0620962493745591e+01
5.9999999999999998e-01
-1.0000000000000001e-01
0.0000000000000000e+00
4.0000000000000002e-01
3.0069178116906381e-01
1.6903884133484266e+00
-2.4348189785378110e-01
1.3194367365216464e-03
-2.9833321305341158e+00
9.9320163435023083e+00
5.9999999999999998e-01
-1.0000000000000001e-01
0.0000000000000000e+00
4.0000000000000002e-01
4.3053315294373723e-01
1.6254232652869127e+00
-5.4503524600761066e-01
1.3194367365216464e-03
-2.6829977238900096e+00
1.0007410485176351e+01
5.9999999999999998e-01
-1.0000000000000001e-01
0.0000000000000000e+00
4.0000000000000002e-01
-4.0539888402979873e-01
1.7255570318188569e+00
-6.4646650689886931e-01
1.3194367365216464e-03
-3.2280083800084025e+00
1.1086303531257419e+01
5.9999999999999998e-01
-1.0000000000000001e-01
0.0000000000000000e+00
4.0000000000000002e-01
-4.9870437593870359e-02
1.6391343460168741e+00
-7.5549234331120263e-02
1.3194367365216464e-03
-3.6943309791735444e+00
1.0128408941505461e+01
5.9999999999999998e-01
-1.0000000000000001e-01
0.0000000000000000e+00
4.0000000000000002e-01
7.2252976098496413e-01
1.6872573454391262e+00
9.8900188726140148e-01
2.2683477700924130e-03
-3.5551814355305464e+00
1.1256478366786597e+01
5.9999999999999998e-01
-1.0000000000000001e-01
0.0000000000000000e+00
4.0000000000000002e-01
3.4409736314255690e-01
1.6431305267822049e+00
6.2348842513514646e-01
2.2683477700924130e-03
-3.5653793909004960e+00
1.1501825452381729e+01
5.9999999999999998e-01
-1.0000000000000001e-01
0.0000000000000000e+00
4.0000000000000002e-01
4.7235887436456347e-02
1.7478630118828318e+00
6.7814372312976012e-01
2.2683477700924130e-03
-1.4370469041518010e+00
1.2961317647779346e+01
5.9999999999999998e-01
-1.0000000000000001e-01
0.0000000000000000e+00
4.0000000000000002e-01
8.2613838775343618e-02
1.7973486159306071e+00
9.4906447452260145e-01
2.2683477700924130e-03
-1.9395777240744863e+00
1.2772870412534090e+01
5.9999999999999998e-01
-1.0000000000000001e-01
0.0000000000000000e+00
4.0000000000000002e-01
9.9318186181995960e-01
1.5884818641326444e+00
8.4196969297481661e-01
2.2683477700924130e-03
-1.8354784921160967e+00
1.2639125756984564e+01
5.9999999999999998e-01
-1.0000000000000001e-01
0.0000000000000000e+00
4.0000000000000002e-01
6.4711057926926696e-01
1.6486731924495712e+00
5.8911904960404771e-02
2.2683477700924130e-03
-1.7703548822319859e-01
1.1969045972144221e+01
5.9999999999999998e-01
-1.0000000000000001e-01
0.0000000000000000e+00
4.0000000000000002e-01
-1.0551264504969188e-01
1.7573907573900240e+00
8.1997362461639534e-01
2.2683477700924130e-03
-3.5964657220757357e-01
1.1509327203473065e+01
5.9999999999999998e-01
-1.0000000000000001e-01
0.0000000000000000e+00
4.0000000000000002e-01
7.4359934826314378e-01
1.6683079588792340e+00
2.6217654553009173e-01
2.2683477700924130e-03
-1.1081141725531851e+00
1.2187365216454481e+01
5.9999999999999998e-01
-1.0000000000000001e-01
0.0000000000000000e+00
4.0000000000000002e-01
