11
4
3.9837398373983740e-01
6.8292682926829273e-01
7.7692307692307694e-01
4.6774193548387094e-01
0.0000000000000000e+00
0.0000000000000000e+00
0.0000000000000000e+00
0.0000000000000000e+00
0.0000000000000000e+00
0.0000000000000000e+00
5.8399999999999996e-01
2.4600000000000000e-01
2.4600000000000000e-01
2.6000000000000001e-01
2.4800000000000000e-01
0.0000000000000000e+00
0.0000000000000000e+00
0.0000000000000000e+00
0.0000000000000000e+00
0.0000000000000000e+00
0.0000000000000000e+00
1.0000000000000000e+00
4.9000000000000000e+01
8.4000000000000000e+01
1.0100000000000000e+02
5.8000000000000000e+01
0.0000000000000000e+00
0.0000000000000000e+00
0.0000000000000000e+00
0.0000000000000000e+00
0.0000000000000000e+00
0.0000000000000000e+00
2.9200000000000000e+02
1.2300000000000000e+02
1.2300000000000000e+02
1.3000000000000000e+02
1.2400000000000000e+02
0.0000000000000000e+00
0.0000000000000000e+00
0.0000000000000000e+00
0.0000000000000000e+00
0.0000000000000000e+00
0.0000000000000000e+00
5.0000000000000000e+02
