3
25
-1.1529673073768937e+01
-1.1529673073768937e+01
0.0000000000000000e+00
-1.1529672768769846e+01
-1.1529672768769846e+01
0.0000000000000000e+00
-1.1529792026684735e+01
-1.1529792026684735e+01
0.0000000000000000e+00
-1.2008287610043869e+01
-1.2008287610043869e+01
0.0000000000000000e+00
-1.1530524185523387e+01
-1.1530524185523387e+01
0.0000000000000000e+00
-1.1530273114367350e+01
-1.1530273114367350e+01
0.0000000000000000e+00
-1.1529672768769755e+01
-1.1529672768769755e+01
0.0000000000000000e+00
-1.1529672768769755e+01
-1.1529672768769755e+01
0.0000000000000000e+00
-1.1529672768769846e+01
-1.1529672768769846e+01
0.0000000000000000e+00
-1.1529672768769935e+01
-1.1529672768769935e+01
0.0000000000000000e+00
-1.1529672768769666e+01
-1.1529672768769666e+01
0.0000000000000000e+00
-1.1529672768769935e+01
-1.1529672768769935e+01
0.0000000000000000e+00
-1.1529672768770023e+01
-1.1529672768770023e+01
0.0000000000000000e+00
-1.1529672768769755e+01
-1.1529672768769755e+01
0.0000000000000000e+00
-1.1529688022466605e+01
-1.1529688022466605e+01
0.0000000000000000e+00
-1.1529688022466338e+01
-1.1529688022466338e+01
0.0000000000000000e+00
-1.1529688022466338e+01
-1.1529688022466338e+01
0.0000000000000000e+00
-1.1529691810503476e+01
-1.1529691810503476e+01
0.0000000000000000e+00
-1.1529694240227077e+01
-1.1529694240227077e+01
0.0000000000000000e+00
-1.1529687967303982e+01
-1.1529687967303982e+01
0.0000000000000000e+00
-1.1529688271912597e+01
-1.1529688271912597e+01
0.0000000000000000e+00
-1.1530949489610332e+01
-1.1530949489610332e+01
0.0000000000000000e+00
-1.2220100251055483e+01
-1.2220100251055483e+01
0.0000000000000000e+00
-1.1553153987168141e+01
-1.1553153987168141e+01
0.0000000000000000e+00
-1.1529965731302081e+01
-1.1529965731302081e+01
0.0000000000000000e+00
