smooth_mean, smooth_sdev, filter_mean, filter_sdev, x
0.0289888,1.73559e-17,0.0289888,1.73559e-17,0.0171407
0.0402409,0.00139018,0.0611116,0.0185812,0.00259957
-0.0277129,0.0439809,0.107555,0.0266258,0.0157893
0.0240447,0.0506525,0.043885,0.0800751,0.0211617
-0.108995,0.0484303,-0.0217067,0.0892067,0.00468554
-0.0190386,0.00924647,-0.0336942,0.0710262,0.00407308
-0.0495188,0.0233691,-0.0280035,0.0914429,-0.00279183
-0.0317449,0.00637713,-0.0253137,0.0937438,-0.0196827
-0.144306,0.0155093,-0.0197493,0.0857918,-0.00623935
-0.059305,0.0142842,-0.0257737,0.0825321,-0.00919603
-0.00787707,0.0175638,-0.023134,0.0824774,-0.00561408
0.0482197,0.00202711,-0.0187901,0.0969554,-0.0162968
0.0224183,0.00589166,-0.0206954,0.0873044,-0.00533855
0.0481542,0.0409448,-0.0253777,0.0851776,-0.00594979
-0.0580071,0.0139542,-0.0261925,0.0813497,0.00179382
-0.0515652,0.000295821,-0.0234499,0.0885949,0.0159614
-0.186879,0.0152048,-0.0200972,0.0875881,0.00202846
-0.00554012,0.00926894,-0.0228655,0.0857016,-0.00737575
0.0691654,0.0027021,-0.01966,0.093036,-0.0179734
0.00271586,0.0263818,-0.0167195,0.092328,-0.0114117
-0.131822,0.00169905,-0.0191574,0.0943134,-0.00760471
-0.073739,0.0130299,-0.0167338,0.0953685,0.00845445
-0.0948656,0.027601,-0.0161821,0.0945578,0.0143939
0.04425,0.0219625,-0.0138287,0.0929849,-0.00115329
-0.0316429,0.0185785,-0.0158659,0.0980292,0.00294674
-0.0993663,0.00186774,-0.0180447,0.0885758,0.0028227
-0.0501418,0.0196434,-0.0082741,0.0975687,-0.0059792
-0.0347422,0.0250515,-0.00584174,0.0881278,-0.00195208
-0.145895,0.0126307,-0.00903103,0.0921957,0.00112073
0.0167837,0.0117523,-0.0126267,0.0976224,0.00954812
0.00775494,0.0120649,-0.0144992,0.0965146,0.012394
-0.0453572,0.00568357,-0.012349,0.0986351,0.0178884
-0.174925,0.0418787,-0.0151498,0.0957706,0.0223448
-0.0288782,0.034927,-0.0116296,0.102167,0.0134916
0.0769236,0.0293685,-0.00522871,0.104261,0.00433234
0.202599,0.0408138,-0.00416219,0.101438,-0.00248234
-0.0207803,0.0287595,0.00461276,0.0992144,0.00378636
-0.108075,0.0281664,-0.0051447,0.0946437,-0.00486579
-0.166122,0.0495389,-0.0129925,0.0978156,-0.00824087
-0.188886,0.0319049,-0.022204,0.097197,-0.0112895
-0.144604,0.00720646,-0.0193985,0.0935427,-0.00549096
-0.113947,0.00660193,-0.0206261,0.090685,-0.00722791
-0.152804,0.020019,-0.01774,0.0936626,-0.0331738
-0.03675,0.0534054,-0.0207637,0.0935616,-0.0341295
0.0215237,0.00747302,-0.0110675,0.0977668,-0.00454564
0.00499365,0.00702075,-0.0133974,0.0929092,-0.00834794
-0.118903,0.00766188,-0.0153355,0.0974269,0.0067998
-0.0577832,0.027827,-0.0172316,0.0999274,-0.000443436
-0.101468,0.0401785,-0.0178172,0.0959717,0.00402434
-0.12777,0.0161088,-0.0209394,0.0979265,0.0095886
-0.054776,0.0030452,-0.0162924,0.094018,0.0106406
0.0452686,0.00833911,-0.0133193,0.0924803,-0.00618576
-0.0405315,0.0494605,-0.0203812,0.0933564,-0.00453365
-0.141117,0.0793432,-0.0168336,0.0980628,-0.0219167
-0.137699,0.0433269,-0.0185124,0.0924102,-0.0100381
-0.116116,0.0379171,-0.0167637,0.0919325,0.00114174
-0.0994814,0.00540439,-0.00807475,0.0908568,-0.00769702
-0.0183002,0.0125525,-0.0185969,0.0964101,-0.0140733
-0.0830191,0.000438191,-0.0182699,0.0985231,-0.0107384
-0.0412385,0.0122905,-0.0198081,0.0959168,-0.0191463
-0.0251422,0.00032396,-0.0177854,0.0979368,-0.0119918
-0.0388129,0.0166451,-0.0108685,0.0981763,-0.0165536
-0.122921,0.0537566,-0.00924684,0.0935034,-0.0225168
-0.0320267,0.0131125,-0.0134166,0.091503,-0.0124148
-0.106264,0.0542489,-0.00957603,0.0963015,-0.0146871
-0.0529385,0.00518993,-0.0161404,0.0950309,-0.00930119
0.0513875,0.0360672,-0.0148458,0.0920468,-0.00699921
-0.0933977,0.00932174,-0.0155197,0.0987169,0.00999687
-0.140145,0.0407059,-0.00866213,0.0972491,-0.000133299
-0.0791681,0.00797035,-0.00689719,0.0989973,0.0092046
0.0572418,0.0334177,-0.0129987,0.0924026,-0.0119035
0.143235,0.0583869,-0.00969573,0.0978912,-0.0416435
0.0217187,0.017978,-0.00648312,0.0991371,-0.0126452
0.07557,0.023914,-0.00327599,0.0956746,-0.025487
0.0757882,0.0770746,-0.00841027,0.094556,-0.0276816
0.0514522,0.0707135,-0.0103471,0.0913951,-0.012852
-0.0317671,0.13736,-0.0114202,0.0939051,-0.00872369
-0.0530306,0.0682744,-0.00710336,0.100102,0.00138378
-0.134849,0.0620414,-0.00783258,0.104019,-0.00226127
-0.0841226,0.0302817,-0.0126561,0.0984361,0.000778533
0.0339235,0.0478207,-0.00458849,0.10332,0.00848371
-0.00219856,0.0362228,-0.00679308,0.100451,0.0206876
0.00866855,0.0304883,-0.00702556,0.0965605,0.0117071
-0.0462859,0.0159869,-0.00538623,0.0950385,0.0255316
-0.133959,0.0471596,-0.0132343,0.0974115,0.00724725
-0.107874,0.0876271,-0.0179936,0.0968492,0.00315293
-0.00581644,0.0682714,-0.0111693,0.0920082,0.00436835
-0.0215352,0.0576354,-0.0080142,0.089187,-0.00666227
0.0087897,0.086394,-0.00706943,0.0960027,-0.000745054
0.0515811,0.130783,-0.00224446,0.091447,0.0100385
0.045614,0.0800778,-0.00259109,0.0999727,0.00294558
-0.0242294,0.0266209,-0.00470489,0.0971066,0.0245505
-0.14492,0.0651137,-0.00211112,0.101316,0.0127475
-0.137586,0.0291321,-0.00734244,0.0993077,0.00667186
-0.0760921,0.070382,-0.0077451,0.0986519,0.0139882
-0.0580904,0.0402124,-0.015962,0.0954662,-0.00390958
-0.0382334,0.0373836,-0.0107413,0.0979105,-0.0138703
-0.0677682,0.0940933,-0.0122808,0.0978499,-0.00536363
-0.0739802,0.0469953,-0.00527808,0.0980919,0.00730688
-0.0729711,0.0685367,-0.00214777,0.0977983,-0.0227363
0.0207165,0.0517958,-0.00915769,0.0957324,-0.0160507
-0.0684401,0.0305069,-0.0162202,0.0974787,-0.00809432
-0.0296611,0.0405321,-0.0141285,0.094077,-0.0224326
-0.0611187,0.049955,-0.00942303,0.0927391,-0.0274189
-0.0407858,0.0816977,-0.015488,0.0952326,-0.0209384
-0.089673,0.101741,-0.0219801,0.095948,-0.039967
-0.0774279,0.10265,-0.0107453,0.0962264,-0.0201054
0.0255344,0.0656995,-0.0085784,0.0966689,-0.0291586
-0.0325617,0.0881922,-0.00510805,0.0991737,-0.0176172
0.0241343,0.0924196,-0.00745888,0.0970455,-0.0217444
0.00986188,0.036195,-0.00454324,0.0940251,-0.00978535
0.0207024,0.0573682,-0.000321741,0.0927931,-0.0114497
-0.017946,0.0763753,0.00318296,0.0934573,-0.0148061
-0.0773771,0.0822159,-0.0015585,0.0940101,-0.00977838
-0.061885,0.0355417,-0.00510656,0.0959028,0.000759291
-0.121356,0.0511054,-0.00635684,0.097314,-0.0124507
-0.0914122,0.0324727,-0.00940721,0.0928188,-0.00647923
-0.126438,0.0515141,-0.0125073,0.0931434,-0.0169443
-0.115917,0.0845944,-0.00738603,0.0964896,-0.0379368
-0.135128,0.0656814,-0.00936086,0.0975445,-0.0290593
-0.0543428,0.0763661,-0.0163548,0.0976757,0.000380305
-0.0414249,0.0316799,-0.0115387,0.0986469,0.00304701
-0.0499579,0.0338318,-0.00969749,0.0957293,0.0052896
-0.038972,0.0461877,-0.0131384,0.095756,-0.00281399
-0.0620674,0.0731043,-0.0124911,0.101432,0.0120356
-0.0296941,0.0690627,-0.0136383,0.104584,-0.000629818
-0.0766748,0.0659224,-0.0101902,0.101211,-0.00598085
-0.00334223,0.0861164,-0.00635349,0.0969546,0.00909315
-0.04102,0.0962932,-0.00766011,0.0939456,-0.00711548
0.00518998,0.0803603,-0.00563232,0.100041,0.00657329
-0.048817,0.122481,-0.00927765,0.101003,0.00962215
-0.0708555,0.0519654,-0.00650408,0.101871,-0.002526
-0.0495305,0.0745511,-0.0087008,0.101908,0.0199918
-0.075729,0.0697002,-0.00387836,0.101665,0.000100362
-0.10007,0.0706749,-0.00089697,0.102766,0.00407607
-0.0735741,0.0704548,-0.000951821,0.09912,0.00182495
-0.055662,0.111934,-0.00104586,0.098385,-0.00579582
-0.0654606,0.102299,-0.000733878,0.0990628,-0.0122836
-0.130061,0.0818507,0.00279542,0.100599,0.00443329
-0.148785,0.0863524,0.00040882,0.0984983,-0.00614513
-0.133745,0.0794712,-0.000547008,0.0986162,-0.0219985
-0.058181,0.117054,-0.00181369,0.102032,-0.0178071
0.0118714,0.0936619,-0.00790716,0.100021,-0.0169149
-0.00866019,0.07481,-0.0100654,0.101151,-0.00504857
-0.0187381,0.0969532,-0.0121579,0.104337,-0.015117
-0.0335254,0.0441536,-0.016298,0.102441,0.00987634
-0.0260952,0.0597694,-0.0124688,0.102373,0.00167095
-0.048781,0.0964175,-0.00393202,0.0984187,0.0173437
0.010718,0.0696269,-0.00462151,0.102232,0.0166995
-0.0212254,0.0505811,-0.00496529,0.098498,-0.00195386
-0.0221606,0.0719034,-0.00912994,0.0951312,0.00148633
-0.0105712,0.0729754,-0.0160391,0.0939506,0.00475528
-0.0372607,0.0545696,-0.0082158,0.0922822,0.0123213
-0.0265558,0.0900124,-0.0107221,0.0967722,0.0116573
-0.0232846,0.0654435,-0.00648392,0.0980407,0.0174185
-0.0490031,0.0676085,-0.0145977,0.0968847,0.00911125
-0.0295232,0.0941877,-0.0055877,0.0998964,-0.00683696
-0.0420621,0.0640292,-0.0143771,0.0980061,0.00466278
-0.0278568,0.0775893,-0.0130743,0.0956029,-0.00666804
-0.0116368,0.0639998,-0.0111397,0.0938818,-0.00917938
-0.016298,0.0671655,-0.0163953,0.0946208,-0.0176862
-0.0196199,0.0546869,-0.0142307,0.102424,-0.0052636
-0.00793473,0.0880107,-0.016153,0.100097,-0.00621023
0.00365685,0.108667,-0.00638958,0.0987641,-0.000505835
-0.00939261,0.0907669,-0.00159006,0.100803,-0.0177902
-0.0121431,0.045024,-0.00734705,0.0974406,-0.0219388
-0.0432543,0.104083,-0.00971937,0.0989194,-0.00968972
-0.0036125,0.0651243,-0.0127576,0.102024,-0.00998275
0.0125779,0.110002,-0.00656554,0.0975619,-0.00337764
0.0295159,0.132643,-0.00408199,0.0925136,-0.00923337
-0.0504119,0.0825501,-0.0126393,0.0904016,0.00290878
-0.0419273,0.0989806,-0.00555489,0.095355,-0.00758433
0.0011611,0.0811058,-0.00673402,0.103189,-0.0204208
-0.00837714,0.0568499,-0.00310727,0.100727,-0.0182944
-0.0185247,0.0992633,-0.00153215,0.0995931,0.00147509
-0.0397539,0.0944147,-0.00680687,0.0959662,0.0141869
-0.0237136,0.0647681,-0.00175107,0.097958,0.0137407
-0.0256833,0.0774194,-0.00446837,0.10007,0.0140826
-0.0258062,0.0904347,-0.00814876,0.0999197,-0.00933263
-0.0145461,0.0721033,-0.00479923,0.0957786,0.015158
-0.005295,0.0903134,-0.00358407,0.100129,-0.0136532
0.00109517,0.100133,-0.00457905,0.0993989,-0.0179002
-0.0216093,0.07694,-0.0159255,0.0961506,0.0157445
-0.024899,0.0906715,-0.0154316,0.0962571,0.0351167
-0.0313336,0.0877986,-0.0096308,0.0927986,0.0260492
-0.0325965,0.0900525,-0.0171843,0.0974404,0.0207877
-0.037062,0.0936022,-0.0155319,0.100993,0.0147449
-0.0356996,0.0923311,-0.0161328,0.0957171,0.00414687
-0.0272217,0.0789231,-0.00837072,0.0976782,0.000357805
-0.0369902,0.0828099,-0.0126095,0.0966152,-0.00672008
-0.0322904,0.0954871,-0.00873764,0.0986163,-0.0413537
-0.0171061,0.092676,-0.0128703,0.100352,-0.0431388
-0.0162083,0.101917,-0.00683726,0.0995385,-0.0349124
-0.015523,0.0995981,-0.00911654,0.0995286,-0.0308198
-0.0104731,0.0936578,-0.00103277,0.103476,-0.0357025
-0.0142487,0.0918284,-0.00780617,0.100585,-0.0087105
-0.0140945,0.0940315,-0.0032855,0.0954298,0.00922076
-0.0123097,0.0964885,-0.00573505,0.0990754,0.0134573
-0.012782,0.0923994,-0.00292955,0.098367,0.00379542
-0.010781,0.093163,-0.00668892,0.0963237,0.0185397
-0.0130617,0.0978638,-0.0130617,0.0978638,0.0136392
