10
250
5.3755155764685991e-01
1.1809489311208805e+00
-4.5977023910381926e-01
2.9793478101492403e-02
5.6239970496142488e+00
1.0942582882686068e+01
5.9999999999999998e-01
-1.0000000000000001e-01
0.0000000000000000e+00
4.0000000000000002e-01
-1.4584746874703047e-01
1.1747637292375646e+00
-4.9933345216908576e-01
2.9793478101492403e-02
5.1415224179843646e+00
1.0814012127859998e+01
5.9999999999999998e-01
-1.0000000000000001e-01
0.0000000000000000e+00
4.0000000000000002e-01
2.2308605753051161e-01
1.1411641904344638e+00
3.0033238765201442e-01
5.0731724351644990e-02
4.8795585111001714e+00
1.0768959121151376e+01
5.9999999999999998e-01
-1.0000000000000001e-01
0.0000000000000000e+00
4.0000000000000002e-01
-2.0966640509499201e-01
1.1370262280335506e+00
8.8056300844763458e-02
9.1323897927999970e-02
5.1413712400229850e+00
1.0894753856702255e+01
5.9999999999999998e-01
-1.0000000000000001e-01
0.0000000000000000e+00
4.0000000000000002e-01
-3.8160212911499625e-01
1.2527185932030758e+00
6.4581315037212239e-01
9.3223028913140771e-02
4.7065782386096400e+00
1.1441916019959853e+01
5.9999999999999998e-01
-1.0000000000000001e-01
0.0000000000000000e+00
4.0000000000000002e-01
-4.0206078566444992e-01
1.2731595058670122e+00
-7.1186907533207067e-01
4.3776713058352949e-02
4.9963502246173306e+00
1.1800893401844906e+01
5.9999999999999998e-01
-1.0000000000000001e-01
0.0000000000000000e+00
4.0000000000000002e-01
-9.8497405119074466e-01
1.2504919075002747e+00
-8.2763048234977843e-01
7.3706213563681122e-02
4.9963502246173306e+00
1.2536347254856038e+01
5.9999999999999998e-01
-1.0000000000000001e-01
0.0000000000000000e+00
4.0000000000000002e-01
-5.7931054241789459e-01
1.1510776177873689e+00
-5.6318133268156179e-01
3.9784386426210884e-02
4.9963502246173306e+00
1.3809647047264981e+01
5.9999999999999998e-01
-1.0000000000000001e-01
0.0000000000000000e+00
4.0000000000000002e-01
5.0217586808072445e-01
1.1559962301483233e+00
-5.2353491458692680e-01
2.4627850383520604e-02
5.2878677073152947e+00
1.4102849846823622e+01
5.9999999999999998e-01
-1.0000000000000001e-01
0.0000000000000000e+00
4.0000000000000002e-01
-3.4190854973925233e-01
1.1179529862521072e+00
-6.2114128742017871e-01
7.4540471762419222e-02
5.6703702974351335e+00
1.3736902294146377e+01
5.9999999999999998e-01
-1.0000000000000001e-01
0.0000000000000000e+00
4.0000000000000002e-01
-3.3624270707203030e-01
1.1717433772502319e+00
4.4807049867114884e-01
7.4540471762419222e-02
5.2240444767507004e+00
1.3729784775363761e+01
5.9999999999999998e-01
-1.0000000000000001e-01
0.0000000000000000e+00
4.0000000000000002e-01
-8.3365508586002468e-01
1.0969057460246459e+00
5.6931450363597735e-01
6.0362630672753340e-02
5.4361019778283532e+00
1.4097468837934095e+01
5.9999999999999998e-01
-1.0000000000000001e-01
0.0000000000000000e+00
4.0000000000000002e-01
-2.4650453358722807e-01
1.1408576170621292e+00
-4.3348129097023147e-01
3.1565670795739180e-02
5.2428066539796294e+00
1.5041826468544562e+01
5.9999999999999998e-01
-1.0000000000000001e-01
0.0000000000000000e+00
4.0000000000000002e-01
-4.9371770888401140e-01
1.1164106841502563e+00
-4.1291081223287718e-01
6.1737701602280620e-02
5.0990913915666054e+00
1.5032693600493033e+01
5.9999999999999998e-01
-1.0000000000000001e-01
0.0000000000000000e+00
4.0000000000000002e-01
2.1478874387015123e-02
1.1549372402844804e+00
2.7237332608899928e-01
7.8648618526757239e-02
5.1950655061038447e+00
1.4275721314387877e+01
5.9999999999999998e-01
-1.0000000000000001e-01
0.0000000000000000e+00
4.0000000000000002e-01
7.3850237339900848e-01
1.0788678056416887e+00
-2.3310571346665865e-02
6.7710141010582925e-02
4.6892323213847593e+00
1.4150760915713864e+01
5.9999999999999998e-01
-1.0000000000000001e-01
0.0000000000000000e+00
4.0000000000000002e-01
5.8756603926586026e-01
1.1589981261906999e+00
5.5892607312415590e-02
6.0878179140389441e-02
3.5841051119597873e+00
1.3224202473300057e+01
5.9999999999999998e-01
-1.0000000000000001e-01
0.0000000000000000e+00
4.0000000000000002e-01
6.1237165540622585e-01
1.1296652630982773e+00
-3.0157613839604996e-01
8.5227729894221310e-02
3.6225538450511414e+00
1.3367552311556892e+01
5.9999999999999998e-01
-1.0000000000000001e-01
0.0000000000000000e+00
4.0000000000000002e-01
2.6687655896114226e-01
1.0932488201079744e+00
-9.5689319189288757e-01
8.5227729894221310e-02
3.1197209558667858e+00
1.2325707398193437e+01
5.9999999999999998e-01
-1.0000000000000001e-01
0.0000000000000000e+00
4.0000000000000002e-01
3.5677485495971556e-01
1.1758136449871437e+00
-3.1641474325443730e-02
6.3371367045911509e-02
3.4463094077291214e+00
1.3067911448168116e+01
5.9999999999999998e-01
-1.0000000000000001e-01
0.0000000000000000e+00
4.0000000000000002e-01
-3.4801265580761964e-03
1.1804874360380546e+00
-8.8911718685413810e-02
6.3371367045911509e-02
3.9689658365430556e+00
1.3539284702228860e+01
5.9999999999999998e-01
-1.0000000000000001e-01
0.0000000000000000e+00
4.0000000000000002e-01
-9.7769339531494259e-01
1.1947990317163841e+00
-8.8495053608204338e-02
5.7620843419107164e-02
3.9298510573091234e+00
1.2078539993452388e+01
5.9999999999999998e-01
-1.0000000000000001e-01
0.0000000000000000e+00
4.0000000000000002e-01
-1.8120722263885625e-01
1.1820791361151115e+00
6.6178958777687402e-01
6.8664394864114492e-02
3.7607834021779025e+00
1.1996078128206094e+01
5.9999999999999998e-01
-1.0000000000000001e-01
0.0000000000000000e+00
4.0000000000000002e-01
-8.7010283559394952e-01
1.1377941532252209e+00
5.8638079408905364e-01
5.9988388546975815e-02
4.0381290523087854e+00
1.1771060604440530e+01
5.9999999999999998e-01
-1.0000000000000001e-01
0.0000000000000000e+00
4.0000000000000002e-01
-4.6310490369630930e-01
1.2554341883776563e+00
5.1263474915525775e-01
9.2326842257055008e-02
4.8267520418143146e+00
1.1771060604440530e+01
5.9999999999999998e-01
-1.0000000000000001e-01
0.0000000000000000e+00
4.0000000000000002e-01
-7.4114490300251124e-01
1.2468545079646485e+00
9.4463442299864153e-01
7.0544716280187034e-02
4.4242350036030880e+00
1.1771060604440530e+01
5.9999999999999998e-01
-1.0000000000000001e-01
0.0000000000000000e+00
4.0000000000000002e-01
-9.7855356632004870e-02
1.2884343460021395e+00
1.8681632731458991e-01
4.8535887759412193e-02
4.4242350036030880e+00
1.2434696460353692e+01
5.9999999999999998e-01
-1.0000000000000001e-01
0.0000000000000000e+00
4.0000000000000002e-01
-3.9067877873612511e-01
1.2996255433974642e+00
7.0726520512602176e-01
5.3464828234399221e-02
4.4711705203851935e+00
1.2558344203817208e+01
5.9999999999999998e-01
-1.0000000000000001e-01
0.0000000000000000e+00
4.0000000000000002e-01
-7.9797291502190704e-01
1.3881117130784171e+00
9.8773225937387776e-01
7.1699546735967054e-02
4.7536083321770910e+00
1.1940786535131295e+01
5.9999999999999998e-01
-1.0000000000000001e-01
0.0000000000000000e+00
4.0000000000000002e-01
-7.9797291502190704e-01
1.4192103102901803e+00
9.8773225937387776e-01
5.5558615844930083e-02
5.0282217781743288e+00
1.2091669424461683e+01
5.9999999999999998e-01
-1.0000000000000001e-01
0.0000000000000000e+00
4.0000000000000002e-01
-7.9797291502190704e-01
1.4087249297598230e+00
6.4214160308590962e-01
6.9761692028726008e-02
4.7306775416931393e+00
1.2845622481989226e+01
5.9999999999999998e-01
-1.0000000000000001e-01
0.0000000000000000e+00
4.0000000000000002e-01
-7.9797291502190704e-01
1.4526110169390070e+00
7.1229055092087812e-01
7.4917441036785520e-02
5.3337664004167795e+00
1.4034981532978378e+01
5.9999999999999998e-01
-1.0000000000000001e-01
0.0000000000000000e+00
4.0000000000000002e-01
-4.7989398047162179e-01
1.5079094947079050e+00
-6.7590360477217593e-01
7.2713502746308722e-02
4.8026542182764294e+00
1.5467956536101662e+01
5.9999999999999998e-01
-1.0000000000000001e-01
0.0000000000000000e+00
4.0000000000000002e-01
-8.6727157084475870e-02
1.5266818591901885e+00
-7.4697559818276327e-01
3.4214967247332015e-02
4.3178693826994188e+00
1.5466897814559303e+01
5.9999999999999998e-01
-1.0000000000000001e-01
0.0000000000000000e+00
4.0000000000000002e-01
7.6834146455096120e-01
1.5866864840337858e+00
-9.1662784143933218e-01
6.7528880831087504e-02
3.8701967891058211e+00
1.4690227193223796e+01
5.9999999999999998e-01
-1.0000000000000001e-01
0.0000000000000000e+00
4.0000000000000002e-01
6.3065488085316534e-01
1.5991522414037809e+00
-9.5961746230372358e-01
6.4302294697845847e-02
4.5723448570570238e+00
1.5132147861110530e+01
5.9999999999999998e-01
-1.0000000000000001e-01
0.0000000000000000e+00
4.0000000000000002e-01
9.2235633358525160e-01
1.6493073409149273e+00
-9.5961746230372358e-01
6.7834870990599067e-02
4.7221588950356725e+00
1.5686385226833186e+01
5.9999999999999998e-01
-1.0000000000000001e-01
0.0000000000000000e+00
4.0000000000000002e-01
9.2235633358525160e-01
1.7718433795520885e+00
-4.3472200408228800e-01
3.8889161166036995e-02
4.5144524421295413e+00
1.6164375672700370e+01
5.9999999999999998e-01
-1.0000000000000001e-01
0.0000000000000000e+00
4.0000000000000002e-01
8.8326665893362888e-01
1.7510089074322803e+00
-3.3326942172135582e-02
6.4993446048582468e-02
5.0475941311320547e+00
1.6153782337369886e+01
5.9999999999999998e-01
-1.0000000000000001e-01
0.0000000000000000e+00
4.0000000000000002e-01
8.3896156564520730e-01
1.7779267395684344e+00
5.9185223237029150e-01
7.3195896562422189e-02
4.8697716843089349e+00
1.6297311454477278e+01
5.9999999999999998e-01
-1.0000000000000001e-01
0.0000000000000000e+00
4.0000000000000002e-01
8.3304648071693310e-01
1.7249866178469582e+00
7.4486723110428876e-01
2.8178425725782788e-02
4.4511696208020934e+00
1.5562508352311816e+01
5.9999999999999998e-01
-1.0000000000000001e-01
0.0000000000000000e+00
4.0000000000000002e-01
8.1100195199417002e-01
1.7905717770295064e+00
9.1979552343836846e-01
2.8178425725782788e-02
4.3267361242076641e+00
1.5878083202453817e+01
5.9999999999999998e-01
-1.0000000000000001e-01
0.0000000000000000e+00
4.0000000000000002e-01
6.5091762751506699e-01
1.8841836970882340e+00
6.9306896403781004e-01
5.5041336950148019e-02
4.1838023591539146e+00
1.5319589378895724e+01
5.9999999999999998e-01
-1.0000000000000001e-01
0.0000000000000000e+00
4.0000000000000002e-01
5.9343733847307090e-01
1.8623157263832015e+00
6.9306896403781004e-01
5.3375231322134405e-02
4.7791942078372722e+00
1.5479482957186663e+01
5.9999999999999998e-01
-1.0000000000000001e-01
0.0000000000000000e+00
4.0000000000000002e-01
2.7485964715646632e-01
1.8458088413314744e+00
9.5138909533968996e-01
2.6296229537809759e-02
4.7591571096083412e+00
1.4780413164409362e+01
5.9999999999999998e-01
-1.0000000000000001e-01
0.0000000000000000e+00
4.0000000000000002e-01
1.6270689666437038e-01
1.8501466642455979e+00
8.4871968105784479e-01
8.0626029666746521e-02
4.0431670326492082e+00
1.5680568625243867e+01
5.9999999999999998e-01
-1.0000000000000001e-01
0.0000000000000000e+00
4.0000000000000002e-01
-8.5470302641225926e-01
2.0229826255874559e+00
-4.6728982850560125e-01
4.8339226719225317e-02
4.3054214764138941e+00
1.5951252223762237e+01
5.9999999999999998e-01
-1.0000000000000001e-01
0.0000000000000000e+00
4.0000000000000002e-01
-9.9139651954008212e-01
2.1148489543633384e+00
-1.6499831676134047e-01
5.4934179481352242e-02
4.0248539555570364e+00
1.5655926386477910e+01
5.9999999999999998e-01
-1.0000000000000001e-01
0.0000000000000000e+00
4.0000000000000002e-01
-6.7767889439893836e-01
2.1621151291565819e+00
2.4247542024007857e-01
7.3910261091078192e-02
4.4335945781072850e+00
1.5283220238449537e+01
5.9999999999999998e-01
-1.0000000000000001e-01
0.0000000000000000e+00
4.0000000000000002e-01
-9.9722676217390172e-01
2.1798560674624365e+00
-2.8561539649614265e-01
4.3704214509809880e-02
4.9959782909354438e+00
1.4956450898411237e+01
5.9999999999999998e-01
-1.0000000000000001e-01
0.0000000000000000e+00
4.0000000000000002e-01
-2.3384121058713125e-02
2.1279813286499896e+00
-3.0069779485114978e-01
4.3704214509809880e-02
5.7817490350207557e+00
1.4805977032544577e+01
5.9999999999999998e-01
-1.0000000000000001e-01
0.0000000000000000e+00
4.0000000000000002e-01
-5.2000334918333158e-01
2.1605912417607227e+00
-3.7917636736878318e-01
7.6545497115934752e-02
5.8356701712807890e+00
1.4927812890174353e+01
5.9999999999999998e-01
-1.0000000000000001e-01
0.0000000000000000e+00
4.0000000000000002e-01
-6.1015126764608485e-01
2.0694045364694520e+00
-9.2950216397293961e-01
2.8923094656551747e-02
4.9229257311424490e+00
1.5030414537551367e+01
5.9999999999999998e-01
-1.0000000000000001e-01
0.0000000000000000e+00
4.0000000000000002e-01
-7.5594462692571740e-01
2.0461020270423811e+00
-8.9962013825425069e-01
3.3675257440889741e-02
3.9707366671165705e+00
1.6280130502047506e+01
5.9999999999999998e-01
-1.0000000000000001e-01
0.0000000000000000e+00
4.0000000000000002e-01
-6.5874703705144977e-01
2.0527368465499802e+00
-1.8774764105328465e-01
3.3675257440889741e-02
4.3974337424835443e+00
1.6532138630213705e+01
5.9999999999999998e-01
-1.0000000000000001e-01
0.0000000000000000e+00
4.0000000000000002e-01
1.7314380109475985e-01
1.9817652693228649e+00
4.8829164657507917e-02
2.7087199565256504e-02
4.3974337424835443e+00
1.6849290784659352e+01
5.9999999999999998e-01
-1.0000000000000001e-01
0.0000000000000000e+00
4.0000000000000002e-01
-1.9644832551313501e-01
2.0014956687079595e+00
1.9800745383254148e-01
6.6473208423937225e-02
3.5489356782039883e+00
1.7896018605890241e+01
5.9999999999999998e-01
-1.0000000000000001e-01
0.0000000000000000e+00
4.0000000000000002e-01
1.0454161703752418e-01
1.9500746727572609e+00
6.3871896133175943e-01
7.3902572807157896e-02
3.5728890899321319e+00
1.7460087257089583e+01
5.9999999999999998e-01
-1.0000000000000001e-01
0.0000000000000000e+00
4.0000000000000002e-01
-9.4538726866079437e-01
1.9730026310073068e+00
3.7825672492734053e-01
4.6016662772978209e-02
3.4002957079312082e+00
1.7119796977403134e+01
5.9999999999999998e-01
-1.0000000000000001e-01
0.0000000000000000e+00
4.0000000000000002e-01
6.3721258551048154e-01
1.9565807953165699e+00
3.7825672492734053e-01
7.3772744234884641e-02
2.9168635729452843e+00
1.6282179982426136e+01
5.9999999999999998e-01
-1.0000000000000001e-01
0.0000000000000000e+00
4.0000000000000002e-01
-7.2092943161560186e-01
1.9565807953165699e+00
9.3228133783093547e-01
4.3462981995428467e-02
2.8414103958508248e+00
1.5554258152308437e+01
5.9999999999999998e-01
-1.0000000000000001e-01
0.0000000000000000e+00
4.0000000000000002e-01
9.5095371753143176e-01
2.0073939426230121e+00
-3.4277028754004379e-01
4.3462981995428467e-02
3.1497225034734480e+00
1.4628855563166114e+01
5.9999999999999998e-01
-1.0000000000000001e-01
0.0000000000000000e+00
4.0000000000000002e-01
-2.5954663008285661e-01
2.0946295255111385e+00
6.9992893621674634e-01
3.5742906388128659e-02
3.1497225034734480e+00
1.4033999145987009e+01
5.9999999999999998e-01
-1.0000000000000001e-01
0.0000000000000000e+00
4.0000000000000002e-01
3.0415263854132996e-01
2.1222415390895533e+00
6.2886485979310136e-01
3.0996385094011685e-02
3.1497225034734480e+00
1.3650635166677212e+01
5.9999999999999998e-01
-1.0000000000000001e-01
0.0000000000000000e+00
4.0000000000000002e-01
9.6236625872718196e-01
2.1074453921602894e+00
2.1918948695412738e-01
6.5208329078043359e-02
2.6030811536809675e+00
1.3351358451160168e+01
5.9999999999999998e-01
-1.0000000000000001e-01
0.0000000000000000e+00
4.0000000000000002e-01
7.3459290020333623e-01
2.0946283796714473e+00
9.8076758191338642e-01
6.5208329078043359e-02
2.9128925141630941e+00
1.3010315894546487e+01
5.9999999999999998e-01
-1.0000000000000001e-01
0.0000000000000000e+00
4.0000000000000002e-01
-3.9714834399355559e-01
2.0946283796714473e+00
7.3805662587634191e-01
8.2954603370512386e-02
2.6941804346381004e+00
1.3938028513851144e+01
5.9999999999999998e-01
-1.0000000000000001e-01
0.0000000000000000e+00
4.0000000000000002e-01
-2.3534460015429171e-01
2.0985826723115371e+00
6.5884834958123872e-01
7.1075392540777590e-02
2.6723982442854219e+00
1.3465655672016123e+01
5.9999999999999998e-01
-1.0000000000000001e-01
0.0000000000000000e+00
4.0000000000000002e-01
-9.2759216500650998e-02
2.1220688084499764e+00
-1.1904678662541412e-02
6.7883506682003408e-02
3.5580378402708344e+00
1.4430652947934846e+01
5.9999999999999998e-01
-1.0000000000000001e-01
0.0000000000000000e+00
4.0000000000000002e-01
2.9365569286214194e-01
2.0812064323561117e+00
-3.8401541920495325e-01
2.3628827657783902e-02
3.3019816753207021e+00
1.4861835928472260e+01
5.9999999999999998e-01
-1.0000000000000001e-01
0.0000000000000000e+00
4.0000000000000002e-01
5.5079181842671709e-01
2.0570469185249731e+00
-3.8401541920495325e-01
2.7640441920841613e-02
3.0506867286501698e+00
1.4742102064403273e+01
5.9999999999999998e-01
-1.0000000000000001e-01
0.0000000000000000e+00
4.0000000000000002e-01
4.6776617609130228e-01
1.9725108711855339e+00
-7.2771151783061316e-01
2.7640441920841613e-02
4.4240085192708536e+00
1.4148381678971031e+01
5.9999999999999998e-01
-1.0000000000000001e-01
0.0000000000000000e+00
4.0000000000000002e-01
5.8735545300113046e-01
1.9964214835302760e+00
-3.5115208150935462e-01
3.2036591615761195e-02
4.6854171999482670e+00
1.3785418637307862e+01
5.9999999999999998e-01
-1.0000000000000001e-01
0.0000000000000000e+00
4.0000000000000002e-01
4.0787944935427989e-01
1.9556752921478682e+00
-8.6802080394816683e-01
6.2432779994095237e-02
6.0972940095452817e+00
1.3785418637307862e+01
5.9999999999999998e-01
-1.0000000000000001e-01
0.0000000000000000e+00
4.0000000000000002e-01
7.0262596033679336e-01
1.9507799087898663e+00
-7.0175799151185103e-02
6.2432779994095237e-02
6.6551643826751263e+00
1.5126350714477281e+01
5.9999999999999998e-01
-1.0000000000000001e-01
0.0000000000000000e+00
4.0000000000000002e-01
6.9204040990937715e-02
2.0031054656492402e+00
-3.3632006647181800e-01
6.3503616269911203e-02
6.8248631157664805e+00
1.4295807840141039e+01
5.9999999999999998e-01
-1.0000000000000001e-01
0.0000000000000000e+00
4.0000000000000002e-01
1.3811637424098344e-01
2.0279781614230799e+00
-2.3967758210492429e-01
3.2493525769794855e-02
6.3220524788586641e+00
1.4295807840141039e+01
5.9999999999999998e-01
-1.0000000000000001e-01
0.0000000000000000e+00
4.0000000000000002e-01
5.3123581709135503e-02
2.0585008921312018e+00
-2.2404137643170652e-01
5.9027299102629091e-02
6.1994260580031417e+00
1.4201714101644736e+01
5.9999999999999998e-01
-1.0000000000000001e-01
0.0000000000000000e+00
4.0000000000000002e-01
4.0213514270056150e-02
2.0585008921312018e+00
-8.9106989415478999e-01
4.9773922811495633e-02
6.7263124377219219e+00
1.4184299802618604e+01
5.9999999999999998e-01
-1.0000000000000001e-01
0.0000000000000000e+00
4.0000000000000002e-01
-2.0902296930385744e-01
2.0443293029354734e+00
-4.4764207743224793e-01
2.7400158162462090e-02
7.0773854166953107e+00
1.4404309499102215e+01
5.9999999999999998e-01
-1.0000000000000001e-01
0.0000000000000000e+00
4.0000000000000002e-01
-5.6794622197581446e-01
2.0463916539834659e+00
-4.4764207743224793e-01
6.7488615031587457e-02
5.4981989533392941e+00
1.3811918228703121e+01
5.9999999999999998e-01
-1.0000000000000001e-01
0.0000000000000000e+00
4.0000000000000002e-01
-3.8536980733109627e-01
2.0524065087722461e+00
-2.9448860965785684e-01
5.2710250075208520e-02
5.5146775335757292e+00
1.4606029400067905e+01
5.9999999999999998e-01
-1.0000000000000001e-01
0.0000000000000000e+00
4.0000000000000002e-01
-2.8719542130662112e-01
2.0654960685657184e+00
-2.1544268332538311e-01
5.3194500382291648e-02
5.2313317895619429e+00
1.5127700850205997e+01
5.9999999999999998e-01
-1.0000000000000001e-01
0.0000000000000000e+00
4.0000000000000002e-01
-9.5891455261241376e-02
2.0785537186549825e+00
3.0005362852242368e-02
2.4591075833188869e-02
5.2313317895619429e+00
1.4793611904817203e+01
5.9999999999999998e-01
-1.0000000000000001e-01
0.0000000000000000e+00
4.0000000000000002e-01
8.6885871187018249e-01
2.0043732875795883e+00
-8.6077657900867188e-01
2.4591075833188869e-02
5.0336384297101056e+00
1.5109527066933492e+01
5.9999999999999998e-01
-1.0000000000000001e-01
0.0000000000000000e+00
4.0000000000000002e-01
7.5044070735739565e-01
1.9294328649850412e+00
-3.2363701544818602e-01
2.8387397493469097e-02
5.3741126731721920e+00
1.5658052034328259e+01
5.9999999999999998e-01
-1.0000000000000001e-01
0.0000000000000000e+00
4.0000000000000002e-01
8.2953025087879984e-01
1.8296534686894939e+00
-3.2363701544818602e-01
3.5674106444465489e-02
6.5388687417594955e+00
1.6489936387563620e+01
5.9999999999999998e-01
-1.0000000000000001e-01
0.0000000000000000e+00
4.0000000000000002e-01
5.7197669848965493e-01
1.7727164820046948e+00
3.2182935990276618e-01
3.5674106444465489e-02
7.1904722974388156e+00
1.7005892202282823e+01
5.9999999999999998e-01
-1.0000000000000001e-01
0.0000000000000000e+00
4.0000000000000002e-01
-2.1188469186259420e-01
1.8552871750207471e+00
1.9717017330112740e-01
3.5674106444465489e-02
6.9590992347089804e+00
1.6737674103701988e+01
5.9999999999999998e-01
-1.0000000000000001e-01
0.0000000000000000e+00
4.0000000000000002e-01
5.6950794503258551e-01
1.8151134324880169e+00
5.8849559201624962e-02
3.1176498706685873e-02
6.7289286554543519e+00
1.7095987804258741e+01
5.9999999999999998e-01
-1.0000000000000001e-01
0.0000000000000000e+00
4.0000000000000002e-01
9.5021467909382662e-01
1.7576967348666714e+00
6.4805570371332455e-01
2.9409467990743485e-02
6.7093049392787956e+00
1.6219136649394905e+01
5.9999999999999998e-01
-1.0000000000000001e-01
0.0000000000000000e+00
4.0000000000000002e-01
7.0112801298664895e-01
1.6371251064153240e+00
7.8424482710542964e-01
2.9409467990743485e-02
7.1279922232715629e+00
1.5830488005305204e+01
5.9999999999999998e-01
-1.0000000000000001e-01
0.0000000000000000e+00
4.0000000000000002e-01
7.0112801298664895e-01
1.6246490053744840e+00
8.0521952904644301e-01
3.8229934330331651e-02
7.1974013373939538e+00
1.4415645838181053e+01
5.9999999999999998e-01
-1.0000000000000001e-01
0.0000000000000000e+00
4.0000000000000002e-01
8.7224517913330524e-02
1.6952708102078962e+00
3.0153759039821915e-01
3.8229934330331651e-02
7.2825598923707595e+00
1.4256593901316201e+01
5.9999999999999998e-01
-1.0000000000000001e-01
0.0000000000000000e+00
4.0000000000000002e-01
-5.0710913090240034e-02
1.6054222133966016e+00
9.7966589905205070e-01
4.6574253316270679e-02
7.2588940380359279e+00
1.3366105507338917e+01
5.9999999999999998e-01
-1.0000000000000001e-01
0.0000000000000000e+00
4.0000000000000002e-01
-4.9458938255740315e-01
1.5665181427808332e+00
9.7966589905205070e-01
2.7870347257005545e-02
7.6013337550902946e+00
1.4422225157754992e+01
5.9999999999999998e-01
-1.0000000000000001e-01
0.0000000000000000e+00
4.0000000000000002e-01
-5.6752849070560052e-02
1.4586474472494653e+00
7.5901154972496343e-01
2.3407076354371878e-02
7.6564329270491580e+00
1.4671346250014874e+01
5.9999999999999998e-01
-1.0000000000000001e-01
0.0000000000000000e+00
4.0000000000000002e-01
9.3373243764208635e-01
1.4957639333816102e+00
2.1103255524066222e-02
5.6989163632737969e-02
7.0797723654875737e+00
1.4462036394911381e+01
5.9999999999999998e-01
-1.0000000000000001e-01
0.0000000000000000e+00
4.0000000000000002e-01
9.3373243764208635e-01
1.5642290737243225e+00
7.0063919506850558e-01
4.3916875119554381e-02
7.7431729916701304e+00
1.4514553291934105e+01
5.9999999999999998e-01
-1.0000000000000001e-01
0.0000000000000000e+00
4.0000000000000002e-01
9.3373243764208635e-01
1.6380655194731286e+00
4.9281030200305309e-01
6.9701671759831288e-02
7.7434688661465634e+00
1.4499986293005319e+01
5.9999999999999998e-01
-1.0000000000000001e-01
0.0000000000000000e+00
4.0000000000000002e-01
9.3373243764208635e-01
1.7070266667814782e+00
6.2540674365940419e-01
5.2713587681996202e-02
7.4285518210599415e+00
1.5080548556732507e+01
5.9999999999999998e-01
-1.0000000000000001e-01
0.0000000000000000e+00
4.0000000000000002e-01
5.9051360324190938e-01
1.8054082153649857e+00
-3.2556901060161259e-01
3.1117347280728198e-02
7.1985782366464131e+00
1.5716259040521951e+01
5.9999999999999998e-01
-1.0000000000000001e-01
0.0000000000000000e+00
4.0000000000000002e-01
9.4310721680687759e-01
1.8672142761560013e+00
-2.5598476611194276e-01
6.6456108176382755e-02
7.4650247495839590e+00
1.6245827241452904e+01
5.9999999999999998e-01
-1.0000000000000001e-01
0.0000000000000000e+00
4.0000000000000002e-01
7.5107321784066050e-01
1.8446952245594790e+00
-8.3879546151730072e-02
6.6008846436860530e-02
7.5795085784265988e+00
1.6778092397960396e+01
5.9999999999999998e-01
-1.0000000000000001e-01
0.0000000000000000e+00
4.0000000000000002e-01
2.5130113884972427e-01
1.8611628796221544e+00
-7.3486776576611068e-02
5.2506258641602965e-02
7.7039376314947603e+00
1.7170450513648365e+01
5.9999999999999998e-01
-1.0000000000000001e-01
0.0000000000000000e+00
4.0000000000000002e-01
-8.1804917171431679e-01
1.9087420317293933e+00
-7.9585797451553009e-01
5.7341300879838436e-02
7.1099667299757012e+00
1.6984971888946863e+01
5.9999999999999998e-01
-1.0000000000000001e-01
0.0000000000000000e+00
4.0000000000000002e-01
-5.6856226637793683e-01
1.9519290258051682e+00
-5.3919510875013743e-01
5.7341300879838436e-02
6.6469597865114221e+00
1.6243306424307200e+01
5.9999999999999998e-01
-1.0000000000000001e-01
0.0000000000000000e+00
4.0000000000000002e-01
2.4660644695328565e-01
1.9725383726121712e+00
8.7901553771224938e-02
3.2608323251130555e-02
7.2649845529565820e+00
1.6425821717666956e+01
5.9999999999999998e-01
-1.0000000000000001e-01
0.0000000000000000e+00
4.0000000000000002e-01
2.1756139829920618e-01
2.1043236442567634e+00
-9.6747664008406076e-01
2.7674621318700288e-02
7.2249990660915389e+00
1.6465928467201561e+01
5.9999999999999998e-01
-1.0000000000000001e-01
0.0000000000000000e+00
4.0000000000000002e-01
7.5213930741118284e-01
2.0084109065295981e+00
-6.8474144730833442e-01
2.5411835228326296e-02
7.1824814219245923e+00
1.8373952682899802e+01
5.9999999999999998e-01
-1.0000000000000001e-01
0.0000000000000000e+00
4.0000000000000002e-01
1.8822680518196913e-01
2.1209860011400510e+00
-4.1632201943663039e-01
2.5411835228326296e-02
7.5983716290662295e+00
1.8972094752477975e+01
5.9999999999999998e-01
-1.0000000000000001e-01
0.0000000000000000e+00
4.0000000000000002e-01
-4.9046449377967027e-01
2.1003826931590068e+00
-4.7625734534231101e-01
5.0074463878991574e-02
7.6490082305142879e+00
1.9289909716533991e+01
5.9999999999999998e-01
-1.0000000000000001e-01
0.0000000000000000e+00
4.0000000000000002e-01
-6.4388768628073845e-01
2.0635995213860503e+00
-6.9526045527425673e-01
4.3276533876779051e-02
7.3187060278127198e+00
1.8710039230274532e+01
5.9999999999999998e-01
-1.0000000000000001e-01
0.0000000000000000e+00
4.0000000000000002e-01
-8.5297191798521199e-01
2.0841805016869537e+00
3.6083048320141808e-02
4.3276533876779051e-02
6.7970268707940580e+00
1.8062970698835823e+01
5.9999999999999998e-01
-1.0000000000000001e-01
0.0000000000000000e+00
4.0000000000000002e-01
-4.6067287504507226e-01
2.2320804464692108e+00
-9.0210088726607185e-03
4.3276533876779051e-02
6.8481031332383155e+00
1.7154877826037378e+01
5.9999999999999998e-01
-1.0000000000000001e-01
0.0000000000000000e+00
4.0000000000000002e-01
1.8786900252269589e-01
2.1869876742238037e+00
-3.6678312119213013e-01
4.3276533876779051e-02
7.0304347008684882e+00
1.7073771435233326e+01
5.9999999999999998e-01
-1.0000000000000001e-01
0.0000000000000000e+00
4.0000000000000002e-01
1.8786900252269589e-01
2.1621001556241741e+00
-7.9997723993030445e-01
2.5449070726754640e-02
6.0717541635254628e+00
1.7216115747975675e+01
5.9999999999999998e-01
-1.0000000000000001e-01
0.0000000000000000e+00
4.0000000000000002e-01
-6.0709978818727639e-01
2.0692776590311754e+00
-4.6729184266296286e-01
6.6096092258813355e-02
6.0170704841831926e+00
1.7670751646744577e+01
5.9999999999999998e-01
-1.0000000000000001e-01
0.0000000000000000e+00
4.0000000000000002e-01
-5.0222001910043856e-01
1.9919259755933512e+00
-5.2458332207170388e-01
6.2782785480144002e-02
5.9273662813225982e+00
1.7441379395710797e+01
5.9999999999999998e-01
-1.0000000000000001e-01
0.0000000000000000e+00
4.0000000000000002e-01
-1.3933121025396489e-01
2.0641743653142681e+00
-6.6071138452855005e-01
4.2379746579798434e-02
4.9832938365856405e+00
1.7606918112027021e+01
5.9999999999999998e-01
-1.0000000000000001e-01
0.0000000000000000e+00
4.0000000000000002e-01
-1.1077555477453366e-01
2.0766260577166307e+00
-8.2371816918370366e-01
4.9243510061176998e-02
3.8215912662664646e+00
1.7357815191733213e+01
5.9999999999999998e-01
-1.0000000000000001e-01
0.0000000000000000e+00
4.0000000000000002e-01
-1.6741883098913329e-01
2.0501232821369402e+00
-4.2728495445218917e-01
5.8254719549092039e-02
3.9969681363770948e+00
1.7086924419390531e+01
5.9999999999999998e-01
-1.0000000000000001e-01
0.0000000000000000e+00
4.0000000000000002e-01
-3.7096396446062224e-01
2.0123509320640798e+00
-6.9777173604932663e-01
4.5351456069620835e-02
4.1944296103188972e+00
1.6686602904486033e+01
5.9999999999999998e-01
-1.0000000000000001e-01
0.0000000000000000e+00
4.0000000000000002e-01
8.9156049512492519e-01
2.1319812929058308e+00
-6.8321152713266242e-01
4.5787393355044115e-02
3.9873659599790550e+00
1.6080256417977186e+01
5.9999999999999998e-01
-1.0000000000000001e-01
0.0000000000000000e+00
4.0000000000000002e-01
9.2352595709430085e-01
2.1579263865375751e+00
8.8535709444316990e-01
4.5787393355044115e-02
4.9497517992029154e+00
1.5750203124272199e+01
5.9999999999999998e-01
-1.0000000000000001e-01
0.0000000000000000e+00
4.0000000000000002e-01
7.5742298625575410e-01
2.0845466488325828e+00
7.0293062365380632e-02
7.5420904183062298e-02
4.9567943161571586e+00
1.5930667354191215e+01
5.9999999999999998e-01
-1.0000000000000001e-01
0.0000000000000000e+00
4.0000000000000002e-01
7.8882487319575656e-01
2.0845466488325828e+00
-2.3183672066894390e-01
6.0677562975558028e-02
5.1755116706932149e+00
1.6300753949607284e+01
5.9999999999999998e-01
-1.0000000000000001e-01
0.0000000000000000e+00
4.0000000000000002e-01
7.5124675978140931e-01
2.1149239855730761e+00
-7.4640725132194374e-01
3.7966915154131642e-02
5.3323654925668791e+00
1.5762356583798796e+01
5.9999999999999998e-01
-1.0000000000000001e-01
0.0000000000000000e+00
4.0000000000000002e-01
-9.5041564713997728e-01
2.1728267413103812e+00
-7.4640725132194374e-01
4.0401134097250692e-02
5.2347300736451698e+00
1.5199891416753204e+01
5.9999999999999998e-01
-1.0000000000000001e-01
0.0000000000000000e+00
4.0000000000000002e-01
-9.5041564713997728e-01
2.2561096809828518e+00
-7.1552566845086429e-01
7.3939503514441243e-02
5.8139413310432984e+00
1.5652273683274657e+01
5.9999999999999998e-01
-1.0000000000000001e-01
0.0000000000000000e+00
4.0000000000000002e-01
-1.1900025199932945e-01
2.1483491523587941e+00
-6.3098785657552092e-01
3.5158682548674339e-02
5.9641018433714459e+00
1.5872521537567049e+01
5.9999999999999998e-01
-1.0000000000000001e-01
0.0000000000000000e+00
4.0000000000000002e-01
-4.4708304297013179e-01
2.2241081588590381e+00
-8.5728063393500653e-01
4.7708950960310692e-02
6.3596824867868964e+00
1.6454833835388094e+01
5.9999999999999998e-01
-1.0000000000000001e-01
0.0000000000000000e+00
4.0000000000000002e-01
-7.8097041856331728e-01
2.2432370751524209e+00
-1.1334837634232847e-01
5.4444823228987450e-02
6.1892148895407262e+00
1.7119131025696664e+01
5.9999999999999998e-01
-1.0000000000000001e-01
0.0000000000000000e+00
4.0000000000000002e-01
-1.8542720209641361e-01
2.1692686134898902e+00
1.2442903261515291e-01
4.1806242549093958e-02
6.8837443394804545e+00
1.7528663036251931e+01
5.9999999999999998e-01
-1.0000000000000001e-01
0.0000000000000000e+00
4.0000000000000002e-01
4.1219660390334223e-01
2.1504133922183755e+00
-3.8749987799790708e-01
3.1000778460177184e-02
6.8418094052219942e+00
1.7673563267315298e+01
5.9999999999999998e-01
-1.0000000000000001e-01
0.0000000000000000e+00
4.0000000000000002e-01
6.8678661623764986e-02
2.2013559689843896e+00
1.2882898560492115e-02
3.1000778460177184e-02
6.8418094052219942e+00
1.7367936676765353e+01
5.9999999999999998e-01
-1.0000000000000001e-01
0.0000000000000000e+00
4.0000000000000002e-01
5.3455972079353420e-01
2.2040119881057976e+00
-9.1471610237029399e-01
3.4443724447163343e-02
8.4706594092989516e+00
1.8153153008247287e+01
5.9999999999999998e-01
-1.0000000000000001e-01
0.0000000000000000e+00
4.0000000000000002e-01
3.8953385953025899e-01
2.2787614240074392e+00
-6.8567123640445082e-01
2.6976463132771251e-02
8.5188377158934436e+00
1.8343937938685091e+01
5.9999999999999998e-01
-1.0000000000000001e-01
0.0000000000000000e+00
4.0000000000000002e-01
6.5561731401996681e-01
2.2148059372031921e+00
-5.3308303132769674e-01
3.2343288713368175e-02
8.5188377158934436e+00
1.8550495533297330e+01
5.9999999999999998e-01
-1.0000000000000001e-01
0.0000000000000000e+00
4.0000000000000002e-01
7.4268074575977394e-01
2.1407997886264556e+00
-1.1910629376885501e-01
2.5516305023106336e-02
7.5997097306171604e+00
1.8922204576829937e+01
5.9999999999999998e-01
-1.0000000000000001e-01
0.0000000000000000e+00
4.0000000000000002e-01
8.3096713539378708e-01
2.0591820454325855e+00
7.1241804912569906e-01
2.5516305023106336e-02
7.1367000870624722e+00
1.9431484507421523e+01
5.9999999999999998e-01
-1.0000000000000001e-01
0.0000000000000000e+00
4.0000000000000002e-01
8.8942559119479725e-01
2.1314310461607158e+00
9.0575958207133200e-01
2.6679616087349655e-02
6.6800510876098809e+00
1.9054708802352220e+01
5.9999999999999998e-01
-1.0000000000000001e-01
0.0000000000000000e+00
4.0000000000000002e-01
7.7136363351512721e-02
2.2342498820152463e+00
-8.2705740184756238e-02
4.2082568281563523e-02
7.5811861425856302e+00
1.9253474679241450e+01
5.9999999999999998e-01
-1.0000000000000001e-01
0.0000000000000000e+00
4.0000000000000002e-01
3.7336647790091121e-01
2.3043546932068053e+00
-1.4436387285706612e-01
4.2082568281563523e-02
7.1577148705939004e+00
1.8680812272081646e+01
5.9999999999999998e-01
-1.0000000000000001e-01
0.0000000000000000e+00
4.0000000000000002e-01
5.7611161571161829e-01
2.3303465060916131e+00
-6.5746703000041040e-02
3.1848022573860886e-02
7.1674802191773610e+00
1.9261279853830608e+01
5.9999999999999998e-01
-1.0000000000000001e-01
0.0000000000000000e+00
4.0000000000000002e-01
5.7611161571161829e-01
2.3370745076861565e+00
1.6340847507002729e-01
5.2589229458245040e-02
7.2877174042383386e+00
2.0116907104501998e+01
5.9999999999999998e-01
-1.0000000000000001e-01
0.0000000000000000e+00
4.0000000000000002e-01
5.7551327759195192e-02
2.3872334288087074e+00
-2.6026287272688964e-01
6.0037590855034594e-02
8.0445282124201007e+00
1.9238721072325983e+01
5.9999999999999998e-01
-1.0000000000000001e-01
0.0000000000000000e+00
4.0000000000000002e-01
3.9804010253565392e-01
2.4867573033895676e+00
7.0533374993828724e-02
6.0037590855034594e-02
7.9651626669088547e+00
1.9720044756332914e+01
5.9999999999999998e-01
-1.0000000000000001e-01
0.0000000000000000e+00
4.0000000000000002e-01
5.0181169014589866e-01
2.4798857070532025e+00
8.4322048589470766e-01
2.5526193254860649e-02
7.6277203947523766e+00
1.9379203862721599e+01
5.9999999999999998e-01
-1.0000000000000001e-01
0.0000000000000000e+00
4.0000000000000002e-01
8.5919280272142973e-01
2.4375991187420070e+00
1.6655368432286166e-01
2.5526193254860649e-02
7.7309861570814782e+00
1.9182113534981884e+01
5.9999999999999998e-01
-1.0000000000000001e-01
0.0000000000000000e+00
4.0000000000000002e-01
9.2277250748293482e-01
2.4006590538349331e+00
-4.6891518250224207e-01
4.4309853726300009e-02
7.1713972725192248e+00
1.8642104286725200e+01
5.9999999999999998e-01
-1.0000000000000001e-01
0.0000000000000000e+00
4.0000000000000002e-01
9.2277250748293482e-01
2.4721254567828357e+00
-1.6979424253222558e-01
3.0411839925917394e-02
6.5000785641590291e+00
1.8906088817889369e+01
5.9999999999999998e-01
-1.0000000000000001e-01
0.0000000000000000e+00
4.0000000000000002e-01
5.2240142088549224e-01
2.5590445520829741e+00
1.6697549387696181e-01
6.5115587317618143e-02
6.5961504139224223e+00
1.9003861237342036e+01
5.9999999999999998e-01
-1.0000000000000001e-01
0.0000000000000000e+00
4.0000000000000002e-01
5.7266612511293979e-01
2.5314855411004609e+00
-8.1719790302333439e-01
6.5991420560749775e-02
6.8296701401690179e+00
1.9541172838235774e+01
5.9999999999999998e-01
-1.0000000000000001e-01
0.0000000000000000e+00
4.0000000000000002e-01
3.8657161783592786e-01
2.5960234510850495e+00
3.0439438976231004e-01
5.3475459748181117e-02
6.8600873694041908e+00
1.9879684102559963e+01
5.9999999999999998e-01
-1.0000000000000001e-01
0.0000000000000000e+00
4.0000000000000002e-01
5.4718021863866720e-02
2.4185158283662385e+00
3.8912597693386453e-01
5.3475459748181117e-02
6.3760075770536604e+00
2.0198680559570469e+01
5.9999999999999998e-01
-1.0000000000000001e-01
0.0000000000000000e+00
4.0000000000000002e-01
-4.6869330931289105e-01
2.3566868250321931e+00
5.5519601203384783e-01
6.0441627555760158e-02
6.4110513843814072e+00
2.0493844644004980e+01
5.9999999999999998e-01
-1.0000000000000001e-01
0.0000000000000000e+00
4.0000000000000002e-01
-5.5103867536615336e-02
2.3653950221490447e+00
-7.2235682420549008e-01
6.0441627555760158e-02
5.8488001145640549e+00
1.9665504011909050e+01
5.9999999999999998e-01
-1.0000000000000001e-01
0.0000000000000000e+00
4.0000000000000002e-01
4.2831308359075615e-02
2.3672049023777584e+00
-6.7498565174755665e-01
5.3383169361623545e-02
5.4571748443165946e+00
1.9283298953647297e+01
5.9999999999999998e-01
-1.0000000000000001e-01
0.0000000000000000e+00
4.0000000000000002e-01
3.2174105417149168e-01
2.3788189307123755e+00
-2.4044883705792042e-01
2.7613849067362570e-02
6.1640953757086914e+00
1.9369685744518918e+01
5.9999999999999998e-01
-1.0000000000000001e-01
0.0000000000000000e+00
4.0000000000000002e-01
-6.9686056364161875e-01
2.3788189307123755e+00
4.7946680568042183e-01
5.1042347484501621e-02
5.9140623714992930e+00
2.0669343781495972e+01
5.9999999999999998e-01
-1.0000000000000001e-01
0.0000000000000000e+00
4.0000000000000002e-01
-4.8800000268800159e-01
2.4121297061115836e+00
7.4784819446387685e-01
4.9671783625847274e-02
5.9464651819536618e+00
2.1063563395502548e+01
5.9999999999999998e-01
-1.0000000000000001e-01
0.0000000000000000e+00
4.0000000000000002e-01
-4.8800000268800159e-01
2.4241188553244206e+00
6.2611346734571272e-01
5.3737473904854227e-02
6.2590512382084658e+00
2.1232481704118232e+01
5.9999999999999998e-01
-1.0000000000000001e-01
0.0000000000000000e+00
4.0000000000000002e-01
-6.1947653826160332e-01
2.4024589875609013e+00
5.9814068639534534e-01
5.3882210731274062e-02
6.7961252300286814e+00
2.2397623259086664e+01
5.9999999999999998e-01
-1.0000000000000001e-01
0.0000000000000000e+00
4.0000000000000002e-01
-2.1481470044536491e-01
2.3277259930640790e+00
5.4959073834004823e-01
5.3882210731274062e-02
6.5574963046455901e+00
2.2944382009167729e+01
5.9999999999999998e-01
-1.0000000000000001e-01
0.0000000000000000e+00
4.0000000000000002e-01
-6.3122604336423760e-01
2.3443670851260756e+00
3.6906653566984582e-02
4.4014899134403637e-02
6.2786683751488255e+00
2.2754725155491887e+01
5.9999999999999998e-01
-1.0000000000000001e-01
0.0000000000000000e+00
4.0000000000000002e-01
-1.3639987196607484e-01
2.2591018057734105e+00
-9.8015902118058745e-02
3.3903964638477738e-02
6.6102249039555119e+00
2.2566495026905592e+01
5.9999999999999998e-01
-1.0000000000000001e-01
0.0000000000000000e+00
4.0000000000000002e-01
1.1506166795064110e-02
2.2518241380125614e+00
-4.3929848536965432e-01
4.1757049917942456e-02
6.4230508728170914e+00
2.2934894244630392e+01
5.9999999999999998e-01
-1.0000000000000001e-01
0.0000000000000000e+00
4.0000000000000002e-01
-1.2806699957532774e-01
2.2569491600364779e+00
-4.3929848536965432e-01
3.4581222951179914e-02
6.0862897319937268e+00
2.3117119841535146e+01
5.9999999999999998e-01
-1.0000000000000001e-01
0.0000000000000000e+00
4.0000000000000002e-01
8.0057544682340720e-01
2.2886117512554267e+00
1.7601574793341568e-01
3.9982009589439801e-02
6.4321406914139310e+00
2.3523588262010868e+01
5.9999999999999998e-01
-1.0000000000000001e-01
0.0000000000000000e+00
4.0000000000000002e-01
6.7067759845571606e-01
2.4248046519130804e+00
-9.3648073420044964e-01
3.9982009589439801e-02
7.2630838765049495e+00
2.3607928279299792e+01
5.9999999999999998e-01
-1.0000000000000001e-01
0.0000000000000000e+00
4.0000000000000002e-01
3.1800058160142985e-01
2.3933430989653206e+00
1.0706027492764403e-01
2.7359564542538101e-02
7.4875871850395717e+00
2.3808424037952477e+01
5.9999999999999998e-01
-1.0000000000000001e-01
0.0000000000000000e+00
4.0000000000000002e-01
-2.4859352078123001e-01
2.4185548605591389e+00
-9.0438145549269433e-02
2.7359564542538101e-02
7.3430475546265166e+00
2.4237070635591202e+01
5.9999999999999998e-01
-1.0000000000000001e-01
0.0000000000000000e+00
4.0000000000000002e-01
-9.0729440178556353e-01
2.4714930276543230e+00
2.9034183964016841e-01
5.2379716634518084e-02
6.8408854378605408e+00
2.5032778863493856e+01
5.9999999999999998e-01
-1.0000000000000001e-01
0.0000000000000000e+00
4.0000000000000002e-01
-8.1707573737783346e-01
2.5332733279735180e+00
3.8642790064099242e-01
5.2379716634518084e-02
6.5936914993668125e+00
2.4445775809024031e+01
5.9999999999999998e-01
-1.0000000000000001e-01
0.0000000000000000e+00
4.0000000000000002e-01
-8.0252507533712303e-01
2.5714552765757177e+00
3.4381359502556730e-01
3.6527326255804474e-02
5.9339141687596362e+00
2.4322502788041287e+01
5.9999999999999998e-01
-1.0000000000000001e-01
0.0000000000000000e+00
4.0000000000000002e-01
4.1071480278091510e-01
2.4994816134542561e+00
-9.1269460470648434e-02
3.6527326255804474e-02
6.0923076322520293e+00
2.4379856356118374e+01
5.9999999999999998e-01
-1.0000000000000001e-01
0.0000000000000000e+00
4.0000000000000002e-01
2.6803241779262205e-01
2.5295880159706208e+00
-1.1540518686291756e-01
3.4199724316364699e-02
6.2659370286608258e+00
2.4931419778500253e+01
5.9999999999999998e-01
-1.0000000000000001e-01
0.0000000000000000e+00
4.0000000000000002e-01
7.3319314290935167e-01
2.5653857731193632e+00
7.8720651402953079e-01
3.4883532047039444e-02
6.1515209300661597e+00
2.4863073972497634e+01
5.9999999999999998e-01
-1.0000000000000001e-01
0.0000000000000000e+00
4.0000000000000002e-01
2.1085577895099294e-01
2.4618739660352795e+00
7.3943356543662953e-01
4.7056129872566632e-02
5.7428111372733639e+00
2.4430480454002076e+01
5.9999999999999998e-01
-1.0000000000000001e-01
0.0000000000000000e+00
4.0000000000000002e-01
-4.8949452946728100e-01
2.5053013986245123e+00
7.1467067755642344e-01
2.6765389263397624e-02
4.8652846848810247e+00
2.4054949184392147e+01
5.9999999999999998e-01
-1.0000000000000001e-01
0.0000000000000000e+00
4.0000000000000002e-01
-4.8273770498877394e-01
2.3991625067487687e+00
7.5321192182484076e-01
2.6765389263397624e-02
5.1244190311277444e+00
2.4760029103491952e+01
5.9999999999999998e-01
-1.0000000000000001e-01
0.0000000000000000e+00
4.0000000000000002e-01
-5.6719507696872595e-01
2.5464560287490814e+00
9.8352629698696536e-01
3.1946317374473981e-02
5.5885217821443618e+00
2.4460989164446044e+01
5.9999999999999998e-01
-1.0000000000000001e-01
0.0000000000000000e+00
4.0000000000000002e-01
-5.6302705625837690e-01
2.5787518369451492e+00
9.2323834754410194e-01
4.2761286675697736e-02
5.3636130353653968e+00
2.4195809128020453e+01
5.9999999999999998e-01
-1.0000000000000001e-01
0.0000000000000000e+00
4.0000000000000002e-01
-7.1673637608831764e-01
2.6030081130758256e+00
9.5141138054314067e-01
4.2761286675697736e-02
5.5499542473102155e+00
2.4773273777287947e+01
5.9999999999999998e-01
-1.0000000000000001e-01
0.0000000000000000e+00
4.0000000000000002e-01
-7.1673637608831764e-01
2.6210802923932999e+00
6.5069234825554312e-01
3.3319924354320941e-02
5.9429205505395482e+00
2.4634820436757554e+01
5.9999999999999998e-01
-1.0000000000000001e-01
0.0000000000000000e+00
4.0000000000000002e-01
3.7780228752437833e-02
2.5416888109937639e+00
9.7612842096714392e-02
3.0504361271625934e-02
5.9248455016160557e+00
2.5066214775365342e+01
5.9999999999999998e-01
-1.0000000000000001e-01
0.0000000000000000e+00
4.0000000000000002e-01
2.5599064846688868e-01
2.6166817107394666e+00
-5.8065811000880774e-01
3.0504361271625934e-02
5.6699579684281893e+00
2.5494028937142840e+01
5.9999999999999998e-01
-1.0000000000000001e-01
0.0000000000000000e+00
4.0000000000000002e-01
3.6147154350930810e-01
2.5253685891822304e+00
-8.6492795907077369e-01
2.8403712570434985e-02
5.6918873293543397e+00
2.6143868055265894e+01
5.9999999999999998e-01
-1.0000000000000001e-01
0.0000000000000000e+00
4.0000000000000002e-01
4.3390328903848285e-01
2.5893784639433353e+00
-4.5046349130687297e-01
2.7858678478515326e-02
6.2390991134787139e+00
2.6160032298766573e+01
5.9999999999999998e-01
-1.0000000000000001e-01
0.0000000000000000e+00
4.0000000000000002e-01
8.9371096466833699e-01
2.5802333532169786e+00
-4.5353484923136411e-01
3.4004707235610665e-02
6.6266993982935478e+00
2.5305398887001481e+01
5.9999999999999998e-01
-1.0000000000000001e-01
0.0000000000000000e+00
4.0000000000000002e-01
8.9371096466833699e-01
2.5239418229654755e+00
-2.4627091610920609e-01
5.0688840839779557e-02
6.0017531378412770e+00
2.5493211625867094e+01
5.9999999999999998e-01
-1.0000000000000001e-01
0.0000000000000000e+00
4.0000000000000002e-01
8.9371096466833699e-01
2.5354335090414013e+00
6.8928080616402432e-01
5.0688840839779557e-02
6.0017531378412770e+00
2.6212819381408892e+01
5.9999999999999998e-01
-1.0000000000000001e-01
0.0000000000000000e+00
4.0000000000000002e-01
9.6502885048443421e-01
2.4963138248294916e+00
8.1511724559473786e-01
5.0688840839779557e-02
5.8252183033371496e+00
2.5374979485922058e+01
5.9999999999999998e-01
-1.0000000000000001e-01
0.0000000000000000e+00
4.0000000000000002e-01
6.4441834245974183e-01
2.4792813770145501e+00
8.1511724559473786e-01
5.0688840839779557e-02
6.5026852136695901e+00
2.5994321762376028e+01
5.9999999999999998e-01
-1.0000000000000001e-01
0.0000000000000000e+00
4.0000000000000002e-01
9.7108035658651937e-01
2.4054133192867364e+00
2.4505297986674102e-01
5.0688840839779557e-02
5.7026930218780558e+00
2.6370533727460103e+01
5.9999999999999998e-01
-1.0000000000000001e-01
0.0000000000000000e+00
4.0000000000000002e-01
9.7108035658651937e-01
2.3507766916126340e+00
-5.3315815391135424e-01
4.5666838440811812e-02
5.6629458381081141e+00
2.6681424711995319e+01
5.9999999999999998e-01
-1.0000000000000001e-01
0.0000000000000000e+00
4.0000000000000002e-01
9.7108035658651937e-01
2.3507766916126340e+00
3.2038013471174032e-01
3.9913279626286206e-02
5.0985277904415645e+00
2.5216303263955307e+01
5.9999999999999998e-01
-1.0000000000000001e-01
0.0000000000000000e+00
4.0000000000000002e-01
8.5582422589117635e-01
2.3972095952600565e+00
7.2379978297161851e-01
3.9913279626286206e-02
5.2913540641063967e+00
2.6062143294863894e+01
5.9999999999999998e-01
-1.0000000000000001e-01
0.0000000000000000e+00
4.0000000000000002e-01
8.5582422589117635e-01
2.3470572337478721e+00
-1.1028609295608616e-02
3.9913279626286206e-02
5.1989477882379811e+00
2.5310431938224035e+01
5.9999999999999998e-01
-1.0000000000000001e-01
0.0000000000000000e+00
4.0000000000000002e-01
6.8464513928795201e-01
2.4217869454890812e+00
9.0349969027447496e-01
3.9913279626286206e-02
5.4391943404669085e+00
2.4795534183435631e+01
5.9999999999999998e-01
-1.0000000000000001e-01
0.0000000000000000e+00
4.0000000000000002e-01
6.5976576776409490e-01
2.4097428270846928e+00
9.5459854317712578e-01
3.9913279626286206e-02
5.2477020332807820e+00
2.4463466274716449e+01
5.9999999999999998e-01
-1.0000000000000001e-01
0.0000000000000000e+00
4.0000000000000002e-01
8.1647623271847114e-01
2.4925193882257073e+00
6.2874947978067186e-01
3.9913279626286206e-02
5.9950310448402684e+00
2.4541243152298527e+01
5.9999999999999998e-01
-1.0000000000000001e-01
0.0000000000000000e+00
4.0000000000000002e-01
8.2925670922899586e-01
2.5216319330603212e+00
2.8465458327787901e-01
3.9913279626286206e-02
5.8379967952365197e+00
2.4784382162966331e+01
5.9999999999999998e-01
-1.0000000000000001e-01
0.0000000000000000e+00
4.0000000000000002e-01
8.2925670922899586e-01
2.3919466274947254e+00
-6.7341719297808611e-01
3.9913279626286206e-02
5.8306857774252219e+00
2.4430265245564780e+01
5.9999999999999998e-01
-1.0000000000000001e-01
0.0000000000000000e+00
4.0000000000000002e-01
-1.2967577193137597e-02
2.4101029998276706e+00
-6.7341719297808611e-01
3.9913279626286206e-02
5.0814752051824854e+00
2.5039089306422078e+01
5.9999999999999998e-01
-1.0000000000000001e-01
0.0000000000000000e+00
4.0000000000000002e-01
-8.9298310301100869e-01
2.4165590876553531e+00
-1.9554520128411260e-01
5.1508755657589611e-02
5.0814752051824854e+00
2.5060690646596754e+01
5.9999999999999998e-01
-1.0000000000000001e-01
0.0000000000000000e+00
4.0000000000000002e-01
-8.6408631882464548e-01
2.3496894960914134e+00
-5.7886993764084771e-01
5.1508755657589611e-02
5.2268561730379384e+00
2.4341272478528825e+01
5.9999999999999998e-01
-1.0000000000000001e-01
0.0000000000000000e+00
4.0000000000000002e-01
-4.0167984685694824e-01
2.2435643591199397e+00
-3.3330872861784888e-01
5.4321876588976560e-02
4.8938172320122044e+00
2.4334162389465181e+01
5.9999999999999998e-01
-1.0000000000000001e-01
0.0000000000000000e+00
4.0000000000000002e-01
1.7780158319676276e-01
2.2803313963327883e+00
-6.0413189767044972e-01
2.6550043586409271e-02
4.7744556585544862e+00
2.4332743938990443e+01
5.9999999999999998e-01
-1.0000000000000001e-01
0.0000000000000000e+00
4.0000000000000002e-01
8.6946757474148617e-01
2.3008633691881180e+00
-4.6075969515484760e-01
2.6550043586409271e-02
5.4066182771915710e+00
2.4265688686796040e+01
5.9999999999999998e-01
-1.0000000000000001e-01
0.0000000000000000e+00
4.0000000000000002e-01
-4.7969348593449246e-01
2.3230050314281465e+00
1.3657470406848005e-01
2.6550043586409271e-02
4.8794211188549310e+00
2.3363638602920386e+01
5.9999999999999998e-01
-1.0000000000000001e-01
0.0000000000000000e+00
4.0000000000000002e-01
-7.0495526953434595e-01
2.2780528380487444e+00
3.3721473047393369e-01
3.0692406151211441e-02
4.7763408759826929e+00
2.3136122565694663e+01
5.9999999999999998e-01
-1.0000000000000001e-01
0.0000000000000000e+00
4.0000000000000002e-01
-5.0344337790107374e-01
2.3299218278143883e+00
8.3640946486848400e-01
4.4434907149291214e-02
4.8418325254911689e+00
2.2689824885853145e+01
5.9999999999999998e-01
-1.0000000000000001e-01
0.0000000000000000e+00
4.0000000000000002e-01
-8.1094655542468674e-01
2.3470849715944708e+00
7.6814148238816415e-01
2.7981364797568499e-02
4.4827645564669876e+00
2.3085758516915650e+01
5.9999999999999998e-01
-1.0000000000000001e-01
0.0000000000000000e+00
4.0000000000000002e-01
-8.1094655542468674e-01
2.4093061610933724e+00
9.8106124213853030e-01
2.9624421667075330e-02
4.5358520800465856e+00
2.3299967194326729e+01
5.9999999999999998e-01
-1.0000000000000001e-01
0.0000000000000000e+00
4.0000000000000002e-01
-7.1417659549808155e-01
2.3952502158757629e+00
4.8706610313573040e-01
4.9403406452155282e-02
5.3197151879066737e+00
2.3260580273695798e+01
5.9999999999999998e-01
-1.0000000000000001e-01
0.0000000000000000e+00
4.0000000000000002e-01
-4.4631580739116306e-01
2.3863285707112731e+00
1.5840492597737471e-01
3.8107885073638131e-02
4.3620066562885560e+00
2.3430010329910129e+01
5.9999999999999998e-01
-1.0000000000000001e-01
0.0000000000000000e+00
4.0000000000000002e-01
-9.3128829388713474e-01
2.3537198120233001e+00
-2.7761394866785843e-01
3.0972296070075199e-02
4.8198952475780761e+00
2.3439379053541035e+01
5.9999999999999998e-01
-1.0000000000000001e-01
0.0000000000000000e+00
4.0000000000000002e-01
-4.3702093649860552e-02
2.3813835275944650e+00
-1.7294984796128116e-01
3.0972296070075199e-02
4.8673904994720729e+00
2.3778459071346134e+01
5.9999999999999998e-01
-1.0000000000000001e-01
0.0000000000000000e+00
4.0000000000000002e-01
-9.8141750364398583e-01
2.3791907380398691e+00
-6.5396028974137144e-01
4.9084575753426708e-02
4.9819565693134580e+00
2.3778459071346134e+01
5.9999999999999998e-01
-1.0000000000000001e-01
0.0000000000000000e+00
4.0000000000000002e-01
-5.5227212934589009e-01
2.4146511601981104e+00
-6.5396028974137144e-01
5.3529251087457472e-02
3.9075921647934386e+00
2.4220386105008927e+01
5.9999999999999998e-01
-1.0000000000000001e-01
0.0000000000000000e+00
4.0000000000000002e-01
6.4415432424450292e-01
2.5237082509573874e+00
-7.0772129991135435e-01
5.3529251087457472e-02
3.5364715778021285e+00
2.3632407336660233e+01
5.9999999999999998e-01
-1.0000000000000001e-01
0.0000000000000000e+00
4.0000000000000002e-01
7.3766699881458653e-01
2.5957031011160789e+00
-8.7505124564326242e-01
4.6400382626802260e-02
3.8019057356504868e+00
2.2999250441022721e+01
5.9999999999999998e-01
-1.0000000000000001e-01
0.0000000000000000e+00
4.0000000000000002e-01
-4.2992875485515220e-01
2.6366900797661721e+00
-5.7564638155556158e-01
4.6400382626802260e-02
3.0093303971676306e+00
2.3300036030427123e+01
5.9999999999999998e-01
-1.0000000000000001e-01
0.0000000000000000e+00
4.0000000000000002e-01
2.2181717963123698e-01
2.6473086085047894e+00
-4.8575269515669783e-01
4.6400382626802260e-02
2.0806086503653005e+00
2.4495443963423870e+01
5.9999999999999998e-01
-1.0000000000000001e-01
0.0000000000000000e+00
4.0000000000000002e-01
7.6931585283184423e-01
2.6038259652581384e+00
-5.6193080498342152e-02
4.1078974489123156e-02
1.4655886956242996e+00
2.4128057646170756e+01
5.9999999999999998e-01
-1.0000000000000001e-01
0.0000000000000000e+00
4.0000000000000002e-01
7.2355125160122291e-01
2.6371058252480197e+00
7.7279807691418689e-01
5.7938361886889264e-02
1.8366119184283691e+00
2.3672638162389894e+01
5.9999999999999998e-01
-1.0000000000000001e-01
0.0000000000000000e+00
4.0000000000000002e-01
7.2355125160122291e-01
2.7079659143116639e+00
7.7279807691418689e-01
5.7938361886889264e-02
1.6540738458497601e+00
2.3472768511787553e+01
5.9999999999999998e-01
-1.0000000000000001e-01
0.0000000000000000e+00
4.0000000000000002e-01
8.2927889914417641e-01
2.7216066958856149e+00
8.3046269361817404e-01
3.7576563123614119e-02
1.1281973893506605e+00
2.3127522660956284e+01
5.9999999999999998e-01
-1.0000000000000001e-01
0.0000000000000000e+00
4.0000000000000002e-01
5.3797362755779177e-02
2.7368201344561145e+00
4.8193274875127834e-01
3.1863212767988966e-02
1.1952613408429700e+00
2.1756337684557337e+01
5.9999999999999998e-01
-1.0000000000000001e-01
0.0000000000000000e+00
4.0000000000000002e-01
-9.3461025266742326e-01
2.7279621193360848e+00
-1.9803156237161590e-01
4.2659144822508620e-02
9.6171407278014009e-01
2.1388361446723838e+01
5.9999999999999998e-01
-1.0000000000000001e-01
0.0000000000000000e+00
4.0000000000000002e-01
-8.4321318655109023e-01
2.7284007796001002e+00
6.6748243947469754e-01
4.7376630667597577e-02
1.1545804398818094e+00
2.1439799181536337e+01
5.9999999999999998e-01
-1.0000000000000001e-01
0.0000000000000000e+00
4.0000000000000002e-01
-1.7768831520175554e-01
2.7204000982594057e+00
8.3606560786211059e-01
4.7376630667597577e-02
1.0774813073439675e+00
2.1285316857114928e+01
5.9999999999999998e-01
-1.0000000000000001e-01
0.0000000000000000e+00
4.0000000000000002e-01
4.3544308052564046e-01
2.7431080949854416e+00
7.6889493037902878e-01
4.2803040742874672e-02
1.2658024209303933e+00
2.1285316857114928e+01
5.9999999999999998e-01
-1.0000000000000001e-01
0.0000000000000000e+00
4.0000000000000002e-01
9.2312416897321126e-01
2.9972070061516329e+00
1.9394570221149499e-01
6.5893836975098180e-02
1.3401682751936990e+00
2.0412272405043737e+01
5.9999999999999998e-01
-1.0000000000000001e-01
0.0000000000000000e+00
4.0000000000000002e-01
8.2043245892766958e-02
2.9819449557613895e+00
5.5774082143747383e-01
6.2585776329041054e-02
8.2880145187807863e-01
2.0135569375172750e+01
5.9999999999999998e-01
-1.0000000000000001e-01
0.0000000000000000e+00
4.0000000000000002e-01
1.4103138969445611e-01
3.0082436836313771e+00
7.3879022140943584e-01
5.3634398877621225e-02
3.3416230555010634e-01
1.9578129283689453e+01
5.9999999999999998e-01
-1.0000000000000001e-01
0.0000000000000000e+00
4.0000000000000002e-01
5.1351345043424645e-02
2.9631418712687063e+00
4.3503262449943592e-01
6.6231848955154951e-02
7.1308435897661038e-01
1.9702203493915988e+01
5.9999999999999998e-01
-1.0000000000000001e-01
0.0000000000000000e+00
4.0000000000000002e-01
3.4534145162606622e-01
2.9852062805246877e+00
8.2850885321342516e-01
3.5155955016613540e-02
6.9209952901435667e-01
1.9709285826586676e+01
5.9999999999999998e-01
-1.0000000000000001e-01
0.0000000000000000e+00
4.0000000000000002e-01
1.7304582880044370e-01
3.0544822462153003e+00
8.2285143927627369e-01
6.7792444527149720e-02
5.9641059588027767e-01
1.9086257855199769e+01
5.9999999999999998e-01
-1.0000000000000001e-01
0.0000000000000000e+00
4.0000000000000002e-01
3.3503185019994169e-01
3.1371165480863614e+00
8.3810695053034590e-01
3.5565745659173052e-02
1.9562130428237501e-01
1.9087089407049611e+01
5.9999999999999998e-01
-1.0000000000000001e-01
0.0000000000000000e+00
4.0000000000000002e-01
-2.2337271704172698e-01
3.2411339816104929e+00
-1.8751095770901866e-01
4.2120269484818500e-02
1.3990726552290506e-01
1.9051961689048007e+01
5.9999999999999998e-01
-1.0000000000000001e-01
0.0000000000000000e+00
4.0000000000000002e-01
-5.5686631340738230e-02
3.2758468930375138e+00
-9.1877586721486271e-01
5.7033584892750303e-02
3.9858724779767574e-01
1.9961857694738104e+01
5.9999999999999998e-01
-1.0000000000000001e-01
0.0000000000000000e+00
4.0000000000000002e-01
2.6123842225575833e-01
3.4443349474322358e+00
-6.9748220711058795e-01
3.8928304970264949e-02
2.4336889454551425e-02
2.0470843775921061e+01
5.9999999999999998e-01
-1.0000000000000001e-01
0.0000000000000000e+00
4.0000000000000002e-01
9.0352367446923643e-01
3.4443349474322358e+00
9.8501203023784945e-01
3.8928304970264949e-02
-4.8815784745531476e-01
2.0816847674899297e+01
5.9999999999999998e-01
-1.0000000000000001e-01
0.0000000000000000e+00
4.0000000000000002e-01
-3.9300583435988035e-01
3.3689064470183414e+00
6.2959706359499279e-01
4.4796500928700481e-02
-1.0157600998194733e+00
2.0816847674899297e+01
5.9999999999999998e-01
-1.0000000000000001e-01
0.0000000000000000e+00
4.0000000000000002e-01
3.2291021541858111e-01
3.4601416182171860e+00
-2.1797564516120438e-01
2.8964092738926923e-02
-1.1373240233080792e-01
2.1141109271046268e+01
5.9999999999999998e-01
-1.0000000000000001e-01
0.0000000000000000e+00
4.0000000000000002e-01
2.9564096491579220e-02
3.4601416182171860e+00
1.6658326497025006e-01
6.5838899500668555e-02
-2.2855853021758005e-01
2.0912245070633041e+01
5.9999999999999998e-01
-1.0000000000000001e-01
0.0000000000000000e+00
4.0000000000000002e-01
8.0089753762984683e-01
3.5071202559124988e+00
2.5411214580482949e-01
3.8941999457777057e-02
-7.3700784326212787e-01
2.1377079161001866e+01
5.9999999999999998e-01
-1.0000000000000001e-01
0.0000000000000000e+00
4.0000000000000002e-01
