3
25
-1.1529893095474673e+01
-1.1529893095474673e+01
0.0000000000000000e+00
-1.1760491381536623e+01
-1.1760491381536623e+01
0.0000000000000000e+00
-1.1680207889625038e+01
-1.1680207889625038e+01
0.0000000000000000e+00
-1.1720652835592048e+01
-1.1720652835592048e+01
0.0000000000000000e+00
-1.1631478062872121e+01
-1.1631478062872121e+01
0.0000000000000000e+00
-1.1752320989615477e+01
-1.1752320989615477e+01
0.0000000000000000e+00
-1.1855874260076046e+01
-1.1855874260076046e+01
0.0000000000000000e+00
-1.1728452769485155e+01
-1.1728452769485155e+01
0.0000000000000000e+00
-1.1688437494029372e+01
-1.1688437494029372e+01
0.0000000000000000e+00
-1.1814391695480174e+01
-1.1814391695480174e+01
0.0000000000000000e+00
-1.1529727296252295e+01
-1.1529727296252295e+01
0.0000000000000000e+00
-1.1529688022466292e+01
-1.1529688022466292e+01
0.0000000000000000e+00
-1.1529688022466560e+01
-1.1529688022466560e+01
0.0000000000000000e+00
-1.1529688022466694e+01
-1.1529688022466694e+01
0.0000000000000000e+00
-1.1529688022466248e+01
-1.1529688022466248e+01
0.0000000000000000e+00
-1.1529688022466427e+01
-1.1529688022466427e+01
0.0000000000000000e+00
-1.1529688022466338e+01
-1.1529688022466338e+01
0.0000000000000000e+00
-1.1530045587995591e+01
-1.1530045587995591e+01
0.0000000000000000e+00
-1.1530001639535744e+01
-1.1530001639535744e+01
0.0000000000000000e+00
-1.1529688022466560e+01
-1.1529688022466560e+01
0.0000000000000000e+00
-1.1529688022466516e+01
-1.1529688022466516e+01
0.0000000000000000e+00
-1.1561691871039576e+01
-1.1561691871039576e+01
0.0000000000000000e+00
-1.1561748401029146e+01
-1.1561748401029146e+01
0.0000000000000000e+00
-1.1561399635440843e+01
-1.1561399635440843e+01
0.0000000000000000e+00
-1.1551024488573034e+01
-1.1551024488573034e+01
0.0000000000000000e+00
