26
18
1.5206705810683963e-01
3.2259395130531208e+00
5.7720761130476167e-02
6.3585096769563282e-02
7.3593072266546708e-05
-1.4980397226987630e-02
0.0000000000000000e+00
1.0256304112103419e-01
7.1384990454203989e-01
1.2067206553812843e-03
5.0635398398444526e-02
1.1672587479806713e-02
-1.8151811272415219e-01
0.0000000000000000e+00
0.0000000000000000e+00
0.0000000000000000e+00
0.0000000000000000e+00
0.0000000000000000e+00
0.0000000000000000e+00
4.3510325780516668e-03
1.3669405487598755e-03
3.5087542522669532e-02
-8.6793694741500060e-02
-6.7062909749947747e-02
-1.3617066799633912e-02
1.3144591723466874e-02
1.8376238675969836e-01
3.2259395130531208e+00
1.6260816654088514e-01
9.8376204990378940e-02
7.3593072266546708e-05
9.9886823047415918e-03
0.0000000000000000e+00
4.2424575750051305e-02
7.9132151749468949e-01
1.3664997532661777e-03
1.0202764723013388e-01
6.9925706248141095e-02
-9.4467615192261323e-02
0.0000000000000000e+00
0.0000000000000000e+00
0.0000000000000000e+00
0.0000000000000000e+00
0.0000000000000000e+00
0.0000000000000000e+00
-3.8407320476471801e-02
-1.0203103815380019e-01
2.6183573443413474e-02
-6.4909475020540397e-02
-6.5755379421316346e-02
-1.0076934604876450e-02
4.2296775051290751e-02
1.8318885876047608e-01
3.1883672725961820e+00
1.3918722918155210e-01
1.4726916633971723e-01
7.3593072266546708e-05
5.2756783512653560e-02
0.0000000000000000e+00
7.6293767754255101e-02
7.6349154074228909e-01
1.9619833934750178e-03
9.0004439032927624e-02
6.4335449944592282e-02
-1.0706482589754163e-01
0.0000000000000000e+00
0.0000000000000000e+00
0.0000000000000000e+00
0.0000000000000000e+00
0.0000000000000000e+00
0.0000000000000000e+00
-3.8407320476471801e-02
-1.3774171938362997e-01
7.6956834558368423e-02
-1.9445765051379565e-01
-2.4963754729978999e-02
-4.8253298986674062e-02
7.3163443178782470e-03
1.4502553207981583e-01
3.1797962932468669e+00
1.6763109465959089e-01
7.1866819900057638e-02
7.3593072266546708e-05
-1.0168380143819600e-02
0.0000000000000000e+00
8.2870955437688396e-02
7.6349154074228909e-01
2.3788287281688073e-03
1.1216808532859432e-01
7.6812379408038423e-02
-1.0706482589754163e-01
0.0000000000000000e+00
0.0000000000000000e+00
0.0000000000000000e+00
0.0000000000000000e+00
0.0000000000000000e+00
0.0000000000000000e+00
-4.3412162310778518e-02
-1.8712258246901911e-01
6.5509684298158385e-02
-2.9079587790503864e-01
-7.5960932068119547e-03
1.2086797256051787e-02
3.3530970935607918e-02
1.2316866530287263e-01
3.1417039566294567e+00
1.1932121341946142e-01
8.2827567387900675e-02
7.3593072266546708e-05
-4.8737433778820782e-02
0.0000000000000000e+00
1.0793404546406703e-01
7.8482659676479716e-01
2.1849191305856920e-03
7.7830646685615651e-02
3.5153301778591439e-02
-2.4036506605771168e-02
0.0000000000000000e+00
0.0000000000000000e+00
0.0000000000000000e+00
0.0000000000000000e+00
0.0000000000000000e+00
0.0000000000000000e+00
-2.4995080980806966e-02
-1.7836401240143460e-01
2.4596096101027798e-01
-2.6800519726559285e-01
4.0981155843328426e-02
3.2163574110745677e-02
3.0715223302031525e-02
1.1242855930882689e-01
3.0911066637927012e+00
1.2541387913646715e-01
1.3684075980872604e-01
7.9464722883381664e-06
-1.4139293883251980e-01
0.0000000000000000e+00
1.7355778892364937e-01
7.6106347659038920e-01
2.0022666943888879e-03
9.9877604316279761e-02
5.2724198551259205e-02
-8.4020914924767598e-02
0.0000000000000000e+00
0.0000000000000000e+00
0.0000000000000000e+00
0.0000000000000000e+00
0.0000000000000000e+00
0.0000000000000000e+00
1.8617764886948857e-02
-1.4837611560884398e-01
2.2224696251374554e-01
-3.3400221807271008e-01
5.5243915398020538e-04
1.9823368389188536e-02
-1.6633108358000748e-02
1.1510283531802890e-01
2.9862744054989467e+00
1.7740618748488443e-01
1.8907991054893228e-01
7.9464722883381664e-06
-1.7782397704447817e-01
0.0000000000000000e+00
2.2362460833814579e-01
7.9706418843376059e-01
1.8279792811419584e-03
7.4990657191083304e-02
5.2724198551259205e-02
-6.3575465647009000e-02
0.0000000000000000e+00
0.0000000000000000e+00
0.0000000000000000e+00
0.0000000000000000e+00
0.0000000000000000e+00
0.0000000000000000e+00
4.6040082190665993e-02
-1.4939961490395945e-01
2.4782080380988192e-01
-2.8438121346145634e-01
6.9308421597670505e-02
1.6786765988945254e-02
-5.2977545286630623e-02
1.2760181535682824e-01
2.9923575378488327e+00
1.5541741795735972e-01
2.0788839416072460e-01
7.9464722883381664e-06
-1.2173130359749507e-01
0.0000000000000000e+00
3.4282960356053549e-01
8.1154861164646763e-01
1.8174774130504346e-03
1.0793759770254838e-01
7.8016781361184284e-02
-3.6709185638901576e-02
0.0000000000000000e+00
0.0000000000000000e+00
0.0000000000000000e+00
0.0000000000000000e+00
0.0000000000000000e+00
0.0000000000000000e+00
-3.8926092136171070e-02
-2.1080582590017002e-01
2.4845108369641822e-01
-2.8438121346145634e-01
1.1981851412696412e-01
5.1315926697134265e-02
-1.6113227333044045e-02
9.5971608503676920e-02
3.0609589794184591e+00
1.9413442335920947e-01
1.2706906957045885e-01
7.9464722883381664e-06
-1.3519807156424235e-01
0.0000000000000000e+00
3.5143937901434141e-01
8.3313423444884438e-01
2.4370372179593658e-03
1.5688404008105866e-02
1.3055246055253522e-01
4.0473082153621331e-02
0.0000000000000000e+00
0.0000000000000000e+00
0.0000000000000000e+00
0.0000000000000000e+00
0.0000000000000000e+00
0.0000000000000000e+00
-2.5229762974049719e-03
-1.8473618478688877e-01
2.4068838896506350e-01
-3.0331658465176586e-01
6.6581791180797129e-02
-3.8178078148484937e-02
-4.2661103150748447e-04
1.0837620447105911e-01
3.1381903586443092e+00
1.6807944475571232e-01
1.5258948554710242e-01
7.9464722883381664e-06
-1.8402053406478103e-01
0.0000000000000000e+00
3.7033531986948687e-01
9.1021054904809762e-01
2.2379106912459945e-03
3.7889714851335160e-02
9.1557144300422832e-02
-7.3011647402018154e-03
0.0000000000000000e+00
0.0000000000000000e+00
0.0000000000000000e+00
0.0000000000000000e+00
0.0000000000000000e+00
0.0000000000000000e+00
-1.5894199271824619e-01
-2.2358268500480336e-01
1.8522552753143828e-01
-3.4023488951235775e-01
3.1602142292686014e-02
3.5492039036034831e-02
4.2854384535821743e-02
1.3676152887470272e-01
3.1697159667964603e+00
1.9742918348769264e-01
2.1447805923835131e-01
5.3791180478834331e-06
-1.8311966666967805e-01
0.0000000000000000e+00
3.7295138635513025e-01
9.9553672425350714e-01
2.6860748278606452e-03
-1.5662983492657073e-02
8.7041880117139980e-02
-4.8680180188998001e-05
0.0000000000000000e+00
0.0000000000000000e+00
0.0000000000000000e+00
0.0000000000000000e+00
0.0000000000000000e+00
0.0000000000000000e+00
-1.7947813511964342e-01
-2.0612704009923619e-01
1.8522552753143828e-01
-4.8185087913036106e-01
2.9031092680670528e-02
1.9139128487586268e-02
4.2154817077244000e-03
1.5310625094403696e-01
3.2401102220173503e+00
2.0222130007008629e-01
1.9282928158954474e-01
4.5026041589906133e-05
-1.6651931209505733e-01
0.0000000000000000e+00
3.9709184863445002e-01
9.4093842819234896e-01
1.3792379247653998e-03
-4.5164167382463344e-02
7.6463783738545343e-02
-2.9326783442375048e-02
0.0000000000000000e+00
0.0000000000000000e+00
0.0000000000000000e+00
0.0000000000000000e+00
0.0000000000000000e+00
0.0000000000000000e+00
-1.9572380154531857e-01
-1.0578686186287087e-01
2.2920766219773214e-01
-4.5642625526845215e-01
-9.9818023473344536e-02
-5.9869114942557727e-03
-5.4578565975753002e-02
2.4481959422533583e-01
3.3138003938365306e+00
1.7286706677536087e-01
9.3566470826223852e-02
4.5026041589906133e-05
-1.9831760404647525e-01
0.0000000000000000e+00
3.3248056643482882e-01
9.1238555420091916e-01
5.3951649467234982e-04
-5.6767316036566623e-02
7.6463783738545343e-02
2.4432769096019880e-02
0.0000000000000000e+00
0.0000000000000000e+00
0.0000000000000000e+00
0.0000000000000000e+00
0.0000000000000000e+00
0.0000000000000000e+00
-2.4489184810918233e-01
-1.4577479195955675e-01
2.7189945749865729e-01
-4.5642625526845215e-01
-9.9281217930692972e-02
2.7571049734979161e-02
-4.4454153610495262e-02
2.0065664234985781e-01
3.3193742185830648e+00
1.3746083023856001e-01
1.9331874703075028e-01
4.5026041589906133e-05
-1.9782543487397219e-01
0.0000000000000000e+00
3.0924829046547997e-01
9.5034333240142632e-01
1.4427928301203766e-03
-6.6314248800917991e-02
7.6463783738545343e-02
8.8928739349648511e-03
0.0000000000000000e+00
0.0000000000000000e+00
0.0000000000000000e+00
0.0000000000000000e+00
0.0000000000000000e+00
0.0000000000000000e+00
-2.4489184810918233e-01
-1.3985146443534177e-01
3.0583090841697413e-01
-4.2598245744913577e-01
-6.3626444926339926e-02
1.7478932842641362e-02
-2.4066569266942672e-02
1.5366416904558611e-01
3.3028432562714021e+00
1.7102793327197971e-01
1.9600200494769252e-01
4.5026041589906133e-05
-1.9782543487397219e-01
0.0000000000000000e+00
3.5647828548521387e-01
9.7589486922039259e-01
1.2041242095339813e-03
-6.6314248800917991e-02
2.0045814069115298e-01
-1.8006083621148750e-02
0.0000000000000000e+00
0.0000000000000000e+00
0.0000000000000000e+00
0.0000000000000000e+00
0.0000000000000000e+00
0.0000000000000000e+00
-2.4163643659230730e-01
-1.4905204322363716e-01
3.0583090841697413e-01
-4.0548820291034637e-01
-5.6365781258646191e-02
-1.6535252116591445e-02
-6.0900391994146041e-02
1.4115844774474573e-01
3.3094236947362821e+00
1.6930398347452821e-01
2.1679087243992126e-01
4.5026041589906133e-05
-1.8810347307023789e-01
0.0000000000000000e+00
3.3278361752004015e-01
9.5655942234112490e-01
1.0171840759623566e-03
-2.0714301845495356e-01
1.9735829729714172e-01
-2.7892018733982726e-02
0.0000000000000000e+00
0.0000000000000000e+00
0.0000000000000000e+00
0.0000000000000000e+00
0.0000000000000000e+00
0.0000000000000000e+00
-3.0778687602978605e-01
-1.6960243951703888e-01
3.3450115233586986e-01
-4.6366815511457382e-01
-4.9016439150873364e-02
-2.8286904811830035e-02
-1.1406429762217157e-01
8.8113604257304190e-02
3.3084333169972102e+00
1.9396466764286699e-01
2.3920967318135533e-01
4.5026041589906133e-05
-1.9534720645767834e-01
0.0000000000000000e+00
3.2406957491607058e-01
8.7013303852541912e-01
1.0171840759623566e-03
-1.3712810395722044e-01
2.3991788376250045e-01
7.8380217710073308e-02
0.0000000000000000e+00
0.0000000000000000e+00
0.0000000000000000e+00
0.0000000000000000e+00
0.0000000000000000e+00
0.0000000000000000e+00
-3.3316447741490263e-01
-1.4807830169971567e-01
2.9494670109284926e-01
-4.3508168552390991e-01
-4.9016439150873364e-02
-2.1569412916869632e-02
-1.0392964070859306e-01
8.8113604257304190e-02
3.2968562258174221e+00
2.0022911254913153e-01
2.3665747912618551e-01
1.5391856806748144e-04
-1.0457891204876091e-01
0.0000000000000000e+00
3.8346784419686186e-01
8.4509882508678902e-01
1.0239803686901698e-03
-1.0201968715031398e-01
1.8557311780412422e-01
1.3219838024073394e-01
0.0000000000000000e+00
0.0000000000000000e+00
0.0000000000000000e+00
0.0000000000000000e+00
0.0000000000000000e+00
0.0000000000000000e+00
-3.2846288655091482e-01
-1.4807830169971567e-01
2.8026393318010379e-01
-3.8134285491280018e-01
-6.9739237164467366e-02
-8.2086330878519229e-02
-4.5080288471290253e-02
