10
25
5.7652984110105743e-01
1.1966866641040419e-01
9.3630714409984550e-01
1.3317883788151229e-04
5.0000000000000003e-02
2.9999999999999999e-02
5.9999999999999998e-01
-1.0000000000000001e-01
0.0000000000000000e+00
4.0000000000000002e-01
5.2912077394712675e-01
1.2572937930423295e-01
9.6458691828884091e-01
1.3317883788151229e-04
5.0000000000000003e-02
2.9999999999999999e-02
5.9999999999999998e-01
-1.0000000000000001e-01
0.0000000000000000e+00
4.0000000000000002e-01
3.3666620752103249e-02
1.6109455596286332e-01
9.6458691828884091e-01
1.3317883788151229e-04
5.0000000000000003e-02
2.9999999999999999e-02
5.9999999999999998e-01
-1.0000000000000001e-01
0.0000000000000000e+00
4.0000000000000002e-01
6.4575105955291501e-01
1.2942304765421425e-01
9.7820096009410817e-01
1.3317883788151229e-04
5.0000000000000003e-02
2.9999999999999999e-02
5.9999999999999998e-01
-1.0000000000000001e-01
0.0000000000000000e+00
4.0000000000000002e-01
-6.3302195737671141e-01
1.3952138251620805e-01
9.9721469097770654e-01
1.3317883788151229e-04
5.0000000000000003e-02
2.9999999999999999e-02
5.9999999999999998e-01
-1.0000000000000001e-01
0.0000000000000000e+00
4.0000000000000002e-01
-2.6763762483906045e-01
1.4750221228952978e-01
9.9721469097770654e-01
1.3317883788151229e-04
5.0000000000000003e-02
2.9999999999999999e-02
5.9999999999999998e-01
-1.0000000000000001e-01
0.0000000000000000e+00
4.0000000000000002e-01
-9.6930858994435554e-01
1.1630145150597666e-01
9.9721469097770654e-01
1.3317883788151229e-04
5.0000000000000003e-02
2.9999999999999999e-02
5.9999999999999998e-01
-1.0000000000000001e-01
0.0000000000000000e+00
4.0000000000000002e-01
-8.0544688368748907e-01
1.5678519165452098e-01
9.9721469097770654e-01
1.3317883788151229e-04
5.0000000000000003e-02
2.9999999999999999e-02
5.9999999999999998e-01
-1.0000000000000001e-01
0.0000000000000000e+00
4.0000000000000002e-01
-3.9895478869389778e-01
1.7102586001690004e-01
9.5206587844528157e-01
1.3317883788151229e-04
5.0000000000000003e-02
2.9999999999999999e-02
5.9999999999999998e-01
-1.0000000000000001e-01
0.0000000000000000e+00
4.0000000000000002e-01
-6.7076570043079875e-02
2.0665778370182486e-01
9.5206587844528157e-01
1.3317883788151229e-04
5.0000000000000003e-02
2.9999999999999999e-02
5.9999999999999998e-01
-1.0000000000000001e-01
0.0000000000000000e+00
4.0000000000000002e-01
3.5587583040285820e-01
1.8889618132512542e-01
9.9156251125968886e-01
3.3857779620689833e-04
5.0000000000000003e-02
2.9999999999999999e-02
5.9999999999999998e-01
-1.0000000000000001e-01
0.0000000000000000e+00
4.0000000000000002e-01
-4.4427964712094548e-01
2.0830163660402867e-01
9.9544579022563884e-01
3.3857779620689833e-04
5.0000000000000003e-02
2.9999999999999999e-02
5.9999999999999998e-01
-1.0000000000000001e-01
0.0000000000000000e+00
4.0000000000000002e-01
-5.3335689569424871e-01
1.9893464832033489e-01
9.9544579022563884e-01
3.3857779620689833e-04
5.0000000000000003e-02
2.9999999999999999e-02
5.9999999999999998e-01
-1.0000000000000001e-01
0.0000000000000000e+00
4.0000000000000002e-01
-9.9625718558739895e-01
2.3174455109800671e-01
9.9544579022563884e-01
3.3857779620689833e-04
5.0000000000000003e-02
2.9999999999999999e-02
5.9999999999999998e-01
-1.0000000000000001e-01
0.0000000000000000e+00
4.0000000000000002e-01
-6.7355439628075831e-01
2.4979337056900830e-01
9.9544579022563884e-01
6.5835296577317201e-04
5.0000000000000003e-02
2.9999999999999999e-02
5.9999999999999998e-01
-1.0000000000000001e-01
0.0000000000000000e+00
4.0000000000000002e-01
-4.9772260631036036e-01
2.4862694123293727e-01
9.8393661015666911e-01
6.5835296577317201e-04
5.0000000000000003e-02
2.9999999999999999e-02
5.9999999999999998e-01
-1.0000000000000001e-01
0.0000000000000000e+00
4.0000000000000002e-01
-8.5479567254494904e-01
2.4459232226397365e-01
9.9534610860980932e-01
6.5835296577317201e-04
5.0000000000000003e-02
2.9999999999999999e-02
5.9999999999999998e-01
-1.0000000000000001e-01
0.0000000000000000e+00
4.0000000000000002e-01
-3.2009990627478840e-01
2.3791350369240610e-01
9.8394293033517777e-01
6.5835296577317201e-04
5.0000000000000003e-02
2.9999999999999999e-02
5.9999999999999998e-01
-1.0000000000000001e-01
0.0000000000000000e+00
4.0000000000000002e-01
-6.1215309853266964e-01
2.2643347825195162e-01
9.8394293033517777e-01
6.5835296577317201e-04
5.0000000000000003e-02
2.9999999999999999e-02
5.9999999999999998e-01
-1.0000000000000001e-01
0.0000000000000000e+00
4.0000000000000002e-01
-9.5989608360987189e-01
2.2319525230790943e-01
9.9248367819934968e-01
6.5835296577317201e-04
5.0000000000000003e-02
2.9999999999999999e-02
5.9999999999999998e-01
-1.0000000000000001e-01
0.0000000000000000e+00
4.0000000000000002e-01
-3.5906803561907297e-01
2.1785306965674728e-01
9.9248367819934968e-01
6.5835296577317201e-04
5.0000000000000003e-02
2.9999999999999999e-02
5.9999999999999998e-01
-1.0000000000000001e-01
0.0000000000000000e+00
4.0000000000000002e-01
-9.2366108043652051e-01
2.2165811520184844e-01
9.9248367819934968e-01
6.5835296577317201e-04
5.0000000000000003e-02
2.9999999999999999e-02
5.9999999999999998e-01
-1.0000000000000001e-01
0.0000000000000000e+00
4.0000000000000002e-01
-9.8520953042965409e-01
2.3870361991371480e-01
9.9248367819934968e-01
6.5835296577317201e-04
5.0000000000000003e-02
2.9999999999999999e-02
5.9999999999999998e-01
-1.0000000000000001e-01
0.0000000000000000e+00
4.0000000000000002e-01
-9.8520953042965409e-01
2.3894202055181832e-01
9.9248367819934968e-01
6.5835296577317201e-04
5.0000000000000003e-02
2.9999999999999999e-02
5.9999999999999998e-01
-1.0000000000000001e-01
0.0000000000000000e+00
4.0000000000000002e-01
-9.2041411979656695e-01
2.3586281773826095e-01
9.9248367819934968e-01
6.5835296577317201e-04
5.0000000000000003e-02
2.9999999999999999e-02
5.9999999999999998e-01
-1.0000000000000001e-01
0.0000000000000000e+00
4.0000000000000002e-01
