smooth_mean, smooth_sdev, filter_mean, filter_sdev, x
0.384389,1.66617e-15,0.000448222,0.0121602,0.0171407
0.370254,7.22006e-16,0.370254,7.22006e-16,0.00259957
0.355042,0.00846781,0.360459,0.000831844,0.0157893
0.340559,0.0160403,0.350922,0.00157654,0.0211617
0.326856,0.0229249,0.341474,0.00352199,0.00468554
0.313916,0.0290378,0.332151,0.00529949,0.00407308
0.301622,0.0344989,0.323231,0.00624563,-0.00279183
0.289944,0.0392835,0.314677,0.00671174,-0.0196827
0.278831,0.0434937,0.306355,0.00687992,-0.00623935
0.268332,0.0472064,0.29816,0.00775991,-0.00919603
0.258347,0.0504397,0.29066,0.00549225,-0.00561408
0.248902,0.0532913,0.283036,0.00590096,-0.0162968
0.23989,0.0557819,0.27525,0.00833165,-0.00533855
0.231317,0.0578651,0.267886,0.00903258,-0.00594979
0.223071,0.0595783,0.260975,0.008818,0.00179382
0.215181,0.0611125,0.253885,0.01008,0.0159614
0.207718,0.0622721,0.247131,0.00997744,0.00202846
0.200547,0.0631862,0.240498,0.0109973,-0.00737575
0.193685,0.0639215,0.234459,0.00860214,-0.0179734
0.18717,0.0643829,0.228276,0.00821107,-0.0114117
0.180923,0.064696,0.221757,0.0110557,-0.00760471
0.175005,0.0649054,0.216243,0.00872848,0.00845445
0.169245,0.0649735,0.210377,0.00902344,0.0143939
0.163777,0.0648377,0.204665,0.00920192,-0.00115329
0.158516,0.0646312,0.199404,0.00875824,0.00294674
0.153435,0.0643068,0.194191,0.00851203,0.0028227
0.148838,0.0635445,0.188794,0.0099351,-0.0059792
0.144368,0.062701,0.183495,0.0112456,-0.00195208
0.140096,0.0618479,0.178959,0.0102517,0.00112073
0.135979,0.0609747,0.173868,0.011657,0.00954812
0.131936,0.0600919,0.169227,0.0118689,0.012394
0.128087,0.0590828,0.164072,0.0144144,0.0178884
0.124373,0.0580319,0.15941,0.0160368,0.0223448
0.120787,0.0569963,0.155106,0.0159172,0.0134916
0.117354,0.0560011,0.150508,0.0172114,0.00433234
0.113949,0.0549922,0.14583,0.0189103,-0.00248234
0.110683,0.0539485,0.142105,0.0179183,0.00378636
0.107547,0.0529085,0.138619,0.0166227,-0.00486579
0.104511,0.0519275,0.134237,0.0179266,-0.00824087
0.101577,0.0508797,0.129838,0.0201394,-0.0112895
0.0987107,0.049859,0.125173,0.0228433,-0.00549096
0.0958702,0.048823,0.121562,0.0226133,-0.00722791
0.0931829,0.0477637,0.117454,0.023823,-0.0331738
0.090566,0.0467012,0.114338,0.0229876,-0.0341295
0.088024,0.0456629,0.110989,0.022933,-0.00454564
0.0855713,0.0446489,0.106833,0.0241184,-0.00834794
0.0832249,0.0437277,0.103925,0.0235458,0.0067998
0.0809222,0.0427891,0.100881,0.0235604,-0.000443436
0.0786386,0.041926,0.0979116,0.0234645,0.00402434
0.0764863,0.0409213,0.0942911,0.0240537,0.0095886
0.0743682,0.0399648,0.0910868,0.0242487,0.0106406
0.0723215,0.0390535,0.0886058,0.0235899,-0.00618576
0.0703455,0.0382084,0.0848553,0.0245675,-0.00453365
0.0684688,0.0373216,0.0824617,0.0246101,-0.0219167
0.0666168,0.0364577,0.0795056,0.024595,-0.0100381
0.0648058,0.0355646,0.0771586,0.0241243,0.00114174
0.0630527,0.0346691,0.0755416,0.0228216,-0.00769702
0.0613267,0.0338813,0.0741128,0.0214944,-0.0140733
0.0596324,0.0330693,0.0715161,0.0216235,-0.0107384
0.0580575,0.0321658,0.0691143,0.0215187,-0.0191463
0.0564926,0.0313756,0.0664369,0.0217201,-0.0119918
0.0549396,0.0305796,0.063947,0.0223162,-0.0165536
0.0534504,0.0298228,0.0621261,0.0220961,-0.0225168
0.0520348,0.0290099,0.0605547,0.0213803,-0.0124148
0.0506456,0.0282838,0.0597977,0.019874,-0.0146871
0.0492941,0.0275915,0.0591422,0.018338,-0.00930119
0.0479857,0.0269779,0.0574964,0.0179203,-0.00699921
0.0467225,0.0263044,0.0564797,0.016885,0.00999687
0.0454596,0.0256182,0.0550504,0.0164198,-0.000133299
0.0442485,0.0249289,0.0531179,0.0164545,0.0092046
0.0430194,0.0243106,0.0508035,0.0169856,-0.0119035
0.0418479,0.0236876,0.0499176,0.0161802,-0.0416435
0.0407537,0.0230681,0.0478894,0.0162782,-0.0126452
0.0396967,0.0225001,0.0470625,0.0155724,-0.025487
0.0386281,0.0219685,0.0457388,0.0153095,-0.0276816
0.0375508,0.0214226,0.0444514,0.0149589,-0.012852
0.036601,0.0209277,0.0423347,0.0154932,-0.00872369
0.0355848,0.0204039,0.0399668,0.0159407,0.00138378
0.0346715,0.0198897,0.0392441,0.0150781,-0.00226127
0.0337017,0.019378,0.03822,0.0146496,0.000778533
0.032807,0.0188434,0.0370003,0.0146354,0.00848371
0.0319725,0.018359,0.0363299,0.0139218,0.0206876
0.0311057,0.0178982,0.035341,0.0136367,0.0117071
0.0302641,0.0174295,0.0337689,0.0137098,0.0255316
0.0295013,0.0169752,0.0324222,0.0137842,0.00724725
0.0287588,0.01661,0.0315225,0.0134932,0.00315293
0.0279713,0.0161618,0.0305798,0.0132488,0.00436835
0.027244,0.0157124,0.0297756,0.0129118,-0.00666227
0.0265455,0.0153225,0.0290906,0.0125296,-0.000745054
0.0259003,0.0149216,0.0288482,0.0117538,0.0100385
0.025172,0.0145753,0.0281245,0.0114433,0.00294558
0.0245397,0.0142619,0.0275104,0.0110052,0.0245505
0.0238797,0.0138707,0.0269202,0.0105966,0.0127475
0.0232808,0.0135216,0.0261387,0.0103001,0.00667186
0.0227102,0.0131629,0.0260789,0.00960635,0.0139882
0.02208,0.0128859,0.0253882,0.00936052,-0.00390958
0.0215056,0.0125426,0.0239951,0.00958199,-0.0138703
0.0209124,0.0121801,0.023347,0.00928899,-0.00536363
0.0203178,0.0118596,0.0224781,0.00913717,0.00730688
0.0198162,0.011536,0.0218119,0.00890556,-0.0227363
0.0192756,0.0112323,0.0209628,0.00885546,-0.0160507
0.0187573,0.0109745,0.0203836,0.00862267,-0.00809432
0.0182375,0.0106934,0.0197689,0.0084222,-0.0224326
0.0177623,0.0104228,0.0195358,0.00812955,-0.0274189
0.0172501,0.0101306,0.0191633,0.00790221,-0.0209384
0.016797,0.00986011,0.0188076,0.00761305,-0.039967
0.0163486,0.0096053,0.0186204,0.00719698,-0.0201054
0.0158891,0.00942901,0.0183683,0.00685711,-0.0291586
0.0154679,0.0092111,0.0174662,0.00708797,-0.0176172
0.0150919,0.00901896,0.0171837,0.00662272,-0.0217444
0.0147585,0.00875763,0.0169146,0.00640336,-0.00978535
0.0144029,0.00852739,0.0164014,0.00638324,-0.0114497
0.0140451,0.00828602,0.0161587,0.00601057,-0.0148061
0.0136517,0.00809,0.0158298,0.00579681,-0.00977838
0.0132999,0.00783732,0.015329,0.00563955,0.000759291
0.0129287,0.00764072,0.0149029,0.00561492,-0.0124507
0.0125878,0.00744916,0.0144047,0.0055806,-0.00647923
0.0122636,0.00719395,0.0137257,0.00571706,-0.0169443
0.0119544,0.0070092,0.0133619,0.00559613,-0.0379368
0.0116184,0.0068033,0.0131491,0.00531484,-0.0290593
0.0112832,0.00666417,0.0129734,0.00501023,0.000380305
0.0109804,0.00649005,0.0128185,0.00475897,0.00304701
0.0106755,0.0063312,0.0125488,0.00459767,0.0052896
0.0103562,0.00615873,0.0120073,0.00465508,-0.00281399
0.0100879,0.00600309,0.0117475,0.00444426,0.0120356
0.00981864,0.00583268,0.0114674,0.00432494,-0.000629818
0.00959931,0.00567821,0.0112615,0.00415889,-0.00598085
0.00933486,0.00549849,0.0108038,0.00416182,0.00909315
0.00912346,0.00535836,0.0106901,0.00391404,-0.00711548
0.00891657,0.00525265,0.0102229,0.00397144,0.00657329
0.00869643,0.00510298,0.0100449,0.00384208,0.00962215
0.00851284,0.00495134,0.00987434,0.00368445,-0.002526
0.00825704,0.00484366,0.00957585,0.00363378,0.0199918
0.0080502,0.00466162,0.00914159,0.00369301,0.000100362
0.00784642,0.00453769,0.00887631,0.00361803,0.00407607
0.0076682,0.00439718,0.00865367,0.00350378,0.00182495
0.00748549,0.00423655,0.00853604,0.0033098,-0.00579582
0.0072289,0.0041612,0.00830129,0.00319859,-0.0122836
0.00699145,0.00408438,0.00809536,0.00311624,0.00443329
0.00684354,0.00399992,0.00771028,0.00319583,-0.00614513
0.0066585,0.00389029,0.00749226,0.00315021,-0.0219985
0.00647445,0.00377683,0.00734412,0.00304607,-0.0178071
0.00630415,0.0037312,0.00719315,0.00292495,-0.0169149
0.00614709,0.00361627,0.0069954,0.00288224,-0.00504857
0.00600152,0.00350029,0.00673837,0.00282831,-0.015117
0.0058813,0.0034018,0.00658155,0.00277946,0.00987634
0.0057136,0.00332527,0.00644581,0.00269607,0.00167095
0.00551827,0.00324115,0.00634917,0.00255667,0.0173437
0.00538725,0.003149,0.00618609,0.00247855,0.0166995
0.00526821,0.00306614,0.00609482,0.00237551,-0.00195386
0.00513027,0.00297153,0.00607641,0.00221114,0.00148633
0.00500885,0.00283752,0.00594574,0.00214756,0.00475528
0.00486863,0.00281712,0.0058195,0.00207165,0.0123213
0.00475816,0.00273857,0.00567862,0.00201178,0.0116573
0.0046012,0.00266469,0.00546052,0.00199385,0.0174185
0.00447686,0.00256833,0.00523305,0.00201115,0.00911125
0.00439038,0.0024907,0.00505853,0.00197652,-0.00683696
0.00428599,0.00238362,0.00500234,0.00187235,0.00466278
0.00415727,0.00232472,0.00486803,0.00182691,-0.00666804
0.00406335,0.00226573,0.00475337,0.00179307,-0.00917938
0.00398102,0.00218112,0.00465763,0.00169012,-0.0176862
0.00388306,0.00216943,0.00454526,0.00161128,-0.0052636
0.00379061,0.00209336,0.0044475,0.00155801,-0.00621023
0.0037137,0.00203075,0.00433223,0.00151731,-0.000505835
0.00363896,0.00196048,0.00427796,0.00140169,-0.0177902
0.0035149,0.00192516,0.00409558,0.00145231,-0.0219388
0.00342267,0.00189947,0.00394604,0.00145341,-0.00968972
0.00329933,0.0018784,0.00382263,0.00140914,-0.00998275
0.00320785,0.00184999,0.00372992,0.00139301,-0.00337764
0.00311453,0.00182376,0.00362231,0.00136282,-0.00923337
0.00304205,0.00176188,0.00358738,0.00128247,0.00290878
0.00294475,0.00165604,0.00345744,0.00129545,-0.00758433
0.00284632,0.00164429,0.00338939,0.00123041,-0.0204208
0.00276871,0.00157571,0.00330993,0.0012179,-0.0182944
0.00270055,0.00153131,0.00321575,0.0011759,0.00147509
0.00263401,0.00151168,0.00304964,0.00119526,0.0141869
0.00257383,0.00147127,0.00297086,0.00115842,0.0137407
0.00251736,0.00141502,0.00293222,0.00109116,0.0140826
0.00244913,0.00138632,0.00288406,0.00106187,-0.00933263
0.00236179,0.00135694,0.00278054,0.00107713,0.015158
0.00230749,0.00133247,0.00269154,0.00104334,-0.0136532
0.00223061,0.00130357,0.00260961,0.00103174,-0.0179002
0.00219257,0.00126383,0.00244211,0.00108502,0.0157445
0.00216256,0.00124856,0.00231708,0.00108329,0.0351167
0.00212466,0.00121114,0.00223926,0.00106471,0.0260492
0.00206877,0.00117794,0.00214178,0.00109077,0.0207877
0.0020091,0.00113959,0.00206509,0.00108213,0.0147449
0.00195118,0.00112979,0.0020099,0.00105112,0.00414687
0.00190719,0.00110085,0.00195895,0.00103319,0.000357805
0.00186397,0.0010903,0.00186049,0.00101452,-0.00672008
0.00182536,0.00106817,0.00185287,0.000979767,-0.0413537
0.00178389,0.00103057,0.00175749,0.000987682,-0.0431388
0.00174003,0.00103051,0.00173704,0.00097763,-0.0349124
0.00169804,0.0010166,0.00164436,0.000968443,-0.0308198
0.00165531,0.000994302,0.00163225,0.000962012,-0.0357025
0.00161138,0.000974755,0.00161709,0.000958722,-0.0087105
0.00158253,0.000952484,0.00160589,0.000929552,0.00922076
0.00154643,0.000926568,0.00152801,0.000937592,0.0134573
0.00150494,0.000908224,0.00147199,0.000922003,0.00379542
0.00146064,0.000894193,0.00146457,0.000886342,0.0185397
0.00142149,0.000877998,0.00142149,0.000877998,0.0136392
