10
144
-8.6668672033885341e-01
1.2155039894249844e+00
-7.3202547125401995e-01
3.9735051721833726e-04
1.2977731237266557e+01
1.6567640036565685e+01
5.9999999999999998e-01
-1.0000000000000001e-01
0.0000000000000000e+00
4.0000000000000002e-01
-4.5001562131868522e-01
1.2072375027802393e+00
-2.6764425687375570e-01
3.9735051721833726e-04
1.2894593169246214e+01
1.5517632919771099e+01
5.9999999999999998e-01
-1.0000000000000001e-01
0.0000000000000000e+00
4.0000000000000002e-01
1.9072034271134208e-01
1.1124350496497557e+00
-4.1326976530137566e-01
3.9735051721833726e-04
1.3486313610229985e+01
1.4279308900458242e+01
5.9999999999999998e-01
-1.0000000000000001e-01
0.0000000000000000e+00
4.0000000000000002e-01
-2.4365907422566635e-01
1.2528563959565566e+00
-5.3287710063043137e-01
3.9735051721833726e-04
1.2879067761157051e+01
1.4558178064448262e+01
5.9999999999999998e-01
-1.0000000000000001e-01
0.0000000000000000e+00
4.0000000000000002e-01
5.0454192884897953e-01
1.2192397264209198e+00
-6.2426058306242416e-01
3.9735051721833726e-04
1.1907606096085502e+01
1.4039807635766888e+01
5.9999999999999998e-01
-1.0000000000000001e-01
0.0000000000000000e+00
4.0000000000000002e-01
7.3642936953043703e-01
1.1250192218538928e+00
-7.0542501999880269e-01
3.9735051721833726e-04
1.1438715941723776e+01
1.4843476150406026e+01
5.9999999999999998e-01
-1.0000000000000001e-01
0.0000000000000000e+00
4.0000000000000002e-01
8.3609827973580120e-01
1.1402174742933919e+00
-2.8891403614427047e-01
3.9735051721833726e-04
1.1228835372891616e+01
1.5861323098314427e+01
5.9999999999999998e-01
-1.0000000000000001e-01
0.0000000000000000e+00
4.0000000000000002e-01
8.5995255925392855e-01
1.3979482450601270e+00
-7.9886845960165465e-01
3.9735051721833726e-04
1.0721286451918411e+01
1.5499091386084874e+01
5.9999999999999998e-01
-1.0000000000000001e-01
0.0000000000000000e+00
4.0000000000000002e-01
9.7726948477959374e-01
1.4614259786721879e+00
-1.9973455115105118e-01
3.9735051721833726e-04
1.0512637935680676e+01
1.5027745423500857e+01
5.9999999999999998e-01
-1.0000000000000001e-01
0.0000000000000000e+00
4.0000000000000002e-01
6.4984051041936619e-01
1.4671634542909080e+00
-7.2449960752274001e-01
3.9735051721833726e-04
1.0991612566178071e+01
1.5127243837749086e+01
5.9999999999999998e-01
-1.0000000000000001e-01
0.0000000000000000e+00
4.0000000000000002e-01
1.0075382061934218e-01
1.4468504266705926e+00
-8.0258215389098131e-01
3.9735051721833726e-04
9.7648708618333231e+00
1.6739696639811122e+01
5.9999999999999998e-01
-1.0000000000000001e-01
0.0000000000000000e+00
4.0000000000000002e-01
3.7350720473265392e-01
1.3674627389874869e+00
-4.2284036419238058e-01
3.9735051721833726e-04
9.7099907464435002e+00
1.6920154688355943e+01
5.9999999999999998e-01
-1.0000000000000001e-01
0.0000000000000000e+00
4.0000000000000002e-01
4.4613650032019359e-01
1.4271143701043538e+00
-7.6133073410834284e-01
3.9735051721833726e-04
1.0439646946554411e+01
1.6307171142694973e+01
5.9999999999999998e-01
-1.0000000000000001e-01
0.0000000000000000e+00
4.0000000000000002e-01
4.7121331997847304e-01
1.3525948841389828e+00
-7.8957786134327856e-01
3.9735051721833726e-04
9.8637418112804767e+00
1.5466037911397835e+01
5.9999999999999998e-01
-1.0000000000000001e-01
0.0000000000000000e+00
4.0000000000000002e-01
3.6847639047240965e-01
1.4860931067284755e+00
-6.6127177885617228e-01
3.9735051721833726e-04
9.8283284357836127e+00
1.4310824060661218e+01
5.9999999999999998e-01
-1.0000000000000001e-01
0.0000000000000000e+00
4.0000000000000002e-01
-7.5418098393196098e-01
1.3638835444268400e+00
-5.2828193805064183e-01
3.9735051721833726e-04
9.7755862376739859e+00
1.5001669121009730e+01
5.9999999999999998e-01
-1.0000000000000001e-01
0.0000000000000000e+00
4.0000000000000002e-01
-7.0414913836235038e-01
1.2892308107432537e+00
-3.3375773868407221e-01
3.9735051721833726e-04
1.0183886711960065e+01
1.4273882483167077e+01
5.9999999999999998e-01
-1.0000000000000001e-01
0.0000000000000000e+00
4.0000000000000002e-01
4.3527065333610537e-01
1.0776789883193187e+00
-6.1570430881227467e-01
3.9735051721833726e-04
1.0040723439221608e+01
1.4660567842039713e+01
5.9999999999999998e-01
-1.0000000000000001e-01
0.0000000000000000e+00
4.0000000000000002e-01
3.5074418362861642e-01
1.3000964522030765e+00
-5.5667424332699844e-01
3.9735051721833726e-04
9.2783894888212561e+00
1.4346753457549463e+01
5.9999999999999998e-01
-1.0000000000000001e-01
0.0000000000000000e+00
4.0000000000000002e-01
8.7721974833568706e-01
1.3412648109462673e+00
-9.5880891453824102e-01
3.9735051721833726e-04
8.5584980181505568e+00
1.4351677134993922e+01
5.9999999999999998e-01
-1.0000000000000001e-01
0.0000000000000000e+00
4.0000000000000002e-01
2.7410661517342705e-01
1.3594901615646295e+00
-6.0274464857182575e-01
3.9735051721833726e-04
9.7194606385280959e+00
1.4116170177969586e+01
5.9999999999999998e-01
-1.0000000000000001e-01
0.0000000000000000e+00
4.0000000000000002e-01
4.5874593018254417e-01
1.3424630534913948e+00
-7.7920025598607134e-01
3.9735051721833726e-04
1.0303036815029905e+01
1.2309366477641714e+01
5.9999999999999998e-01
-1.0000000000000001e-01
0.0000000000000000e+00
4.0000000000000002e-01
-3.9425076009074078e-01
1.3731529855993201e+00
-1.6916115176282001e-01
3.9735051721833726e-04
1.0919683390957639e+01
1.1858993748936307e+01
5.9999999999999998e-01
-1.0000000000000001e-01
0.0000000000000000e+00
4.0000000000000002e-01
1.0203746466597674e-01
1.3638824923303534e+00
-1.7266414936981272e-01
3.9735051721833726e-04
1.0788903555375859e+01
1.1550966760131967e+01
5.9999999999999998e-01
-1.0000000000000001e-01
0.0000000000000000e+00
4.0000000000000002e-01
6.6137034444769971e-01
1.4342756790783813e+00
-4.8890075769624775e-01
3.9735051721833726e-04
1.0368064496022983e+01
1.1538029772031559e+01
5.9999999999999998e-01
-1.0000000000000001e-01
0.0000000000000000e+00
4.0000000000000002e-01
5.1883100107943769e-01
1.3071617474821022e+00
-2.5549403872690268e-01
7.8326916426919478e-04
9.9268470586364685e+00
1.1368611758935701e+01
5.9999999999999998e-01
-1.0000000000000001e-01
0.0000000000000000e+00
4.0000000000000002e-01
6.0536174879109628e-01
1.2387584169697574e+00
-9.6543833341798857e-01
7.8326916426919478e-04
9.0388995380227968e+00
1.1468444427836191e+01
5.9999999999999998e-01
-1.0000000000000001e-01
0.0000000000000000e+00
4.0000000000000002e-01
-6.0713033481800793e-01
1.2368631653976252e+00
-6.4570215906716077e-02
7.8326916426919478e-04
8.9195538968866259e+00
1.1559516282367953e+01
5.9999999999999998e-01
-1.0000000000000001e-01
0.0000000000000000e+00
4.0000000000000002e-01
8.3441031866407156e-01
1.3462352035534193e+00
-6.4119429048500121e-01
7.8326916426919478e-04
8.6140532941644583e+00
1.1121141988772401e+01
5.9999999999999998e-01
-1.0000000000000001e-01
0.0000000000000000e+00
4.0000000000000002e-01
3.3112079077100520e-01
1.3295894758295823e+00
-4.6774030384025644e-01
9.6751238137982856e-04
7.6803900900849644e+00
1.1753514208632955e+01
5.9999999999999998e-01
-1.0000000000000001e-01
0.0000000000000000e+00
4.0000000000000002e-01
5.8817224972581639e-01
1.2896400104951671e+00
1.7208008635439803e-01
9.6751238137982856e-04
8.3505661595234226e+00
1.1736042406398306e+01
5.9999999999999998e-01
-1.0000000000000001e-01
0.0000000000000000e+00
4.0000000000000002e-01
-2.0016139961147528e-01
1.4432880603563598e+00
8.4790431398549004e-01
9.6751238137982856e-04
8.5090716326230709e+00
1.1703785389650118e+01
5.9999999999999998e-01
-1.0000000000000001e-01
0.0000000000000000e+00
4.0000000000000002e-01
-6.2258152640724396e-01
1.3693848714572003e+00
-9.5482341762400447e-02
9.6751238137982856e-04
9.7143206262582513e+00
1.1404403352725756e+01
5.9999999999999998e-01
-1.0000000000000001e-01
0.0000000000000000e+00
4.0000000000000002e-01
-6.0521480239296166e-01
1.1526670865756086e+00
5.3747886602067176e-02
9.6751238137982856e-04
9.8946637158834889e+00
1.1321411952364697e+01
5.9999999999999998e-01
-1.0000000000000001e-01
0.0000000000000000e+00
4.0000000000000002e-01
-6.6961011863613340e-01
1.1223745398264935e+00
8.9429897538968239e-01
9.6751238137982856e-04
9.3334838633978343e+00
1.1442670427623643e+01
5.9999999999999998e-01
-1.0000000000000001e-01
0.0000000000000000e+00
4.0000000000000002e-01
-9.0073345161342833e-01
1.1528233477812817e+00
-6.3980994351557574e-01
9.6751238137982856e-04
9.4074933325493308e+00
1.1562127791705979e+01
5.9999999999999998e-01
-1.0000000000000001e-01
0.0000000000000000e+00
4.0000000000000002e-01
-5.2871257401371219e-01
1.1022206412297300e+00
-9.2757748924545136e-01
9.6751238137982856e-04
1.0873862714096305e+01
1.2674764068785564e+01
5.9999999999999998e-01
-1.0000000000000001e-01
0.0000000000000000e+00
4.0000000000000002e-01
-4.6846136189365606e-01
1.0696200149994899e+00
-5.6002868516720017e-01
9.6751238137982856e-04
9.9993293230974647e+00
1.2508047786715885e+01
5.9999999999999998e-01
-1.0000000000000001e-01
0.0000000000000000e+00
4.0000000000000002e-01
-6.0698765940332633e-01
1.1334149171453525e+00
8.5715474725001239e-02
9.6751238137982856e-04
9.7575063852214790e+00
1.1993142179760596e+01
5.9999999999999998e-01
-1.0000000000000001e-01
0.0000000000000000e+00
4.0000000000000002e-01
5.8608156972265024e-01
1.2254965291362812e+00
9.1274525964283271e-01
9.6751238137982856e-04
1.0346591703369615e+01
1.1559948743868134e+01
5.9999999999999998e-01
-1.0000000000000001e-01
0.0000000000000000e+00
4.0000000000000002e-01
6.9510555022096410e-01
1.4735506112915089e+00
9.1274525964283271e-01
9.6751238137982856e-04
1.1732439235187467e+01
1.0656874869752190e+01
5.9999999999999998e-01
-1.0000000000000001e-01
0.0000000000000000e+00
4.0000000000000002e-01
5.1214587204789908e-01
1.3545447531309538e+00
6.3431630538427153e-01
9.6751238137982856e-04
1.2997413380685593e+01
1.0996071977715454e+01
5.9999999999999998e-01
-1.0000000000000001e-01
0.0000000000000000e+00
4.0000000000000002e-01
7.3296353571748518e-01
1.2525443979170732e+00
8.4543271319591318e-01
1.5596135082890845e-03
1.2814233591835345e+01
1.1330369654844962e+01
5.9999999999999998e-01
-1.0000000000000001e-01
0.0000000000000000e+00
4.0000000000000002e-01
7.2563886278009204e-01
1.2403783495095186e+00
7.1933503823005474e-01
1.5596135082890845e-03
1.2796693810410197e+01
1.0833709960232934e+01
5.9999999999999998e-01
-1.0000000000000001e-01
0.0000000000000000e+00
4.0000000000000002e-01
5.9149463229512955e-01
1.2264950173166209e+00
8.1887860076152597e-01
1.5596135082890845e-03
1.3023053086883717e+01
1.0798349370609484e+01
5.9999999999999998e-01
-1.0000000000000001e-01
0.0000000000000000e+00
4.0000000000000002e-01
4.7489372514819889e-01
1.0162929484513219e+00
9.6668520467006480e-01
1.5596135082890845e-03
1.3103945140130218e+01
1.0235690010513624e+01
5.9999999999999998e-01
-1.0000000000000001e-01
0.0000000000000000e+00
4.0000000000000002e-01
-2.1877904338130566e-01
9.7795959692863765e-01
6.4410745279514114e-01
1.5596135082890845e-03
1.3049294979459937e+01
9.6438992308336111e+00
5.9999999999999998e-01
-1.0000000000000001e-01
0.0000000000000000e+00
4.0000000000000002e-01
1.5199081974735640e-01
9.5416984277633987e-01
6.4410745279514114e-01
1.5596135082890845e-03
1.2080777976996597e+01
9.3904643798130394e+00
5.9999999999999998e-01
-1.0000000000000001e-01
0.0000000000000000e+00
4.0000000000000002e-01
4.0086862760296249e-01
9.2496096801428163e-01
5.2572862105094709e-01
1.5596135082890845e-03
1.1750200244653371e+01
9.2177916491287579e+00
5.9999999999999998e-01
-1.0000000000000001e-01
0.0000000000000000e+00
4.0000000000000002e-01
2.9293014358558328e-03
8.2063701915411313e-01
9.3271919341408516e-01
1.5596135082890845e-03
1.2294213127958921e+01
9.4747592801111562e+00
5.9999999999999998e-01
-1.0000000000000001e-01
0.0000000000000000e+00
4.0000000000000002e-01
2.3857908206692122e-01
8.4939499030677645e-01
8.3866521330200938e-01
1.5596135082890845e-03
1.2070711821186688e+01
9.5418545083957511e+00
5.9999999999999998e-01
-1.0000000000000001e-01
0.0000000000000000e+00
4.0000000000000002e-01
5.3066278870014166e-02
8.6127328167526107e-01
6.4012368442141321e-01
1.5596135082890845e-03
1.1455906545984890e+01
7.6123655663686591e+00
5.9999999999999998e-01
-1.0000000000000001e-01
0.0000000000000000e+00
4.0000000000000002e-01
8.8489137875547785e-01
7.3594328380791529e-01
9.4009640143834861e-01
1.5596135082890845e-03
1.2295279051232484e+01
7.3639580087619620e+00
5.9999999999999998e-01
-1.0000000000000001e-01
0.0000000000000000e+00
4.0000000000000002e-01
1.2516458558550259e-01
8.5591420150963649e-01
7.9387210281216414e-01
1.5596135082890845e-03
1.2291339908781797e+01
6.8902007983880837e+00
5.9999999999999998e-01
-1.0000000000000001e-01
0.0000000000000000e+00
4.0000000000000002e-01
-3.1319532466420752e-01
8.9913725392935850e-01
9.4794335277401720e-01
1.5596135082890845e-03
1.1844484389814884e+01
6.5688269989448385e+00
5.9999999999999998e-01
-1.0000000000000001e-01
0.0000000000000000e+00
4.0000000000000002e-01
2.6188455748072031e-01
8.1000993825910672e-01
7.4214177162968431e-01
1.5596135082890845e-03
1.1544067109617741e+01
7.3084327483433089e+00
5.9999999999999998e-01
-1.0000000000000001e-01
0.0000000000000000e+00
4.0000000000000002e-01
3.9392150391524794e-01
7.0488724257467361e-01
8.3494800956570425e-01
1.5596135082890845e-03
1.2069920333716421e+01
6.7453474098699884e+00
5.9999999999999998e-01
-1.0000000000000001e-01
0.0000000000000000e+00
4.0000000000000002e-01
8.3702617083376407e-01
7.9217673679111578e-01
9.1419686736189643e-01
1.5596135082890845e-03
1.1924207956026644e+01
7.0559946754830678e+00
5.9999999999999998e-01
-1.0000000000000001e-01
0.0000000000000000e+00
4.0000000000000002e-01
6.8149258409327018e-01
6.8285779269455049e-01
6.7845003099762713e-01
1.5596135082890845e-03
1.1301060270945877e+01
6.6762340092914902e+00
5.9999999999999998e-01
-1.0000000000000001e-01
0.0000000000000000e+00
4.0000000000000002e-01
3.7405103300398340e-01
7.0970076437709895e-01
4.7720362441264891e-01
1.5596135082890845e-03
1.0498967653568238e+01
7.4841716997281553e+00
5.9999999999999998e-01
-1.0000000000000001e-01
0.0000000000000000e+00
4.0000000000000002e-01
4.3503014837091913e-01
7.7269331869898417e-01
5.6335277625941538e-01
1.5596135082890845e-03
1.0849560675598317e+01
6.3457071937576774e+00
5.9999999999999998e-01
-1.0000000000000001e-01
0.0000000000000000e+00
4.0000000000000002e-01
-1.5063560272866727e-01
7.8429673299608815e-01
6.9455362366163031e-01
1.5596135082890845e-03
1.1145708549596005e+01
6.6899542299055401e+00
5.9999999999999998e-01
-1.0000000000000001e-01
0.0000000000000000e+00
4.0000000000000002e-01
-7.3670741345101831e-01
5.6680094764052025e-01
6.9455362366163031e-01
4.2854045063756485e-04
9.5353764271508972e+00
7.2047527966045681e+00
5.9999999999999998e-01
-1.0000000000000001e-01
0.0000000000000000e+00
4.0000000000000002e-01
-2.7324083189779746e-01
6.3561797100720996e-01
-6.2893608047044958e-01
4.2854045063756485e-04
9.1929586907994079e+00
6.1719128993295973e+00
5.9999999999999998e-01
-1.0000000000000001e-01
0.0000000000000000e+00
4.0000000000000002e-01
8.7567978602534313e-01
5.9018324929891230e-01
-7.8577443940914349e-01
4.2854045063756485e-04
9.0272055408131404e+00
5.7920427677177724e+00
5.9999999999999998e-01
-1.0000000000000001e-01
0.0000000000000000e+00
4.0000000000000002e-01
8.1182219636326813e-01
5.2078672796903247e-01
5.3633818464004313e-01
1.6163176867415763e-03
9.1473500153195193e+00
6.3458581593775083e+00
5.9999999999999998e-01
-1.0000000000000001e-01
0.0000000000000000e+00
4.0000000000000002e-01
8.2979647022372260e-01
6.9200853163419351e-01
8.2794548468314921e-01
1.6163176867415763e-03
8.7464762302260937e+00
7.4662618857764542e+00
5.9999999999999998e-01
-1.0000000000000001e-01
0.0000000000000000e+00
4.0000000000000002e-01
-5.5632702888192970e-02
7.8282414526162725e-01
4.9687386350356855e-01
1.6163176867415763e-03
9.0607329310994693e+00
6.1411171092607919e+00
5.9999999999999998e-01
-1.0000000000000001e-01
0.0000000000000000e+00
4.0000000000000002e-01
3.7341997158413909e-01
8.9391587381480331e-01
9.1705259652458937e-01
1.6163176867415763e-03
1.0146614973447853e+01
5.7309529914476816e+00
5.9999999999999998e-01
-1.0000000000000001e-01
0.0000000000000000e+00
4.0000000000000002e-01
-3.5226710546130163e-01
8.1614831437213420e-01
8.0529164144419929e-01
1.6163176867415763e-03
1.0438339138231809e+01
5.7926533116915175e+00
5.9999999999999998e-01
-1.0000000000000001e-01
0.0000000000000000e+00
4.0000000000000002e-01
-6.1168803255373450e-01
8.3787486238820541e-01
9.4423530051135307e-01
1.6163176867415763e-03
1.0779914593897397e+01
5.4041036366441197e+00
5.9999999999999998e-01
-1.0000000000000001e-01
0.0000000000000000e+00
4.0000000000000002e-01
-7.2310908782595607e-01
7.6779915209157457e-01
9.4423530051135307e-01
1.6163176867415763e-03
1.0360337306014829e+01
5.0480679719664998e+00
5.9999999999999998e-01
-1.0000000000000001e-01
0.0000000000000000e+00
4.0000000000000002e-01
-3.5715310859793636e-01
8.2942558212621209e-01
8.6233129104249961e-01
1.6163176867415763e-03
1.0409073980353408e+01
5.0649569927670894e+00
5.9999999999999998e-01
-1.0000000000000001e-01
0.0000000000000000e+00
4.0000000000000002e-01
6.6611965131646178e-01
8.5636581506623011e-01
-1.9456530893570878e-01
7.9619090736411592e-04
9.8713693218451084e+00
6.1239698543867931e+00
5.9999999999999998e-01
-1.0000000000000001e-01
0.0000000000000000e+00
4.0000000000000002e-01
6.5519864034539255e-01
7.5917105975044952e-01
-8.5187270859605757e-01
7.9619090736411592e-04
9.9902909057360230e+00
6.2718460142335752e+00
5.9999999999999998e-01
-1.0000000000000001e-01
0.0000000000000000e+00
4.0000000000000002e-01
6.5519864034539255e-01
7.6100118245972370e-01
1.9725695050903469e-01
7.9619090736411592e-04
1.0282538570664460e+01
6.9485857128820276e+00
5.9999999999999998e-01
-1.0000000000000001e-01
0.0000000000000000e+00
4.0000000000000002e-01
3.5393392693882975e-01
7.0248322426570642e-01
9.6059540357672279e-02
7.9619090736411592e-04
1.1567502525649601e+01
7.1829866118452408e+00
5.9999999999999998e-01
-1.0000000000000001e-01
0.0000000000000000e+00
4.0000000000000002e-01
-2.9342839825266803e-01
6.9162680558996348e-01
1.9987346973501741e-02
7.9619090736411592e-04
1.1751541447840266e+01
7.9104472607097476e+00
5.9999999999999998e-01
-1.0000000000000001e-01
0.0000000000000000e+00
4.0000000000000002e-01
-1.0928764689082116e-01
6.4944049843536766e-01
-3.7415728822699873e-01
7.9619090736411592e-04
1.1737495470247799e+01
8.3275339096507874e+00
5.9999999999999998e-01
-1.0000000000000001e-01
0.0000000000000000e+00
4.0000000000000002e-01
6.5779726904517200e-01
6.3625429476188566e-01
8.5199550538905766e-01
7.9619090736411592e-04
1.1571035522423323e+01
8.8194765999636520e+00
5.9999999999999998e-01
-1.0000000000000001e-01
0.0000000000000000e+00
4.0000000000000002e-01
7.2116514098530815e-01
6.5151590687917615e-01
6.6465514596783209e-02
7.9619090736411592e-04
1.0954335516892010e+01
9.3378656459695559e+00
5.9999999999999998e-01
-1.0000000000000001e-01
0.0000000000000000e+00
4.0000000000000002e-01
4.6600987774020242e-01
6.7587190941857245e-01
-4.6897931151441424e-01
7.9619090736411592e-04
1.1225108750365312e+01
8.3550365728980758e+00
5.9999999999999998e-01
-1.0000000000000001e-01
0.0000000000000000e+00
4.0000000000000002e-01
1.8826328259593050e-01
5.5782164273547075e-01
2.7594467229791786e-01
7.9619090736411592e-04
1.0583482359550532e+01
8.4858889912909721e+00
5.9999999999999998e-01
-1.0000000000000001e-01
0.0000000000000000e+00
4.0000000000000002e-01
1.8087765914088291e-01
6.1484994522618197e-01
-3.4819266431382989e-01
7.9619090736411592e-04
1.0013011903889113e+01
7.5454489325827812e+00
5.9999999999999998e-01
-1.0000000000000001e-01
0.0000000000000000e+00
4.0000000000000002e-01
4.8236436289435430e-01
5.5567835710333735e-01
6.3900729186483529e-01
7.9619090736411592e-04
1.0204725278742247e+01
5.9116235738343459e+00
5.9999999999999998e-01
-1.0000000000000001e-01
0.0000000000000000e+00
4.0000000000000002e-01
-6.3695966334285342e-02
4.5991184912012972e-01
5.3465905703254846e-01
7.9619090736411592e-04
1.0038033672995502e+01
6.5471006875581015e+00
5.9999999999999998e-01
-1.0000000000000001e-01
0.0000000000000000e+00
4.0000000000000002e-01
3.3093359336888584e-01
4.0845367667960081e-01
3.4396886668749949e-01
7.9619090736411592e-04
1.0269663628764087e+01
5.5307342248692084e+00
5.9999999999999998e-01
-1.0000000000000001e-01
0.0000000000000000e+00
4.0000000000000002e-01
6.3535067484414376e-01
2.6907388685034667e-01
4.2644983596750397e-01
7.9619090736411592e-04
1.0051883214540416e+01
6.7079703840150398e+00
5.9999999999999998e-01
-1.0000000000000001e-01
0.0000000000000000e+00
4.0000000000000002e-01
3.8347270891701973e-01
1.5198654762432776e-02
9.9398756272741462e-01
4.8890003251959899e-02
9.0683272091817191e+00
6.4706501355118018e+00
5.9999999999999998e-01
-1.0000000000000001e-01
0.0000000000000000e+00
4.0000000000000002e-01
-4.3764919950926506e-01
1.1029042490474959e-01
4.1311553649254967e-01
1.1932094144751652e-02
7.6184435157250698e+00
6.3255420824236133e+00
5.9999999999999998e-01
-1.0000000000000001e-01
0.0000000000000000e+00
4.0000000000000002e-01
-7.7375977232420645e-01
1.2716505154125471e-01
-5.4776545741013338e-01
2.1783907133271319e-02
7.0217170713614756e+00
5.7051637937969435e+00
5.9999999999999998e-01
-1.0000000000000001e-01
0.0000000000000000e+00
4.0000000000000002e-01
-1.3640235497915942e-01
2.5971443979964450e-02
-2.3019722268567513e-01
2.1783907133271319e-02
6.9805987244617276e+00
5.7151435849911429e+00
5.9999999999999998e-01
-1.0000000000000001e-01
0.0000000000000000e+00
4.0000000000000002e-01
-7.4569953157866198e-01
2.5971443979964450e-02
7.8529527231468721e-01
1.3168565769784651e-01
6.0505879135947760e+00
5.5736707923657152e+00
5.9999999999999998e-01
-1.0000000000000001e-01
0.0000000000000000e+00
4.0000000000000002e-01
1.2718891159331591e-01
2.5971443979964450e-02
7.8412965244962751e-01
2.4132859923236569e-01
6.0258288981538355e+00
5.5363191721684188e+00
5.9999999999999998e-01
-1.0000000000000001e-01
0.0000000000000000e+00
4.0000000000000002e-01
8.5967836574351586e-01
4.4666636078582005e-02
-1.4824429922388005e-01
2.5130252917401991e-01
6.9715033000480471e+00
4.7065645945913062e+00
5.9999999999999998e-01
-1.0000000000000001e-01
0.0000000000000000e+00
4.0000000000000002e-01
5.7015018895900049e-01
8.6076351254210662e-02
3.1525319165899351e-01
1.8169078524701796e-01
5.3855813739966703e+00
4.9637371642238364e+00
5.9999999999999998e-01
-1.0000000000000001e-01
0.0000000000000000e+00
4.0000000000000002e-01
-2.3759204685056406e-01
1.1326681598924179e-01
-6.6277569555328297e-01
1.8037349553697313e-01
5.2361455906327912e+00
4.8193060191071488e+00
5.9999999999999998e-01
-1.0000000000000001e-01
0.0000000000000000e+00
4.0000000000000002e-01
4.0770113647615708e-01
1.8800355645917435e-01
-4.7554307871148993e-01
1.6445446755283080e-01
5.7812664318975155e+00
4.5403920052296378e+00
5.9999999999999998e-01
-1.0000000000000001e-01
0.0000000000000000e+00
4.0000000000000002e-01
2.6705291391050617e-01
3.9682884327099530e-02
5.5315093255950998e-01
1.3013211687200271e-01
4.6857580285664753e+00
3.5414730084783299e+00
5.9999999999999998e-01
-1.0000000000000001e-01
0.0000000000000000e+00
4.0000000000000002e-01
-1.9518220245206552e-01
1.2892235898129722e-01
-2.6265445493743822e-01
6.8658752995659947e-02
4.4138271939154823e+00
4.8173114848977789e+00
5.9999999999999998e-01
-1.0000000000000001e-01
0.0000000000000000e+00
4.0000000000000002e-01
3.6214422405397695e-01
1.3060757454387928e-01
-1.5023177743540214e-01
3.0003971177270057e-02
4.6971345812227678e+00
4.1651500923282381e+00
5.9999999999999998e-01
-1.0000000000000001e-01
0.0000000000000000e+00
4.0000000000000002e-01
-6.0799760961177021e-02
3.0355019553653978e-01
5.0770528554334238e-01
7.5057360279490587e-02
5.3142539411928595e+00
4.3114755397385833e+00
5.9999999999999998e-01
-1.0000000000000001e-01
0.0000000000000000e+00
4.0000000000000002e-01
9.1533600792920378e-01
3.2555931125484489e-01
9.6163222193135800e-01
2.7322177770664327e-02
4.3284164846088835e+00
4.3387235289162875e+00
5.9999999999999998e-01
-1.0000000000000001e-01
0.0000000000000000e+00
4.0000000000000002e-01
-3.0577225438618871e-01
2.9771170745693243e-01
1.9479235272272410e-01
5.4536396953394045e-02
3.6995363623049209e+00
3.9048203861064197e+00
5.9999999999999998e-01
-1.0000000000000001e-01
0.0000000000000000e+00
4.0000000000000002e-01
2.2433729299044403e-01
2.2087565134368931e-01
-8.5243208934203807e-01
6.8324902597000234e-02
3.4182431966211753e+00
4.1093415973431355e+00
5.9999999999999998e-01
-1.0000000000000001e-01
0.0000000000000000e+00
4.0000000000000002e-01
6.8146275289988312e-01
2.9472257406912838e-01
-4.1544425998465245e-01
4.1060340228607294e-02
2.5531175732758000e+00
4.3955907968527566e+00
5.9999999999999998e-01
-1.0000000000000001e-01
0.0000000000000000e+00
4.0000000000000002e-01
8.4903049417471688e-01
3.7484515657924217e-01
3.4038450028165157e-01
1.1864560949732901e-02
2.0703697994496788e+00
4.1658112970835459e+00
5.9999999999999998e-01
-1.0000000000000001e-01
0.0000000000000000e+00
4.0000000000000002e-01
3.2597254001235765e-01
3.6164074942372842e-01
-2.8596107487217626e-01
3.3659647050430425e-02
2.4193766068812574e+00
5.1253152770644910e+00
5.9999999999999998e-01
-1.0000000000000001e-01
0.0000000000000000e+00
4.0000000000000002e-01
1.6227584325408737e-01
4.0441890349887410e-01
-9.7521288786665639e-01
6.7792360994150272e-02
2.9426645305153092e+00
6.0742743115595461e+00
5.9999999999999998e-01
-1.0000000000000001e-01
0.0000000000000000e+00
4.0000000000000002e-01
-2.8750623262787056e-01
3.4778846701882882e-01
-7.8010424040840110e-01
5.0485182288219577e-02
2.6359959341731032e+00
6.4621789835116736e+00
5.9999999999999998e-01
-1.0000000000000001e-01
0.0000000000000000e+00
4.0000000000000002e-01
-5.9654555953407473e-01
4.8958473431967303e-01
3.9622124350978888e-01
6.4995131614734775e-02
3.0131745578866562e+00
6.6743823520562522e+00
5.9999999999999998e-01
-1.0000000000000001e-01
0.0000000000000000e+00
4.0000000000000002e-01
-1.7268314189577288e-01
4.9980539315842198e-01
-5.7849753894494016e-01
1.0123906055383884e-01
4.1248430671315752e+00
7.0399211279771201e+00
5.9999999999999998e-01
-1.0000000000000001e-01
0.0000000000000000e+00
4.0000000000000002e-01
-8.0552877254152477e-01
4.7776804095409919e-01
-9.2214854516671141e-01
1.5475772771169780e-02
3.2544800462346632e+00
6.0539081466573208e+00
5.9999999999999998e-01
-1.0000000000000001e-01
0.0000000000000000e+00
4.0000000000000002e-01
4.7061992219446347e-02
5.5293016488753377e-01
-8.9609656684682804e-01
1.2690165897004804e-01
3.1724143499653894e+00
5.3285273296016182e+00
5.9999999999999998e-01
-1.0000000000000001e-01
0.0000000000000000e+00
4.0000000000000002e-01
5.6895541504657077e-01
5.4176912249527986e-01
-8.7948367879376843e-01
1.0079119749658308e-01
3.2161923194449504e+00
4.6871002447980370e+00
5.9999999999999998e-01
-1.0000000000000001e-01
0.0000000000000000e+00
4.0000000000000002e-01
-3.7330813094341941e-01
4.4713244141541536e-01
9.3195636174990693e-01
8.7627531486680135e-02
2.3391161406558121e+00
4.9178753805535758e+00
5.9999999999999998e-01
-1.0000000000000001e-01
0.0000000000000000e+00
4.0000000000000002e-01
-2.4905308171475121e-01
4.8440005876027165e-01
9.4089366368367233e-01
1.2884137620322905e-01
2.9894786812510450e+00
5.0185412083941427e+00
5.9999999999999998e-01
-1.0000000000000001e-01
0.0000000000000000e+00
4.0000000000000002e-01
-1.1465677186215106e-01
5.3528844132550180e-01
7.7196493915631337e-01
1.3613972272269928e-01
3.4785649173107109e+00
5.7390300204235034e+00
5.9999999999999998e-01
-1.0000000000000001e-01
0.0000000000000000e+00
4.0000000000000002e-01
-9.4725725814068507e-01
5.9903546925909912e-01
3.4173692426993407e-01
5.1013911265065312e-02
4.3455173574533426e+00
5.8340116058665235e+00
5.9999999999999998e-01
-1.0000000000000001e-01
0.0000000000000000e+00
4.0000000000000002e-01
-9.4725725814068507e-01
6.4928697862751872e-01
1.7089784643961944e-01
2.3930440115859160e-02
3.3942375421669451e+00
5.7824616943675000e+00
5.9999999999999998e-01
-1.0000000000000001e-01
0.0000000000000000e+00
4.0000000000000002e-01
-7.3565556515307906e-01
7.9653386559613137e-01
5.2510416767909085e-01
1.2620548008673393e-01
2.2385482603829470e+00
6.1053831731158219e+00
5.9999999999999998e-01
-1.0000000000000001e-01
0.0000000000000000e+00
4.0000000000000002e-01
-7.0746463377328384e-01
8.5626457628138442e-01
9.7542606494738604e-01
1.2686916577746520e-02
1.5683148676674932e+00
5.3745360766726469e+00
5.9999999999999998e-01
-1.0000000000000001e-01
0.0000000000000000e+00
4.0000000000000002e-01
3.9685841004995837e-01
9.1136904075272440e-01
6.0266202607889452e-02
3.4653439688613064e-02
1.8787939431291192e+00
5.0265760605412462e+00
5.9999999999999998e-01
-1.0000000000000001e-01
0.0000000000000000e+00
4.0000000000000002e-01
-2.1813062865586741e-01
9.4246925106175305e-01
8.6686826645745785e-01
9.2638560700347067e-02
1.7277743460755912e+00
4.3600893740731221e+00
5.9999999999999998e-01
-1.0000000000000001e-01
0.0000000000000000e+00
4.0000000000000002e-01
-6.4101138900236915e-02
1.0084437039149559e+00
4.3519349574460536e-01
4.9340915846755151e-02
1.3259861031692595e+00
3.8693050736575789e+00
5.9999999999999998e-01
-1.0000000000000001e-01
0.0000000000000000e+00
4.0000000000000002e-01
3.6441535394339108e-01
9.4784787058360920e-01
6.0267291098250908e-01
4.6603723692824485e-02
1.0915230048965783e+00
4.4801572198062605e+00
5.9999999999999998e-01
-1.0000000000000001e-01
0.0000000000000000e+00
4.0000000000000002e-01
3.7145097594408538e-01
1.0169699445319926e+00
-2.9395694614038892e-01
1.0372615576081479e-01
1.4788493378233283e+00
4.3233424710124204e+00
5.9999999999999998e-01
-1.0000000000000001e-01
0.0000000000000000e+00
4.0000000000000002e-01
3.8190699714867615e-01
9.9977981501348356e-01
-3.9029932976351223e-01
6.8438693168689835e-02
2.9108278516825403e+00
4.3222516255467607e+00
5.9999999999999998e-01
-1.0000000000000001e-01
0.0000000000000000e+00
4.0000000000000002e-01
3.9003154236523646e-01
1.0369041879130159e+00
-2.2828064218745675e-01
5.1840616229107010e-02
3.0397171590622629e+00
3.8491197677343560e+00
5.9999999999999998e-01
-1.0000000000000001e-01
0.0000000000000000e+00
4.0000000000000002e-01
-4.1248264562638259e-01
1.0175649754358089e+00
-7.4224269763217421e-01
1.0038018799119197e-01
4.5281270165141780e+00
3.8518990727155873e+00
5.9999999999999998e-01
-1.0000000000000001e-01
0.0000000000000000e+00
4.0000000000000002e-01
-2.7095828216822604e-01
1.0399683544886862e+00
-9.4837336257682303e-01
6.2497099164058795e-02
4.8746156085427970e+00
5.0846549423425866e+00
5.9999999999999998e-01
-1.0000000000000001e-01
0.0000000000000000e+00
4.0000000000000002e-01
1.8216453063933402e-01
1.0798288675797736e+00
-9.4837336257682303e-01
2.3641730087926020e-02
4.8721975658234324e+00
4.9716606307789162e+00
5.9999999999999998e-01
-1.0000000000000001e-01
0.0000000000000000e+00
4.0000000000000002e-01
-2.1914218556435555e-01
9.9420929521318602e-01
-1.5177141860709648e-01
1.8516582268406977e-02
5.4446860138472291e+00
7.0492824424072573e+00
5.9999999999999998e-01
-1.0000000000000001e-01
0.0000000000000000e+00
4.0000000000000002e-01
-1.0429952275307633e-01
1.0836530029177298e+00
-8.1647389192716324e-01
4.5736519116093742e-02
5.0182558898028109e+00
7.2396363575025866e+00
5.9999999999999998e-01
-1.0000000000000001e-01
0.0000000000000000e+00
4.0000000000000002e-01
-8.0077136869745047e-02
1.0522676394581427e+00
-1.6200300474302029e-01
5.8685627716710195e-02
7.0121539149578780e+00
6.2323268074556664e+00
5.9999999999999998e-01
-1.0000000000000001e-01
0.0000000000000000e+00
4.0000000000000002e-01
-5.1304515656383487e-01
1.0543463077246775e+00
-6.8480328400270196e-01
4.5409521359135729e-02
5.5816433612402641e+00
5.9975321847959835e+00
5.9999999999999998e-01
-1.0000000000000001e-01
0.0000000000000000e+00
4.0000000000000002e-01
-1.7067779477985356e-01
1.0977618345915903e+00
2.3637233059271121e-01
8.4787341433693986e-02
5.4365567881759356e+00
5.7387068379684774e+00
5.9999999999999998e-01
-1.0000000000000001e-01
0.0000000000000000e+00
4.0000000000000002e-01
3.6547806862442045e-01
1.1984823262989150e+00
9.7547817485172980e-02
9.7718743163277721e-02
3.6783653906691933e+00
7.6348829139038399e+00
5.9999999999999998e-01
-1.0000000000000001e-01
0.0000000000000000e+00
4.0000000000000002e-01
4.7010465327350631e-01
1.1771363161503898e+00
8.8859854407957628e-01
9.5873479920556157e-02
4.1160272470820800e+00
7.4353409755989386e+00
5.9999999999999998e-01
-1.0000000000000001e-01
0.0000000000000000e+00
4.0000000000000002e-01
-1.9015186738522508e-01
1.1971021299361810e+00
4.3565009642741509e-01
1.0126406987302503e-01
3.9980351737845794e+00
7.4369035062394513e+00
5.9999999999999998e-01
-1.0000000000000001e-01
0.0000000000000000e+00
4.0000000000000002e-01
9.8519506264178280e-01
1.2299633359908686e+00
7.7844791521771706e-03
1.0126406987302503e-01
5.3177462211955433e+00
7.0088566583595640e+00
5.9999999999999998e-01
-1.0000000000000001e-01
0.0000000000000000e+00
4.0000000000000002e-01
-3.4549451303036677e-01
1.0653878536820041e+00
7.2463575978181205e-01
2.6217078822781653e-02
5.3177462211955433e+00
6.6064037126503354e+00
5.9999999999999998e-01
-1.0000000000000001e-01
0.0000000000000000e+00
4.0000000000000002e-01
-7.1713445794136987e-01
1.0600046864747628e+00
7.2885357603779877e-01
5.2369480389287085e-02
4.7977496971521623e+00
7.0262124997578024e+00
5.9999999999999998e-01
-1.0000000000000001e-01
0.0000000000000000e+00
4.0000000000000002e-01
8.7212840203924322e-02
1.0059687212705237e+00
4.4064558610669219e-01
8.6480246084858992e-02
6.4565249596867789e+00
6.4170048874817249e+00
5.9999999999999998e-01
-1.0000000000000001e-01
0.0000000000000000e+00
4.0000000000000002e-01
