11
4
1.4642262895174710e-01
0.0000000000000000e+00
8.3898305084745758e-02
9.9019607843137258e-01
0.0000000000000000e+00
0.0000000000000000e+00
0.0000000000000000e+00
0.0000000000000000e+00
0.0000000000000000e+00
0.0000000000000000e+00
3.1759999999999999e-01
2.4040000000000000e-01
2.5840000000000002e-01
2.3599999999999999e-01
2.6519999999999999e-01
0.0000000000000000e+00
0.0000000000000000e+00
0.0000000000000000e+00
0.0000000000000000e+00
0.0000000000000000e+00
0.0000000000000000e+00
1.0000000000000000e+00
1.7600000000000000e+02
0.0000000000000000e+00
9.9000000000000000e+01
1.3130000000000000e+03
0.0000000000000000e+00
0.0000000000000000e+00
0.0000000000000000e+00
0.0000000000000000e+00
0.0000000000000000e+00
0.0000000000000000e+00
1.5880000000000000e+03
1.2020000000000000e+03
1.2920000000000000e+03
1.1800000000000000e+03
1.3260000000000000e+03
0.0000000000000000e+00
0.0000000000000000e+00
0.0000000000000000e+00
0.0000000000000000e+00
0.0000000000000000e+00
0.0000000000000000e+00
5.0000000000000000e+03
