26
1
-5.2982036798479493e-01
3.1193871002760294e+00
-2.4015238960142637e-01
4.0160357969161575e-01
1.7513985305488619e-04
-5.9922490128681261e-01
0.0000000000000000e+00
3.4377226498749691e-01
9.9396840046643820e-01
6.9799242957644296e-03
-8.7747381871653474e-01
7.7131949065260441e-02
1.0101341068351755e-01
0.0000000000000000e+00
0.0000000000000000e+00
0.0000000000000000e+00
0.0000000000000000e+00
0.0000000000000000e+00
0.0000000000000000e+00
-2.2464972891575596e-01
-6.8026728066033715e-02
2.1313725966479979e-01
-2.8280576488934450e-01
5.0585326296408306e-01
-3.6005741301269156e-01
1.6120326644369926e-01
