10
250
-7.1550727078059528e-01
1.1372014081743167e+00
-3.7372619762900372e-01
3.9735051721833726e-04
1.2587469472442166e+01
1.6706894105893994e+01
5.9999999999999998e-01
-1.0000000000000001e-01
0.0000000000000000e+00
4.0000000000000002e-01
-9.7821211287120202e-01
1.2105601042178082e+00
-5.9440501294913795e-01
3.9735051721833726e-04
1.2561982581470506e+01
1.6567640036565685e+01
5.9999999999999998e-01
-1.0000000000000001e-01
0.0000000000000000e+00
4.0000000000000002e-01
-8.6668672033885341e-01
1.2072375027802393e+00
-6.0462874702992941e-01
3.9735051721833726e-04
1.2952008003447551e+01
1.6512712759000681e+01
5.9999999999999998e-01
-1.0000000000000001e-01
0.0000000000000000e+00
4.0000000000000002e-01
-4.5001562131868522e-01
1.2072375027802393e+00
-2.6764425687375570e-01
3.9735051721833726e-04
1.2894593169246214e+01
1.5517632919771099e+01
5.9999999999999998e-01
-1.0000000000000001e-01
0.0000000000000000e+00
4.0000000000000002e-01
-4.1768584830986183e-01
1.1335012404885696e+00
-4.8739287786069418e-01
3.9735051721833726e-04
1.3486313610229985e+01
1.4071153298241521e+01
5.9999999999999998e-01
-1.0000000000000001e-01
0.0000000000000000e+00
4.0000000000000002e-01
-7.6943456880116678e-01
1.1465788129535124e+00
-4.1326976530137566e-01
3.9735051721833726e-04
1.3486313610229985e+01
1.4279308900458242e+01
5.9999999999999998e-01
-1.0000000000000001e-01
0.0000000000000000e+00
4.0000000000000002e-01
1.9683491953348892e-01
1.2295852222409651e+00
-5.3287710063043137e-01
3.9735051721833726e-04
1.3127370582972064e+01
1.4536978510243321e+01
5.9999999999999998e-01
-1.0000000000000001e-01
0.0000000000000000e+00
4.0000000000000002e-01
1.3711826094126478e-01
1.2165695540872024e+00
-6.1484296097303826e-01
3.9735051721833726e-04
1.2692867693756119e+01
1.5014975819212818e+01
5.9999999999999998e-01
-1.0000000000000001e-01
0.0000000000000000e+00
4.0000000000000002e-01
5.5076671131586796e-01
1.2006535521712707e+00
-9.7263396873022512e-01
3.9735051721833726e-04
1.2232647914704277e+01
1.4661405873519803e+01
5.9999999999999998e-01
-1.0000000000000001e-01
0.0000000000000000e+00
4.0000000000000002e-01
9.2099512227511171e-01
1.1838126226630616e+00
-5.6649009152199215e-01
3.9735051721833726e-04
1.1553044886406852e+01
1.4316029443812990e+01
5.9999999999999998e-01
-1.0000000000000001e-01
0.0000000000000000e+00
4.0000000000000002e-01
6.2869489320254091e-01
1.1479704788443255e+00
-7.5455082519794892e-01
3.9735051721833726e-04
1.1438715941723776e+01
1.4843476150406026e+01
5.9999999999999998e-01
-1.0000000000000001e-01
0.0000000000000000e+00
4.0000000000000002e-01
6.9880200841164353e-01
1.1488131988760639e+00
-2.5050553127075631e-01
3.9735051721833726e-04
1.1531952278580857e+01
1.5937976304662847e+01
5.9999999999999998e-01
-1.0000000000000001e-01
0.0000000000000000e+00
4.0000000000000002e-01
8.3609827973580120e-01
1.1485489900228192e+00
-2.8891403614427047e-01
3.9735051721833726e-04
1.1100130646195602e+01
1.5861323098314427e+01
5.9999999999999998e-01
-1.0000000000000001e-01
0.0000000000000000e+00
4.0000000000000002e-01
8.5995255925392855e-01
1.2608866713163067e+00
-8.3577011464978657e-01
3.9735051721833726e-04
1.0669946806397627e+01
1.5592167460953316e+01
5.9999999999999998e-01
-1.0000000000000001e-01
0.0000000000000000e+00
4.0000000000000002e-01
8.5995255925392855e-01
1.3979482450601270e+00
-4.0673405065084900e-01
3.9735051721833726e-04
1.0505146002871323e+01
1.5365730442886671e+01
5.9999999999999998e-01
-1.0000000000000001e-01
0.0000000000000000e+00
4.0000000000000002e-01
7.0726193167900786e-01
1.3435088627454452e+00
-7.6862812920357193e-01
3.9735051721833726e-04
1.0593809734386729e+01
1.5419224987213930e+01
5.9999999999999998e-01
-1.0000000000000001e-01
0.0000000000000000e+00
4.0000000000000002e-01
8.1942383386826256e-01
1.4614259786721879e+00
-1.9973455115105118e-01
3.9735051721833726e-04
1.0512637935680676e+01
1.5089080833678565e+01
5.9999999999999998e-01
-1.0000000000000001e-01
0.0000000000000000e+00
4.0000000000000002e-01
8.6754420050120096e-01
1.4057985675301963e+00
-7.2449960752274001e-01
3.9735051721833726e-04
1.0614360605282116e+01
1.4949447068606935e+01
5.9999999999999998e-01
-1.0000000000000001e-01
0.0000000000000000e+00
4.0000000000000002e-01
4.0101189427709327e-01
1.4671634542909080e+00
-8.7694831325556244e-01
3.9735051721833726e-04
1.0991612566178071e+01
1.4922529491817079e+01
5.9999999999999998e-01
-1.0000000000000001e-01
0.0000000000000000e+00
4.0000000000000002e-01
3.8876356132960066e-01
1.5481547660794670e+00
-7.8919670536066500e-01
3.9735051721833726e-04
1.0136760241453874e+01
1.6202474868332470e+01
5.9999999999999998e-01
-1.0000000000000001e-01
0.0000000000000000e+00
4.0000000000000002e-01
1.0075382061934218e-01
1.4402123571303302e+00
-8.0258215389098131e-01
3.9735051721833726e-04
1.0155156914060344e+01
1.6732480782864116e+01
5.9999999999999998e-01
-1.0000000000000001e-01
0.0000000000000000e+00
4.0000000000000002e-01
3.7350720473265392e-01
1.4181713294949942e+00
-9.7134524128283461e-01
3.9735051721833726e-04
1.0078517825072041e+01
1.6942790717480204e+01
5.9999999999999998e-01
-1.0000000000000001e-01
0.0000000000000000e+00
4.0000000000000002e-01
5.2792543849704110e-02
1.4671112971272879e+00
-9.7971312723006210e-01
3.9735051721833726e-04
9.6384673676540746e+00
1.6598027107713243e+01
5.9999999999999998e-01
-1.0000000000000001e-01
0.0000000000000000e+00
4.0000000000000002e-01
2.2276290603613594e-01
1.4271143701043538e+00
-4.3396884403075187e-01
3.9735051721833726e-04
1.0311518635516395e+01
1.6307171142694973e+01
5.9999999999999998e-01
-1.0000000000000001e-01
0.0000000000000000e+00
4.0000000000000002e-01
3.8433826514219982e-01
1.3525275484886579e+00
-7.6133073410834284e-01
3.9735051721833726e-04
1.0346202588742006e+01
1.6102353063446902e+01
5.9999999999999998e-01
-1.0000000000000001e-01
0.0000000000000000e+00
4.0000000000000002e-01
4.7121331997847304e-01
1.3525948841389828e+00
-9.9800159863079996e-01
3.9735051721833726e-04
9.8637418112804767e+00
1.5466037911397835e+01
5.9999999999999998e-01
-1.0000000000000001e-01
0.0000000000000000e+00
4.0000000000000002e-01
6.3721276961898554e-01
1.4502594680604153e+00
-4.3088192633236855e-01
3.9735051721833726e-04
9.7431052229454398e+00
1.4315764779073618e+01
5.9999999999999998e-01
-1.0000000000000001e-01
0.0000000000000000e+00
4.0000000000000002e-01
-1.6965542205812978e-02
1.3656065461453610e+00
-6.6127177885617228e-01
3.9735051721833726e-04
9.8283284357836127e+00
1.4898954963905236e+01
5.9999999999999998e-01
-1.0000000000000001e-01
0.0000000000000000e+00
4.0000000000000002e-01
-6.1362332883590687e-01
1.2468151116189177e+00
-3.8936507782782531e-01
3.9735051721833726e-04
9.8614636591722853e+00
1.5001669121009730e+01
5.9999999999999998e-01
-1.0000000000000001e-01
0.0000000000000000e+00
4.0000000000000002e-01
-6.5811762514823902e-01
1.3910656599816495e+00
-8.4183178386534663e-01
3.9735051721833726e-04
9.8339348427107218e+00
1.4814781652612114e+01
5.9999999999999998e-01
-1.0000000000000001e-01
0.0000000000000000e+00
4.0000000000000002e-01
-7.0414913836235038e-01
1.2821258793887311e+00
-3.3375773868407221e-01
3.9735051721833726e-04
1.0183886711960065e+01
1.4273882483167077e+01
5.9999999999999998e-01
-1.0000000000000001e-01
0.0000000000000000e+00
4.0000000000000002e-01
3.4999644812828068e-01
1.1875910374936276e+00
-4.5698193854536029e-01
3.9735051721833726e-04
9.9560307494451887e+00
1.3865869727346549e+01
5.9999999999999998e-01
-1.0000000000000001e-01
0.0000000000000000e+00
4.0000000000000002e-01
4.3527065333610537e-01
1.0776789883193187e+00
-6.1570430881227467e-01
3.9735051721833726e-04
1.0040723439221608e+01
1.4660567842039713e+01
5.9999999999999998e-01
-1.0000000000000001e-01
0.0000000000000000e+00
4.0000000000000002e-01
2.6838740643745429e-01
1.1546715124365503e+00
-5.5667424332699844e-01
3.9735051721833726e-04
1.0261482079987752e+01
1.4108013848576197e+01
5.9999999999999998e-01
-1.0000000000000001e-01
0.0000000000000000e+00
4.0000000000000002e-01
2.6392863091712959e-01
1.3000964522030765e+00
-5.5667424332699844e-01
3.9735051721833726e-04
8.9865783087065108e+00
1.4169948730233560e+01
5.9999999999999998e-01
-1.0000000000000001e-01
0.0000000000000000e+00
4.0000000000000002e-01
2.9150626715904243e-01
1.1968708470132763e+00
-5.5667424332699844e-01
3.9735051721833726e-04
8.7542550376703634e+00
1.4183426437142741e+01
5.9999999999999998e-01
-1.0000000000000001e-01
0.0000000000000000e+00
4.0000000000000002e-01
8.6976908801755082e-01
1.3412648109462673e+00
-9.5880891453824102e-01
3.9735051721833726e-04
9.1793799809267398e+00
1.3770922538998972e+01
5.9999999999999998e-01
-1.0000000000000001e-01
0.0000000000000000e+00
4.0000000000000002e-01
7.0205296694001329e-01
1.3145410720374995e+00
-8.1571247350773879e-01
3.9735051721833726e-04
9.3742226443340648e+00
1.4116170177969586e+01
5.9999999999999998e-01
-1.0000000000000001e-01
0.0000000000000000e+00
4.0000000000000002e-01
2.7410661517342705e-01
1.3594901615646295e+00
-4.0016413580975607e-01
3.9735051721833726e-04
9.4052480778744094e+00
1.4116170177969586e+01
5.9999999999999998e-01
-1.0000000000000001e-01
0.0000000000000000e+00
4.0000000000000002e-01
4.5874593018254417e-01
1.3727574091222696e+00
-7.7920025598607134e-01
3.9735051721833726e-04
1.0560708320242689e+01
1.2917548645648610e+01
5.9999999999999998e-01
-1.0000000000000001e-01
0.0000000000000000e+00
4.0000000000000002e-01
4.5874593018254417e-01
1.2672714822557380e+00
-7.8002222072682448e-01
3.9735051721833726e-04
1.0516318208081053e+01
1.2069706041726720e+01
5.9999999999999998e-01
-1.0000000000000001e-01
0.0000000000000000e+00
4.0000000000000002e-01
-3.9425076009074078e-01
1.3731529855993201e+00
-8.0480500590405535e-01
3.9735051721833726e-04
1.0919683390957639e+01
1.1858993748936307e+01
5.9999999999999998e-01
-1.0000000000000001e-01
0.0000000000000000e+00
4.0000000000000002e-01
-9.3781295628586647e-01
1.3841608422067573e+00
-5.8353737485013080e-01
3.9735051721833726e-04
1.0832964167100712e+01
1.1145950498792779e+01
5.9999999999999998e-01
-1.0000000000000001e-01
0.0000000000000000e+00
4.0000000000000002e-01
4.3685901074370503e-01
1.3638824923303534e+00
-2.5598117437563012e-01
3.9735051721833726e-04
1.0788903555375859e+01
1.1550966760131967e+01
5.9999999999999998e-01
-1.0000000000000001e-01
0.0000000000000000e+00
4.0000000000000002e-01
8.7793824105223772e-01
1.3784827575352598e+00
-4.1721433725557394e-01
3.9735051721833726e-04
1.0368064496022983e+01
1.1538029772031559e+01
5.9999999999999998e-01
-1.0000000000000001e-01
0.0000000000000000e+00
4.0000000000000002e-01
2.0314042596778031e-01
1.4289303095605781e+00
-2.6438259329996172e-01
3.9735051721833726e-04
9.9385539264505329e+00
1.1538029772031559e+01
5.9999999999999998e-01
-1.0000000000000001e-01
0.0000000000000000e+00
4.0000000000000002e-01
6.2499930337702991e-01
1.3071617474821022e+00
-2.1513291265583712e-02
3.9735051721833726e-04
9.9268470586364685e+00
1.1538029772031559e+01
5.9999999999999998e-01
-1.0000000000000001e-01
0.0000000000000000e+00
4.0000000000000002e-01
7.7488957331216102e-01
1.2590596075323037e+00
-2.5549403872690268e-01
7.8326916426919478e-04
9.9214883805339742e+00
1.1408666875946771e+01
5.9999999999999998e-01
-1.0000000000000001e-01
0.0000000000000000e+00
4.0000000000000002e-01
6.0536174879109628e-01
1.2387584169697574e+00
-5.8244659867487025e-01
7.8326916426919478e-04
9.0388995380227968e+00
1.1343331393587839e+01
5.9999999999999998e-01
-1.0000000000000001e-01
0.0000000000000000e+00
4.0000000000000002e-01
4.5224580869710213e-01
1.2371245713424495e+00
-7.6769555654726096e-01
7.8326916426919478e-04
8.7410656542604368e+00
1.1606323726463566e+01
5.9999999999999998e-01
-1.0000000000000001e-01
0.0000000000000000e+00
4.0000000000000002e-01
-6.0713033481800793e-01
1.2368631653976252e+00
-6.4570215906716077e-02
7.8326916426919478e-04
8.9195538968866259e+00
1.1559516282367953e+01
5.9999999999999998e-01
-1.0000000000000001e-01
0.0000000000000000e+00
4.0000000000000002e-01
-3.4026330448055503e-01
1.3477457912158777e+00
-6.4119429048500121e-01
7.8326916426919478e-04
8.4531424434011377e+00
1.0517694713163623e+01
5.9999999999999998e-01
-1.0000000000000001e-01
0.0000000000000000e+00
4.0000000000000002e-01
8.3441031866407156e-01
1.2993398645412733e+00
-6.4119429048500121e-01
7.8326916426919478e-04
8.6132687808567230e+00
1.1262799335259446e+01
5.9999999999999998e-01
-1.0000000000000001e-01
0.0000000000000000e+00
4.0000000000000002e-01
3.3112079077100520e-01
1.3502927798819353e+00
-6.8955870684585641e-01
7.8326916426919478e-04
7.7632995433726855e+00
1.1514074295002469e+01
5.9999999999999998e-01
-1.0000000000000001e-01
0.0000000000000000e+00
4.0000000000000002e-01
1.0320426934098970e-01
1.3295894758295823e+00
-4.6774030384025644e-01
9.6751238137982856e-04
7.7312003422149962e+00
1.1811572249967108e+01
5.9999999999999998e-01
-1.0000000000000001e-01
0.0000000000000000e+00
4.0000000000000002e-01
5.8817224972581639e-01
1.2851434903931429e+00
-1.5833485361538002e-01
9.6751238137982856e-04
8.6106993961700748e+00
1.1989831092196951e+01
5.9999999999999998e-01
-1.0000000000000001e-01
0.0000000000000000e+00
4.0000000000000002e-01
7.7241482847070464e-01
1.2896400104951671e+00
4.3268371451296733e-01
9.6751238137982856e-04
8.2349561253184032e+00
1.1440392131346714e+01
5.9999999999999998e-01
-1.0000000000000001e-01
0.0000000000000000e+00
4.0000000000000002e-01
-2.0016139961147528e-01
1.3324175495397856e+00
8.4790431398549004e-01
9.6751238137982856e-04
8.5090716326230709e+00
1.1703785389650118e+01
5.9999999999999998e-01
-1.0000000000000001e-01
0.0000000000000000e+00
4.0000000000000002e-01
-3.2351884016039181e-02
1.3370508403074552e+00
3.7396962452330512e-01
9.6751238137982856e-04
8.4360926413530066e+00
1.1703785389650118e+01
5.9999999999999998e-01
-1.0000000000000001e-01
0.0000000000000000e+00
4.0000000000000002e-01
-6.2258152640724396e-01
1.2104548849803021e+00
-9.5482341762400447e-02
9.6751238137982856e-04
9.7143206262582513e+00
1.1404403352725756e+01
5.9999999999999998e-01
-1.0000000000000001e-01
0.0000000000000000e+00
4.0000000000000002e-01
-8.8324747122192593e-01
1.2164936500531247e+00
1.0742157209315223e-01
9.6751238137982856e-04
1.0158941724299785e+01
1.1321411952364697e+01
5.9999999999999998e-01
-1.0000000000000001e-01
0.0000000000000000e+00
4.0000000000000002e-01
-9.2211914933586325e-01
1.1526670865756086e+00
1.8706884521641653e-01
9.6751238137982856e-04
1.0149472785516974e+01
1.1680151406663906e+01
5.9999999999999998e-01
-1.0000000000000001e-01
0.0000000000000000e+00
4.0000000000000002e-01
-5.6591354168319907e-01
1.1223745398264935e+00
7.2658869079896127e-01
9.6751238137982856e-04
9.5595197861635661e+00
1.1572116919222726e+01
5.9999999999999998e-01
-1.0000000000000001e-01
0.0000000000000000e+00
4.0000000000000002e-01
-9.0073345161342833e-01
1.1289736065608074e+00
4.7218297641955953e-02
9.6751238137982856e-04
9.2880197411024543e+00
1.1255072902503862e+01
5.9999999999999998e-01
-1.0000000000000001e-01
0.0000000000000000e+00
4.0000000000000002e-01
-9.0073345161342833e-01
1.1528233477812817e+00
-3.3563935526064720e-01
9.6751238137982856e-04
9.4074933325493308e+00
1.1216065751377000e+01
5.9999999999999998e-01
-1.0000000000000001e-01
0.0000000000000000e+00
4.0000000000000002e-01
-4.9619512415790779e-01
1.1736929745417646e+00
-9.7050583012751424e-01
9.6751238137982856e-04
9.1189139281952354e+00
1.2531306951108828e+01
5.9999999999999998e-01
-1.0000000000000001e-01
0.0000000000000000e+00
4.0000000000000002e-01
-5.2871257401371219e-01
1.1022206412297300e+00
-9.2757748924545136e-01
9.6751238137982856e-04
1.0873862714096305e+01
1.2531306951108828e+01
5.9999999999999998e-01
-1.0000000000000001e-01
0.0000000000000000e+00
4.0000000000000002e-01
-2.7559414006138067e-01
1.0534142304402401e+00
-7.7718112312606658e-01
9.6751238137982856e-04
1.0569446054621931e+01
1.2461228777829067e+01
5.9999999999999998e-01
-1.0000000000000001e-01
0.0000000000000000e+00
4.0000000000000002e-01
-6.8652757264042119e-01
1.0696200149994899e+00
-5.6002868516720017e-01
9.6751238137982856e-04
1.0069553958400485e+01
1.2508047786715885e+01
5.9999999999999998e-01
-1.0000000000000001e-01
0.0000000000000000e+00
4.0000000000000002e-01
-8.0451344914102774e-01
1.1103846524697352e+00
7.2822312967502389e-01
9.6751238137982856e-04
9.9093659786128967e+00
1.2396691820386311e+01
5.9999999999999998e-01
-1.0000000000000001e-01
0.0000000000000000e+00
4.0000000000000002e-01
-6.0698765940332633e-01
1.1334149171453525e+00
2.1286934459232609e-01
9.6751238137982856e-04
1.0480226352586744e+01
1.1650528190645835e+01
5.9999999999999998e-01
-1.0000000000000001e-01
0.0000000000000000e+00
4.0000000000000002e-01
5.8608156972265024e-01
1.2206343794208574e+00
4.7839449727558414e-01
9.6751238137982856e-04
1.0346591703369615e+01
1.1623574219632408e+01
5.9999999999999998e-01
-1.0000000000000001e-01
0.0000000000000000e+00
4.0000000000000002e-01
7.8922145359849705e-01
1.2365518243652394e+00
9.1274525964283271e-01
9.6751238137982856e-04
1.1425944999195035e+01
1.1815691043424867e+01
5.9999999999999998e-01
-1.0000000000000001e-01
0.0000000000000000e+00
4.0000000000000002e-01
6.9510555022096410e-01
1.4735506112915089e+00
9.1274525964283271e-01
9.6751238137982856e-04
1.1732439235187467e+01
1.0656874869752190e+01
5.9999999999999998e-01
-1.0000000000000001e-01
0.0000000000000000e+00
4.0000000000000002e-01
8.5786308758592389e-01
1.3754055021148732e+00
9.3043016718351168e-01
9.6751238137982856e-04
1.2036696233935054e+01
1.1863068287062905e+01
5.9999999999999998e-01
-1.0000000000000001e-01
0.0000000000000000e+00
4.0000000000000002e-01
2.6846248381471427e-01
1.3839435642328672e+00
6.3431630538427153e-01
9.6751238137982856e-04
1.2997413380685593e+01
1.1294388569693528e+01
5.9999999999999998e-01
-1.0000000000000001e-01
0.0000000000000000e+00
4.0000000000000002e-01
4.6901721709108141e-01
1.3392719572749547e+00
8.4543271319591318e-01
1.5596135082890845e-03
1.2465056255142535e+01
1.1294388569693528e+01
5.9999999999999998e-01
-1.0000000000000001e-01
0.0000000000000000e+00
4.0000000000000002e-01
8.5881346934175284e-01
1.2623651345637255e+00
8.4543271319591318e-01
1.5596135082890845e-03
1.2556180444042528e+01
1.1191387275408468e+01
5.9999999999999998e-01
-1.0000000000000001e-01
0.0000000000000000e+00
4.0000000000000002e-01
-2.9737435647489791e-02
1.2227474128868989e+00
8.4543271319591318e-01
1.5596135082890845e-03
1.2637531777805979e+01
1.1203498879622183e+01
5.9999999999999998e-01
-1.0000000000000001e-01
0.0000000000000000e+00
4.0000000000000002e-01
7.2563886278009204e-01
1.2503432366517000e+00
7.1933503823005474e-01
1.5596135082890845e-03
1.2644310256428415e+01
1.1704706304322443e+01
5.9999999999999998e-01
-1.0000000000000001e-01
0.0000000000000000e+00
4.0000000000000002e-01
5.9149463229512955e-01
1.2587725779083185e+00
7.1933503823005474e-01
1.5596135082890845e-03
1.3144570172912770e+01
1.0798349370609484e+01
5.9999999999999998e-01
-1.0000000000000001e-01
0.0000000000000000e+00
4.0000000000000002e-01
7.5364875846242696e-01
1.2264950173166209e+00
8.1887860076152597e-01
1.5596135082890845e-03
1.2903466163165266e+01
1.0340830253611765e+01
5.9999999999999998e-01
-1.0000000000000001e-01
0.0000000000000000e+00
4.0000000000000002e-01
4.7489372514819889e-01
1.0203552451994833e+00
9.6668520467006480e-01
1.5596135082890845e-03
1.3103945140130218e+01
1.0445011176716051e+01
5.9999999999999998e-01
-1.0000000000000001e-01
0.0000000000000000e+00
4.0000000000000002e-01
-4.5545533758887857e-01
1.0197862690058166e+00
9.6668520467006480e-01
1.5596135082890845e-03
1.3542490802294905e+01
1.0295762138243280e+01
5.9999999999999998e-01
-1.0000000000000001e-01
0.0000000000000000e+00
4.0000000000000002e-01
-2.1877904338130566e-01
9.7795959692863765e-01
6.4410745279514114e-01
1.5596135082890845e-03
1.3049294979459937e+01
9.6438992308336111e+00
5.9999999999999998e-01
-1.0000000000000001e-01
0.0000000000000000e+00
4.0000000000000002e-01
1.5199081974735640e-01
9.2557367306618055e-01
6.4410745279514114e-01
1.5596135082890845e-03
1.3117573640830214e+01
9.6787289040046556e+00
5.9999999999999998e-01
-1.0000000000000001e-01
0.0000000000000000e+00
4.0000000000000002e-01
1.5199081974735640e-01
1.0167285357084688e+00
6.4410745279514114e-01
1.5596135082890845e-03
1.2238521478659806e+01
9.3904643798130394e+00
5.9999999999999998e-01
-1.0000000000000001e-01
0.0000000000000000e+00
4.0000000000000002e-01
4.0086862760296249e-01
9.2381631922392216e-01
5.2572862105094709e-01
1.5596135082890845e-03
1.1680862363017496e+01
9.0547407174366352e+00
5.9999999999999998e-01
-1.0000000000000001e-01
0.0000000000000000e+00
4.0000000000000002e-01
-2.6593200964221569e-01
8.6615606307653747e-01
5.3047973008477001e-01
1.5596135082890845e-03
1.1750200244653371e+01
9.5719529235618932e+00
5.9999999999999998e-01
-1.0000000000000001e-01
0.0000000000000000e+00
4.0000000000000002e-01
2.9293014358558328e-03
8.2063701915411313e-01
9.3271919341408516e-01
1.5596135082890845e-03
1.2433044767248777e+01
9.4747592801111562e+00
5.9999999999999998e-01
-1.0000000000000001e-01
0.0000000000000000e+00
4.0000000000000002e-01
5.9442973154297252e-01
7.6431906042663422e-01
6.9219689936959050e-01
1.5596135082890845e-03
1.2230995464193967e+01
9.3013190979021410e+00
5.9999999999999998e-01
-1.0000000000000001e-01
0.0000000000000000e+00
4.0000000000000002e-01
2.3857908206692122e-01
8.4939499030677645e-01
8.3866521330200938e-01
1.5596135082890845e-03
1.2089518540966656e+01
9.5418545083957511e+00
5.9999999999999998e-01
-1.0000000000000001e-01
0.0000000000000000e+00
4.0000000000000002e-01
-1.6140554112681962e-01
9.8987143669692845e-01
9.4146165610873012e-01
1.5596135082890845e-03
1.1543927374351171e+01
8.5846016036229926e+00
5.9999999999999998e-01
-1.0000000000000001e-01
0.0000000000000000e+00
4.0000000000000002e-01
5.3066278870014166e-02
7.3063573933808190e-01
8.0626341404043944e-01
1.5596135082890845e-03
1.1455906545984890e+01
8.0171214567380744e+00
5.9999999999999998e-01
-1.0000000000000001e-01
0.0000000000000000e+00
4.0000000000000002e-01
8.6338247912636179e-01
7.3594328380791529e-01
9.4009640143834861e-01
1.5596135082890845e-03
1.1671859039235260e+01
8.0280363397556140e+00
5.9999999999999998e-01
-1.0000000000000001e-01
0.0000000000000000e+00
4.0000000000000002e-01
3.5995708930006404e-01
7.6290496898857940e-01
9.4009640143834861e-01
1.5596135082890845e-03
1.2295279051232484e+01
7.2433198647456960e+00
5.9999999999999998e-01
-1.0000000000000001e-01
0.0000000000000000e+00
4.0000000000000002e-01
4.2592162656298060e-01
7.7710380245415556e-01
7.9387210281216414e-01
1.5596135082890845e-03
1.2291339908781797e+01
6.9319256262737117e+00
5.9999999999999998e-01
-1.0000000000000001e-01
0.0000000000000000e+00
4.0000000000000002e-01
2.2727810668459314e-01
9.3122419421790226e-01
7.9387210281216414e-01
1.5596135082890845e-03
1.2291339908781797e+01
6.8902007983880837e+00
5.9999999999999998e-01
-1.0000000000000001e-01
0.0000000000000000e+00
4.0000000000000002e-01
-3.1319532466420752e-01
9.2590984552023980e-01
9.4794335277401720e-01
1.5596135082890845e-03
1.1844484389814884e+01
6.7277646558242639e+00
5.9999999999999998e-01
-1.0000000000000001e-01
0.0000000000000000e+00
4.0000000000000002e-01
3.9950818705072771e-01
9.3219459249494652e-01
7.4214177162968431e-01
1.5596135082890845e-03
1.1544067109617741e+01
7.1619748668628533e+00
5.9999999999999998e-01
-1.0000000000000001e-01
0.0000000000000000e+00
4.0000000000000002e-01
7.6986777948847174e-01
8.1000993825910672e-01
7.4214177162968431e-01
1.5596135082890845e-03
1.1544067109617741e+01
6.9408639604109128e+00
5.9999999999999998e-01
-1.0000000000000001e-01
0.0000000000000000e+00
4.0000000000000002e-01
5.5911146807184575e-01
8.4119533874509911e-01
8.3494800956570425e-01
1.5596135082890845e-03
1.2225212743374854e+01
6.7453474098699884e+00
5.9999999999999998e-01
-1.0000000000000001e-01
0.0000000000000000e+00
4.0000000000000002e-01
3.9392150391524794e-01
7.0488724257467361e-01
8.3494800956570425e-01
1.5596135082890845e-03
1.2063691640328019e+01
6.9326982611673671e+00
5.9999999999999998e-01
-1.0000000000000001e-01
0.0000000000000000e+00
4.0000000000000002e-01
6.8792283688372136e-01
8.6102451034305671e-01
8.3494800956570425e-01
1.5596135082890845e-03
1.1786475021074862e+01
7.0852822834509208e+00
5.9999999999999998e-01
-1.0000000000000001e-01
0.0000000000000000e+00
4.0000000000000002e-01
9.7226249490564820e-01
7.6439475270031076e-01
9.1419686736189643e-01
1.5596135082890845e-03
1.1946551957409232e+01
7.0559946754830678e+00
5.9999999999999998e-01
-1.0000000000000001e-01
0.0000000000000000e+00
4.0000000000000002e-01
6.8149258409327018e-01
6.9760291435239885e-01
6.7845003099762713e-01
1.5596135082890845e-03
1.1301060270945877e+01
7.0924400890129409e+00
5.9999999999999998e-01
-1.0000000000000001e-01
0.0000000000000000e+00
4.0000000000000002e-01
3.5080769096201408e-01
6.8285779269455049e-01
8.9739798487746025e-01
1.5596135082890845e-03
1.1064001744295807e+01
6.8845801956907753e+00
5.9999999999999998e-01
-1.0000000000000001e-01
0.0000000000000000e+00
4.0000000000000002e-01
3.7405103300398340e-01
7.0970076437709895e-01
7.8847481744014525e-01
1.5596135082890845e-03
1.0498967653568238e+01
7.0900769464627746e+00
5.9999999999999998e-01
-1.0000000000000001e-01
0.0000000000000000e+00
4.0000000000000002e-01
3.7405103300398340e-01
7.2450276455698581e-01
5.7659793452941677e-01
1.5596135082890845e-03
1.0194504386014874e+01
7.1149010591165069e+00
5.9999999999999998e-01
-1.0000000000000001e-01
0.0000000000000000e+00
4.0000000000000002e-01
5.8112162981813897e-01
7.7269331869898417e-01
5.6335277625941538e-01
1.5596135082890845e-03
1.0849560675598317e+01
6.4606309004084110e+00
5.9999999999999998e-01
-1.0000000000000001e-01
0.0000000000000000e+00
4.0000000000000002e-01
3.6131071720903862e-01
8.4685644302187546e-01
5.4367748187505505e-01
1.5596135082890845e-03
1.1145708549596005e+01
6.6899542299055401e+00
5.9999999999999998e-01
-1.0000000000000001e-01
0.0000000000000000e+00
4.0000000000000002e-01
-5.1591270949059964e-01
6.0182437143145195e-01
6.9455362366163031e-01
1.5596135082890845e-03
1.0486045787311726e+01
6.6899542299055401e+00
5.9999999999999998e-01
-1.0000000000000001e-01
0.0000000000000000e+00
4.0000000000000002e-01
-7.3670741345101831e-01
5.6680094764052025e-01
6.9455362366163031e-01
4.2854045063756485e-04
9.9689617013704108e+00
7.2047527966045681e+00
5.9999999999999998e-01
-1.0000000000000001e-01
0.0000000000000000e+00
4.0000000000000002e-01
-7.8313062171751491e-01
7.0570611951170559e-01
1.0078486011945509e-01
4.2854045063756485e-04
9.3172427481185736e+00
6.2987723019861521e+00
5.9999999999999998e-01
-1.0000000000000001e-01
0.0000000000000000e+00
4.0000000000000002e-01
-2.7324083189779746e-01
6.1445857984243024e-01
-1.5776146544492931e-01
4.2854045063756485e-04
8.9785658260952754e+00
6.7524633792185131e+00
5.9999999999999998e-01
-1.0000000000000001e-01
0.0000000000000000e+00
4.0000000000000002e-01
9.2743611831849593e-01
6.1434179431615465e-01
-5.6512167347944464e-01
4.2854045063756485e-04
9.0272055408131404e+00
5.9424551841759028e+00
5.9999999999999998e-01
-1.0000000000000001e-01
0.0000000000000000e+00
4.0000000000000002e-01
8.7567978602534313e-01
5.7081852847753167e-01
-3.7147063954151349e-01
4.2854045063756485e-04
9.0331170937191771e+00
6.0392966446422864e+00
5.9999999999999998e-01
-1.0000000000000001e-01
0.0000000000000000e+00
4.0000000000000002e-01
8.1182219636326813e-01
5.3126895851312272e-01
4.2131197468959608e-01
1.6163176867415763e-03
9.1768545469414509e+00
6.3458581593775083e+00
5.9999999999999998e-01
-1.0000000000000001e-01
0.0000000000000000e+00
4.0000000000000002e-01
8.1182219636326813e-01
5.8567302579103098e-01
5.3633818464004313e-01
1.6163176867415763e-03
9.1797851832728909e+00
6.8959065672897628e+00
5.9999999999999998e-01
-1.0000000000000001e-01
0.0000000000000000e+00
4.0000000000000002e-01
8.2979647022372260e-01
7.4401750427899938e-01
8.2794548468314921e-01
1.6163176867415763e-03
9.3554010214429439e+00
6.8721658569716748e+00
5.9999999999999998e-01
-1.0000000000000001e-01
0.0000000000000000e+00
4.0000000000000002e-01
2.9479571996984644e-02
7.2155037957845314e-01
4.9687386350356855e-01
1.6163176867415763e-03
8.7722059818130074e+00
6.4671860708811231e+00
5.9999999999999998e-01
-1.0000000000000001e-01
0.0000000000000000e+00
4.0000000000000002e-01
-1.0792221206540092e-01
7.8282414526162725e-01
4.9687386350356855e-01
1.6163176867415763e-03
9.0607329310994693e+00
5.6137313379862253e+00
5.9999999999999998e-01
-1.0000000000000001e-01
0.0000000000000000e+00
4.0000000000000002e-01
3.7341997158413909e-01
8.4810213236926191e-01
8.8748593287193089e-01
1.6163176867415763e-03
9.3512383269291455e+00
5.1599207415201604e+00
5.9999999999999998e-01
-1.0000000000000001e-01
0.0000000000000000e+00
4.0000000000000002e-01
3.7341997158413909e-01
9.1067395307166576e-01
9.0704414190375116e-01
1.6163176867415763e-03
1.0582906672559316e+01
5.7309529914476816e+00
5.9999999999999998e-01
-1.0000000000000001e-01
0.0000000000000000e+00
4.0000000000000002e-01
-3.5226710546130163e-01
8.4237977995021340e-01
7.7500320518039967e-01
1.6163176867415763e-03
1.0438339138231809e+01
5.5859309210398145e+00
5.9999999999999998e-01
-1.0000000000000001e-01
0.0000000000000000e+00
4.0000000000000002e-01
-7.3506099510306333e-01
7.9918320529205789e-01
8.0463502594851743e-01
1.6163176867415763e-03
1.0605602622232968e+01
5.4041036366441197e+00
5.9999999999999998e-01
-1.0000000000000001e-01
0.0000000000000000e+00
4.0000000000000002e-01
-6.1168803255373450e-01
8.0082765986068238e-01
9.4423530051135307e-01
1.6163176867415763e-03
1.0904709089003140e+01
5.4041036366441197e+00
5.9999999999999998e-01
-1.0000000000000001e-01
0.0000000000000000e+00
4.0000000000000002e-01
-9.7155202376955951e-01
7.6989904977424128e-01
9.4423530051135307e-01
1.6163176867415763e-03
1.0609308693013721e+01
5.3659393786408849e+00
5.9999999999999998e-01
-1.0000000000000001e-01
0.0000000000000000e+00
4.0000000000000002e-01
-7.8445412623995747e-01
7.7505223043305860e-01
9.4423530051135307e-01
1.6163176867415763e-03
1.0373459094963604e+01
5.0480679719664998e+00
5.9999999999999998e-01
-1.0000000000000001e-01
0.0000000000000000e+00
4.0000000000000002e-01
-7.2310908782595607e-01
7.8972022838933464e-01
9.4423530051135307e-01
1.6163176867415763e-03
1.0676729633114869e+01
5.0803353308656156e+00
5.9999999999999998e-01
-1.0000000000000001e-01
0.0000000000000000e+00
4.0000000000000002e-01
-3.5715310859793636e-01
8.2942558212621209e-01
9.5445915272109993e-01
1.6163176867415763e-03
1.0847503592274720e+01
5.0649569927670894e+00
5.9999999999999998e-01
-1.0000000000000001e-01
0.0000000000000000e+00
4.0000000000000002e-01
6.6459061621485016e-02
8.2994290413750405e-01
4.5120270048850075e-01
7.9619090736411592e-04
9.8713693218451084e+00
5.1105855165936891e+00
5.9999999999999998e-01
-1.0000000000000001e-01
0.0000000000000000e+00
4.0000000000000002e-01
8.9979076099282285e-01
8.5636581506623011e-01
-1.9456530893570878e-01
7.9619090736411592e-04
9.8713693218451084e+00
6.1239698543867931e+00
5.9999999999999998e-01
-1.0000000000000001e-01
0.0000000000000000e+00
4.0000000000000002e-01
7.9373797607308416e-01
8.0499058457506878e-01
-4.5964331457740759e-01
7.9619090736411592e-04
1.0522748662732178e+01
6.2079994931540350e+00
5.9999999999999998e-01
-1.0000000000000001e-01
0.0000000000000000e+00
4.0000000000000002e-01
6.5519864034539255e-01
7.5917105975044952e-01
-3.2236758433631751e-01
7.9619090736411592e-04
9.8632373826723629e+00
6.6735606372079710e+00
5.9999999999999998e-01
-1.0000000000000001e-01
0.0000000000000000e+00
4.0000000000000002e-01
6.5519864034539255e-01
7.8229280867470485e-01
-2.0847335957340091e-01
7.9619090736411592e-04
9.6796227591257633e+00
6.4379996269664623e+00
5.9999999999999998e-01
-1.0000000000000001e-01
0.0000000000000000e+00
4.0000000000000002e-01
6.5519864034539255e-01
8.0077858247650835e-01
7.1830559171386865e-01
7.9619090736411592e-04
1.0822634078763063e+01
6.8691994607171871e+00
5.9999999999999998e-01
-1.0000000000000001e-01
0.0000000000000000e+00
4.0000000000000002e-01
5.1955890667325055e-01
7.0665526520503741e-01
6.9884451284655236e-01
7.9619090736411592e-04
1.1214708820186193e+01
6.7255939788839676e+00
5.9999999999999998e-01
-1.0000000000000001e-01
0.0000000000000000e+00
4.0000000000000002e-01
3.5393392693882975e-01
6.7089272438777670e-01
4.7679602947317712e-02
7.9619090736411592e-04
1.1662754956088596e+01
7.1829866118452408e+00
5.9999999999999998e-01
-1.0000000000000001e-01
0.0000000000000000e+00
4.0000000000000002e-01
3.9016281484423043e-02
6.9155231057895417e-01
1.9987346973501741e-02
7.9619090736411592e-04
1.2254315090380244e+01
7.4904797404727788e+00
5.9999999999999998e-01
-1.0000000000000001e-01
0.0000000000000000e+00
4.0000000000000002e-01
-7.6750798332804648e-01
7.0376023136215360e-01
1.9987346973501741e-02
7.9619090736411592e-04
1.1965980799696975e+01
8.2646652191600651e+00
5.9999999999999998e-01
-1.0000000000000001e-01
0.0000000000000000e+00
4.0000000000000002e-01
-1.0928764689082116e-01
6.4944049843536766e-01
-3.7415728822699873e-01
7.9619090736411592e-04
1.1737495470247799e+01
8.3275339096507874e+00
5.9999999999999998e-01
-1.0000000000000001e-01
0.0000000000000000e+00
4.0000000000000002e-01
-1.2233268845194786e-01
6.1754374969886683e-01
-2.2658013925305692e-01
7.9619090736411592e-04
1.1571035522423323e+01
8.6838545411548473e+00
5.9999999999999998e-01
-1.0000000000000001e-01
0.0000000000000000e+00
4.0000000000000002e-01
6.9476707857733755e-01
5.1215291679786590e-01
8.5199550538905766e-01
7.9619090736411592e-04
1.1518102391264971e+01
9.4619814589342930e+00
5.9999999999999998e-01
-1.0000000000000001e-01
0.0000000000000000e+00
4.0000000000000002e-01
9.9729364526158371e-01
6.5666372097419645e-01
8.5199550538905766e-01
7.9619090736411592e-04
1.1140220326386029e+01
9.1782953336558197e+00
5.9999999999999998e-01
-1.0000000000000001e-01
0.0000000000000000e+00
4.0000000000000002e-01
5.7612894891558228e-02
6.5151590687917615e-01
6.6465514596783209e-02
7.9619090736411592e-04
1.0647441050611073e+01
9.2075497163182956e+00
5.9999999999999998e-01
-1.0000000000000001e-01
0.0000000000000000e+00
4.0000000000000002e-01
3.4845582616215753e-01
6.6561248032139686e-01
-2.6889057807973715e-01
7.9619090736411592e-04
1.1225108750365312e+01
8.3550365728980758e+00
5.9999999999999998e-01
-1.0000000000000001e-01
0.0000000000000000e+00
4.0000000000000002e-01
4.6600987774020242e-01
6.7463301585005664e-01
-4.6897931151441424e-01
7.9619090736411592e-04
1.1318976830146845e+01
8.4126265866405223e+00
5.9999999999999998e-01
-1.0000000000000001e-01
0.0000000000000000e+00
4.0000000000000002e-01
1.8826328259593050e-01
5.5782164273547075e-01
-2.5120434217504350e-01
7.9619090736411592e-04
1.0891734908721979e+01
8.4623875273114901e+00
5.9999999999999998e-01
-1.0000000000000001e-01
0.0000000000000000e+00
4.0000000000000002e-01
4.0559600573664706e-01
6.2276221666621112e-01
-3.4819266431382989e-01
7.9619090736411592e-04
1.0783181537888581e+01
8.2499617075270866e+00
5.9999999999999998e-01
-1.0000000000000001e-01
0.0000000000000000e+00
4.0000000000000002e-01
1.8087765914088291e-01
6.1484994522618197e-01
-3.4819266431382989e-01
7.9619090736411592e-04
1.0346834988720351e+01
7.5454489325827812e+00
5.9999999999999998e-01
-1.0000000000000001e-01
0.0000000000000000e+00
4.0000000000000002e-01
9.8304725569373175e-01
5.9206391713904294e-01
2.6363093502470158e-01
7.9619090736411592e-04
9.4971392287086775e+00
6.9061443781203486e+00
5.9999999999999998e-01
-1.0000000000000001e-01
0.0000000000000000e+00
4.0000000000000002e-01
5.0152326789384882e-01
5.6750922701643858e-01
2.9517085916944652e-01
7.9619090736411592e-04
1.0793097075648241e+01
5.9116235738343459e+00
5.9999999999999998e-01
-1.0000000000000001e-01
0.0000000000000000e+00
4.0000000000000002e-01
7.5598036554342307e-01
4.3525036416338841e-01
5.3465905703254846e-01
7.9619090736411592e-04
1.0237209212608271e+01
6.2690320199078782e+00
5.9999999999999998e-01
-1.0000000000000001e-01
0.0000000000000000e+00
4.0000000000000002e-01
-6.6793228759730061e-01
4.5991184912012972e-01
3.2245115957804826e-01
7.9619090736411592e-04
1.0038033672995502e+01
6.1402749764456317e+00
5.9999999999999998e-01
-1.0000000000000001e-01
0.0000000000000000e+00
4.0000000000000002e-01
3.3093359336888584e-01
4.5565174696730532e-01
5.3748070560046335e-01
7.9619090736411592e-04
1.0038033672995502e+01
5.1650692241920995e+00
5.9999999999999998e-01
-1.0000000000000001e-01
0.0000000000000000e+00
4.0000000000000002e-01
9.4049837932622227e-01
3.3124087426947507e-01
3.4396886668749949e-01
7.9619090736411592e-04
1.0274421483106547e+01
5.4588245901002459e+00
5.9999999999999998e-01
-1.0000000000000001e-01
0.0000000000000000e+00
4.0000000000000002e-01
8.5510468170678411e-01
2.6907388685034667e-01
4.2644983596750397e-01
7.9619090736411592e-04
1.0051883214540416e+01
6.7079703840150398e+00
5.9999999999999998e-01
-1.0000000000000001e-01
0.0000000000000000e+00
4.0000000000000002e-01
3.8347270891701973e-01
7.7762673488781645e-02
-7.0586339760340233e-02
7.9619090736411592e-04
1.0017742426521712e+01
6.5328909429444826e+00
5.9999999999999998e-01
-1.0000000000000001e-01
0.0000000000000000e+00
4.0000000000000002e-01
3.8347270891701973e-01
1.5198654762432776e-02
9.9398756272741462e-01
4.8890003251959899e-02
9.1300687996815970e+00
6.4706501355118018e+00
5.9999999999999998e-01
-1.0000000000000001e-01
0.0000000000000000e+00
4.0000000000000002e-01
-3.1739468648398123e-01
1.5198654762432776e-02
6.0950042180367636e-01
1.1932094144751652e-02
7.5403641430806454e+00
6.3446661075300437e+00
5.9999999999999998e-01
-1.0000000000000001e-01
0.0000000000000000e+00
4.0000000000000002e-01
-4.3764919950926506e-01
7.6834852061197959e-02
-5.4221064277342612e-01
1.1932094144751652e-02
7.6184435157250698e+00
6.0692995330042105e+00
5.9999999999999998e-01
-1.0000000000000001e-01
0.0000000000000000e+00
4.0000000000000002e-01
-8.4869950129950245e-01
1.1256981440536758e-01
-3.7247571237734611e-01
5.4101347505351137e-03
7.3655757038068108e+00
5.7051637937969435e+00
5.9999999999999998e-01
-1.0000000000000001e-01
0.0000000000000000e+00
4.0000000000000002e-01
-7.7375977232420645e-01
1.0009050463788290e-01
-5.4711538658128211e-01
2.1783907133271319e-02
7.0217170713614756e+00
6.1144397293872101e+00
5.9999999999999998e-01
-1.0000000000000001e-01
0.0000000000000000e+00
4.0000000000000002e-01
-6.5394230916464524e-01
2.5971443979964450e-02
-6.4648722872720188e-01
2.1783907133271319e-02
6.3586269198130898e+00
5.3441326020008786e+00
5.9999999999999998e-01
-1.0000000000000001e-01
0.0000000000000000e+00
4.0000000000000002e-01
-9.1372186973059377e-01
2.5971443979964450e-02
-2.3019722268567513e-01
2.1783907133271319e-02
6.4129045026522213e+00
4.7923256395107963e+00
5.9999999999999998e-01
-1.0000000000000001e-01
0.0000000000000000e+00
4.0000000000000002e-01
-7.4569953157866198e-01
2.5971443979964450e-02
7.8529527231468721e-01
1.3168565769784651e-01
6.0505879135947760e+00
5.4851671395546644e+00
5.9999999999999998e-01
-1.0000000000000001e-01
0.0000000000000000e+00
4.0000000000000002e-01
-3.5566211655104363e-01
2.5971443979964450e-02
9.4246512457146214e-01
1.8487880792014799e-01
6.1654977979283867e+00
5.4081272927767490e+00
5.9999999999999998e-01
-1.0000000000000001e-01
0.0000000000000000e+00
4.0000000000000002e-01
2.4327432767188339e-01
2.5971443979964450e-02
7.8412965244962751e-01
2.4132859923236569e-01
6.1429271163564261e+00
5.5363191721684188e+00
5.9999999999999998e-01
-1.0000000000000001e-01
0.0000000000000000e+00
4.0000000000000002e-01
2.3229992464816362e-01
4.4666636078582005e-02
-6.2284109287546086e-01
2.5130252917401991e-01
6.6393542355071844e+00
5.8440073040968636e+00
5.9999999999999998e-01
-1.0000000000000001e-01
0.0000000000000000e+00
4.0000000000000002e-01
8.5967836574351586e-01
4.4666636078582005e-02
-4.7970324569032596e-01
2.3444967992894850e-01
6.2433126522373499e+00
4.6018288923150763e+00
5.9999999999999998e-01
-1.0000000000000001e-01
0.0000000000000000e+00
4.0000000000000002e-01
7.5899868921077052e-01
8.6076351254210662e-02
3.1525319165899351e-01
1.8169078524701796e-01
5.3855813739966703e+00
4.9637371642238364e+00
5.9999999999999998e-01
-1.0000000000000001e-01
0.0000000000000000e+00
4.0000000000000002e-01
5.1594165042674345e-01
7.1908552019820410e-02
-5.1013583057210843e-01
1.7140050538175308e-01
4.6669123161729527e+00
4.5976208897030810e+00
5.9999999999999998e-01
-1.0000000000000001e-01
0.0000000000000000e+00
4.0000000000000002e-01
-2.3759204685056406e-01
1.7023139080308455e-01
-6.6277569555328297e-01
1.9044649501435959e-01
5.4753188122209258e+00
4.5598022957987050e+00
5.9999999999999998e-01
-1.0000000000000001e-01
0.0000000000000000e+00
4.0000000000000002e-01
4.0770113647615708e-01
1.8800355645917435e-01
-7.5346217118785785e-01
1.6445446755283080e-01
5.7812664318975155e+00
4.5403920052296378e+00
5.9999999999999998e-01
-1.0000000000000001e-01
0.0000000000000000e+00
4.0000000000000002e-01
3.4752473116552629e-01
1.1930149766706009e-01
-5.1407547973678513e-01
1.5020366038673127e-01
4.8062825452681732e+00
4.3122538340932586e+00
5.9999999999999998e-01
-1.0000000000000001e-01
0.0000000000000000e+00
4.0000000000000002e-01
2.6705291391050617e-01
3.7145821443722457e-02
5.5315093255950998e-01
1.3013211687200271e-01
4.4082705732580383e+00
3.7328203512078986e+00
5.9999999999999998e-01
-1.0000000000000001e-01
0.0000000000000000e+00
4.0000000000000002e-01
-2.8975910245740610e-01
1.2892235898129722e-01
4.3876024700119087e-01
9.9640608149697413e-02
4.5891480427380760e+00
4.3217373920327891e+00
5.9999999999999998e-01
-1.0000000000000001e-01
0.0000000000000000e+00
4.0000000000000002e-01
4.2352921665346421e-01
1.3953625567905686e-01
1.0542486354126523e-01
5.1612035828759312e-02
4.3547508072253427e+00
4.7449496609813444e+00
5.9999999999999998e-01
-1.0000000000000001e-01
0.0000000000000000e+00
4.0000000000000002e-01
6.0657013357317247e-01
1.5840959151737477e-01
-1.5023177743540214e-01
3.0003971177270057e-02
4.6971345812227678e+00
4.1651500923282381e+00
5.9999999999999998e-01
-1.0000000000000001e-01
0.0000000000000000e+00
4.0000000000000002e-01
-6.8653731637837556e-02
1.1008579381458547e-01
4.6865349888219426e-01
1.6822935450007560e-02
5.2020276695635266e+00
4.3114755397385833e+00
5.9999999999999998e-01
-1.0000000000000001e-01
0.0000000000000000e+00
4.0000000000000002e-01
7.5532361493146205e-01
2.3725692780964158e-01
5.0770528554334238e-01
7.5057360279490587e-02
5.0749741375591704e+00
4.3114755397385833e+00
5.9999999999999998e-01
-1.0000000000000001e-01
0.0000000000000000e+00
4.0000000000000002e-01
9.1533600792920378e-01
3.2555931125484489e-01
9.6163222193135800e-01
2.7322177770664327e-02
4.3284164846088835e+00
4.0631581937617538e+00
5.9999999999999998e-01
-1.0000000000000001e-01
0.0000000000000000e+00
4.0000000000000002e-01
1.3930582032239222e-01
3.1946105371318845e-01
9.9626383900060234e-01
1.5768906834652055e-02
4.2958838373568007e+00
4.2288171088046314e+00
5.9999999999999998e-01
-1.0000000000000001e-01
0.0000000000000000e+00
4.0000000000000002e-01
-2.4551951077005363e-03
3.3119532333217655e-01
3.7335932354791940e-01
2.6689694377710453e-02
3.6995363623049209e+00
3.9048203861064197e+00
5.9999999999999998e-01
-1.0000000000000001e-01
0.0000000000000000e+00
4.0000000000000002e-01
-6.3027792803311555e-01
2.0460586498580968e-01
-3.5804190207854925e-01
6.8635052058031193e-02
3.3334014386084037e+00
4.1771820081121209e+00
5.9999999999999998e-01
-1.0000000000000001e-01
0.0000000000000000e+00
4.0000000000000002e-01
7.2361747630572115e-01
2.5856235392294918e-01
-3.6367504168883985e-01
6.8324902597000234e-02
2.7778291463997324e+00
3.9607743618733178e+00
5.9999999999999998e-01
-1.0000000000000001e-01
0.0000000000000000e+00
4.0000000000000002e-01
6.8146275289988312e-01
2.9472257406912838e-01
-4.1544425998465245e-01
4.1060340228607294e-02
2.5531175732758000e+00
4.8368613866812478e+00
5.9999999999999998e-01
-1.0000000000000001e-01
0.0000000000000000e+00
4.0000000000000002e-01
9.4120772906279360e-01
3.1834145219527282e-01
-3.9316209111944861e-01
1.1864560949732901e-02
2.4410187289264162e+00
4.3880272356516610e+00
5.9999999999999998e-01
-1.0000000000000001e-01
0.0000000000000000e+00
4.0000000000000002e-01
8.7457205482458866e-01
3.5026772561572594e-01
5.4398311878903682e-01
1.1864560949732901e-02
2.3092865482118095e+00
4.3159727839476361e+00
5.9999999999999998e-01
-1.0000000000000001e-01
0.0000000000000000e+00
4.0000000000000002e-01
3.2597254001235765e-01
3.5456475052140757e-01
-2.8596107487217626e-01
3.6118814694811943e-02
2.4193766068812574e+00
4.6138905806190262e+00
5.9999999999999998e-01
-1.0000000000000001e-01
0.0000000000000000e+00
4.0000000000000002e-01
-7.2174179920198506e-02
3.5655931249164147e-01
6.5748285012085794e-02
6.3313115659286615e-02
2.4193766068812574e+00
5.6798482339552532e+00
5.9999999999999998e-01
-1.0000000000000001e-01
0.0000000000000000e+00
4.0000000000000002e-01
1.6227584325408737e-01
4.1619484820865194e-01
-9.7521288786665639e-01
3.3684436294366953e-02
2.9426645305153092e+00
6.0742743115595461e+00
5.9999999999999998e-01
-1.0000000000000001e-01
0.0000000000000000e+00
4.0000000000000002e-01
4.3128415547942922e-01
3.4778846701882882e-01
-9.8250836395309404e-01
4.6258280786802414e-02
2.6406349208351334e+00
6.4187773592493409e+00
5.9999999999999998e-01
-1.0000000000000001e-01
0.0000000000000000e+00
4.0000000000000002e-01
-5.1418648637199582e-01
3.8583989155195758e-01
-7.8010424040840110e-01
6.4995131614734775e-02
2.6359959341731032e+00
7.3225528143069614e+00
5.9999999999999998e-01
-1.0000000000000001e-01
0.0000000000000000e+00
4.0000000000000002e-01
-5.9654555953407473e-01
4.7739117288492722e-01
6.5640366292907748e-01
6.4995131614734775e-02
3.0220894534286220e+00
6.6743823520562522e+00
5.9999999999999998e-01
-1.0000000000000001e-01
0.0000000000000000e+00
4.0000000000000002e-01
-5.3567096448803131e-01
4.8640104502342746e-01
2.8972265801741637e-01
9.7923043134739041e-02
3.3495822729688252e+00
6.5409351937196130e+00
5.9999999999999998e-01
-1.0000000000000001e-01
0.0000000000000000e+00
4.0000000000000002e-01
-1.7268314189577288e-01
5.6947877424858617e-01
-7.7329097845242456e-01
1.0123906055383884e-01
4.1248430671315752e+00
7.0399211279771201e+00
5.9999999999999998e-01
-1.0000000000000001e-01
0.0000000000000000e+00
4.0000000000000002e-01
-1.7268314189577288e-01
4.7776804095409919e-01
-3.5132940568612059e-01
3.7515754613210793e-02
3.0883561166148743e+00
6.5269330513852566e+00
5.9999999999999998e-01
-1.0000000000000001e-01
0.0000000000000000e+00
4.0000000000000002e-01
-7.8266497916841682e-01
5.6642139822147897e-01
-9.2214854516671141e-01
1.2761794248514374e-01
3.2415826710086426e+00
6.0719199848550289e+00
5.9999999999999998e-01
-1.0000000000000001e-01
0.0000000000000000e+00
4.0000000000000002e-01
4.7061992219446347e-02
5.5293016488753377e-01
-8.9609656684682804e-01
1.2690165897004804e-01
3.0991618493717272e+00
5.3285273296016182e+00
5.9999999999999998e-01
-1.0000000000000001e-01
0.0000000000000000e+00
4.0000000000000002e-01
2.2678301565980735e-01
5.2929157896243151e-01
-6.7557286970899544e-01
1.0079119749658308e-01
3.0751704597991072e+00
4.8450174999612292e+00
5.9999999999999998e-01
-1.0000000000000001e-01
0.0000000000000000e+00
4.0000000000000002e-01
6.3814786747729590e-01
5.4176912249527986e-01
-2.2806207702146009e-01
1.0079119749658308e-01
3.2161923194449504e+00
4.5282880258935414e+00
5.9999999999999998e-01
-1.0000000000000001e-01
0.0000000000000000e+00
4.0000000000000002e-01
-1.4442897006237693e-01
4.4713244141541536e-01
-7.8895741557936216e-02
5.6940459954669093e-02
2.3391161406558121e+00
4.5282880258935414e+00
5.9999999999999998e-01
-1.0000000000000001e-01
0.0000000000000000e+00
4.0000000000000002e-01
-3.7330813094341941e-01
4.0729695118866976e-01
8.9354448981000933e-01
1.1892772890918456e-01
2.3803469324629867e+00
4.9379374233263462e+00
5.9999999999999998e-01
-1.0000000000000001e-01
0.0000000000000000e+00
4.0000000000000002e-01
-2.4905308171475121e-01
4.8440005876027165e-01
9.4089366368367233e-01
1.2884137620322905e-01
2.9894786812510450e+00
4.8763266866284338e+00
5.9999999999999998e-01
-1.0000000000000001e-01
0.0000000000000000e+00
4.0000000000000002e-01
-5.0992324992382709e-01
5.6012067909442009e-01
7.7196493915631337e-01
7.9316386598279109e-02
3.0241644360270463e+00
5.6723838185149154e+00
5.9999999999999998e-01
-1.0000000000000001e-01
0.0000000000000000e+00
4.0000000000000002e-01
-8.1643556042874044e-01
5.3528844132550180e-01
2.0315738401724859e-01
1.3613972272269928e-01
3.4785649173107109e+00
5.0737024237590749e+00
5.9999999999999998e-01
-1.0000000000000001e-01
0.0000000000000000e+00
4.0000000000000002e-01
-7.3587762280667013e-01
6.1911522998936586e-01
1.8949312768294380e-01
5.1013911265065312e-02
4.3455173574533426e+00
5.7253430878001170e+00
5.9999999999999998e-01
-1.0000000000000001e-01
0.0000000000000000e+00
4.0000000000000002e-01
-9.4725725814068507e-01
6.2214071240551860e-01
-2.8302792586968384e-01
9.5261107462575073e-02
4.5317630916979272e+00
5.8340116058665235e+00
5.9999999999999998e-01
-1.0000000000000001e-01
0.0000000000000000e+00
4.0000000000000002e-01
-9.4725725814068507e-01
6.4928697862751872e-01
6.0549593189497375e-02
2.3930440115859160e-02
3.3942375421669451e+00
5.7824616943675000e+00
5.9999999999999998e-01
-1.0000000000000001e-01
0.0000000000000000e+00
4.0000000000000002e-01
-7.3565556515307906e-01
7.5280279078610335e-01
5.2510416767909085e-01
1.0076141451590263e-01
3.3922069037478533e+00
6.1053831731158219e+00
5.9999999999999998e-01
-1.0000000000000001e-01
0.0000000000000000e+00
4.0000000000000002e-01
-6.3161133636088851e-01
7.9653386559613137e-01
7.6205446741892846e-01
5.1221318709780819e-02
1.7397548014443487e+00
6.0357319315153086e+00
5.9999999999999998e-01
-1.0000000000000001e-01
0.0000000000000000e+00
4.0000000000000002e-01
-8.0822448689790238e-01
8.5626457628138442e-01
9.7542606494738604e-01
1.2686916577746520e-02
1.3380264097970098e+00
5.3745360766726469e+00
5.9999999999999998e-01
-1.0000000000000001e-01
0.0000000000000000e+00
4.0000000000000002e-01
-4.7030004341454967e-01
9.2022316827900774e-01
7.7162867704172383e-02
2.1122086810996185e-02
2.4882307412248221e+00
5.3149151479083043e+00
5.9999999999999998e-01
-1.0000000000000001e-01
0.0000000000000000e+00
4.0000000000000002e-01
2.4883136074690357e-01
9.1136904075272440e-01
6.0266202607889452e-02
1.1907624888350614e-02
1.8085078718286125e+00
5.0265760605412462e+00
5.9999999999999998e-01
-1.0000000000000001e-01
0.0000000000000000e+00
4.0000000000000002e-01
-3.0851885865645273e-02
9.8196296992428656e-01
8.5759925685240779e-01
5.7635434794356469e-02
1.7277743460755912e+00
4.3225889091568925e+00
5.9999999999999998e-01
-1.0000000000000001e-01
0.0000000000000000e+00
4.0000000000000002e-01
-5.3150478083940011e-01
9.7727796723969340e-01
8.6686826645745785e-01
6.1642034935881738e-02
1.6090978982072441e+00
4.9044319251566595e+00
5.9999999999999998e-01
-1.0000000000000001e-01
0.0000000000000000e+00
4.0000000000000002e-01
-6.4101138900236915e-02
9.2954095747597576e-01
4.3519349574460536e-01
4.9340915846755151e-02
1.3259861031692595e+00
4.3520592087894148e+00
5.9999999999999998e-01
-1.0000000000000001e-01
0.0000000000000000e+00
4.0000000000000002e-01
2.3306379120497242e-01
9.4114138754732957e-01
7.3686154633178269e-01
4.6603723692824485e-02
1.4654885897558301e+00
3.9868902379661271e+00
5.9999999999999998e-01
-1.0000000000000001e-01
0.0000000000000000e+00
4.0000000000000002e-01
2.7404488723425413e-01
9.2618910145290245e-01
6.0267291098250908e-01
4.8194407346775173e-02
1.0915230048965783e+00
4.7691326970248884e+00
5.9999999999999998e-01
-1.0000000000000001e-01
0.0000000000000000e+00
4.0000000000000002e-01
1.6934847932009245e-01
1.0093957687569415e+00
-5.8905145049677321e-01
1.0372615576081479e-01
1.5708955986570685e+00
4.7818253146498861e+00
5.9999999999999998e-01
-1.0000000000000001e-01
0.0000000000000000e+00
4.0000000000000002e-01
3.7145097594408538e-01
8.1852957301862594e-01
-8.5791848540888260e-01
9.6798695447971456e-02
2.1565908465679855e+00
4.0539336549132532e+00
5.9999999999999998e-01
-1.0000000000000001e-01
0.0000000000000000e+00
4.0000000000000002e-01
8.8247951168267269e-01
9.9977981501348356e-01
-1.9483727098093473e-01
6.8438693168689835e-02
2.9108278516825403e+00
4.3222516255467607e+00
5.9999999999999998e-01
-1.0000000000000001e-01
0.0000000000000000e+00
4.0000000000000002e-01
3.9003154236523646e-01
1.0170693879676613e+00
6.9286459683789769e-01
7.0283519747783768e-02
2.6730239246185983e+00
4.3049452753751947e+00
5.9999999999999998e-01
-1.0000000000000001e-01
0.0000000000000000e+00
4.0000000000000002e-01
-2.4693705123217563e-01
1.0142114508105073e+00
-2.7447867051349134e-01
1.0038018799119197e-01
3.1083107922371589e+00
4.0604350300520133e+00
5.9999999999999998e-01
-1.0000000000000001e-01
0.0000000000000000e+00
4.0000000000000002e-01
-4.1248264562638259e-01
1.0112399827194964e+00
-7.4224269763217421e-01
1.0038018799119197e-01
4.5281270165141780e+00
3.8518990727155873e+00
5.9999999999999998e-01
-1.0000000000000001e-01
0.0000000000000000e+00
4.0000000000000002e-01
-1.8195690881760573e-01
1.0369249503565585e+00
-4.1258016244159196e-01
3.5057103159954181e-02
5.3276289452012744e+00
3.9428226860254476e+00
5.9999999999999998e-01
-1.0000000000000001e-01
0.0000000000000000e+00
4.0000000000000002e-01
-2.7095828216822604e-01
1.0735490008843696e+00
-9.4837336257682303e-01
6.2497099164058795e-02
4.4877674687799187e+00
5.0032398762195776e+00
5.9999999999999998e-01
-1.0000000000000001e-01
0.0000000000000000e+00
4.0000000000000002e-01
1.8216453063933402e-01
1.0798288675797736e+00
-9.4837336257682303e-01
9.8337684887578117e-02
4.2328110698755950e+00
5.1808746147915201e+00
5.9999999999999998e-01
-1.0000000000000001e-01
0.0000000000000000e+00
4.0000000000000002e-01
1.8216453063933402e-01
1.0946363013535372e+00
-9.4837336257682303e-01
4.1847989815404045e-02
5.5042895171936719e+00
6.8607720185085608e+00
5.9999999999999998e-01
-1.0000000000000001e-01
0.0000000000000000e+00
4.0000000000000002e-01
-2.1914218556435555e-01
9.6314701402183700e-01
-1.5177141860709648e-01
1.8516582268406977e-02
5.4446860138472291e+00
7.0492824424072573e+00
5.9999999999999998e-01
-1.0000000000000001e-01
0.0000000000000000e+00
4.0000000000000002e-01
1.4578878748862295e-01
1.0624092187285057e+00
-9.7136901781545126e-01
4.5736519116093742e-02
5.9849058870371543e+00
7.1345020163818669e+00
5.9999999999999998e-01
-1.0000000000000001e-01
0.0000000000000000e+00
4.0000000000000002e-01
-1.0429952275307633e-01
1.0779789952039351e+00
-8.1647389192716324e-01
4.5736519116093742e-02
5.1603294167813036e+00
6.9546131867929768e+00
5.9999999999999998e-01
-1.0000000000000001e-01
0.0000000000000000e+00
4.0000000000000002e-01
2.2658254492728255e-01
1.0881814354061712e+00
-3.5217233557836269e-01
4.5736519116093742e-02
6.6355603251751631e+00
6.2323268074556664e+00
5.9999999999999998e-01
-1.0000000000000001e-01
0.0000000000000000e+00
4.0000000000000002e-01
-6.7246881272943471e-01
1.0214119285940757e+00
-3.1405393977300378e-01
4.5409521359135729e-02
6.8914511922892299e+00
6.2323268074556664e+00
5.9999999999999998e-01
-1.0000000000000001e-01
0.0000000000000000e+00
4.0000000000000002e-01
-6.8437419709117864e-01
1.0023706245123973e+00
-6.8480328400270196e-01
4.5409521359135729e-02
5.8494222883280482e+00
5.9975321847959835e+00
5.9999999999999998e-01
-1.0000000000000001e-01
0.0000000000000000e+00
4.0000000000000002e-01
-2.8899985131175965e-01
9.8897664687033793e-01
2.3637233059271121e-01
4.6354698020150284e-02
5.9772249702509601e+00
6.0849529404207550e+00
5.9999999999999998e-01
-1.0000000000000001e-01
0.0000000000000000e+00
4.0000000000000002e-01
-4.7978586133869144e-01
1.0977618345915903e+00
5.5341981457312339e-02
8.4787341433693986e-02
5.1546572107967092e+00
5.7387068379684774e+00
5.9999999999999998e-01
-1.0000000000000001e-01
0.0000000000000000e+00
4.0000000000000002e-01
-8.1829053100498172e-01
1.1063038490116226e+00
9.7547817485172980e-02
9.7718743163277721e-02
3.6783653906691933e+00
7.0545273412033396e+00
5.9999999999999998e-01
-1.0000000000000001e-01
0.0000000000000000e+00
4.0000000000000002e-01
3.6604397717563653e-01
1.2197563942372429e+00
7.5925739671452774e-01
5.8116329389741039e-02
3.4772514990676306e+00
7.5044935364290550e+00
5.9999999999999998e-01
-1.0000000000000001e-01
0.0000000000000000e+00
4.0000000000000002e-01
4.7010465327350631e-01
1.1771363161503898e+00
8.0779596488340633e-01
9.5873479920556157e-02
4.1160272470820800e+00
7.4353409755989386e+00
5.9999999999999998e-01
-1.0000000000000001e-01
0.0000000000000000e+00
4.0000000000000002e-01
7.6939802352039355e-01
1.2181459224521742e+00
1.3389538456103633e-01
1.2251725681417187e-01
3.9792433313239473e+00
7.4369035062394513e+00
5.9999999999999998e-01
-1.0000000000000001e-01
0.0000000000000000e+00
4.0000000000000002e-01
7.2139266062228213e-01
1.1971021299361810e+00
4.3565009642741509e-01
1.0126406987302503e-01
3.9980351737845794e+00
7.4369035062394513e+00
5.9999999999999998e-01
-1.0000000000000001e-01
0.0000000000000000e+00
4.0000000000000002e-01
3.0225656080691349e-01
1.2299633359908686e+00
3.0169676769873932e-01
1.0126406987302503e-01
4.7855332247126947e+00
7.1672461790047057e+00
5.9999999999999998e-01
-1.0000000000000001e-01
0.0000000000000000e+00
4.0000000000000002e-01
4.4167403464002775e-02
1.2035397405624018e+00
3.9215941477916078e-01
4.0493445295025909e-02
5.3177462211955433e+00
6.3266336482963927e+00
5.9999999999999998e-01
-1.0000000000000001e-01
0.0000000000000000e+00
4.0000000000000002e-01
-4.7018873643429743e-01
1.1114585271477329e+00
7.2463575978181205e-01
2.6217078822781653e-02
5.3177462211955433e+00
6.6064037126503354e+00
5.9999999999999998e-01
-1.0000000000000001e-01
0.0000000000000000e+00
4.0000000000000002e-01
-2.3318949353249543e-01
1.1017280350327119e+00
7.2463575978181205e-01
5.2369480389287085e-02
4.0154683387983683e+00
6.6550751847229366e+00
5.9999999999999998e-01
-1.0000000000000001e-01
0.0000000000000000e+00
4.0000000000000002e-01
-6.2295288335831633e-01
1.0600046864747628e+00
5.1292806491604892e-01
6.6429864662816140e-02
5.1986697782907729e+00
6.6727725249729515e+00
5.9999999999999998e-01
-1.0000000000000001e-01
0.0000000000000000e+00
4.0000000000000002e-01
1.5652515519110693e-01
1.0059687212705237e+00
3.8927513048401918e-01
8.6480246084858992e-02
6.0897617374692192e+00
6.4170048874817249e+00
5.9999999999999998e-01
-1.0000000000000001e-01
0.0000000000000000e+00
4.0000000000000002e-01
