26
19
-8.4433924188473719e-01
3.5453910238757236e+00
-2.3806183337452280e-01
1.3634549740108648e-01
4.0650138423742000e-03
-1.1936827849947589e+00
0.0000000000000000e+00
1.8626253535753234e-01
6.0760873435061558e-01
9.3168534390398999e-03
-9.1417629750125329e-01
8.0656322333405117e-01
-7.3539238930985451e-01
0.0000000000000000e+00
0.0000000000000000e+00
0.0000000000000000e+00
0.0000000000000000e+00
0.0000000000000000e+00
0.0000000000000000e+00
-2.7615217750608279e-01
-1.7856721281365029e-01
1.1621579843791552e-01
-4.5660270033287809e-01
-2.2281765486564842e-01
-4.2905429796010142e-01
-1.1930087240834830e-02
-8.7051662677535313e-01
3.5154203919410212e+00
-2.4354124739053118e-01
7.7977031537918240e-02
4.2774161768109739e-03
-1.1791791532539504e+00
0.0000000000000000e+00
1.3253202890759452e-01
6.1478002836225687e-01
9.4801350951176418e-03
-8.7222322601504843e-01
8.4431869964490036e-01
-7.1421688651040316e-01
0.0000000000000000e+00
0.0000000000000000e+00
0.0000000000000000e+00
0.0000000000000000e+00
0.0000000000000000e+00
0.0000000000000000e+00
-3.0423951035081698e-01
-2.6590030900493733e-01
1.7292280589914300e-01
-5.1469384475960389e-01
-2.0434921714928356e-01
-4.2056557581454401e-01
-4.4054580511947272e-02
-8.7051662677535313e-01
3.5284918316356344e+00
-1.9133029430391657e-01
6.8636688355943054e-02
4.0474862677009043e-03
-1.1797912184499877e+00
0.0000000000000000e+00
2.1596616456067308e-01
6.7623565999088942e-01
9.4619363616667961e-03
-8.7222322601504843e-01
7.6401380318591694e-01
-7.8423569859311104e-01
0.0000000000000000e+00
0.0000000000000000e+00
0.0000000000000000e+00
0.0000000000000000e+00
0.0000000000000000e+00
0.0000000000000000e+00
-3.3704730661302162e-01
-3.1548809240863196e-01
1.3185952558866121e-01
-6.2175594239844933e-01
-2.0123776528504100e-01
-4.2404393152028208e-01
-1.6200534872194111e-01
-7.2898536096894639e-01
3.5039406598261995e+00
-1.6173519677700865e-01
-2.5797260507354647e-02
4.2413552177102505e-03
-1.1995243316867130e+00
0.0000000000000000e+00
2.0555239213412746e-01
6.7821248901305853e-01
9.7084193001948562e-03
-8.0386399909533779e-01
7.2782466243395905e-01
-7.8128334642693520e-01
0.0000000000000000e+00
0.0000000000000000e+00
0.0000000000000000e+00
0.0000000000000000e+00
0.0000000000000000e+00
0.0000000000000000e+00
-3.6712147554098917e-01
-2.7716672028705946e-01
2.2455902352681734e-01
-6.5743824809207574e-01
-2.6156277130809036e-01
-4.5882223778098707e-01
-1.8129879597989201e-01
-7.7922920059049028e-01
3.4804474918819470e+00
-1.4463064604657161e-01
-4.4735760941514879e-02
3.8901068528146687e-03
-1.1843989853166716e+00
0.0000000000000000e+00
1.7610828364981457e-01
5.6903526467500387e-01
1.0482782579537508e-02
-8.3826331853546421e-01
6.5419820937702755e-01
-7.6573901013776779e-01
0.0000000000000000e+00
0.0000000000000000e+00
0.0000000000000000e+00
0.0000000000000000e+00
0.0000000000000000e+00
0.0000000000000000e+00
-2.8329436693056775e-01
-2.3849769289896361e-01
1.8444625429561712e-01
-6.5605578913702622e-01
-2.0154249589410034e-01
-4.7522768778653701e-01
-2.2413004295383870e-01
-7.7466494837412136e-01
3.4804474918819470e+00
-2.0221317263072747e-01
-1.6747206031689554e-02
4.4389867109210432e-03
-1.1803815731198268e+00
0.0000000000000000e+00
1.7910547154737755e-01
6.3720428013472019e-01
1.0478589579042075e-02
-8.3826331853546421e-01
6.5419820937702755e-01
-8.0717597012713671e-01
0.0000000000000000e+00
0.0000000000000000e+00
0.0000000000000000e+00
0.0000000000000000e+00
0.0000000000000000e+00
0.0000000000000000e+00
-3.0957846183046056e-01
-3.3554000388190619e-01
2.3072162784388639e-01
-6.4990086043137119e-01
-1.6052400242057052e-01
-3.8006775388421377e-01
-2.8848951043044507e-01
-7.6198498034486073e-01
3.4823929228769122e+00
-2.7605826682425727e-01
7.9742590418363513e-03
4.1357249046639743e-03
-1.1803815731198268e+00
0.0000000000000000e+00
3.0782586588306471e-01
6.3836313727075367e-01
1.1613330959852813e-02
-8.3618475183524410e-01
6.4302452150175671e-01
-8.5792202451571942e-01
0.0000000000000000e+00
0.0000000000000000e+00
0.0000000000000000e+00
0.0000000000000000e+00
0.0000000000000000e+00
0.0000000000000000e+00
-3.3943114502071692e-01
-3.5845899003848902e-01
2.3142432044711314e-01
-6.0118948602932498e-01
-2.0791304405298439e-01
-3.0730944061579069e-01
-2.3564393598069727e-01
-7.0518154292935031e-01
3.4978869817168889e+00
-1.7265805876828422e-01
7.9742590418363513e-03
4.4781320380942163e-03
-1.2142530612998383e+00
0.0000000000000000e+00
3.5553431390566870e-01
5.6997103932077198e-01
1.1637553635563730e-02
-8.1026835985161583e-01
6.8458590898106197e-01
-8.0754259177789212e-01
0.0000000000000000e+00
0.0000000000000000e+00
0.0000000000000000e+00
0.0000000000000000e+00
0.0000000000000000e+00
0.0000000000000000e+00
-3.0512314688130571e-01
-3.0911777149245612e-01
3.3476505238082610e-01
-5.8488604733603999e-01
-2.0535755963515845e-01
-3.2353911343889197e-01
-2.8496490571131289e-01
-7.6179542337180572e-01
3.5489901061119018e+00
-1.8529085903443088e-01
3.2501220189621538e-02
3.7435187424496945e-03
-1.2578812919907945e+00
0.0000000000000000e+00
3.0758848665995642e-01
5.6150749664517252e-01
1.3038492284294247e-02
-9.0820056073047439e-01
6.9944432526270250e-01
-8.3760623955473423e-01
0.0000000000000000e+00
0.0000000000000000e+00
0.0000000000000000e+00
0.0000000000000000e+00
0.0000000000000000e+00
0.0000000000000000e+00
-3.9844582302212073e-01
-3.7525980155274741e-01
3.4365996527936660e-01
-5.9664731826516793e-01
-2.6831878782701102e-01
-2.6068142782824000e-01
-2.7759828850110352e-01
-7.2070096843512255e-01
3.5592000194483409e+00
-2.2514709034017910e-01
1.8395179369142145e-02
3.3962418164090453e-03
-1.2433887597524302e+00
0.0000000000000000e+00
2.9803930102629705e-01
6.2061907456951348e-01
1.2230276900853990e-02
-8.7551239449734553e-01
7.0600012465754847e-01
-7.7072267369672776e-01
0.0000000000000000e+00
0.0000000000000000e+00
0.0000000000000000e+00
0.0000000000000000e+00
0.0000000000000000e+00
0.0000000000000000e+00
-4.8108266925155474e-01
-4.6296540628478400e-01
3.1837493177023135e-01
-5.7800659006345079e-01
-2.1438323674243298e-01
-3.7088269721643885e-01
-2.2839022882697463e-01
-6.9804899059803682e-01
3.4829844979285700e+00
-2.5267684926526313e-01
-1.6774426227157413e-03
3.4578520876319347e-03
-1.2576605480515139e+00
0.0000000000000000e+00
2.7030750523103519e-01
7.4880812050538270e-01
1.1801854863341926e-02
-9.1469753477926119e-01
6.2267259936223129e-01
-6.7705605500683308e-01
0.0000000000000000e+00
0.0000000000000000e+00
0.0000000000000000e+00
0.0000000000000000e+00
0.0000000000000000e+00
0.0000000000000000e+00
-4.6018371547288550e-01
-4.8066594013303987e-01
3.2522071241852246e-01
-6.4204083061660633e-01
-1.5071934615712967e-01
-3.3026447128431757e-01
-2.2462032631454348e-01
-7.2508287467630106e-01
3.5295804848610861e+00
-2.4093311467455392e-01
-1.6774426227157413e-03
2.7396478668750461e-03
-1.2765300505214112e+00
0.0000000000000000e+00
2.3200358981980129e-01
7.5412376843156426e-01
1.1791105500932810e-02
-9.0523304827715023e-01
6.7180507685432533e-01
-6.1715575896974773e-01
0.0000000000000000e+00
0.0000000000000000e+00
0.0000000000000000e+00
0.0000000000000000e+00
0.0000000000000000e+00
0.0000000000000000e+00
-2.9418241887069596e-01
-4.2021392592519990e-01
3.6028958772090847e-01
-5.7945228791679249e-01
-1.7604309265021589e-01
-3.1974491737710198e-01
-2.2462032631454348e-01
-7.0133323260219294e-01
3.7076394406795008e+00
-2.3405876198099618e-01
-1.3868410420948774e-02
2.1143086186574040e-03
-1.3101261838690119e+00
0.0000000000000000e+00
1.5432088375805064e-01
7.6238670445742218e-01
1.2191219653513311e-02
-9.0072896927798851e-01
7.0683295335064034e-01
-6.0702150345619887e-01
0.0000000000000000e+00
0.0000000000000000e+00
0.0000000000000000e+00
0.0000000000000000e+00
0.0000000000000000e+00
0.0000000000000000e+00
-3.2333877219534768e-01
-4.7994913595553956e-01
3.6028958772090847e-01
-5.1167634998448186e-01
-1.1052467775749397e-01
-3.0102065652536114e-01
-1.8916517764744639e-01
-7.6200513206989962e-01
3.6784452439933522e+00
-2.3405876198099618e-01
7.0530769402439297e-03
1.7378113257662594e-03
-1.2847466616310852e+00
0.0000000000000000e+00
1.6986640771633132e-01
7.2813452653350441e-01
1.2047834366139052e-02
-9.5326865525188609e-01
6.0630416180381874e-01
-5.3800113948833317e-01
0.0000000000000000e+00
0.0000000000000000e+00
0.0000000000000000e+00
0.0000000000000000e+00
0.0000000000000000e+00
0.0000000000000000e+00
-2.2166657915986432e-01
-4.6991183298465333e-01
3.1077547286418850e-01
-4.7567122553475194e-01
-1.8240323624791932e-01
-3.1490224115477761e-01
-2.2032933019516349e-01
-7.6200513206989962e-01
3.5664023065655930e+00
-2.5341970335008268e-01
1.3035935069089621e-02
2.1734706523792086e-03
-1.2257426742815154e+00
0.0000000000000000e+00
2.4315886038370549e-01
6.9436103537442295e-01
1.2364747029541089e-02
-9.4125935916585135e-01
6.2011834009925226e-01
-4.2382331968125075e-01
0.0000000000000000e+00
0.0000000000000000e+00
0.0000000000000000e+00
0.0000000000000000e+00
0.0000000000000000e+00
0.0000000000000000e+00
-2.8094381189621342e-01
-4.5342723714944444e-01
2.6608312021722669e-01
-4.7567122553475194e-01
-1.3984957858207059e-01
-3.9204985164033135e-01
-1.8268471759227395e-01
-7.4898689371170002e-01
3.6420148720681174e+00
-2.6295255544842844e-01
7.6773249787399411e-02
1.9540568815508120e-03
-1.3123810094200747e+00
0.0000000000000000e+00
2.2631988327033936e-01
6.6155644286187498e-01
1.2107283704726053e-02
-8.6372616623324561e-01
5.6224505425805549e-01
-4.8478423089560241e-01
0.0000000000000000e+00
0.0000000000000000e+00
0.0000000000000000e+00
0.0000000000000000e+00
0.0000000000000000e+00
0.0000000000000000e+00
-2.8498530856049908e-01
-3.8905910092231355e-01
3.6355241838624353e-01
-5.2271822963841252e-01
-1.4236488946931791e-01
-4.4716268060656150e-01
-8.5575445447539089e-02
-7.6907810140968758e-01
3.6675821810677154e+00
-2.0367185726077919e-01
1.0073104711354697e-01
2.0253118501940004e-03
-1.3123810094200747e+00
0.0000000000000000e+00
2.6623605496265113e-01
7.0064481430450587e-01
1.2107283704726053e-02
-8.6372616623324561e-01
5.2538468185255627e-01
-4.8037474446769923e-01
0.0000000000000000e+00
0.0000000000000000e+00
0.0000000000000000e+00
0.0000000000000000e+00
0.0000000000000000e+00
0.0000000000000000e+00
-1.5445304908971591e-01
-3.4844392972823701e-01
4.2922185066869134e-01
-5.4495954544283443e-01
-1.8592913084881735e-01
-4.4859325541110595e-01
-6.5043619048810730e-03
-7.7933043838114935e-01
3.7137390233292682e+00
-1.8976243726225261e-01
1.2420946570218527e-01
1.2370191795715323e-03
-1.2940699400731104e+00
0.0000000000000000e+00
2.8789696215666949e-01
7.3661236920157580e-01
1.3007845924047782e-02
-8.3130387511831927e-01
4.5701082106123070e-01
-5.1764064266186327e-01
0.0000000000000000e+00
0.0000000000000000e+00
0.0000000000000000e+00
0.0000000000000000e+00
0.0000000000000000e+00
0.0000000000000000e+00
-1.5322334414995564e-01
-3.3654182466503701e-01
4.7475105066565448e-01
-4.6093489912338548e-01
-2.3780645718085003e-01
-4.4888240406216939e-01
6.7103261672236847e-02
-7.6508513549910384e-01
3.7048552029482527e+00
-2.3012677395032410e-01
1.1383657554269755e-01
1.7720994820782177e-03
-1.2415764199920671e+00
0.0000000000000000e+00
2.7060728824712454e-01
6.2868626125851779e-01
1.2502474010733917e-02
-8.2158426211011815e-01
4.3647960628757576e-01
-5.8360640781771511e-01
0.0000000000000000e+00
0.0000000000000000e+00
0.0000000000000000e+00
0.0000000000000000e+00
0.0000000000000000e+00
0.0000000000000000e+00
-4.3794278080531490e-02
-3.3654182466503701e-01
5.2190409934861237e-01
-4.5847244917415075e-01
-1.3291265358435345e-01
-5.5515325004162153e-01
1.5393920786955284e-02
