11
4
1.0185185185185185e-01
1.7094017094017096e-02
7.1969696969696972e-01
9.5104895104895104e-01
0.0000000000000000e+00
0.0000000000000000e+00
0.0000000000000000e+00
0.0000000000000000e+00
0.0000000000000000e+00
0.0000000000000000e+00
4.8799999999999999e-01
2.1600000000000000e-01
2.3400000000000001e-01
2.6400000000000001e-01
2.8599999999999998e-01
0.0000000000000000e+00
0.0000000000000000e+00
0.0000000000000000e+00
0.0000000000000000e+00
0.0000000000000000e+00
0.0000000000000000e+00
1.0000000000000000e+00
1.1000000000000000e+01
2.0000000000000000e+00
9.5000000000000000e+01
1.3600000000000000e+02
0.0000000000000000e+00
0.0000000000000000e+00
0.0000000000000000e+00
0.0000000000000000e+00
0.0000000000000000e+00
0.0000000000000000e+00
2.4400000000000000e+02
1.0800000000000000e+02
1.1700000000000000e+02
1.3200000000000000e+02
1.4300000000000000e+02
0.0000000000000000e+00
0.0000000000000000e+00
0.0000000000000000e+00
0.0000000000000000e+00
0.0000000000000000e+00
0.0000000000000000e+00
5.0000000000000000e+02
