10
250
-5.4468041488269336e-01
9.9169821153856841e-01
-5.0572794493171458e-01
1.7106290580695585e-04
5.0000000000000003e-02
2.9999999999999999e-02
5.9999999999999998e-01
-1.0000000000000001e-01
0.0000000000000000e+00
4.0000000000000002e-01
-5.4481855937579637e-01
9.7800655795909497e-01
-8.6028538789483788e-01
1.7106290580695585e-04
5.0000000000000003e-02
2.9999999999999999e-02
5.9999999999999998e-01
-1.0000000000000001e-01
0.0000000000000000e+00
4.0000000000000002e-01
5.8966385337319308e-02
8.9387512555994109e-01
-8.9289515580865619e-01
1.7106290580695585e-04
5.0000000000000003e-02
2.9999999999999999e-02
5.9999999999999998e-01
-1.0000000000000001e-01
0.0000000000000000e+00
4.0000000000000002e-01
-9.3647922852376464e-01
9.1778309789575663e-01
-5.8981102805468311e-01
1.7106290580695585e-04
5.0000000000000003e-02
2.9999999999999999e-02
5.9999999999999998e-01
-1.0000000000000001e-01
0.0000000000000000e+00
4.0000000000000002e-01
-5.0750980713704585e-01
9.2614900741256800e-01
-4.7088536005350823e-01
1.7106290580695585e-04
5.0000000000000003e-02
2.9999999999999999e-02
5.9999999999999998e-01
-1.0000000000000001e-01
0.0000000000000000e+00
4.0000000000000002e-01
-4.5531934120992190e-01
8.7526508161701289e-01
-9.1979598980280630e-01
1.7106290580695585e-04
5.0000000000000003e-02
2.9999999999999999e-02
5.9999999999999998e-01
-1.0000000000000001e-01
0.0000000000000000e+00
4.0000000000000002e-01
-9.0008869567254557e-01
8.3276346060909345e-01
-7.6832254867884386e-01
1.7106290580695585e-04
5.0000000000000003e-02
2.9999999999999999e-02
5.9999999999999998e-01
-1.0000000000000001e-01
0.0000000000000000e+00
4.0000000000000002e-01
-8.0821677931884306e-01
8.4114751205123972e-01
-6.7316693168017139e-01
1.7106290580695585e-04
5.0000000000000003e-02
2.9999999999999999e-02
5.9999999999999998e-01
-1.0000000000000001e-01
0.0000000000000000e+00
4.0000000000000002e-01
2.5666217270102265e-02
8.4086315855659555e-01
-4.7431145828100907e-01
1.7106290580695585e-04
5.0000000000000003e-02
2.9999999999999999e-02
5.9999999999999998e-01
-1.0000000000000001e-01
0.0000000000000000e+00
4.0000000000000002e-01
5.8028114503880956e-01
8.2543639049209661e-01
-7.7747138481470790e-01
1.7106290580695585e-04
5.0000000000000003e-02
2.9999999999999999e-02
5.9999999999999998e-01
-1.0000000000000001e-01
0.0000000000000000e+00
4.0000000000000002e-01
-6.3836810761431229e-01
8.1106839832939215e-01
-3.5789581980439872e-01
1.7106290580695585e-04
5.0000000000000003e-02
2.9999999999999999e-02
5.9999999999999998e-01
-1.0000000000000001e-01
0.0000000000000000e+00
4.0000000000000002e-01
-5.8706906915942203e-01
7.5403869089759890e-01
-5.2188271548482623e-01
1.7106290580695585e-04
5.0000000000000003e-02
2.9999999999999999e-02
5.9999999999999998e-01
-1.0000000000000001e-01
0.0000000000000000e+00
4.0000000000000002e-01
-1.0427088857928285e-01
7.9946660265602176e-01
-1.1238613154622759e-01
1.7106290580695585e-04
5.0000000000000003e-02
2.9999999999999999e-02
5.9999999999999998e-01
-1.0000000000000001e-01
0.0000000000000000e+00
4.0000000000000002e-01
-9.5957914949694634e-01
8.0559416100658476e-01
2.7167059296043239e-02
1.7106290580695585e-04
5.0000000000000003e-02
2.9999999999999999e-02
5.9999999999999998e-01
-1.0000000000000001e-01
0.0000000000000000e+00
4.0000000000000002e-01
-7.7917123177388659e-01
7.7828306338466702e-01
5.1854583137901158e-02
1.7106290580695585e-04
5.0000000000000003e-02
2.9999999999999999e-02
5.9999999999999998e-01
-1.0000000000000001e-01
0.0000000000000000e+00
4.0000000000000002e-01
-5.6419507947955139e-02
8.5048846909679465e-01
-2.3926239479216785e-01
1.7106290580695585e-04
5.0000000000000003e-02
2.9999999999999999e-02
5.9999999999999998e-01
-1.0000000000000001e-01
0.0000000000000000e+00
4.0000000000000002e-01
3.1253996065517897e-01
8.1961138996757565e-01
-1.2762290466460441e-01
1.7106290580695585e-04
5.0000000000000003e-02
2.9999999999999999e-02
5.9999999999999998e-01
-1.0000000000000001e-01
0.0000000000000000e+00
4.0000000000000002e-01
2.5371222904583451e-01
7.5973956415332866e-01
-2.5345674145850394e-01
1.7106290580695585e-04
5.0000000000000003e-02
2.9999999999999999e-02
5.9999999999999998e-01
-1.0000000000000001e-01
0.0000000000000000e+00
4.0000000000000002e-01
6.5725705588867900e-01
8.5116701469101019e-01
-3.4708855438861103e-01
1.7106290580695585e-04
5.0000000000000003e-02
2.9999999999999999e-02
5.9999999999999998e-01
-1.0000000000000001e-01
0.0000000000000000e+00
4.0000000000000002e-01
-4.6711163793990373e-01
7.5469495591796942e-01
-1.6344675470027187e-01
1.7106290580695585e-04
5.0000000000000003e-02
2.9999999999999999e-02
5.9999999999999998e-01
-1.0000000000000001e-01
0.0000000000000000e+00
4.0000000000000002e-01
-6.7853989635894063e-01
7.6157432565368721e-01
1.0278101157513402e-01
1.7106290580695585e-04
5.0000000000000003e-02
2.9999999999999999e-02
5.9999999999999998e-01
-1.0000000000000001e-01
0.0000000000000000e+00
4.0000000000000002e-01
-7.8311864649245500e-01
6.9957542392514649e-01
-2.2136127639445521e-01
1.7106290580695585e-04
5.0000000000000003e-02
2.9999999999999999e-02
5.9999999999999998e-01
-1.0000000000000001e-01
0.0000000000000000e+00
4.0000000000000002e-01
-5.6038087387869118e-01
6.9475612687967725e-01
-2.2446119543048601e-01
1.7106290580695585e-04
5.0000000000000003e-02
2.9999999999999999e-02
5.9999999999999998e-01
-1.0000000000000001e-01
0.0000000000000000e+00
4.0000000000000002e-01
-4.0128782729918122e-01
7.1615646356247364e-01
-4.5685019131633509e-01
3.3654650161033585e-04
5.0000000000000003e-02
2.9999999999999999e-02
5.9999999999999998e-01
-1.0000000000000001e-01
0.0000000000000000e+00
4.0000000000000002e-01
-9.7935429553801179e-01
7.2443858909510073e-01
-3.5674033220741025e-01
3.3654650161033585e-04
5.0000000000000003e-02
2.9999999999999999e-02
5.9999999999999998e-01
-1.0000000000000001e-01
0.0000000000000000e+00
4.0000000000000002e-01
-7.8234623651320101e-01
7.4719740304254001e-01
-4.1699457522365324e-01
3.3654650161033585e-04
5.0000000000000003e-02
2.9999999999999999e-02
5.9999999999999998e-01
-1.0000000000000001e-01
0.0000000000000000e+00
4.0000000000000002e-01
-5.0122561554724343e-01
7.5041223698757598e-01
-1.5523187156650306e-01
3.3654650161033585e-04
5.0000000000000003e-02
2.9999999999999999e-02
5.9999999999999998e-01
-1.0000000000000001e-01
0.0000000000000000e+00
4.0000000000000002e-01
-9.5667752723509447e-01
8.3444092625282718e-01
-3.1881059761974095e-01
3.3654650161033585e-04
5.0000000000000003e-02
2.9999999999999999e-02
5.9999999999999998e-01
-1.0000000000000001e-01
0.0000000000000000e+00
4.0000000000000002e-01
-1.6248039464766162e-01
8.1994924956463289e-01
-4.3084769125911471e-01
3.3654650161033585e-04
5.0000000000000003e-02
2.9999999999999999e-02
5.9999999999999998e-01
-1.0000000000000001e-01
0.0000000000000000e+00
4.0000000000000002e-01
-5.4356822233015667e-01
7.7174631363056612e-01
-4.4501273032161470e-01
3.3654650161033585e-04
5.0000000000000003e-02
2.9999999999999999e-02
5.9999999999999998e-01
-1.0000000000000001e-01
0.0000000000000000e+00
4.0000000000000002e-01
9.9624574576204639e-01
7.9984088870786141e-01
-4.4809833999606846e-01
3.3654650161033585e-04
5.0000000000000003e-02
2.9999999999999999e-02
5.9999999999999998e-01
-1.0000000000000001e-01
0.0000000000000000e+00
4.0000000000000002e-01
8.0872134481256819e-01
7.9797404548428963e-01
-5.6648370023700467e-01
3.3654650161033585e-04
5.0000000000000003e-02
2.9999999999999999e-02
5.9999999999999998e-01
-1.0000000000000001e-01
0.0000000000000000e+00
4.0000000000000002e-01
1.8971892748659466e-01
8.2496917530797420e-01
-2.9096214812132587e-01
3.3654650161033585e-04
5.0000000000000003e-02
2.9999999999999999e-02
5.9999999999999998e-01
-1.0000000000000001e-01
0.0000000000000000e+00
4.0000000000000002e-01
2.4888961706941937e-01
8.3789641782544533e-01
-2.0602057885262237e-01
3.3654650161033585e-04
5.0000000000000003e-02
2.9999999999999999e-02
5.9999999999999998e-01
-1.0000000000000001e-01
0.0000000000000000e+00
4.0000000000000002e-01
-1.3118032302076010e-01
9.1980706169359361e-01
-4.6300302099320156e-01
3.3654650161033585e-04
5.0000000000000003e-02
2.9999999999999999e-02
5.9999999999999998e-01
-1.0000000000000001e-01
0.0000000000000000e+00
4.0000000000000002e-01
8.0108480606859533e-01
9.1806362404577402e-01
-5.5626827787491540e-01
3.3654650161033585e-04
5.0000000000000003e-02
2.9999999999999999e-02
5.9999999999999998e-01
-1.0000000000000001e-01
0.0000000000000000e+00
4.0000000000000002e-01
4.3501684461420387e-01
8.7487786879293594e-01
-5.5530394863220911e-01
3.3654650161033585e-04
5.0000000000000003e-02
2.9999999999999999e-02
5.9999999999999998e-01
-1.0000000000000001e-01
0.0000000000000000e+00
4.0000000000000002e-01
4.6600294892376276e-01
8.5886591961137937e-01
-5.1187705349060753e-01
3.3654650161033585e-04
5.0000000000000003e-02
2.9999999999999999e-02
5.9999999999999998e-01
-1.0000000000000001e-01
0.0000000000000000e+00
4.0000000000000002e-01
3.8913265173023553e-01
8.7037603322319679e-01
-5.3979851852986083e-01
3.3654650161033585e-04
5.0000000000000003e-02
2.9999999999999999e-02
5.9999999999999998e-01
-1.0000000000000001e-01
0.0000000000000000e+00
4.0000000000000002e-01
6.5772555683439582e-01
8.7051548806481049e-01
-4.6131641041371096e-01
3.3654650161033585e-04
5.0000000000000003e-02
2.9999999999999999e-02
5.9999999999999998e-01
-1.0000000000000001e-01
0.0000000000000000e+00
4.0000000000000002e-01
1.4093895201271389e-01
8.4493958083443332e-01
-4.6961331862839928e-01
3.3654650161033585e-04
5.0000000000000003e-02
2.9999999999999999e-02
5.9999999999999998e-01
-1.0000000000000001e-01
0.0000000000000000e+00
4.0000000000000002e-01
-7.1911016659084781e-02
8.4466647044472387e-01
-4.7648208188707997e-01
3.3654650161033585e-04
5.0000000000000003e-02
2.9999999999999999e-02
5.9999999999999998e-01
-1.0000000000000001e-01
0.0000000000000000e+00
4.0000000000000002e-01
9.3440647010391564e-01
8.5546774689011273e-01
-5.6122304472024620e-01
3.3654650161033585e-04
5.0000000000000003e-02
2.9999999999999999e-02
5.9999999999999998e-01
-1.0000000000000001e-01
0.0000000000000000e+00
4.0000000000000002e-01
9.6313049387818184e-01
7.8943003807120016e-01
-4.7059715929324802e-01
3.3654650161033585e-04
5.0000000000000003e-02
2.9999999999999999e-02
5.9999999999999998e-01
-1.0000000000000001e-01
0.0000000000000000e+00
4.0000000000000002e-01
5.1351454061156121e-01
8.1861209020666770e-01
-1.9612354307907698e-03
3.3654650161033585e-04
5.0000000000000003e-02
2.9999999999999999e-02
5.9999999999999998e-01
-1.0000000000000001e-01
0.0000000000000000e+00
4.0000000000000002e-01
2.1321876984721036e-01
8.0121962449602768e-01
-2.1686948123271646e-01
3.3654650161033585e-04
5.0000000000000003e-02
2.9999999999999999e-02
5.9999999999999998e-01
-1.0000000000000001e-01
0.0000000000000000e+00
4.0000000000000002e-01
-4.2937911260241651e-01
8.2084884080938991e-01
-5.9496110108448907e-02
3.3654650161033585e-04
5.0000000000000003e-02
2.9999999999999999e-02
5.9999999999999998e-01
-1.0000000000000001e-01
0.0000000000000000e+00
4.0000000000000002e-01
-9.8766207251066351e-01
8.8544199822001146e-01
1.8136290040914829e-01
3.3654650161033585e-04
5.0000000000000003e-02
2.9999999999999999e-02
5.9999999999999998e-01
-1.0000000000000001e-01
0.0000000000000000e+00
4.0000000000000002e-01
-2.8916054639333871e-01
8.1053366682581585e-01
1.1239996996824561e-01
3.3654650161033585e-04
5.0000000000000003e-02
2.9999999999999999e-02
5.9999999999999998e-01
-1.0000000000000001e-01
0.0000000000000000e+00
4.0000000000000002e-01
3.4476522055154651e-01
8.0778165171198535e-01
8.1755593392298792e-02
3.3654650161033585e-04
5.0000000000000003e-02
2.9999999999999999e-02
5.9999999999999998e-01
-1.0000000000000001e-01
0.0000000000000000e+00
4.0000000000000002e-01
2.0328405943399286e-01
8.1935996375136055e-01
3.1340130266849814e-01
3.3654650161033585e-04
5.0000000000000003e-02
2.9999999999999999e-02
5.9999999999999998e-01
-1.0000000000000001e-01
0.0000000000000000e+00
4.0000000000000002e-01
6.6160815027242514e-01
8.1048551831297544e-01
2.9930839446489632e-01
3.3654650161033585e-04
5.0000000000000003e-02
2.9999999999999999e-02
5.9999999999999998e-01
-1.0000000000000001e-01
0.0000000000000000e+00
4.0000000000000002e-01
4.7672669649755572e-01
7.7091811684422162e-01
5.7277341065113374e-01
3.3654650161033585e-04
5.0000000000000003e-02
2.9999999999999999e-02
5.9999999999999998e-01
-1.0000000000000001e-01
0.0000000000000000e+00
4.0000000000000002e-01
4.8270070017015554e-01
6.8864369813255943e-01
6.8927527097170183e-01
1.9864557823157027e-04
5.0000000000000003e-02
2.9999999999999999e-02
5.9999999999999998e-01
-1.0000000000000001e-01
0.0000000000000000e+00
4.0000000000000002e-01
3.0068064809476946e-01
6.7297838644586483e-01
5.8716849205200505e-01
1.9864557823157027e-04
5.0000000000000003e-02
2.9999999999999999e-02
5.9999999999999998e-01
-1.0000000000000001e-01
0.0000000000000000e+00
4.0000000000000002e-01
4.1019843936597922e-01
6.5862384359441684e-01
4.4858477828209237e-01
1.9864557823157027e-04
5.0000000000000003e-02
2.9999999999999999e-02
5.9999999999999998e-01
-1.0000000000000001e-01
0.0000000000000000e+00
4.0000000000000002e-01
6.7493479192888350e-01
6.7080419474743291e-01
6.2279555377666795e-01
2.5393886445080949e-04
5.0000000000000003e-02
2.9999999999999999e-02
5.9999999999999998e-01
-1.0000000000000001e-01
0.0000000000000000e+00
4.0000000000000002e-01
5.1137187302744003e-01
5.9047713139556335e-01
5.7496024225954856e-01
2.5393886445080949e-04
5.0000000000000003e-02
2.9999999999999999e-02
5.9999999999999998e-01
-1.0000000000000001e-01
0.0000000000000000e+00
4.0000000000000002e-01
-2.7503912329042346e-01
5.8703558936618261e-01
7.7195835207705343e-01
2.5393886445080949e-04
5.0000000000000003e-02
2.9999999999999999e-02
5.9999999999999998e-01
-1.0000000000000001e-01
0.0000000000000000e+00
4.0000000000000002e-01
9.0035711378490535e-01
5.4979005160830896e-01
4.8346587319974732e-01
2.5393886445080949e-04
5.0000000000000003e-02
2.9999999999999999e-02
5.9999999999999998e-01
-1.0000000000000001e-01
0.0000000000000000e+00
4.0000000000000002e-01
7.7830497354900441e-01
5.9288151469729822e-01
6.1134671826963261e-01
2.5393886445080949e-04
5.0000000000000003e-02
2.9999999999999999e-02
5.9999999999999998e-01
-1.0000000000000001e-01
0.0000000000000000e+00
4.0000000000000002e-01
8.3284470052158444e-01
6.1972426214717324e-01
9.7967888613347842e-01
2.5393886445080949e-04
5.0000000000000003e-02
2.9999999999999999e-02
5.9999999999999998e-01
-1.0000000000000001e-01
0.0000000000000000e+00
4.0000000000000002e-01
8.2208289474880303e-01
6.4086906710170222e-01
7.8991554518346618e-01
2.5393886445080949e-04
5.0000000000000003e-02
2.9999999999999999e-02
5.9999999999999998e-01
-1.0000000000000001e-01
0.0000000000000000e+00
4.0000000000000002e-01
5.0523154825603567e-01
5.9929727587007009e-01
6.8978641529683893e-01
2.5393886445080949e-04
5.0000000000000003e-02
2.9999999999999999e-02
5.9999999999999998e-01
-1.0000000000000001e-01
0.0000000000000000e+00
4.0000000000000002e-01
6.4873132115956078e-02
6.0859187897942990e-01
5.7848866720800229e-01
2.5393886445080949e-04
5.0000000000000003e-02
2.9999999999999999e-02
5.9999999999999998e-01
-1.0000000000000001e-01
0.0000000000000000e+00
4.0000000000000002e-01
-1.6557461678350383e-01
6.3759191498063528e-01
3.7105648537282770e-01
2.5393886445080949e-04
5.0000000000000003e-02
2.9999999999999999e-02
5.9999999999999998e-01
-1.0000000000000001e-01
0.0000000000000000e+00
4.0000000000000002e-01
6.3113635188694645e-02
6.6151257166169608e-01
3.1971749474410827e-01
2.5393886445080949e-04
5.0000000000000003e-02
2.9999999999999999e-02
5.9999999999999998e-01
-1.0000000000000001e-01
0.0000000000000000e+00
4.0000000000000002e-01
3.6472405851518691e-01
7.2590294513009501e-01
-7.8813067179872409e-02
2.5393886445080949e-04
5.0000000000000003e-02
2.9999999999999999e-02
5.9999999999999998e-01
-1.0000000000000001e-01
0.0000000000000000e+00
4.0000000000000002e-01
-7.9053013264501515e-01
7.7411951741479346e-01
-3.2971207600786118e-02
2.5393886445080949e-04
5.0000000000000003e-02
2.9999999999999999e-02
5.9999999999999998e-01
-1.0000000000000001e-01
0.0000000000000000e+00
4.0000000000000002e-01
-6.3553160905206629e-01
6.5718197426103042e-01
4.1888121356372654e-01
2.5393886445080949e-04
5.0000000000000003e-02
2.9999999999999999e-02
5.9999999999999998e-01
-1.0000000000000001e-01
0.0000000000000000e+00
4.0000000000000002e-01
-3.2093944429719873e-01
5.9137939914964122e-01
4.6835386839811632e-01
2.5393886445080949e-04
5.0000000000000003e-02
2.9999999999999999e-02
5.9999999999999998e-01
-1.0000000000000001e-01
0.0000000000000000e+00
4.0000000000000002e-01
-7.5715850114191019e-01
4.9235338315270816e-01
7.1252535195206224e-01
2.3012789338817908e-04
5.0000000000000003e-02
2.9999999999999999e-02
5.9999999999999998e-01
-1.0000000000000001e-01
0.0000000000000000e+00
4.0000000000000002e-01
-2.0265437006319006e-01
4.9368683406613745e-01
5.1994660706375662e-01
2.3012789338817908e-04
5.0000000000000003e-02
2.9999999999999999e-02
5.9999999999999998e-01
-1.0000000000000001e-01
0.0000000000000000e+00
4.0000000000000002e-01
-9.9366686224306067e-01
4.7971121832631503e-01
9.3417436809395371e-01
2.3012789338817908e-04
5.0000000000000003e-02
2.9999999999999999e-02
5.9999999999999998e-01
-1.0000000000000001e-01
0.0000000000000000e+00
4.0000000000000002e-01
-5.5707395910585356e-01
4.7704923173688329e-01
7.5748141446267192e-01
2.3012789338817908e-04
5.0000000000000003e-02
2.9999999999999999e-02
5.9999999999999998e-01
-1.0000000000000001e-01
0.0000000000000000e+00
4.0000000000000002e-01
-4.4368531107271153e-01
4.6695279047913824e-01
8.7664618351613111e-01
2.3012789338817908e-04
5.0000000000000003e-02
2.9999999999999999e-02
5.9999999999999998e-01
-1.0000000000000001e-01
0.0000000000000000e+00
4.0000000000000002e-01
-8.9249585866296732e-01
4.7327054927773748e-01
7.3852504653041195e-01
2.3012789338817908e-04
5.0000000000000003e-02
2.9999999999999999e-02
5.9999999999999998e-01
-1.0000000000000001e-01
0.0000000000000000e+00
4.0000000000000002e-01
-9.3169804930055578e-01
4.8167124137930556e-01
5.6722869140212373e-01
2.3012789338817908e-04
5.0000000000000003e-02
2.9999999999999999e-02
5.9999999999999998e-01
-1.0000000000000001e-01
0.0000000000000000e+00
4.0000000000000002e-01
-9.6186804055536224e-01
5.0006796512655893e-01
4.5536052865092597e-01
2.3012789338817908e-04
5.0000000000000003e-02
2.9999999999999999e-02
5.9999999999999998e-01
-1.0000000000000001e-01
0.0000000000000000e+00
4.0000000000000002e-01
1.4379538900013405e-02
5.3912611094765350e-01
4.7367531162803017e-01
2.3012789338817908e-04
5.0000000000000003e-02
2.9999999999999999e-02
5.9999999999999998e-01
-1.0000000000000001e-01
0.0000000000000000e+00
4.0000000000000002e-01
4.6581837237512635e-01
5.2989178100876499e-01
1.7056022548233113e-01
2.3012789338817908e-04
5.0000000000000003e-02
2.9999999999999999e-02
5.9999999999999998e-01
-1.0000000000000001e-01
0.0000000000000000e+00
4.0000000000000002e-01
6.1839174450075207e-01
5.6346277109436682e-01
1.9758998834644401e-01
2.3012789338817908e-04
5.0000000000000003e-02
2.9999999999999999e-02
5.9999999999999998e-01
-1.0000000000000001e-01
0.0000000000000000e+00
4.0000000000000002e-01
7.8738341153299385e-01
5.6891391853146245e-01
7.6104988689766784e-02
2.3012789338817908e-04
5.0000000000000003e-02
2.9999999999999999e-02
5.9999999999999998e-01
-1.0000000000000001e-01
0.0000000000000000e+00
4.0000000000000002e-01
8.4008707255756432e-01
5.6745598772816352e-01
4.0483419315074526e-01
2.3012789338817908e-04
5.0000000000000003e-02
2.9999999999999999e-02
5.9999999999999998e-01
-1.0000000000000001e-01
0.0000000000000000e+00
4.0000000000000002e-01
5.6430946022903483e-01
5.4023719761423761e-01
6.6655230240081398e-01
2.3012789338817908e-04
5.0000000000000003e-02
2.9999999999999999e-02
5.9999999999999998e-01
-1.0000000000000001e-01
0.0000000000000000e+00
4.0000000000000002e-01
8.0435496837532094e-01
5.1071873853258787e-01
6.7017231182311621e-01
2.3012789338817908e-04
5.0000000000000003e-02
2.9999999999999999e-02
5.9999999999999998e-01
-1.0000000000000001e-01
0.0000000000000000e+00
4.0000000000000002e-01
1.7518669993316699e-01
5.8369019708685554e-01
5.4000691847060767e-01
2.3012789338817908e-04
5.0000000000000003e-02
2.9999999999999999e-02
5.9999999999999998e-01
-1.0000000000000001e-01
0.0000000000000000e+00
4.0000000000000002e-01
-2.2020687192047064e-01
6.3293795794896768e-01
3.7942921594832990e-01
2.3012789338817908e-04
5.0000000000000003e-02
2.9999999999999999e-02
5.9999999999999998e-01
-1.0000000000000001e-01
0.0000000000000000e+00
4.0000000000000002e-01
8.3640338570510908e-01
6.1301105040960002e-01
4.5462477044318766e-01
2.3012789338817908e-04
5.0000000000000003e-02
2.9999999999999999e-02
5.9999999999999998e-01
-1.0000000000000001e-01
0.0000000000000000e+00
4.0000000000000002e-01
4.5193564206993153e-01
6.6837547511510542e-01
1.5814909742330166e-01
2.3012789338817908e-04
5.0000000000000003e-02
2.9999999999999999e-02
5.9999999999999998e-01
-1.0000000000000001e-01
0.0000000000000000e+00
4.0000000000000002e-01
-3.6888378554229273e-02
6.4911614436559373e-01
3.3197948203538508e-01
1.3619148544957949e-04
5.0000000000000003e-02
2.9999999999999999e-02
5.9999999999999998e-01
-1.0000000000000001e-01
0.0000000000000000e+00
4.0000000000000002e-01
-4.0886171668136539e-01
6.9336133140973744e-01
6.2620792434667205e-01
1.3619148544957949e-04
5.0000000000000003e-02
2.9999999999999999e-02
5.9999999999999998e-01
-1.0000000000000001e-01
0.0000000000000000e+00
4.0000000000000002e-01
-4.8712085097396807e-01
7.4483676189832393e-01
3.6371253774617773e-01
1.3619148544957949e-04
5.0000000000000003e-02
2.9999999999999999e-02
5.9999999999999998e-01
-1.0000000000000001e-01
0.0000000000000000e+00
4.0000000000000002e-01
-8.4095354988539661e-01
8.0925023839525889e-01
3.8238450692151649e-01
1.3619148544957949e-04
5.0000000000000003e-02
2.9999999999999999e-02
5.9999999999999998e-01
-1.0000000000000001e-01
0.0000000000000000e+00
4.0000000000000002e-01
-4.8238942220175718e-01
8.2946546158842749e-01
3.9208115980145497e-01
4.6726898290207696e-04
5.0000000000000003e-02
2.9999999999999999e-02
5.9999999999999998e-01
-1.0000000000000001e-01
0.0000000000000000e+00
4.0000000000000002e-01
-6.0773770965004414e-01
7.3414176163725564e-01
3.7548010632512141e-01
4.6726898290207696e-04
5.0000000000000003e-02
2.9999999999999999e-02
5.9999999999999998e-01
-1.0000000000000001e-01
0.0000000000000000e+00
4.0000000000000002e-01
5.5067753993606106e-01
7.2160560414843278e-01
5.3132928893086473e-01
4.6726898290207696e-04
5.0000000000000003e-02
2.9999999999999999e-02
5.9999999999999998e-01
-1.0000000000000001e-01
0.0000000000000000e+00
4.0000000000000002e-01
-2.7302966392899020e-01
7.5054435632281036e-01
4.5968148961779631e-01
4.6726898290207696e-04
5.0000000000000003e-02
2.9999999999999999e-02
5.9999999999999998e-01
-1.0000000000000001e-01
0.0000000000000000e+00
4.0000000000000002e-01
-2.1856663807595236e-01
7.4922644612841327e-01
6.8600202247616804e-01
4.6726898290207696e-04
5.0000000000000003e-02
2.9999999999999999e-02
5.9999999999999998e-01
-1.0000000000000001e-01
0.0000000000000000e+00
4.0000000000000002e-01
4.8237294629847538e-01
8.1565285477690408e-01
5.0716572210309063e-01
4.6726898290207696e-04
5.0000000000000003e-02
2.9999999999999999e-02
5.9999999999999998e-01
-1.0000000000000001e-01
0.0000000000000000e+00
4.0000000000000002e-01
4.6277541831767094e-01
8.5643879578165716e-01
6.0456414148327864e-01
4.6726898290207696e-04
5.0000000000000003e-02
2.9999999999999999e-02
5.9999999999999998e-01
-1.0000000000000001e-01
0.0000000000000000e+00
4.0000000000000002e-01
5.0066642180716536e-01
8.1810850904040056e-01
4.1693743392941512e-01
4.6726898290207696e-04
5.0000000000000003e-02
2.9999999999999999e-02
5.9999999999999998e-01
-1.0000000000000001e-01
0.0000000000000000e+00
4.0000000000000002e-01
-6.3412756785119040e-01
8.2371580777965503e-01
2.1748076215502768e-01
4.6726898290207696e-04
5.0000000000000003e-02
2.9999999999999999e-02
5.9999999999999998e-01
-1.0000000000000001e-01
0.0000000000000000e+00
4.0000000000000002e-01
-1.3891639753544796e-01
8.2687067495189626e-01
1.8399936214205770e-01
4.6726898290207696e-04
5.0000000000000003e-02
2.9999999999999999e-02
5.9999999999999998e-01
-1.0000000000000001e-01
0.0000000000000000e+00
4.0000000000000002e-01
-5.0210299059117292e-01
8.9696729217372850e-01
-1.0884895174531645e-02
9.7634160891083043e-05
5.0000000000000003e-02
2.9999999999999999e-02
5.9999999999999998e-01
-1.0000000000000001e-01
0.0000000000000000e+00
4.0000000000000002e-01
-8.3206153615677803e-01
9.0642680214248617e-01
-1.4013037531404204e-02
9.7634160891083043e-05
5.0000000000000003e-02
2.9999999999999999e-02
5.9999999999999998e-01
-1.0000000000000001e-01
0.0000000000000000e+00
4.0000000000000002e-01
9.6796719566618949e-01
9.0028514145217853e-01
4.2887606516596821e-01
9.7634160891083043e-05
5.0000000000000003e-02
2.9999999999999999e-02
5.9999999999999998e-01
-1.0000000000000001e-01
0.0000000000000000e+00
4.0000000000000002e-01
9.5719450012480767e-01
8.1728294180236771e-01
4.7940386683912567e-02
9.7634160891083043e-05
5.0000000000000003e-02
2.9999999999999999e-02
5.9999999999999998e-01
-1.0000000000000001e-01
0.0000000000000000e+00
4.0000000000000002e-01
7.3144974187647849e-01
8.0560234783493001e-01
-1.8318987890961619e-01
9.7634160891083043e-05
5.0000000000000003e-02
2.9999999999999999e-02
5.9999999999999998e-01
-1.0000000000000001e-01
0.0000000000000000e+00
4.0000000000000002e-01
6.6320797160899203e-01
8.0124224971137969e-01
-3.3807051002862903e-01
9.7634160891083043e-05
5.0000000000000003e-02
2.9999999999999999e-02
5.9999999999999998e-01
-1.0000000000000001e-01
0.0000000000000000e+00
4.0000000000000002e-01
8.4895124629771268e-01
8.3127339963518110e-01
-1.8541243374231314e-01
9.7634160891083043e-05
5.0000000000000003e-02
2.9999999999999999e-02
5.9999999999999998e-01
-1.0000000000000001e-01
0.0000000000000000e+00
4.0000000000000002e-01
9.8773666933810278e-01
8.5933033611156062e-01
-4.7411044895532595e-01
9.7634160891083043e-05
5.0000000000000003e-02
2.9999999999999999e-02
5.9999999999999998e-01
-1.0000000000000001e-01
0.0000000000000000e+00
4.0000000000000002e-01
7.2575748280322117e-01
8.7737105848170827e-01
-5.7521352290990824e-01
9.7634160891083043e-05
5.0000000000000003e-02
2.9999999999999999e-02
5.9999999999999998e-01
-1.0000000000000001e-01
0.0000000000000000e+00
4.0000000000000002e-01
5.9763834408278774e-02
9.2994699333883846e-01
-9.1911969661596293e-01
9.7634160891083043e-05
5.0000000000000003e-02
2.9999999999999999e-02
5.9999999999999998e-01
-1.0000000000000001e-01
0.0000000000000000e+00
4.0000000000000002e-01
-4.2656902558470211e-01
8.9903203605391102e-01
-8.3456100262585164e-01
9.7634160891083043e-05
5.0000000000000003e-02
2.9999999999999999e-02
5.9999999999999998e-01
-1.0000000000000001e-01
0.0000000000000000e+00
4.0000000000000002e-01
-3.9387738234663455e-01
9.9344136370994163e-01
-6.3497757233562957e-01
2.2419674973925665e-04
5.0000000000000003e-02
2.9999999999999999e-02
5.9999999999999998e-01
-1.0000000000000001e-01
0.0000000000000000e+00
4.0000000000000002e-01
-2.2046662637238174e-02
9.1696122207023223e-01
-5.8010227598133579e-01
2.2419674973925665e-04
5.0000000000000003e-02
2.9999999999999999e-02
5.9999999999999998e-01
-1.0000000000000001e-01
0.0000000000000000e+00
4.0000000000000002e-01
8.6088748953099578e-02
8.8877147318698480e-01
-6.2266878820839422e-01
2.2419674973925665e-04
5.0000000000000003e-02
2.9999999999999999e-02
5.9999999999999998e-01
-1.0000000000000001e-01
0.0000000000000000e+00
4.0000000000000002e-01
-8.4322743616366824e-01
8.6514383657552318e-01
-4.0277278967085378e-01
2.2419674973925665e-04
5.0000000000000003e-02
2.9999999999999999e-02
5.9999999999999998e-01
-1.0000000000000001e-01
0.0000000000000000e+00
4.0000000000000002e-01
-7.2911076284313636e-01
8.5828257443286504e-01
-2.6709806747618214e-01
2.2419674973925665e-04
5.0000000000000003e-02
2.9999999999999999e-02
5.9999999999999998e-01
-1.0000000000000001e-01
0.0000000000000000e+00
4.0000000000000002e-01
-7.4486707917714556e-01
8.9852072073794931e-01
-2.4018371224287055e-01
2.2419674973925665e-04
5.0000000000000003e-02
2.9999999999999999e-02
5.9999999999999998e-01
-1.0000000000000001e-01
0.0000000000000000e+00
4.0000000000000002e-01
1.8457788684105428e-01
9.1206726743556588e-01
-3.1516054868581794e-01
2.2419674973925665e-04
5.0000000000000003e-02
2.9999999999999999e-02
5.9999999999999998e-01
-1.0000000000000001e-01
0.0000000000000000e+00
4.0000000000000002e-01
5.3342753627037565e-01
9.0973337276555633e-01
-1.8929982900503181e-01
2.2419674973925665e-04
5.0000000000000003e-02
2.9999999999999999e-02
5.9999999999999998e-01
-1.0000000000000001e-01
0.0000000000000000e+00
4.0000000000000002e-01
5.0392590389287040e-01
9.1089612400807474e-01
-3.5057699083118676e-02
2.2419674973925665e-04
5.0000000000000003e-02
2.9999999999999999e-02
5.9999999999999998e-01
-1.0000000000000001e-01
0.0000000000000000e+00
4.0000000000000002e-01
8.3806481704747238e-01
8.4783827340878581e-01
-8.1331434089234045e-03
2.2419674973925665e-04
5.0000000000000003e-02
2.9999999999999999e-02
5.9999999999999998e-01
-1.0000000000000001e-01
0.0000000000000000e+00
4.0000000000000002e-01
8.7755566970145271e-01
8.6457288444317915e-01
-1.0282573624282155e-02
2.2419674973925665e-04
5.0000000000000003e-02
2.9999999999999999e-02
5.9999999999999998e-01
-1.0000000000000001e-01
0.0000000000000000e+00
4.0000000000000002e-01
3.6066535726821003e-01
8.9991408384122007e-01
5.7453703955979055e-02
2.2419674973925665e-04
5.0000000000000003e-02
2.9999999999999999e-02
5.9999999999999998e-01
-1.0000000000000001e-01
0.0000000000000000e+00
4.0000000000000002e-01
-7.8878606110179839e-01
9.1932372987546074e-01
3.4416336387512181e-01
2.2419674973925665e-04
5.0000000000000003e-02
2.9999999999999999e-02
5.9999999999999998e-01
-1.0000000000000001e-01
0.0000000000000000e+00
4.0000000000000002e-01
-8.8071759491527490e-01
1.0437166280177987e+00
5.8887695282814001e-01
2.2419674973925665e-04
5.0000000000000003e-02
2.9999999999999999e-02
5.9999999999999998e-01
-1.0000000000000001e-01
0.0000000000000000e+00
4.0000000000000002e-01
-4.7960267811382229e-01
1.0627749064592278e+00
5.1779559493181204e-01
2.2419674973925665e-04
5.0000000000000003e-02
2.9999999999999999e-02
5.9999999999999998e-01
-1.0000000000000001e-01
0.0000000000000000e+00
4.0000000000000002e-01
-8.3060469298923423e-01
1.0732393453744804e+00
3.2343011617776857e-01
2.2419674973925665e-04
5.0000000000000003e-02
2.9999999999999999e-02
5.9999999999999998e-01
-1.0000000000000001e-01
0.0000000000000000e+00
4.0000000000000002e-01
6.7914894194042263e-01
1.0373909595636284e+00
1.8397050827857958e-01
2.2419674973925665e-04
5.0000000000000003e-02
2.9999999999999999e-02
5.9999999999999998e-01
-1.0000000000000001e-01
0.0000000000000000e+00
4.0000000000000002e-01
8.3961048693096219e-01
1.0737914126542960e+00
6.1213606089469896e-01
2.2419674973925665e-04
5.0000000000000003e-02
2.9999999999999999e-02
5.9999999999999998e-01
-1.0000000000000001e-01
0.0000000000000000e+00
4.0000000000000002e-01
8.3965989059563317e-02
9.8804746216811268e-01
9.7239015907165516e-01
2.2419674973925665e-04
5.0000000000000003e-02
2.9999999999999999e-02
5.9999999999999998e-01
-1.0000000000000001e-01
0.0000000000000000e+00
4.0000000000000002e-01
-9.1564955591524066e-01
9.9932459244407745e-01
9.6827338665840146e-01
2.2419674973925665e-04
5.0000000000000003e-02
2.9999999999999999e-02
5.9999999999999998e-01
-1.0000000000000001e-01
0.0000000000000000e+00
4.0000000000000002e-01
-7.8717018037403041e-01
9.7200838923730004e-01
8.7645307108876225e-01
2.2419674973925665e-04
5.0000000000000003e-02
2.9999999999999999e-02
5.9999999999999998e-01
-1.0000000000000001e-01
0.0000000000000000e+00
4.0000000000000002e-01
-2.9732023625934545e-01
1.0519798357514298e+00
9.0676848436822111e-01
2.2419674973925665e-04
5.0000000000000003e-02
2.9999999999999999e-02
5.9999999999999998e-01
-1.0000000000000001e-01
0.0000000000000000e+00
4.0000000000000002e-01
-1.2943258255088752e-01
9.8487649100177066e-01
9.3866388256777933e-01
2.2419674973925665e-04
5.0000000000000003e-02
2.9999999999999999e-02
5.9999999999999998e-01
-1.0000000000000001e-01
0.0000000000000000e+00
4.0000000000000002e-01
-3.2096326499545996e-01
1.0634986994778370e+00
7.7792606289614841e-01
2.2419674973925665e-04
5.0000000000000003e-02
2.9999999999999999e-02
5.9999999999999998e-01
-1.0000000000000001e-01
0.0000000000000000e+00
4.0000000000000002e-01
8.1528726071750690e-01
9.0879482718460325e-01
6.6750502343405882e-01
2.2419674973925665e-04
5.0000000000000003e-02
2.9999999999999999e-02
5.9999999999999998e-01
-1.0000000000000001e-01
0.0000000000000000e+00
4.0000000000000002e-01
4.0615823871250956e-02
8.6049872626267443e-01
6.1735654826392328e-01
2.2419674973925665e-04
5.0000000000000003e-02
2.9999999999999999e-02
5.9999999999999998e-01
-1.0000000000000001e-01
0.0000000000000000e+00
4.0000000000000002e-01
7.1762145370876396e-01
8.9344271351300253e-01
4.1580928321112770e-01
2.2419674973925665e-04
5.0000000000000003e-02
2.9999999999999999e-02
5.9999999999999998e-01
-1.0000000000000001e-01
0.0000000000000000e+00
4.0000000000000002e-01
-2.1180415212476644e-01
8.7076037962637920e-01
5.0465633387793685e-01
2.2419674973925665e-04
5.0000000000000003e-02
2.9999999999999999e-02
5.9999999999999998e-01
-1.0000000000000001e-01
0.0000000000000000e+00
4.0000000000000002e-01
4.7889175683891372e-01
8.7996361713014615e-01
4.8747367198695318e-01
2.2419674973925665e-04
5.0000000000000003e-02
2.9999999999999999e-02
5.9999999999999998e-01
-1.0000000000000001e-01
0.0000000000000000e+00
4.0000000000000002e-01
2.0253398270046294e-01
7.6984170763097781e-01
3.8223778064479008e-01
2.2419674973925665e-04
5.0000000000000003e-02
2.9999999999999999e-02
5.9999999999999998e-01
-1.0000000000000001e-01
0.0000000000000000e+00
4.0000000000000002e-01
4.3674689323341426e-01
8.4073086182676326e-01
5.1056855018366942e-01
2.2419674973925665e-04
5.0000000000000003e-02
2.9999999999999999e-02
5.9999999999999998e-01
-1.0000000000000001e-01
0.0000000000000000e+00
4.0000000000000002e-01
-7.6678165286148003e-01
8.4814424507223141e-01
4.0530245023895861e-01
2.2419674973925665e-04
5.0000000000000003e-02
2.9999999999999999e-02
5.9999999999999998e-01
-1.0000000000000001e-01
0.0000000000000000e+00
4.0000000000000002e-01
4.3515609652435372e-01
8.9117184261880877e-01
5.7606432157684917e-01
2.2419674973925665e-04
5.0000000000000003e-02
2.9999999999999999e-02
5.9999999999999998e-01
-1.0000000000000001e-01
0.0000000000000000e+00
4.0000000000000002e-01
9.4554407716428823e-01
9.1295475868783948e-01
3.7665351825882554e-01
2.2419674973925665e-04
5.0000000000000003e-02
2.9999999999999999e-02
5.9999999999999998e-01
-1.0000000000000001e-01
0.0000000000000000e+00
4.0000000000000002e-01
4.7843993604814583e-01
9.2841569094263077e-01
1.5297118025948170e-01
2.2419674973925665e-04
5.0000000000000003e-02
2.9999999999999999e-02
5.9999999999999998e-01
-1.0000000000000001e-01
0.0000000000000000e+00
4.0000000000000002e-01
6.1486770272886337e-01
9.4460876791082371e-01
-1.5739914369653102e-01
2.2419674973925665e-04
5.0000000000000003e-02
2.9999999999999999e-02
5.9999999999999998e-01
-1.0000000000000001e-01
0.0000000000000000e+00
4.0000000000000002e-01
2.3420639992391648e-01
1.0404587297876930e+00
-4.4196895963990457e-03
4.0981275495132515e-04
5.0000000000000003e-02
2.9999999999999999e-02
5.9999999999999998e-01
-1.0000000000000001e-01
0.0000000000000000e+00
4.0000000000000002e-01
3.1556854963934011e-01
1.0380754125555611e+00
-1.8587418896029828e-01
4.0981275495132515e-04
5.0000000000000003e-02
2.9999999999999999e-02
5.9999999999999998e-01
-1.0000000000000001e-01
0.0000000000000000e+00
4.0000000000000002e-01
2.8416624829804482e-01
9.8104938368402483e-01
-1.3518558394978877e-01
4.0981275495132515e-04
5.0000000000000003e-02
2.9999999999999999e-02
5.9999999999999998e-01
-1.0000000000000001e-01
0.0000000000000000e+00
4.0000000000000002e-01
9.0556685016190586e-01
9.1019525627695097e-01
-2.4107558847173430e-02
4.0981275495132515e-04
5.0000000000000003e-02
2.9999999999999999e-02
5.9999999999999998e-01
-1.0000000000000001e-01
0.0000000000000000e+00
4.0000000000000002e-01
9.2810266301667266e-01
9.9817473687134761e-01
1.6242850753595001e-01
4.0981275495132515e-04
5.0000000000000003e-02
2.9999999999999999e-02
5.9999999999999998e-01
-1.0000000000000001e-01
0.0000000000000000e+00
4.0000000000000002e-01
-2.3502849473917897e-01
9.8552046169243823e-01
-3.5515320569976500e-02
4.0981275495132515e-04
5.0000000000000003e-02
2.9999999999999999e-02
5.9999999999999998e-01
-1.0000000000000001e-01
0.0000000000000000e+00
4.0000000000000002e-01
-7.3369426443541463e-01
1.0266562124630072e+00
1.6558558913995391e-01
4.0981275495132515e-04
5.0000000000000003e-02
2.9999999999999999e-02
5.9999999999999998e-01
-1.0000000000000001e-01
0.0000000000000000e+00
4.0000000000000002e-01
-7.2837718867902246e-02
9.6164224041901603e-01
3.6291731211473111e-01
4.0981275495132515e-04
5.0000000000000003e-02
2.9999999999999999e-02
5.9999999999999998e-01
-1.0000000000000001e-01
0.0000000000000000e+00
4.0000000000000002e-01
6.0839030609166200e-01
9.8568726254902861e-01
6.5306576582719444e-01
4.0981275495132515e-04
5.0000000000000003e-02
2.9999999999999999e-02
5.9999999999999998e-01
-1.0000000000000001e-01
0.0000000000000000e+00
4.0000000000000002e-01
-2.5540740921462002e-01
1.0091605353494744e+00
5.7512391361524229e-01
4.0981275495132515e-04
5.0000000000000003e-02
2.9999999999999999e-02
5.9999999999999998e-01
-1.0000000000000001e-01
0.0000000000000000e+00
4.0000000000000002e-01
-4.5352280213797508e-01
1.0154684229036430e+00
6.6414364847470886e-01
4.0981275495132515e-04
5.0000000000000003e-02
2.9999999999999999e-02
5.9999999999999998e-01
-1.0000000000000001e-01
0.0000000000000000e+00
4.0000000000000002e-01
-9.0445103555286344e-01
1.1603268070360280e+00
7.4383101257611872e-01
4.0981275495132515e-04
5.0000000000000003e-02
2.9999999999999999e-02
5.9999999999999998e-01
-1.0000000000000001e-01
0.0000000000000000e+00
4.0000000000000002e-01
2.8393735260402736e-01
1.0751780058284854e+00
5.3151801857282288e-01
4.0981275495132515e-04
5.0000000000000003e-02
2.9999999999999999e-02
5.9999999999999998e-01
-1.0000000000000001e-01
0.0000000000000000e+00
4.0000000000000002e-01
-3.9913470178211158e-01
1.0679095112224672e+00
6.7982165726949340e-01
4.0981275495132515e-04
5.0000000000000003e-02
2.9999999999999999e-02
5.9999999999999998e-01
-1.0000000000000001e-01
0.0000000000000000e+00
4.0000000000000002e-01
8.4390488595401814e-01
9.9400545324288347e-01
6.2076656374265315e-01
4.0981275495132515e-04
5.0000000000000003e-02
2.9999999999999999e-02
5.9999999999999998e-01
-1.0000000000000001e-01
0.0000000000000000e+00
4.0000000000000002e-01
4.9589796513950407e-01
9.9889527942143430e-01
9.2603333148290279e-01
4.0981275495132515e-04
5.0000000000000003e-02
2.9999999999999999e-02
5.9999999999999998e-01
-1.0000000000000001e-01
0.0000000000000000e+00
4.0000000000000002e-01
8.9387107641136221e-01
9.4248027636013976e-01
7.2376227769185664e-01
4.0981275495132515e-04
5.0000000000000003e-02
2.9999999999999999e-02
5.9999999999999998e-01
-1.0000000000000001e-01
0.0000000000000000e+00
4.0000000000000002e-01
6.6977995902931264e-01
9.3808423788748740e-01
5.8482042464543949e-01
4.0981275495132515e-04
5.0000000000000003e-02
2.9999999999999999e-02
5.9999999999999998e-01
-1.0000000000000001e-01
0.0000000000000000e+00
4.0000000000000002e-01
5.4888717145359101e-01
9.7615406085453993e-01
6.8996870520640985e-01
4.0981275495132515e-04
5.0000000000000003e-02
2.9999999999999999e-02
5.9999999999999998e-01
-1.0000000000000001e-01
0.0000000000000000e+00
4.0000000000000002e-01
2.0168418646490158e-01
1.0321869328161337e+00
3.3632944407989152e-01
4.0981275495132515e-04
5.0000000000000003e-02
2.9999999999999999e-02
5.9999999999999998e-01
-1.0000000000000001e-01
0.0000000000000000e+00
4.0000000000000002e-01
6.1590393931304988e-01
1.0100886690755941e+00
5.2952835771371498e-01
4.0981275495132515e-04
5.0000000000000003e-02
2.9999999999999999e-02
5.9999999999999998e-01
-1.0000000000000001e-01
0.0000000000000000e+00
4.0000000000000002e-01
1.7145422369873098e-01
9.8198145891629229e-01
4.5387210073997153e-01
4.0981275495132515e-04
5.0000000000000003e-02
2.9999999999999999e-02
5.9999999999999998e-01
-1.0000000000000001e-01
0.0000000000000000e+00
4.0000000000000002e-01
5.6651608810460141e-01
9.8183568371735597e-01
8.9919180403579835e-01
4.0981275495132515e-04
5.0000000000000003e-02
2.9999999999999999e-02
5.9999999999999998e-01
-1.0000000000000001e-01
0.0000000000000000e+00
4.0000000000000002e-01
-7.2151840075219098e-01
9.4380503906212843e-01
8.8328002731432076e-01
4.0981275495132515e-04
5.0000000000000003e-02
2.9999999999999999e-02
5.9999999999999998e-01
-1.0000000000000001e-01
0.0000000000000000e+00
4.0000000000000002e-01
2.4870319521780399e-02
9.4678505410157243e-01
7.4217506568063851e-01
4.0981275495132515e-04
5.0000000000000003e-02
2.9999999999999999e-02
5.9999999999999998e-01
-1.0000000000000001e-01
0.0000000000000000e+00
4.0000000000000002e-01
4.6506607309615172e-01
8.3973460329972305e-01
7.2703042308916210e-01
4.0981275495132515e-04
5.0000000000000003e-02
2.9999999999999999e-02
5.9999999999999998e-01
-1.0000000000000001e-01
0.0000000000000000e+00
4.0000000000000002e-01
2.6674038962161101e-01
8.2928534282647171e-01
6.3578254322637684e-01
4.0981275495132515e-04
5.0000000000000003e-02
2.9999999999999999e-02
5.9999999999999998e-01
-1.0000000000000001e-01
0.0000000000000000e+00
4.0000000000000002e-01
-2.6803182747408023e-03
8.5194765214525259e-01
9.3931589718093056e-01
4.0981275495132515e-04
5.0000000000000003e-02
2.9999999999999999e-02
5.9999999999999998e-01
-1.0000000000000001e-01
0.0000000000000000e+00
4.0000000000000002e-01
8.5149321534370936e-01
8.7529903338752779e-01
8.2567649836768298e-01
4.0981275495132515e-04
5.0000000000000003e-02
2.9999999999999999e-02
5.9999999999999998e-01
-1.0000000000000001e-01
0.0000000000000000e+00
4.0000000000000002e-01
-3.3972154519820652e-01
8.5473711644016304e-01
9.8065592195023688e-01
4.0981275495132515e-04
5.0000000000000003e-02
2.9999999999999999e-02
5.9999999999999998e-01
-1.0000000000000001e-01
0.0000000000000000e+00
4.0000000000000002e-01
-7.9469423196578481e-01
9.2797702093325651e-01
6.3998580838669938e-01
4.0981275495132515e-04
5.0000000000000003e-02
2.9999999999999999e-02
5.9999999999999998e-01
-1.0000000000000001e-01
0.0000000000000000e+00
4.0000000000000002e-01
-1.8961989305282101e-01
9.2309010182224305e-01
6.2079775001038706e-01
4.0981275495132515e-04
5.0000000000000003e-02
2.9999999999999999e-02
5.9999999999999998e-01
-1.0000000000000001e-01
0.0000000000000000e+00
4.0000000000000002e-01
-9.0620091340804565e-01
1.0068745466312030e+00
9.3469606842030672e-01
4.0981275495132515e-04
5.0000000000000003e-02
2.9999999999999999e-02
5.9999999999999998e-01
-1.0000000000000001e-01
0.0000000000000000e+00
4.0000000000000002e-01
-5.3510397634768947e-01
1.0467901027639965e+00
9.4927002276410255e-01
4.0981275495132515e-04
5.0000000000000003e-02
2.9999999999999999e-02
5.9999999999999998e-01
-1.0000000000000001e-01
0.0000000000000000e+00
4.0000000000000002e-01
-8.2358907423282135e-01
1.0667414678474527e+00
9.9821126426686435e-01
4.0981275495132515e-04
5.0000000000000003e-02
2.9999999999999999e-02
5.9999999999999998e-01
-1.0000000000000001e-01
0.0000000000000000e+00
4.0000000000000002e-01
-5.7899415335917936e-01
1.0023308453103166e+00
7.6741289164055970e-01
1.9310823734840465e-04
5.0000000000000003e-02
2.9999999999999999e-02
5.9999999999999998e-01
-1.0000000000000001e-01
0.0000000000000000e+00
4.0000000000000002e-01
-6.2818473211789572e-01
9.8235187072955188e-01
6.8201547647942695e-01
1.9310823734840465e-04
5.0000000000000003e-02
2.9999999999999999e-02
5.9999999999999998e-01
-1.0000000000000001e-01
0.0000000000000000e+00
4.0000000000000002e-01
-5.3371505610013448e-01
1.0465898478766540e+00
7.4579656149377027e-01
1.9310823734840465e-04
5.0000000000000003e-02
2.9999999999999999e-02
5.9999999999999998e-01
-1.0000000000000001e-01
0.0000000000000000e+00
4.0000000000000002e-01
-1.3329516939187491e-01
1.1103333361884216e+00
9.9043683673371485e-01
1.9310823734840465e-04
5.0000000000000003e-02
2.9999999999999999e-02
5.9999999999999998e-01
-1.0000000000000001e-01
0.0000000000000000e+00
4.0000000000000002e-01
-5.2673820364588941e-01
1.0451336360117056e+00
4.7473424221505328e-01
1.9310823734840465e-04
5.0000000000000003e-02
2.9999999999999999e-02
5.9999999999999998e-01
-1.0000000000000001e-01
0.0000000000000000e+00
4.0000000000000002e-01
-4.0233398068064896e-01
1.0568305342336748e+00
3.8798320735921066e-01
1.9310823734840465e-04
5.0000000000000003e-02
2.9999999999999999e-02
5.9999999999999998e-01
-1.0000000000000001e-01
0.0000000000000000e+00
4.0000000000000002e-01
-5.6604714620227070e-01
1.0605415191789718e+00
5.3504553760518236e-01
1.9310823734840465e-04
5.0000000000000003e-02
2.9999999999999999e-02
5.9999999999999998e-01
-1.0000000000000001e-01
0.0000000000000000e+00
4.0000000000000002e-01
-6.6396386447662559e-01
1.0939747553011032e+00
6.2669583599199463e-01
1.9310823734840465e-04
5.0000000000000003e-02
2.9999999999999999e-02
5.9999999999999998e-01
-1.0000000000000001e-01
0.0000000000000000e+00
4.0000000000000002e-01
-3.1091479840988367e-01
9.9657855893574676e-01
4.6427335302461792e-01
1.9310823734840465e-04
5.0000000000000003e-02
2.9999999999999999e-02
5.9999999999999998e-01
-1.0000000000000001e-01
0.0000000000000000e+00
4.0000000000000002e-01
1.6661908027416020e-01
1.0559271941324326e+00
7.1331909219850709e-01
1.9310823734840465e-04
5.0000000000000003e-02
2.9999999999999999e-02
5.9999999999999998e-01
-1.0000000000000001e-01
0.0000000000000000e+00
4.0000000000000002e-01
5.2419420239215642e-01
1.0201616649767014e+00
7.4038161556352788e-01
1.9310823734840465e-04
5.0000000000000003e-02
2.9999999999999999e-02
5.9999999999999998e-01
-1.0000000000000001e-01
0.0000000000000000e+00
4.0000000000000002e-01
4.9850854246671517e-02
1.0008203373094651e+00
5.8924616138567143e-01
1.9310823734840465e-04
5.0000000000000003e-02
2.9999999999999999e-02
5.9999999999999998e-01
-1.0000000000000001e-01
0.0000000000000000e+00
4.0000000000000002e-01
-5.4087205174679021e-01
1.0223313460489365e+00
5.1186829033424075e-01
1.9310823734840465e-04
5.0000000000000003e-02
2.9999999999999999e-02
5.9999999999999998e-01
-1.0000000000000001e-01
0.0000000000000000e+00
4.0000000000000002e-01
-6.0247092905754307e-01
1.0028235145350548e+00
6.6521194416214646e-01
1.9310823734840465e-04
5.0000000000000003e-02
2.9999999999999999e-02
5.9999999999999998e-01
-1.0000000000000001e-01
0.0000000000000000e+00
4.0000000000000002e-01
-2.0479572001213292e-01
8.7399033845864260e-01
9.8984978634049114e-01
1.9310823734840465e-04
5.0000000000000003e-02
2.9999999999999999e-02
5.9999999999999998e-01
-1.0000000000000001e-01
0.0000000000000000e+00
4.0000000000000002e-01
-6.1719263288492421e-01
8.8907765115700688e-01
7.4077438729931533e-01
1.9310823734840465e-04
5.0000000000000003e-02
2.9999999999999999e-02
5.9999999999999998e-01
-1.0000000000000001e-01
0.0000000000000000e+00
4.0000000000000002e-01
-6.8334107849115588e-01
8.5873638887606585e-01
6.2573205548454947e-01
1.9310823734840465e-04
5.0000000000000003e-02
2.9999999999999999e-02
5.9999999999999998e-01
-1.0000000000000001e-01
0.0000000000000000e+00
4.0000000000000002e-01
2.4610092368608247e-01
9.3757781429491960e-01
3.0567635613609978e-01
1.9310823734840465e-04
5.0000000000000003e-02
2.9999999999999999e-02
5.9999999999999998e-01
-1.0000000000000001e-01
0.0000000000000000e+00
4.0000000000000002e-01
5.2135633674150239e-01
8.1618334384165725e-01
6.3246874886681270e-01
1.9310823734840465e-04
5.0000000000000003e-02
2.9999999999999999e-02
5.9999999999999998e-01
-1.0000000000000001e-01
0.0000000000000000e+00
4.0000000000000002e-01
8.8983344722344190e-03
7.5865104801855998e-01
3.0976299124886231e-01
1.9310823734840465e-04
5.0000000000000003e-02
2.9999999999999999e-02
5.9999999999999998e-01
-1.0000000000000001e-01
0.0000000000000000e+00
4.0000000000000002e-01
1.2482423421626823e-01
6.8615791799031212e-01
4.7575425881077482e-01
1.9310823734840465e-04
5.0000000000000003e-02
2.9999999999999999e-02
5.9999999999999998e-01
-1.0000000000000001e-01
0.0000000000000000e+00
4.0000000000000002e-01
-7.3276117320472456e-01
7.8274291779004046e-01
5.5504605072666835e-01
1.9310823734840465e-04
5.0000000000000003e-02
2.9999999999999999e-02
5.9999999999999998e-01
-1.0000000000000001e-01
0.0000000000000000e+00
4.0000000000000002e-01
-2.2727809186393477e-01
7.6843860904775574e-01
3.2569723147083951e-01
1.9310823734840465e-04
5.0000000000000003e-02
2.9999999999999999e-02
5.9999999999999998e-01
-1.0000000000000001e-01
0.0000000000000000e+00
4.0000000000000002e-01
-3.4272608633453105e-01
8.1600444166265451e-01
1.8165764349629118e-01
1.9310823734840465e-04
5.0000000000000003e-02
2.9999999999999999e-02
5.9999999999999998e-01
-1.0000000000000001e-01
0.0000000000000000e+00
4.0000000000000002e-01
-6.3929095263892866e-01
8.6596339695058777e-01
8.9769947706954054e-02
1.9310823734840465e-04
5.0000000000000003e-02
2.9999999999999999e-02
5.9999999999999998e-01
-1.0000000000000001e-01
0.0000000000000000e+00
4.0000000000000002e-01
-2.9645182985181068e-01
8.8670116417013123e-01
4.5048960941960053e-01
1.9310823734840465e-04
5.0000000000000003e-02
2.9999999999999999e-02
5.9999999999999998e-01
-1.0000000000000001e-01
0.0000000000000000e+00
4.0000000000000002e-01
-4.2670324500018808e-01
8.6880046670041999e-01
6.6111019748379429e-01
1.9310823734840465e-04
5.0000000000000003e-02
2.9999999999999999e-02
5.9999999999999998e-01
-1.0000000000000001e-01
0.0000000000000000e+00
4.0000000000000002e-01
-2.6300468678886146e-01
9.6308082525335281e-01
5.5414040195872027e-01
1.9310823734840465e-04
5.0000000000000003e-02
2.9999999999999999e-02
5.9999999999999998e-01
-1.0000000000000001e-01
0.0000000000000000e+00
4.0000000000000002e-01
8.7809938196724202e-01
1.0029002093514059e+00
5.2557421858538833e-01
1.9310823734840465e-04
5.0000000000000003e-02
2.9999999999999999e-02
5.9999999999999998e-01
-1.0000000000000001e-01
0.0000000000000000e+00
4.0000000000000002e-01
-6.2966657514983848e-01
9.0822492448888759e-01
4.7508496339549272e-01
1.9310823734840465e-04
5.0000000000000003e-02
2.9999999999999999e-02
5.9999999999999998e-01
-1.0000000000000001e-01
0.0000000000000000e+00
4.0000000000000002e-01
-1.3334610487634369e-01
8.9658471958242392e-01
7.6275660182465754e-01
1.9310823734840465e-04
5.0000000000000003e-02
2.9999999999999999e-02
5.9999999999999998e-01
-1.0000000000000001e-01
0.0000000000000000e+00
4.0000000000000002e-01
-3.1482373114043904e-01
9.5003536419473622e-01
6.1855114291538449e-01
1.9310823734840465e-04
5.0000000000000003e-02
2.9999999999999999e-02
5.9999999999999998e-01
-1.0000000000000001e-01
0.0000000000000000e+00
4.0000000000000002e-01
8.3628231648987095e-01
8.9969889630280475e-01
9.2081560681690422e-01
1.9310823734840465e-04
5.0000000000000003e-02
2.9999999999999999e-02
5.9999999999999998e-01
-1.0000000000000001e-01
0.0000000000000000e+00
4.0000000000000002e-01
2.9981125636752148e-02
9.1886763562165241e-01
9.3207863788236822e-01
1.9310823734840465e-04
5.0000000000000003e-02
2.9999999999999999e-02
5.9999999999999998e-01
-1.0000000000000001e-01
0.0000000000000000e+00
4.0000000000000002e-01
-4.2028936441356368e-01
9.4232401636146057e-01
9.2276632647146428e-01
1.9310823734840465e-04
5.0000000000000003e-02
2.9999999999999999e-02
5.9999999999999998e-01
-1.0000000000000001e-01
0.0000000000000000e+00
4.0000000000000002e-01
5.3014934007709791e-01
9.4766821223400577e-01
5.4737673114170282e-01
1.9310823734840465e-04
5.0000000000000003e-02
2.9999999999999999e-02
5.9999999999999998e-01
-1.0000000000000001e-01
0.0000000000000000e+00
4.0000000000000002e-01
-3.6320939238483135e-01
8.9996972542904363e-01
8.1616987298359112e-01
1.9310823734840465e-04
5.0000000000000003e-02
2.9999999999999999e-02
5.9999999999999998e-01
-1.0000000000000001e-01
0.0000000000000000e+00
4.0000000000000002e-01
-7.8559982712680532e-01
8.9623714548252575e-01
7.1756985525716976e-01
1.9310823734840465e-04
5.0000000000000003e-02
2.9999999999999999e-02
5.9999999999999998e-01
-1.0000000000000001e-01
0.0000000000000000e+00
4.0000000000000002e-01
-9.7027773375922877e-01
9.4374007797144421e-01
6.5011495123733709e-01
6.1530768405636857e-04
5.0000000000000003e-02
2.9999999999999999e-02
5.9999999999999998e-01
-1.0000000000000001e-01
0.0000000000000000e+00
4.0000000000000002e-01
-7.6629121060783112e-01
1.0260655455579617e+00
7.1978931347955888e-01
6.1530768405636857e-04
5.0000000000000003e-02
2.9999999999999999e-02
5.9999999999999998e-01
-1.0000000000000001e-01
0.0000000000000000e+00
4.0000000000000002e-01
3.1930716081316812e-02
1.0800221105804302e+00
8.4961450974573327e-01
6.1530768405636857e-04
5.0000000000000003e-02
2.9999999999999999e-02
5.9999999999999998e-01
-1.0000000000000001e-01
0.0000000000000000e+00
4.0000000000000002e-01
-7.6578652615958887e-01
1.1398630024781085e+00
8.9221083740820117e-01
6.1530768405636857e-04
5.0000000000000003e-02
2.9999999999999999e-02
5.9999999999999998e-01
-1.0000000000000001e-01
0.0000000000000000e+00
4.0000000000000002e-01
-6.2565107758456906e-01
1.2345606567849967e+00
6.3872359122266009e-01
6.1530768405636857e-04
5.0000000000000003e-02
2.9999999999999999e-02
5.9999999999999998e-01
-1.0000000000000001e-01
0.0000000000000000e+00
4.0000000000000002e-01
-7.5781563933307372e-01
1.1625308660259099e+00
6.6163077379693214e-01
6.1530768405636857e-04
5.0000000000000003e-02
2.9999999999999999e-02
5.9999999999999998e-01
-1.0000000000000001e-01
0.0000000000000000e+00
4.0000000000000002e-01
-8.2801504935437875e-01
1.1414538794746250e+00
5.1279779623378929e-01
6.1530768405636857e-04
5.0000000000000003e-02
2.9999999999999999e-02
5.9999999999999998e-01
-1.0000000000000001e-01
0.0000000000000000e+00
4.0000000000000002e-01
-1.9931307255590403e-01
1.2283091889610140e+00
8.3163670967449366e-01
6.1530768405636857e-04
5.0000000000000003e-02
2.9999999999999999e-02
5.9999999999999998e-01
-1.0000000000000001e-01
0.0000000000000000e+00
4.0000000000000002e-01
6.5068780482446709e-01
1.2820247911205143e+00
5.9152053962578000e-01
6.1530768405636857e-04
5.0000000000000003e-02
2.9999999999999999e-02
5.9999999999999998e-01
-1.0000000000000001e-01
0.0000000000000000e+00
4.0000000000000002e-01
8.8529140458142319e-01
1.2871802172353117e+00
9.3953921924461536e-01
6.1530768405636857e-04
5.0000000000000003e-02
2.9999999999999999e-02
5.9999999999999998e-01
-1.0000000000000001e-01
0.0000000000000000e+00
4.0000000000000002e-01
6.9210945234334043e-01
1.3196338795115798e+00
8.3459968204726387e-01
6.1530768405636857e-04
5.0000000000000003e-02
2.9999999999999999e-02
5.9999999999999998e-01
-1.0000000000000001e-01
0.0000000000000000e+00
4.0000000000000002e-01
8.2356355056798036e-01
1.3704393964698165e+00
8.8439947004546338e-01
6.1530768405636857e-04
5.0000000000000003e-02
2.9999999999999999e-02
5.9999999999999998e-01
-1.0000000000000001e-01
0.0000000000000000e+00
4.0000000000000002e-01
-4.9105352058375301e-01
1.3882754441192000e+00
9.6040178652037789e-01
6.1530768405636857e-04
5.0000000000000003e-02
2.9999999999999999e-02
5.9999999999999998e-01
-1.0000000000000001e-01
0.0000000000000000e+00
4.0000000000000002e-01
-5.3256677224600735e-01
1.3946396383931485e+00
8.7037939588655644e-01
6.1530768405636857e-04
5.0000000000000003e-02
2.9999999999999999e-02
5.9999999999999998e-01
-1.0000000000000001e-01
0.0000000000000000e+00
4.0000000000000002e-01
7.6797710225617455e-01
1.4467190150906888e+00
9.3763470332254584e-01
3.3774645067742180e-04
5.0000000000000003e-02
2.9999999999999999e-02
5.9999999999999998e-01
-1.0000000000000001e-01
0.0000000000000000e+00
4.0000000000000002e-01
3.3603999898469017e-01
1.4234442161013929e+00
6.4946928451885388e-01
3.3774645067742180e-04
5.0000000000000003e-02
2.9999999999999999e-02
5.9999999999999998e-01
-1.0000000000000001e-01
0.0000000000000000e+00
4.0000000000000002e-01
4.3178451017176672e-01
1.4934334362437576e+00
1.1430223803152247e-01
3.3774645067742180e-04
5.0000000000000003e-02
2.9999999999999999e-02
5.9999999999999998e-01
-1.0000000000000001e-01
0.0000000000000000e+00
4.0000000000000002e-01
4.4880240753924411e-01
1.5446515770842881e+00
3.6505767802824185e-01
3.3774645067742180e-04
5.0000000000000003e-02
2.9999999999999999e-02
5.9999999999999998e-01
-1.0000000000000001e-01
0.0000000000000000e+00
4.0000000000000002e-01
4.6402412212248279e-02
1.5233595789363237e+00
2.7843814472784206e-01
3.3774645067742180e-04
5.0000000000000003e-02
2.9999999999999999e-02
5.9999999999999998e-01
-1.0000000000000001e-01
0.0000000000000000e+00
4.0000000000000002e-01
1.3968174532687230e-01
1.5116450739791247e+00
1.9780756573309108e-01
3.3774645067742180e-04
5.0000000000000003e-02
2.9999999999999999e-02
5.9999999999999998e-01
-1.0000000000000001e-01
0.0000000000000000e+00
4.0000000000000002e-01
-4.9102693721020657e-01
1.4905389150073383e+00
-1.7583630938897921e-01
3.3774645067742180e-04
5.0000000000000003e-02
2.9999999999999999e-02
5.9999999999999998e-01
-1.0000000000000001e-01
0.0000000000000000e+00
4.0000000000000002e-01
-9.1262038572991333e-01
1.5830071951439235e+00
-2.1702315945993256e-01
3.3774645067742180e-04
5.0000000000000003e-02
2.9999999999999999e-02
5.9999999999999998e-01
-1.0000000000000001e-01
0.0000000000000000e+00
4.0000000000000002e-01
-2.9754874571526491e-01
1.5474225048115104e+00
-3.2666117449174714e-01
3.3774645067742180e-04
5.0000000000000003e-02
2.9999999999999999e-02
5.9999999999999998e-01
-1.0000000000000001e-01
0.0000000000000000e+00
4.0000000000000002e-01
-2.5296303971970524e-01
1.5273949936916680e+00
-5.0941351075540386e-01
3.3774645067742180e-04
5.0000000000000003e-02
2.9999999999999999e-02
5.9999999999999998e-01
-1.0000000000000001e-01
0.0000000000000000e+00
4.0000000000000002e-01
2.3297024623190904e-01
1.6393439492275566e+00
-6.3534100313554609e-01
3.3774645067742180e-04
5.0000000000000003e-02
2.9999999999999999e-02
5.9999999999999998e-01
-1.0000000000000001e-01
0.0000000000000000e+00
4.0000000000000002e-01
7.2554693006610416e-01
1.6490003844787926e+00
-5.8948140879045319e-01
3.3774645067742180e-04
5.0000000000000003e-02
2.9999999999999999e-02
5.9999999999999998e-01
-1.0000000000000001e-01
0.0000000000000000e+00
4.0000000000000002e-01
