11
4
1.4018691588785046e-01
0.0000000000000000e+00
8.9510489510489510e-01
9.9199999999999999e-01
0.0000000000000000e+00
0.0000000000000000e+00
0.0000000000000000e+00
0.0000000000000000e+00
0.0000000000000000e+00
0.0000000000000000e+00
5.3400000000000003e-01
2.1400000000000000e-01
2.5000000000000000e-01
2.8599999999999998e-01
2.5000000000000000e-01
0.0000000000000000e+00
0.0000000000000000e+00
0.0000000000000000e+00
0.0000000000000000e+00
0.0000000000000000e+00
0.0000000000000000e+00
1.0000000000000000e+00
1.5000000000000000e+01
0.0000000000000000e+00
1.2800000000000000e+02
1.2400000000000000e+02
0.0000000000000000e+00
0.0000000000000000e+00
0.0000000000000000e+00
0.0000000000000000e+00
0.0000000000000000e+00
0.0000000000000000e+00
2.6700000000000000e+02
1.0700000000000000e+02
1.2500000000000000e+02
1.4300000000000000e+02
1.2500000000000000e+02
0.0000000000000000e+00
0.0000000000000000e+00
0.0000000000000000e+00
0.0000000000000000e+00
0.0000000000000000e+00
0.0000000000000000e+00
5.0000000000000000e+02
