3
25
-1.1529707377747764e+01
-1.1529707377747764e+01
0.0000000000000000e+00
-1.2699605550943701e+01
-1.2699605550943701e+01
0.0000000000000000e+00
-1.2958482248717221e+01
-1.2958482248717221e+01
0.0000000000000000e+00
-1.4488091853293376e+01
-1.4488091853293376e+01
0.0000000000000000e+00
-1.1969362643733195e+01
-1.1969362643733195e+01
0.0000000000000000e+00
-1.2198233256791754e+01
-1.2198233256791754e+01
0.0000000000000000e+00
-1.2192273869700477e+01
-1.2192273869700477e+01
0.0000000000000000e+00
-1.4587594703825433e+01
-1.4587594703825433e+01
0.0000000000000000e+00
-1.2445587109156531e+01
-1.2445587109156531e+01
0.0000000000000000e+00
-1.2357378029798154e+01
-1.2357378029798154e+01
0.0000000000000000e+00
-1.2752456985347088e+01
-1.2752456985347088e+01
0.0000000000000000e+00
-1.4649235898049723e+01
-1.4649235898049723e+01
0.0000000000000000e+00
-1.3182208082645165e+01
-1.3182208082645165e+01
0.0000000000000000e+00
-1.2523055690092358e+01
-1.2523055690092358e+01
0.0000000000000000e+00
-1.5795180270174578e+01
-1.5795180270174578e+01
0.0000000000000000e+00
-1.2193338941136517e+01
-1.2193338941136517e+01
0.0000000000000000e+00
-1.1573117828513029e+01
-1.1573117828513029e+01
0.0000000000000000e+00
-1.1828819809054885e+01
-1.1828819809054885e+01
0.0000000000000000e+00
-1.2003665247102797e+01
-1.2003665247102797e+01
0.0000000000000000e+00
-1.1897315551891978e+01
-1.1897315551891978e+01
0.0000000000000000e+00
-1.3002988446751742e+01
-1.3002988446751742e+01
0.0000000000000000e+00
-1.1917576102656723e+01
-1.1917576102656723e+01
0.0000000000000000e+00
-1.4183745667317192e+01
-1.4183745667317192e+01
0.0000000000000000e+00
-1.2007720639119414e+01
-1.2007720639119414e+01
0.0000000000000000e+00
-1.2118937219605298e+01
-1.2118937219605298e+01
0.0000000000000000e+00
