26
19
-4.5326913002631153e-01
2.7459524958976123e+00
-1.9387434176038409e-01
7.0441682527179816e-01
1.8016511274261823e-03
-5.1095383351801160e-01
0.0000000000000000e+00
5.5310388302736568e-01
7.6007905410620924e-01
7.7572338117435679e-03
-6.6449078596982858e-01
3.3665191212483481e-01
-3.3499326826873588e-01
0.0000000000000000e+00
0.0000000000000000e+00
0.0000000000000000e+00
0.0000000000000000e+00
0.0000000000000000e+00
0.0000000000000000e+00
1.0149111098180585e-01
-1.5181057295936629e-01
2.3905301516220789e-01
-5.0822364392108277e-01
1.9254019684871304e-01
-4.5753654807776933e-02
2.0306268110500242e-01
-4.5318521064458872e-01
2.7173763304599139e+00
-2.0851945554473827e-01
7.0270762133750120e-01
1.7747910509577443e-03
-5.8501038437841657e-01
0.0000000000000000e+00
5.0348755738072681e-01
6.7313919769618269e-01
8.2622757388427955e-03
-6.3641050509962938e-01
3.5449969971366957e-01
-4.7082951003554629e-01
0.0000000000000000e+00
0.0000000000000000e+00
0.0000000000000000e+00
0.0000000000000000e+00
0.0000000000000000e+00
0.0000000000000000e+00
8.6028496385915809e-02
-1.4975994221109434e-01
2.5251065057978850e-01
-5.0695515021099702e-01
1.6484180293758977e-01
-1.3601497996569401e-02
2.0306268110500242e-01
-4.2330303852199103e-01
2.6503711245604369e+00
-3.1414248099186848e-01
7.2899347178044716e-01
1.9802560473552396e-03
-7.5201317387998301e-01
0.0000000000000000e+00
5.4982541708581734e-01
7.1657705487701651e-01
8.0132347365990380e-03
-6.7985147941712043e-01
3.2200358929392681e-01
-4.0262335622552203e-01
0.0000000000000000e+00
0.0000000000000000e+00
0.0000000000000000e+00
0.0000000000000000e+00
0.0000000000000000e+00
0.0000000000000000e+00
1.6590735281388336e-01
-9.8564082302036726e-02
2.7377579690233689e-01
-4.8711234728572883e-01
2.0242786794682610e-01
-1.0640163078642240e-02
2.0306268110500242e-01
-4.2330303852199103e-01
2.6676394264795396e+00
-4.6763435475164483e-01
6.3420210971835056e-01
1.7864695380201984e-03
-7.6274193776205379e-01
0.0000000000000000e+00
6.3012423480235624e-01
6.0931565583701786e-01
8.1366954764500368e-03
-6.0909007821086547e-01
2.7028384320718035e-01
-3.8108302177730369e-01
0.0000000000000000e+00
0.0000000000000000e+00
0.0000000000000000e+00
0.0000000000000000e+00
0.0000000000000000e+00
0.0000000000000000e+00
2.3845666868182891e-01
3.2004147291299856e-02
2.6051139229253750e-01
-4.9003024773439385e-01
2.0242786794682610e-01
-5.7541067350393882e-02
3.1023555537314679e-01
-4.2022756178616072e-01
2.6879222156130287e+00
-4.6763435475164483e-01
6.4966761513951221e-01
2.0596550314447332e-03
-7.4775187018692690e-01
0.0000000000000000e+00
6.3438581696086216e-01
5.5986639828439411e-01
9.1916485756784790e-03
-6.2215040908980868e-01
2.8425005368470013e-01
-3.9257080890107321e-01
0.0000000000000000e+00
0.0000000000000000e+00
0.0000000000000000e+00
0.0000000000000000e+00
0.0000000000000000e+00
0.0000000000000000e+00
2.2589369665402048e-01
3.6287031125393665e-02
3.4317707040623646e-01
-4.9195793272694566e-01
2.4180843136986363e-01
-5.8595758501178374e-02
2.8184211868421699e-01
-4.4841920089660670e-01
2.6731075062998149e+00
-4.2167307998621295e-01
5.6987318962219158e-01
1.8612565987503576e-03
-7.7452254201650816e-01
0.0000000000000000e+00
6.1059226069905448e-01
5.8382503193821367e-01
1.0327904553222829e-02
-5.9664170356321833e-01
2.6238318450330556e-01
-3.5279778428244757e-01
0.0000000000000000e+00
0.0000000000000000e+00
0.0000000000000000e+00
0.0000000000000000e+00
0.0000000000000000e+00
0.0000000000000000e+00
2.5555267359632128e-01
1.9082825852674401e-02
3.5299391814784031e-01
-4.9195793272694566e-01
2.5704920306583512e-01
-7.9843273956066718e-02
3.5070733595268394e-01
-4.4596974056898142e-01
2.7271832526311788e+00
-4.3764040249967406e-01
5.6987318962219158e-01
1.6902716413831759e-03
-7.1934932004094321e-01
0.0000000000000000e+00
5.6272918398157812e-01
5.6271291029657777e-01
9.1013670834483428e-03
-5.1161708781350157e-01
2.6985730241565764e-01
-2.7379295080769228e-01
0.0000000000000000e+00
0.0000000000000000e+00
0.0000000000000000e+00
0.0000000000000000e+00
0.0000000000000000e+00
0.0000000000000000e+00
1.7968078458252423e-01
-1.7791595088201606e-02
3.1102019225523692e-01
-4.6092482471605756e-01
2.6581372800996173e-01
-4.3687588173634162e-02
3.5070733595268394e-01
-4.2301371943889643e-01
2.7703395439893517e+00
-4.4626076988512109e-01
6.2767901278438964e-01
1.6191107911079842e-03
-8.0249321367025572e-01
0.0000000000000000e+00
5.4933670784943855e-01
5.8602741145547088e-01
8.9737177110047854e-03
-4.8939152579609058e-01
1.8985233932315171e-01
-2.6340891271698641e-01
0.0000000000000000e+00
0.0000000000000000e+00
0.0000000000000000e+00
0.0000000000000000e+00
0.0000000000000000e+00
0.0000000000000000e+00
1.2121556559941404e-02
1.9234730618190921e-02
3.7610652533636313e-01
-4.0522532818606116e-01
2.8766281824340689e-01
-2.9563279460853686e-02
2.5951573511913012e-01
-3.5101801744880612e-01
2.7661225926712665e+00
-3.5616696472148801e-01
6.6318263865414062e-01
2.2788404059618430e-03
-8.2144964020133215e-01
0.0000000000000000e+00
5.8516153616496480e-01
5.8885139617155846e-01
8.6267946916170259e-03
-5.0827189307514331e-01
1.8868109874008954e-01
-3.6757396384942698e-01
0.0000000000000000e+00
0.0000000000000000e+00
0.0000000000000000e+00
0.0000000000000000e+00
0.0000000000000000e+00
0.0000000000000000e+00
1.7230613160791330e-03
-2.7632509834948027e-02
3.9015036498472910e-01
-3.8309609984746196e-01
2.8664081674782205e-01
2.2108292568736920e-02
1.9570962226345728e-01
-2.8477831679614718e-01
2.8001895771012220e+00
-4.0771109456996824e-01
6.4898635267618099e-01
2.2788404059618430e-03
-8.2242138508606899e-01
0.0000000000000000e+00
5.8516153616496480e-01
5.6979591836239751e-01
8.3035749452657834e-03
-5.5327224736887715e-01
2.4021886649123192e-01
-4.6479037860277461e-01
0.0000000000000000e+00
0.0000000000000000e+00
0.0000000000000000e+00
0.0000000000000000e+00
0.0000000000000000e+00
0.0000000000000000e+00
-5.7662543374681241e-02
-7.2490253962460005e-02
3.3837929516608711e-01
-3.8309609984746196e-01
2.8664081674782205e-01
-3.0592196730140353e-03
1.6452241156577657e-01
-3.3764984022113020e-01
2.8682009049807253e+00
-4.0807633277014288e-01
5.5346975203010240e-01
2.2788404059618430e-03
-8.4279212273556936e-01
0.0000000000000000e+00
6.1182606516071714e-01
5.5586376431416329e-01
8.8485678168482903e-03
-5.1782142003852627e-01
2.4315660806885719e-01
-4.4389321552458572e-01
0.0000000000000000e+00
0.0000000000000000e+00
0.0000000000000000e+00
0.0000000000000000e+00
0.0000000000000000e+00
0.0000000000000000e+00
-1.4252350324713914e-01
-9.7498818777385199e-02
2.7742599821227487e-01
-4.2410672364523627e-01
3.8210881073740888e-01
4.2957707204186568e-02
1.3383282654314826e-01
-5.0239485996993716e-01
2.8534934030030432e+00
-3.9633633813806268e-01
4.9036258931609789e-01
1.9950674605577904e-03
-8.3623259805042494e-01
0.0000000000000000e+00
6.1856492159553922e-01
5.7604134473036583e-01
8.9806399656928906e-03
-4.5992094982269904e-01
1.2163542664191485e-01
-4.3327890233937072e-01
0.0000000000000000e+00
0.0000000000000000e+00
0.0000000000000000e+00
0.0000000000000000e+00
0.0000000000000000e+00
0.0000000000000000e+00
-1.5036051565730302e-01
-9.9638132855179751e-02
2.1344491964715417e-01
-4.6144902824191369e-01
4.1115603727070260e-01
3.9519415365793953e-02
1.9711987374677847e-01
-5.2473307336898978e-01
2.8575759225640955e+00
-3.6036886892266962e-01
5.0746128435584703e-01
1.5274309498280007e-03
-7.7217064506273914e-01
0.0000000000000000e+00
5.7299274641686238e-01
5.1924356183986720e-01
8.6398413986436846e-03
-5.2539605606201789e-01
1.7622341389349461e-01
-3.8100838232654499e-01
0.0000000000000000e+00
0.0000000000000000e+00
0.0000000000000000e+00
0.0000000000000000e+00
0.0000000000000000e+00
0.0000000000000000e+00
-1.5205753329391880e-01
-7.6908935338142359e-02
1.1842040284114774e-01
-5.0846663514850654e-01
4.2624970097807813e-01
3.9519415365793953e-02
1.7615794556542824e-01
-4.6208742941948111e-01
2.8886621057171884e+00
-3.1714252068646642e-01
4.7224242648680681e-01
1.1845174144044239e-03
-7.7295222400587249e-01
0.0000000000000000e+00
5.6370842147284306e-01
5.3687480202894267e-01
9.1508477390281687e-03
-5.9761175379011533e-01
2.0636164477607966e-01
-3.5154782365876602e-01
0.0000000000000000e+00
0.0000000000000000e+00
0.0000000000000000e+00
0.0000000000000000e+00
0.0000000000000000e+00
0.0000000000000000e+00
-2.2763859960432453e-01
-1.4738107576849901e-02
5.4974490167078338e-02
-4.4615737001178779e-01
4.2908475725693274e-01
1.0705616244886185e-01
1.4442285036995600e-01
-4.6208742941948111e-01
2.8807482135598126e+00
-3.5063356964834425e-01
4.5400424337585443e-01
1.2819863335251527e-03
-7.6598386919956851e-01
0.0000000000000000e+00
5.3454557310455597e-01
6.5017858211900648e-01
9.6905535482339385e-03
-5.4262938029918573e-01
2.4828653676948309e-01
-2.7784539703148770e-01
0.0000000000000000e+00
0.0000000000000000e+00
0.0000000000000000e+00
0.0000000000000000e+00
0.0000000000000000e+00
0.0000000000000000e+00
-2.3004008517782493e-01
-1.4738107576849901e-02
9.8859645980846844e-02
-3.2117819252191104e-01
3.9154456267846394e-01
2.2254367487766991e-02
6.0447669386412606e-02
-2.9006669792565043e-01
2.8994256922159853e+00
-3.4928108938489499e-01
5.5691741442878717e-01
1.6338134595215042e-03
-7.6048263615828204e-01
0.0000000000000000e+00
4.7675133536235548e-01
6.6307062394003924e-01
1.0238298543217015e-02
-5.3848330868262551e-01
2.1700742083183289e-01
-3.1774109545964169e-01
0.0000000000000000e+00
0.0000000000000000e+00
0.0000000000000000e+00
0.0000000000000000e+00
0.0000000000000000e+00
0.0000000000000000e+00
-1.7668077782909675e-01
-5.1059772737207854e-02
1.4599401372994181e-01
-3.4926065131905482e-01
3.7409143280950952e-01
6.8742931483575354e-02
-1.3386951029751792e-02
-2.5615009415181811e-01
2.9541111046564343e+00
-3.5646996461306157e-01
5.9565808659990305e-01
1.6065576198532898e-03
-7.9840117028814006e-01
0.0000000000000000e+00
4.5083074125127054e-01
6.9127153622936066e-01
9.7144542028665369e-03
-5.8112571207660935e-01
2.0083528930834293e-01
-3.0891437562982904e-01
0.0000000000000000e+00
0.0000000000000000e+00
0.0000000000000000e+00
0.0000000000000000e+00
0.0000000000000000e+00
0.0000000000000000e+00
-1.7668077782909675e-01
-1.2597715529787823e-01
1.6132505235305872e-01
-3.5721933450433418e-01
3.4014264625278878e-01
5.9916264040657530e-02
1.3565452102120623e-02
-2.3389169323476489e-01
2.9072122313663873e+00
-3.7696265802238527e-01
5.7754546439846033e-01
1.5242358218900578e-03
-7.7586207806032348e-01
0.0000000000000000e+00
4.1140782476999915e-01
6.8393079488556441e-01
9.7981440415143787e-03
-5.7171593565348289e-01
2.0874517011023275e-01
-3.0597909740041362e-01
0.0000000000000000e+00
0.0000000000000000e+00
0.0000000000000000e+00
0.0000000000000000e+00
0.0000000000000000e+00
0.0000000000000000e+00
-2.4230078156288071e-01
-1.3144965796906039e-01
2.1045003456107225e-01
-3.9906288292142555e-01
2.9100628357395175e-01
1.5478217707786823e-01
1.5293353268425569e-02
-2.2339218371766145e-01
2.8979839161620053e+00
-3.3579526376430335e-01
5.0078043191333288e-01
1.2534222207985536e-03
-8.1669764022242475e-01
0.0000000000000000e+00
4.3234249639921940e-01
7.8098573925923165e-01
9.8351258923768826e-03
-5.3077423624548814e-01
2.6870880993581525e-01
-1.9845410729627477e-01
0.0000000000000000e+00
0.0000000000000000e+00
0.0000000000000000e+00
0.0000000000000000e+00
0.0000000000000000e+00
0.0000000000000000e+00
-2.7425984679903193e-01
-2.1153958468872591e-01
2.5606524941555109e-01
-3.8723891861620352e-01
2.6784448951497319e-01
1.7764638842854763e-01
5.3350896605770692e-02
