1
25
6.9216530393701819e-310
6.9216530393701819e-310
6.9216530393701819e-310
6.9216530393701819e-310
6.9216530393701819e-310
6.9216530393701819e-310
6.9216530393701819e-310
6.9216530393701819e-310
6.9216530393701819e-310
6.9216530393701819e-310
6.9216530393701819e-310
6.9216530393701819e-310
6.9216530393701819e-310
6.9216530393701819e-310
6.9216530393701819e-310
6.9216530393701819e-310
6.9216530393701819e-310
6.9216530393701819e-310
6.9216530393701819e-310
6.9216530393701819e-310
6.9216530393701819e-310
6.9216530393701819e-310
6.9216530393701819e-310
6.9216530393701819e-310
6.9216530393701819e-310
