26
19
-3.6610823430222916e-01
3.1218396598705600e+00
1.0261733500650694e-01
2.5404443980678204e-01
5.6709687251061726e-04
-8.0812191403836209e-01
0.0000000000000000e+00
7.2116048241573039e-01
7.5689207119536195e-01
4.3112406172705958e-03
-7.3847928212111580e-01
1.3532168056397498e-01
1.8948231892849432e-01
0.0000000000000000e+00
0.0000000000000000e+00
0.0000000000000000e+00
0.0000000000000000e+00
0.0000000000000000e+00
0.0000000000000000e+00
-2.5204807151712882e-01
-4.9506223480566436e-02
5.9036509192243103e-01
-5.3087477428372942e-01
4.0313612833546353e-01
-1.2694713373130073e-01
-1.1496407870225084e-01
-3.2226241126758504e-01
3.1167468741768549e+00
1.1582400320461561e-01
2.9321912832110408e-01
2.2927901733130738e-04
-8.0812191403836209e-01
0.0000000000000000e+00
7.2595234055610958e-01
7.3938170317229424e-01
5.4315399765884655e-03
-7.3915620951069283e-01
2.1252647891222298e-01
1.9891496909971462e-01
0.0000000000000000e+00
0.0000000000000000e+00
0.0000000000000000e+00
0.0000000000000000e+00
0.0000000000000000e+00
0.0000000000000000e+00
-2.8763191685684431e-01
-7.0533463451429301e-02
6.2035057519256953e-01
-5.3694376671221100e-01
3.3475230704920245e-01
-1.1787612356638422e-01
-9.8630451187709689e-02
-3.0725161594440686e-01
3.0898228773148309e+00
7.6753058670000929e-02
3.7607723909913782e-01
6.8573173161060139e-04
-8.1822197418093878e-01
0.0000000000000000e+00
6.8422413830252948e-01
7.3938170317229424e-01
4.9656173770465106e-03
-8.0246417468501019e-01
1.8423203523550913e-01
2.8171327499861942e-01
0.0000000000000000e+00
0.0000000000000000e+00
0.0000000000000000e+00
0.0000000000000000e+00
0.0000000000000000e+00
0.0000000000000000e+00
-2.8856864296503770e-01
-2.3137240390642577e-02
6.0403710242986564e-01
-5.6879106113221489e-01
4.1768661794179929e-01
-1.1787612356638422e-01
-4.3106387192601681e-02
-3.0725161594440686e-01
3.0844776259036313e+00
1.4573111125631799e-01
4.4313934508263353e-01
7.9333193625718873e-04
-7.8706141258023876e-01
0.0000000000000000e+00
6.7890668687018219e-01
6.7756638824608717e-01
5.5094269753582928e-03
-7.4384706571785497e-01
1.1883993405197546e-01
2.3233193321342693e-01
0.0000000000000000e+00
0.0000000000000000e+00
0.0000000000000000e+00
0.0000000000000000e+00
0.0000000000000000e+00
0.0000000000000000e+00
-2.7048056716703284e-01
-3.6830151522881382e-02
6.0403710242986564e-01
-5.2538634459953748e-01
4.4164663088435185e-01
-1.3450744089132061e-01
-4.8876698883468628e-02
-2.7744884931584346e-01
3.0237523313844155e+00
7.1208802251057524e-02
4.8479653492122177e-01
4.8633670459896855e-04
-7.9403608780719537e-01
0.0000000000000000e+00
6.4526715249362054e-01
6.7981954253878984e-01
6.6419213914461579e-03
-7.8514057502237844e-01
1.3250778666977570e-01
2.3233193321342693e-01
0.0000000000000000e+00
0.0000000000000000e+00
0.0000000000000000e+00
0.0000000000000000e+00
0.0000000000000000e+00
0.0000000000000000e+00
-1.7694658557556975e-01
-3.0580119299120301e-02
5.6092239555597190e-01
-6.5750309983734034e-01
5.9526226018482697e-01
-1.2645006545280923e-01
-2.2577215275014162e-02
-3.0458517328937995e-01
3.0533408863702367e+00
7.1208802251057524e-02
4.4187087234185762e-01
1.1888521982117051e-03
-7.9111510444797772e-01
0.0000000000000000e+00
5.5033082262220445e-01
6.3659957246523891e-01
6.5619517394490687e-03
-8.4188528603030133e-01
1.4259205810074493e-01
2.7587952254529224e-01
0.0000000000000000e+00
0.0000000000000000e+00
0.0000000000000000e+00
0.0000000000000000e+00
0.0000000000000000e+00
0.0000000000000000e+00
-1.5769983506434071e-01
-7.2319299051887387e-02
5.6370741815931980e-01
-6.9379955182550468e-01
5.1639760938400281e-01
-1.2875757918154707e-01
-3.4079296803320169e-02
-3.8782214201623100e-01
3.0326958881923507e+00
5.2858368925662536e-02
4.4187087234185762e-01
1.1369494793696754e-03
-7.4791643139340180e-01
0.0000000000000000e+00
5.0018906340541902e-01
6.6921876379889045e-01
6.2467837610431162e-03
-7.9410734644246983e-01
1.1099475766812250e-01
2.1269511779959427e-01
0.0000000000000000e+00
0.0000000000000000e+00
0.0000000000000000e+00
0.0000000000000000e+00
0.0000000000000000e+00
0.0000000000000000e+00
-1.6067511825494873e-01
-8.7086179362959260e-02
5.6226855132423226e-01
-6.6215305614052333e-01
5.5921442714447034e-01
-1.9925969459509363e-01
-3.3848544871652841e-02
-3.6097409218186038e-01
3.0513745272764514e+00
7.9045179732056159e-02
4.5952211268322296e-01
7.5771171392337007e-04
-7.8873711567737359e-01
0.0000000000000000e+00
3.9078203615340057e-01
7.2181926490407977e-01
5.7152195085920544e-03
-8.8134302279999244e-01
1.7187927249167845e-01
8.9700994772865639e-02
0.0000000000000000e+00
0.0000000000000000e+00
0.0000000000000000e+00
0.0000000000000000e+00
0.0000000000000000e+00
0.0000000000000000e+00
-1.2957900231376696e-01
-8.7086179362959260e-02
5.6935999530993286e-01
-6.2226024853764095e-01
6.5162740462386859e-01
-1.4795124616866817e-01
-2.8420019252444029e-02
-3.8090591170461374e-01
3.1114645391935061e+00
5.2194758750410575e-02
4.2983667500393219e-01
5.4403658748999753e-04
-7.6457983371235627e-01
0.0000000000000000e+00
4.3004677541161540e-01
7.1297595053580198e-01
6.0587505993582461e-03
-8.6776731710036981e-01
1.3191255932022616e-01
1.1681189270879255e-01
0.0000000000000000e+00
0.0000000000000000e+00
0.0000000000000000e+00
0.0000000000000000e+00
0.0000000000000000e+00
0.0000000000000000e+00
-1.9154484294958818e-01
-8.7086179362959260e-02
4.7974479412529036e-01
-5.7574255742831149e-01
6.4412054629923654e-01
-1.3026830733215322e-01
1.6066354410504580e-02
-5.0379711799891191e-01
3.0850655265384863e+00
8.9474088944407004e-02
3.5804501426482327e-01
5.2373326176241553e-04
-7.7146685425557393e-01
0.0000000000000000e+00
4.2966324746216300e-01
6.5913200038154218e-01
6.0456713309660704e-03
-9.5310716924344885e-01
1.2698400863726422e-01
4.6139570644154415e-02
0.0000000000000000e+00
0.0000000000000000e+00
0.0000000000000000e+00
0.0000000000000000e+00
0.0000000000000000e+00
0.0000000000000000e+00
-2.3508011274643648e-01
-1.0642855497426384e-02
5.1377381458747551e-01
-5.3300198425306000e-01
6.5471462370755029e-01
-7.3084200661833187e-02
3.4989942507600069e-02
-5.2534209896097417e-01
3.0571150962495754e+00
2.6989329107018012e-02
3.8644457637874163e-01
2.9053601229027425e-04
-7.8373707387961644e-01
0.0000000000000000e+00
4.2966324746216300e-01
8.3798914993782136e-01
6.0456713309660704e-03
-9.8478747612884032e-01
2.1637807325740144e-01
5.8786242960049973e-02
0.0000000000000000e+00
0.0000000000000000e+00
0.0000000000000000e+00
0.0000000000000000e+00
0.0000000000000000e+00
0.0000000000000000e+00
-2.5389226675870302e-01
3.3221979556255943e-02
5.1377381458747551e-01
-5.3372810066677623e-01
6.6556341527888430e-01
-1.7974912088757267e-01
4.2466814340805292e-02
-4.8552467260728116e-01
2.9881053575081329e+00
-1.1647571377543908e-02
3.2918129983899869e-01
7.8829059167062377e-05
-7.3951146122433442e-01
0.0000000000000000e+00
4.5316443129981521e-01
8.9573811213154886e-01
5.3947179272920047e-03
-9.4543516344478118e-01
1.9022665270884320e-01
7.4058288468077049e-02
0.0000000000000000e+00
0.0000000000000000e+00
0.0000000000000000e+00
0.0000000000000000e+00
0.0000000000000000e+00
0.0000000000000000e+00
-8.4617865839027195e-02
5.6719099102192527e-02
6.0563740953672096e-01
-5.0563995384611182e-01
6.6556341527888430e-01
-1.9295726686177661e-01
-2.8327421108479023e-02
-4.2638192471335168e-01
3.0225440141511659e+00
-9.7340297453193170e-02
3.7193148333189763e-01
7.8829059167062377e-05
-7.9525323327996034e-01
0.0000000000000000e+00
3.7096524335051539e-01
9.0328617053706739e-01
5.6090648912042532e-03
-9.1561787097802150e-01
1.5528817293514297e-01
3.5827012492372856e-02
0.0000000000000000e+00
0.0000000000000000e+00
0.0000000000000000e+00
0.0000000000000000e+00
0.0000000000000000e+00
0.0000000000000000e+00
8.2087739465352971e-04
2.9722289112978584e-02
5.4661265276241466e-01
-5.0563995384611182e-01
6.0956538015438122e-01
-1.8842534003706535e-01
-3.2791086102224587e-03
-4.3667532555977340e-01
3.0326833272119562e+00
-9.7340297453193170e-02
4.6634123596904553e-01
3.5326419190899049e-04
-7.7623337436832684e-01
0.0000000000000000e+00
3.8558936401809218e-01
9.1870945305232499e-01
5.5676561940610561e-03
-8.7135891138663280e-01
8.7124899661175759e-02
1.3773064354463682e-02
0.0000000000000000e+00
0.0000000000000000e+00
0.0000000000000000e+00
0.0000000000000000e+00
0.0000000000000000e+00
0.0000000000000000e+00
1.7525395742632122e-02
3.1541895983391410e-02
5.7667787540573046e-01
-4.6365665861405425e-01
5.7964913745803637e-01
-1.4553340924830993e-01
5.6108790393700481e-02
-4.5613455196129615e-01
3.0288228410062890e+00
-9.5498346291570169e-02
4.6042315691319979e-01
2.7284405918255952e-04
-7.8072494198002118e-01
0.0000000000000000e+00
3.0007871336842540e-01
9.8619792409841511e-01
6.3111685935557044e-03
-9.5406711834570157e-01
2.9355807861320526e-02
-5.2191026117361927e-03
0.0000000000000000e+00
0.0000000000000000e+00
0.0000000000000000e+00
0.0000000000000000e+00
0.0000000000000000e+00
0.0000000000000000e+00
9.3467438957668514e-02
-4.1458662668592328e-02
5.8132239831480548e-01
-4.5728366619907312e-01
4.8350635742230219e-01
-2.7019219885041823e-01
8.8266021515955806e-02
-4.5145094749736125e-01
3.0721401030895810e+00
-5.4570009499876004e-02
4.6636230923777200e-01
9.4517651621647673e-04
-7.4268906306840676e-01
0.0000000000000000e+00
2.7097840750197533e-01
9.6246895459149573e-01
5.8621881131231939e-03
-9.6804701152344930e-01
3.9926646908752472e-02
-4.6249331913859382e-02
0.0000000000000000e+00
0.0000000000000000e+00
0.0000000000000000e+00
0.0000000000000000e+00
0.0000000000000000e+00
0.0000000000000000e+00
1.0078210047540781e-01
-6.9817226449376935e-02
5.1667902739587590e-01
-4.6247047449462109e-01
4.9458909047229094e-01
-2.6970987110908029e-01
1.9104054378323782e-01
-4.7543889150241847e-01
3.0721401030895810e+00
5.8640749625773925e-02
5.3664535988664008e-01
5.3924248230107625e-04
-7.5272730201848048e-01
0.0000000000000000e+00
2.3641315495901394e-01
9.8619156456221435e-01
5.9858745869398270e-03
-9.6804701152344930e-01
6.1345598360530884e-02
-9.0750217445165648e-02
0.0000000000000000e+00
0.0000000000000000e+00
0.0000000000000000e+00
0.0000000000000000e+00
0.0000000000000000e+00
0.0000000000000000e+00
9.4534011456198663e-02
-7.3383613442420059e-02
5.2659814553204343e-01
-4.9804627669975154e-01
4.1894305277077359e-01
-2.2971513700249491e-01
1.2022039381765354e-01
-5.9301546361515756e-01
3.0937769709853034e+00
-9.3455017577944499e-02
5.3412696026807405e-01
1.5985245877171356e-03
-7.4261769349120754e-01
0.0000000000000000e+00
2.9810664823584843e-01
9.4936104954355005e-01
6.2236290306002051e-03
-1.0483769449309328e+00
1.3147521268390849e-01
-1.0822094279152228e-01
0.0000000000000000e+00
0.0000000000000000e+00
0.0000000000000000e+00
0.0000000000000000e+00
0.0000000000000000e+00
0.0000000000000000e+00
1.2872704550718483e-01
-1.3410781132930427e-01
4.8827275754752919e-01
-5.0318516379222267e-01
3.6889416317848367e-01
-1.6745567649413717e-01
1.3832524785750139e-01
-6.7952871887231703e-01
3.1273341191699306e+00
-1.2816592029863427e-01
4.9937864073162652e-01
1.5985245877171356e-03
-7.7168788457654613e-01
0.0000000000000000e+00
3.4377155497044909e-01
9.6619169038855079e-01
7.2044101098701508e-03
-1.0242681327179888e+00
1.0960444032960370e-01
-1.0886301170845403e-01
0.0000000000000000e+00
0.0000000000000000e+00
0.0000000000000000e+00
0.0000000000000000e+00
0.0000000000000000e+00
0.0000000000000000e+00
1.0853291735147652e-01
-1.6495745391526728e-01
5.1428664969149396e-01
-4.9252708286978297e-01
3.7069730054048700e-01
-1.4340789012421740e-01
2.1211262134813297e-01
