3
25
-1.1551102951641749e+01
-1.1551102951641749e+01
0.0000000000000000e+00
-1.1529818914894253e+01
-1.1529818914894253e+01
0.0000000000000000e+00
-1.1529688024545115e+01
-1.1529688024545115e+01
0.0000000000000000e+00
-1.1529688024648255e+01
-1.1529688024648255e+01
0.0000000000000000e+00
-1.1529497599862916e+01
-1.1529497599862916e+01
0.0000000000000000e+00
-1.1530492528259497e+01
-1.1530492528259497e+01
0.0000000000000000e+00
-1.1546870911126028e+01
-1.1546870911126028e+01
0.0000000000000000e+00
-1.2072466245175196e+01
-1.2072466245175196e+01
0.0000000000000000e+00
-1.2353538641749630e+01
-1.2353538641749630e+01
0.0000000000000000e+00
-1.1529689777206524e+01
-1.1529689777206524e+01
0.0000000000000000e+00
-1.2026348276102542e+01
-1.2026348276102542e+01
0.0000000000000000e+00
-1.2600624336237489e+01
-1.2600624336237489e+01
0.0000000000000000e+00
-1.1777580583920500e+01
-1.1777580583920500e+01
0.0000000000000000e+00
-1.3016345575415773e+01
-1.3016345575415773e+01
0.0000000000000000e+00
-1.2425744292681557e+01
-1.2425744292681557e+01
0.0000000000000000e+00
-1.1753347887168706e+01
-1.1753347887168706e+01
0.0000000000000000e+00
-1.1529681253603417e+01
-1.1529681253603417e+01
0.0000000000000000e+00
-1.1529688045151543e+01
-1.1529688045151543e+01
0.0000000000000000e+00
-1.1529688047150742e+01
-1.1529688047150742e+01
0.0000000000000000e+00
-1.1529688046416251e+01
-1.1529688046416251e+01
0.0000000000000000e+00
-1.1529729172924815e+01
-1.1529729172924815e+01
0.0000000000000000e+00
-1.1529727507020244e+01
-1.1529727507020244e+01
0.0000000000000000e+00
-1.1529875777036395e+01
-1.1529875777036395e+01
0.0000000000000000e+00
-1.1529880838266443e+01
-1.1529880838266443e+01
0.0000000000000000e+00
-1.1529892495223846e+01
-1.1529892495223846e+01
0.0000000000000000e+00
