10
250
-4.5549107886219448e-01
9.0048447977421708e-01
3.3602606106316585e-01
5.2470479829938741e-03
-1.6236668072943576e+01
1.2865787362873096e+01
5.9999999999999998e-01
-1.0000000000000001e-01
0.0000000000000000e+00
4.0000000000000002e-01
2.9983304523562959e-01
1.0272264367234512e+00
3.3602606106316585e-01
5.2470479829938741e-03
-1.6291516350512392e+01
1.2812467448234099e+01
5.9999999999999998e-01
-1.0000000000000001e-01
0.0000000000000000e+00
4.0000000000000002e-01
1.6210065745448640e-01
1.0804895174991889e+00
3.3929562275065023e-01
5.2470479829938741e-03
-1.6618828265671617e+01
1.3054778335809248e+01
5.9999999999999998e-01
-1.0000000000000001e-01
0.0000000000000000e+00
4.0000000000000002e-01
1.9481161259746127e-01
1.1218990052234930e+00
-7.6643369744764722e-01
5.2470479829938741e-03
-1.6380974096362479e+01
1.2784243733792106e+01
5.9999999999999998e-01
-1.0000000000000001e-01
0.0000000000000000e+00
4.0000000000000002e-01
8.4849714898204376e-01
1.0172277864706321e+00
-4.4222659289138466e-01
5.2470479829938741e-03
-1.7513731339876543e+01
1.3669872663526336e+01
5.9999999999999998e-01
-1.0000000000000001e-01
0.0000000000000000e+00
4.0000000000000002e-01
9.2135609530543849e-01
1.0790472094905179e+00
-4.2614303051726965e-01
5.2470479829938741e-03
-1.7722069993917835e+01
1.4272855847685140e+01
5.9999999999999998e-01
-1.0000000000000001e-01
0.0000000000000000e+00
4.0000000000000002e-01
-7.0383778580669798e-02
1.1681541604888244e+00
1.8571437008212510e-02
5.2470479829938741e-03
-1.7322659272258175e+01
1.4605264353363316e+01
5.9999999999999998e-01
-1.0000000000000001e-01
0.0000000000000000e+00
4.0000000000000002e-01
-4.4685220933819236e-01
1.1470015671145721e+00
-8.9153283774154324e-01
5.2470479829938741e-03
-1.7654715927992953e+01
1.5461287891475957e+01
5.9999999999999998e-01
-1.0000000000000001e-01
0.0000000000000000e+00
4.0000000000000002e-01
1.6922362827395970e-01
1.0575707447421356e+00
-1.9123296021716740e-01
5.2470479829938741e-03
-1.8359763106261386e+01
1.5169015062956614e+01
5.9999999999999998e-01
-1.0000000000000001e-01
0.0000000000000000e+00
4.0000000000000002e-01
-3.0231180644894068e-01
1.0781544254910751e+00
-5.1910398765700005e-01
5.2470479829938741e-03
-1.7881787406955855e+01
1.6007953488437934e+01
5.9999999999999998e-01
-1.0000000000000001e-01
0.0000000000000000e+00
4.0000000000000002e-01
6.1470639132594640e-01
1.0127325098407072e+00
-1.6271342917578363e-01
5.2470479829938741e-03
-1.7326429434423346e+01
1.5786575552432341e+01
5.9999999999999998e-01
-1.0000000000000001e-01
0.0000000000000000e+00
4.0000000000000002e-01
6.2071363829707660e-01
1.0838539208960336e+00
-7.3113277658121723e-01
5.2470479829938741e-03
-1.7096487026219265e+01
1.5705489347486299e+01
5.9999999999999998e-01
-1.0000000000000001e-01
0.0000000000000000e+00
4.0000000000000002e-01
7.3742612898515481e-01
1.0583501807343763e+00
-3.2854561045067432e-01
5.2470479829938741e-03
-1.7256951745157142e+01
1.5348389534263415e+01
5.9999999999999998e-01
-1.0000000000000001e-01
0.0000000000000000e+00
4.0000000000000002e-01
8.1963216602967992e-01
1.0060459215533535e+00
1.6116516814334270e-01
5.2470479829938741e-03
-1.7499104900960823e+01
1.5014122273663533e+01
5.9999999999999998e-01
-1.0000000000000001e-01
0.0000000000000000e+00
4.0000000000000002e-01
-2.7210839390588976e-01
1.0060459215533535e+00
-7.9398589863674762e-01
5.2470479829938741e-03
-1.6644745476846595e+01
1.5495492645988715e+01
5.9999999999999998e-01
-1.0000000000000001e-01
0.0000000000000000e+00
4.0000000000000002e-01
-4.9380492091013173e-01
1.0886668684375087e+00
-8.3518574535148260e-01
5.4378153885485262e-03
-1.6526702173356909e+01
1.5370127231518282e+01
5.9999999999999998e-01
-1.0000000000000001e-01
0.0000000000000000e+00
4.0000000000000002e-01
-4.9380492091013173e-01
1.1962104229819577e+00
-6.5859770833747511e-01
5.4378153885485262e-03
-1.7349710507993596e+01
1.4912696725765718e+01
5.9999999999999998e-01
-1.0000000000000001e-01
0.0000000000000000e+00
4.0000000000000002e-01
-6.2620977639986253e-01
1.2211508297812741e+00
-6.8680543213384271e-01
5.4378153885485262e-03
-1.7134142379765404e+01
1.4929720339814676e+01
5.9999999999999998e-01
-1.0000000000000001e-01
0.0000000000000000e+00
4.0000000000000002e-01
3.5123941123651281e-01
1.2146113059413237e+00
-7.8057928859489079e-01
5.4378153885485262e-03
-1.7260689917509453e+01
1.5522695258895411e+01
5.9999999999999998e-01
-1.0000000000000001e-01
0.0000000000000000e+00
4.0000000000000002e-01
-9.9846533119512781e-01
1.0382949992310806e+00
-8.5581573917763343e-01
5.4378153885485262e-03
-1.7260689917509453e+01
1.5282320753003017e+01
5.9999999999999998e-01
-1.0000000000000001e-01
0.0000000000000000e+00
4.0000000000000002e-01
-5.7304863512350313e-01
1.0582719374787612e+00
-4.7035676620202183e-01
2.7600204850317571e-03
-1.7307374266092673e+01
1.5436474922562496e+01
5.9999999999999998e-01
-1.0000000000000001e-01
0.0000000000000000e+00
4.0000000000000002e-01
-5.7304863512350313e-01
1.0032816498172088e+00
8.8696547128958581e-01
4.6434589381100268e-03
-1.6171213918481961e+01
1.5096264532471555e+01
5.9999999999999998e-01
-1.0000000000000001e-01
0.0000000000000000e+00
4.0000000000000002e-01
-5.7648215770555722e-01
1.0216593810212418e+00
9.5681389353703294e-02
4.6434589381100268e-03
-1.6324034166266213e+01
1.5096264532471555e+01
5.9999999999999998e-01
-1.0000000000000001e-01
0.0000000000000000e+00
4.0000000000000002e-01
-9.3318785250021197e-01
1.0952058429610534e+00
8.1257850162218842e-02
4.6434589381100268e-03
-1.7048214482865298e+01
1.5131473814214127e+01
5.9999999999999998e-01
-1.0000000000000001e-01
0.0000000000000000e+00
4.0000000000000002e-01
-6.2596992252599959e-02
1.0997270651352211e+00
1.4697667115135077e-01
4.6434589381100268e-03
-1.5703987401328051e+01
1.5055565528834718e+01
5.9999999999999998e-01
-1.0000000000000001e-01
0.0000000000000000e+00
4.0000000000000002e-01
3.1911160990761545e-01
1.1391317931306169e+00
5.5666061029536595e-01
4.6434589381100268e-03
-1.5400076990923846e+01
1.5818414740527528e+01
5.9999999999999998e-01
-1.0000000000000001e-01
0.0000000000000000e+00
4.0000000000000002e-01
4.2499306067990078e-01
1.1655402598273561e+00
5.5666061029536595e-01
4.6434589381100268e-03
-1.5825981482467617e+01
1.6981124909485239e+01
5.9999999999999998e-01
-1.0000000000000001e-01
0.0000000000000000e+00
4.0000000000000002e-01
9.0792319387363207e-01
1.1198430614363954e+00
1.2248506680829396e-01
4.6434589381100268e-03
-1.6063337131938898e+01
1.6517611025164385e+01
5.9999999999999998e-01
-1.0000000000000001e-01
0.0000000000000000e+00
4.0000000000000002e-01
9.1809087962077873e-01
1.1757965936553285e+00
-9.7821437728126154e-02
4.6434589381100268e-03
-1.5709614532790148e+01
1.6556127796957750e+01
5.9999999999999998e-01
-1.0000000000000001e-01
0.0000000000000000e+00
4.0000000000000002e-01
8.8633234204518963e-02
1.1792765570771500e+00
-7.9732524187536957e-01
6.2790827358843414e-03
-1.5709614532790148e+01
1.6408066283056993e+01
5.9999999999999998e-01
-1.0000000000000001e-01
0.0000000000000000e+00
4.0000000000000002e-01
-6.3765850646613290e-03
1.1946001974236771e+00
-8.9349231274100072e-01
6.2790827358843414e-03
-1.6593476374051537e+01
1.6118907306978958e+01
5.9999999999999998e-01
-1.0000000000000001e-01
0.0000000000000000e+00
4.0000000000000002e-01
3.2690193444656152e-01
1.1008539909612942e+00
-8.9349231274100072e-01
6.2790827358843414e-03
-1.6198328435770240e+01
1.5817050216982620e+01
5.9999999999999998e-01
-1.0000000000000001e-01
0.0000000000000000e+00
4.0000000000000002e-01
6.9859058022664811e-01
1.0265505774509713e+00
-7.1202387572499037e-01
6.2790827358843414e-03
-1.5368477481952873e+01
1.5816337706039208e+01
5.9999999999999998e-01
-1.0000000000000001e-01
0.0000000000000000e+00
4.0000000000000002e-01
3.8340305091607851e-02
1.0305126100075053e+00
-7.1202387572499037e-01
6.5660852360309684e-03
-1.5088389611593453e+01
1.6127658427397268e+01
5.9999999999999998e-01
-1.0000000000000001e-01
0.0000000000000000e+00
4.0000000000000002e-01
7.8515820026563432e-01
9.0006291322825405e-01
-6.6418975354405174e-01
6.1850937734128555e-03
-1.5022587961307732e+01
1.6331891788153456e+01
5.9999999999999998e-01
-1.0000000000000001e-01
0.0000000000000000e+00
4.0000000000000002e-01
6.7540714264081747e-01
9.8349355142233819e-01
-3.9751237259479300e-01
6.1850937734128555e-03
-1.4327373922220437e+01
1.4825473565964504e+01
5.9999999999999998e-01
-1.0000000000000001e-01
0.0000000000000000e+00
4.0000000000000002e-01
5.9757193684743670e-01
9.4042281072257017e-01
-1.9257033180911737e-02
6.1850937734128555e-03
-1.4667441292456358e+01
1.5374980266003414e+01
5.9999999999999998e-01
-1.0000000000000001e-01
0.0000000000000000e+00
4.0000000000000002e-01
7.5737292885946061e-01
9.3309534399626703e-01
-1.0474630573066016e-01
6.1850937734128555e-03
-1.4207828778377740e+01
1.5452350820212169e+01
5.9999999999999998e-01
-1.0000000000000001e-01
0.0000000000000000e+00
4.0000000000000002e-01
7.1510888934301164e-01
9.7713286011336309e-01
1.6046780637232522e-01
6.1850937734128555e-03
-1.4282209898880689e+01
1.6057522351650995e+01
5.9999999999999998e-01
-1.0000000000000001e-01
0.0000000000000000e+00
4.0000000000000002e-01
-3.6489885955883233e-01
1.0262113630366132e+00
-6.6696028121979967e-01
6.1850937734128555e-03
-1.4267946678004234e+01
1.5988270786015791e+01
5.9999999999999998e-01
-1.0000000000000001e-01
0.0000000000000000e+00
4.0000000000000002e-01
4.9092975527213834e-01
9.1238335414646110e-01
-1.3957591631682650e-01
6.1850937734128555e-03
-1.3726344935200185e+01
1.6132064891962809e+01
5.9999999999999998e-01
-1.0000000000000001e-01
0.0000000000000000e+00
4.0000000000000002e-01
-3.8791986793113931e-01
8.9663739033458667e-01
-6.9870106962044431e-02
6.1850937734128555e-03
-1.3628696451685400e+01
1.6243399829773708e+01
5.9999999999999998e-01
-1.0000000000000001e-01
0.0000000000000000e+00
4.0000000000000002e-01
1.4084961563514486e-01
8.7898321290729475e-01
-4.3581895330222398e-01
6.1850937734128555e-03
-1.3768228683969946e+01
1.6043824784068864e+01
5.9999999999999998e-01
-1.0000000000000001e-01
0.0000000000000000e+00
4.0000000000000002e-01
-4.3064908832145909e-01
8.1991050281045863e-01
7.7904508373467174e-01
6.1850937734128555e-03
-1.3257097385427924e+01
1.6186948082952298e+01
5.9999999999999998e-01
-1.0000000000000001e-01
0.0000000000000000e+00
4.0000000000000002e-01
-8.4256884156000467e-02
9.4657367845294904e-01
7.8707541188923558e-01
6.1850937734128555e-03
-1.2660117847821684e+01
1.6324856756238738e+01
5.9999999999999998e-01
-1.0000000000000001e-01
0.0000000000000000e+00
4.0000000000000002e-01
9.5928005875814126e-02
9.4965581341503102e-01
-1.8740347334416663e-01
6.1850937734128555e-03
-1.2800061553320857e+01
1.6009941170720854e+01
5.9999999999999998e-01
-1.0000000000000001e-01
0.0000000000000000e+00
4.0000000000000002e-01
-4.4862217128111109e-01
1.0311989226531788e+00
-5.0078577944310465e-01
6.1850937734128555e-03
-1.3056763761839839e+01
1.7046948371438777e+01
5.9999999999999998e-01
-1.0000000000000001e-01
0.0000000000000000e+00
4.0000000000000002e-01
-9.4799094794523558e-02
9.6048261548248970e-01
-4.1443754353793422e-01
6.1850937734128555e-03
-1.2778286629519435e+01
1.6429645461200270e+01
5.9999999999999998e-01
-1.0000000000000001e-01
0.0000000000000000e+00
4.0000000000000002e-01
-6.5438087284399260e-01
9.9600542474953380e-01
4.3219838103977870e-01
3.0374024043561538e-03
-1.3104109120718213e+01
1.7700274479745421e+01
5.9999999999999998e-01
-1.0000000000000001e-01
0.0000000000000000e+00
4.0000000000000002e-01
-3.4595938741995091e-01
9.4835642791954722e-01
7.6726861259667101e-01
3.0374024043561538e-03
-1.2695744550577377e+01
1.7926900545631067e+01
5.9999999999999998e-01
-1.0000000000000001e-01
0.0000000000000000e+00
4.0000000000000002e-01
1.5328078271615531e-02
9.0892908809749340e-01
8.3614718130556764e-01
3.0374024043561538e-03
-1.3025799382082198e+01
1.7795830942068712e+01
5.9999999999999998e-01
-1.0000000000000001e-01
0.0000000000000000e+00
4.0000000000000002e-01
-4.6222417354418033e-01
9.5221432076064805e-01
-1.3986778089078239e-01
3.0374024043561538e-03
-1.3386689478508208e+01
1.7875725121919530e+01
5.9999999999999998e-01
-1.0000000000000001e-01
0.0000000000000000e+00
4.0000000000000002e-01
-6.3234723456038222e-01
9.6331176100341531e-01
2.0392613007454105e-01
3.0374024043561538e-03
-1.3127652612677785e+01
1.7728678202752487e+01
5.9999999999999998e-01
-1.0000000000000001e-01
0.0000000000000000e+00
4.0000000000000002e-01
-9.3964987940920575e-01
8.4783595363466002e-01
5.9730448229936783e-01
4.6038772444011288e-03
-1.2912134498567330e+01
1.8384532094125170e+01
5.9999999999999998e-01
-1.0000000000000001e-01
0.0000000000000000e+00
4.0000000000000002e-01
-9.3964987940920575e-01
9.5271278409330107e-01
1.4420876807997862e-02
4.6038772444011288e-03
-1.3132645687111662e+01
1.7693970865134617e+01
5.9999999999999998e-01
-1.0000000000000001e-01
0.0000000000000000e+00
4.0000000000000002e-01
-9.3067459985448109e-01
1.1327095584687399e+00
1.4420876807997862e-02
4.6038772444011288e-03
-1.5104192582913683e+01
1.7895073388640302e+01
5.9999999999999998e-01
-1.0000000000000001e-01
0.0000000000000000e+00
4.0000000000000002e-01
-9.3067459985448109e-01
1.0975630845841573e+00
-5.4108722924487762e-01
4.6038772444011288e-03
-1.4893176686135130e+01
1.7633420917515174e+01
5.9999999999999998e-01
-1.0000000000000001e-01
0.0000000000000000e+00
4.0000000000000002e-01
-3.8350326344205127e-01
1.1416927699860737e+00
-4.2146968006389313e-01
4.6038772444011288e-03
-1.5292444633808927e+01
1.6695815991733685e+01
5.9999999999999998e-01
-1.0000000000000001e-01
0.0000000000000000e+00
4.0000000000000002e-01
-8.8893411144448498e-01
1.0821155240353750e+00
-6.1005616738693891e-01
4.6038772444011288e-03
-1.6290932523575620e+01
1.7031888651971236e+01
5.9999999999999998e-01
-1.0000000000000001e-01
0.0000000000000000e+00
4.0000000000000002e-01
-3.1656830295754657e-01
1.0236760046300100e+00
-4.5531776263611490e-01
6.0947139243365837e-03
-1.5737808587518529e+01
1.8046683469538106e+01
5.9999999999999998e-01
-1.0000000000000001e-01
0.0000000000000000e+00
4.0000000000000002e-01
2.0757921412752878e-01
1.0121738598164725e+00
-7.3333796098129922e-01
6.0947139243365837e-03
-1.5858510603872135e+01
1.7427426102880851e+01
5.9999999999999998e-01
-1.0000000000000001e-01
0.0000000000000000e+00
4.0000000000000002e-01
5.2425458358395252e-02
1.0651299805459189e+00
-7.6609967100666931e-01
6.0947139243365837e-03
-1.5126746960845784e+01
1.7330167570088520e+01
5.9999999999999998e-01
-1.0000000000000001e-01
0.0000000000000000e+00
4.0000000000000002e-01
-7.4893628431689563e-02
1.1154101579007316e+00
1.1444315028143950e-01
6.0947139243365837e-03
-1.4539245589938956e+01
1.7955454207335130e+01
5.9999999999999998e-01
-1.0000000000000001e-01
0.0000000000000000e+00
4.0000000000000002e-01
4.5405931823121326e-01
1.0560758288916756e+00
-6.3490965861128734e-01
6.0947139243365837e-03
-1.4066299971309501e+01
1.7368422586431258e+01
5.9999999999999998e-01
-1.0000000000000001e-01
0.0000000000000000e+00
4.0000000000000002e-01
1.1765086464749594e-01
1.0726439126995015e+00
-3.1145771804498601e-01
6.0947139243365837e-03
-1.3981485947337944e+01
1.7437808043470135e+01
5.9999999999999998e-01
-1.0000000000000001e-01
0.0000000000000000e+00
4.0000000000000002e-01
9.5138759903775472e-01
1.0745422717448878e+00
-4.2945435646222996e-01
6.0947139243365837e-03
-1.3080486676958401e+01
1.7521661300172557e+01
5.9999999999999998e-01
-1.0000000000000001e-01
0.0000000000000000e+00
4.0000000000000002e-01
2.7267728321419982e-01
1.0922972111818003e+00
-4.2510099387960598e-01
6.0947139243365837e-03
-1.3710275504854518e+01
1.7983852583875407e+01
5.9999999999999998e-01
-1.0000000000000001e-01
0.0000000000000000e+00
4.0000000000000002e-01
1.8255914665924333e-01
1.1248007264253306e+00
8.1112309030721919e-02
6.0947139243365837e-03
-1.4123737863567669e+01
1.7799407539477098e+01
5.9999999999999998e-01
-1.0000000000000001e-01
0.0000000000000000e+00
4.0000000000000002e-01
4.9777937747703815e-01
1.2072091238018681e+00
5.7538398557109671e-01
6.0947139243365837e-03
-1.3852836478617986e+01
1.7546921647300465e+01
5.9999999999999998e-01
-1.0000000000000001e-01
0.0000000000000000e+00
4.0000000000000002e-01
1.9834918774830124e-01
1.1363180595156361e+00
5.7538398557109671e-01
6.0947139243365837e-03
-1.3852836478617986e+01
1.7455871111860020e+01
5.9999999999999998e-01
-1.0000000000000001e-01
0.0000000000000000e+00
4.0000000000000002e-01
1.5559968985782890e-01
1.1622897220369983e+00
6.8059972815913994e-01
6.0947139243365837e-03
-1.3293489164975485e+01
1.7547310183157666e+01
5.9999999999999998e-01
-1.0000000000000001e-01
0.0000000000000000e+00
4.0000000000000002e-01
3.4216825144160135e-02
1.1688421183344531e+00
2.5306409717770206e-01
6.0947139243365837e-03
-1.3269141727802356e+01
1.6605442760100107e+01
5.9999999999999998e-01
-1.0000000000000001e-01
0.0000000000000000e+00
4.0000000000000002e-01
4.0359646849499975e-01
1.0567166276690174e+00
6.1154007137985822e-01
6.0947139243365837e-03
-1.3357804605481228e+01
1.6556522285153616e+01
5.9999999999999998e-01
-1.0000000000000001e-01
0.0000000000000000e+00
4.0000000000000002e-01
7.9888040337877309e-01
9.7995351583925971e-01
4.5601904900045981e-01
6.0947139243365837e-03
-1.3357804605481228e+01
1.6515484648158303e+01
5.9999999999999998e-01
-1.0000000000000001e-01
0.0000000000000000e+00
4.0000000000000002e-01
9.6975291047411005e-01
1.0288248682734180e+00
-1.5118378682760605e-01
6.0847500920066253e-03
-1.2847235709172685e+01
1.6599948921015017e+01
5.9999999999999998e-01
-1.0000000000000001e-01
0.0000000000000000e+00
4.0000000000000002e-01
7.5262066636400260e-01
8.7728514118162870e-01
-3.6432244344381703e-01
6.0847500920066253e-03
-1.3330629037064508e+01
1.7008014391323083e+01
5.9999999999999998e-01
-1.0000000000000001e-01
0.0000000000000000e+00
4.0000000000000002e-01
4.0718567419962926e-01
9.1357079000441310e-01
-4.8437104909448031e-01
6.0847500920066253e-03
-1.3104895922285513e+01
1.7450271050592413e+01
5.9999999999999998e-01
-1.0000000000000001e-01
0.0000000000000000e+00
4.0000000000000002e-01
5.3670667220072787e-01
9.5206880421606777e-01
-2.0038681237725620e-01
6.3026191241809743e-03
-1.3059210294228988e+01
1.8210285489221562e+01
5.9999999999999998e-01
-1.0000000000000001e-01
0.0000000000000000e+00
4.0000000000000002e-01
1.1788996447043465e-01
9.0444362969366787e-01
5.4830805074888432e-02
6.3026191241809743e-03
-1.2854200994712309e+01
1.8098656554480542e+01
5.9999999999999998e-01
-1.0000000000000001e-01
0.0000000000000000e+00
4.0000000000000002e-01
5.4080753911452339e-01
9.1634739185539960e-01
-1.9089249877957715e-01
5.1562978423902416e-03
-1.2691077267867522e+01
1.8140349008103360e+01
5.9999999999999998e-01
-1.0000000000000001e-01
0.0000000000000000e+00
4.0000000000000002e-01
8.4421208132224124e-01
9.1028729195563074e-01
9.4408910245867361e-01
5.1562978423902416e-03
-1.3185773277026611e+01
1.8090067745705593e+01
5.9999999999999998e-01
-1.0000000000000001e-01
0.0000000000000000e+00
4.0000000000000002e-01
8.4421208132224124e-01
8.9335953451363326e-01
9.0964346886845227e-01
5.1562978423902416e-03
-1.3513133132201629e+01
1.8236702407111867e+01
5.9999999999999998e-01
-1.0000000000000001e-01
0.0000000000000000e+00
4.0000000000000002e-01
6.0975168237257425e-02
6.7835924745766407e-01
8.8955528640421033e-01
5.1562978423902416e-03
-1.2684946167212921e+01
1.6921244981100305e+01
5.9999999999999998e-01
-1.0000000000000001e-01
0.0000000000000000e+00
4.0000000000000002e-01
3.8521021772341768e-01
7.3223436166016354e-01
9.8292918169172405e-01
5.5214257485935118e-03
-1.2845699898642499e+01
1.6824280532409890e+01
5.9999999999999998e-01
-1.0000000000000001e-01
0.0000000000000000e+00
4.0000000000000002e-01
5.6890599865632097e-01
6.6699227524964111e-01
6.9203149401815534e-01
5.5214257485935118e-03
-1.3101885996502835e+01
1.6771270023991807e+01
5.9999999999999998e-01
-1.0000000000000001e-01
0.0000000000000000e+00
4.0000000000000002e-01
1.8460806030945820e-01
6.7237703998057141e-01
-6.2310598290292618e-01
4.6616387538382436e-03
-1.3089389057201343e+01
1.7286305635382877e+01
5.9999999999999998e-01
-1.0000000000000001e-01
0.0000000000000000e+00
4.0000000000000002e-01
1.0966520924286882e-01
5.9014002824990053e-01
-7.2081254160730235e-01
7.3259139199511733e-03
-1.3278664646041589e+01
1.6396569549974508e+01
5.9999999999999998e-01
-1.0000000000000001e-01
0.0000000000000000e+00
4.0000000000000002e-01
-4.8106366734785994e-01
6.5289391787020457e-01
-2.6727801239816540e-01
7.3259139199511733e-03
-1.3084883976471620e+01
1.6817022737797799e+01
5.9999999999999998e-01
-1.0000000000000001e-01
0.0000000000000000e+00
4.0000000000000002e-01
-2.4237794261259998e-01
5.8721347267596014e-01
-3.5859876072732799e-01
7.3259139199511733e-03
-1.3143083236110408e+01
1.6251505735453669e+01
5.9999999999999998e-01
-1.0000000000000001e-01
0.0000000000000000e+00
4.0000000000000002e-01
-3.8357386689467399e-01
5.7395489723650694e-01
-4.6516478455392712e-01
5.1058825094954692e-03
-1.2976410446059901e+01
1.6037448399451083e+01
5.9999999999999998e-01
-1.0000000000000001e-01
0.0000000000000000e+00
4.0000000000000002e-01
3.2250884959268866e-02
6.4396550495592830e-01
-3.0534195936052200e-01
5.1058825094954692e-03
-1.1211705942940910e+01
1.5496831711318798e+01
5.9999999999999998e-01
-1.0000000000000001e-01
0.0000000000000000e+00
4.0000000000000002e-01
-8.0716486912054985e-01
5.6406817181078672e-01
-6.9788444674341077e-01
7.5174123783366409e-03
-1.1253634097077896e+01
1.6665087365296191e+01
5.9999999999999998e-01
-1.0000000000000001e-01
0.0000000000000000e+00
4.0000000000000002e-01
-8.1887038162183456e-02
5.6406817181078672e-01
-2.8186421907274123e-01
7.5174123783366409e-03
-1.0276627310761263e+01
1.6598457739439315e+01
5.9999999999999998e-01
-1.0000000000000001e-01
0.0000000000000000e+00
4.0000000000000002e-01
7.5315788920763446e-02
4.3838641269175288e-01
-9.8254777944414018e-01
7.5174123783366409e-03
-9.8481499660993119e+00
1.6352581994917696e+01
5.9999999999999998e-01
-1.0000000000000001e-01
0.0000000000000000e+00
4.0000000000000002e-01
9.1452444427812429e-01
3.4010524578062773e-01
-9.8254777944414018e-01
7.5174123783366409e-03
-9.6758374918485188e+00
1.6905087413575952e+01
5.9999999999999998e-01
-1.0000000000000001e-01
0.0000000000000000e+00
4.0000000000000002e-01
9.6753983565771917e-01
3.9568005370764020e-01
-9.8254777944414018e-01
7.5174123783366409e-03
-9.8219042647862942e+00
1.7504208936479394e+01
5.9999999999999998e-01
-1.0000000000000001e-01
0.0000000000000000e+00
4.0000000000000002e-01
3.9827418872320991e-01
3.7776430081991436e-01
-1.5447261742083440e-01
7.5174123783366409e-03
-9.6631611306453244e+00
1.6812101353642053e+01
5.9999999999999998e-01
-1.0000000000000001e-01
0.0000000000000000e+00
4.0000000000000002e-01
5.7857391485178811e-01
3.7832307469515081e-01
-9.8405843130080095e-01
7.5174123783366409e-03
-9.4963822704041494e+00
1.7317661543127603e+01
5.9999999999999998e-01
-1.0000000000000001e-01
0.0000000000000000e+00
4.0000000000000002e-01
-3.0098581782376421e-01
3.0930861365465395e-01
-6.7858816793887011e-01
7.5174123783366409e-03
-9.3861829083645834e+00
1.7643914253946846e+01
5.9999999999999998e-01
-1.0000000000000001e-01
0.0000000000000000e+00
4.0000000000000002e-01
-4.0738190471028934e-01
3.4080469897059673e-01
-8.1934123090235578e-01
6.3610321421878066e-03
-9.3707919638836881e+00
1.7520417518850870e+01
5.9999999999999998e-01
-1.0000000000000001e-01
0.0000000000000000e+00
4.0000000000000002e-01
8.0577908695841172e-01
3.6774902677206267e-01
6.3977907040389193e-01
6.3610321421878066e-03
-9.8880976256448889e+00
1.7198107047316142e+01
5.9999999999999998e-01
-1.0000000000000001e-01
0.0000000000000000e+00
4.0000000000000002e-01
1.9667151034975389e-01
3.4523320794148316e-01
5.9688667201669832e-01
4.1811881352917879e-03
-9.4473649081308508e+00
1.7316160225805348e+01
5.9999999999999998e-01
-1.0000000000000001e-01
0.0000000000000000e+00
4.0000000000000002e-01
4.1386634122374977e-02
3.5697008037609923e-01
8.1425514006288657e-01
4.1811881352917879e-03
-9.6406038407702113e+00
1.7612251517765678e+01
5.9999999999999998e-01
-1.0000000000000001e-01
0.0000000000000000e+00
4.0000000000000002e-01
-6.3480302213525430e-01
3.8828100931687221e-01
3.4333169066579955e-01
4.1811881352917879e-03
-1.0400608682679024e+01
1.7612251517765678e+01
5.9999999999999998e-01
-1.0000000000000001e-01
0.0000000000000000e+00
4.0000000000000002e-01
5.8609613181257580e-01
3.9373440694851741e-01
-5.3394430017797334e-01
4.1811881352917879e-03
-9.2818617813754933e+00
1.8313256928913749e+01
5.9999999999999998e-01
-1.0000000000000001e-01
0.0000000000000000e+00
4.0000000000000002e-01
9.1334643484258982e-01
3.5003005981488095e-01
-2.9824993497459273e-01
4.1811881352917879e-03
-9.4267259724903951e+00
1.8027490026347792e+01
5.9999999999999998e-01
-1.0000000000000001e-01
0.0000000000000000e+00
4.0000000000000002e-01
9.1334643484258982e-01
3.9634245342059005e-01
-8.3479765212861867e-01
5.2998804514066905e-03
-8.6370535262394803e+00
1.8442860195629748e+01
5.9999999999999998e-01
-1.0000000000000001e-01
0.0000000000000000e+00
4.0000000000000002e-01
3.3748531104231211e-01
2.8160599857611529e-01
-2.4052795923082210e-01
5.2998804514066905e-03
-8.3959624575916774e+00
1.8419871903054865e+01
5.9999999999999998e-01
-1.0000000000000001e-01
0.0000000000000000e+00
4.0000000000000002e-01
5.6126623631620731e-01
4.2338429507655967e-01
1.3106449809851539e-03
5.2998804514066905e-03
-8.5732453870121503e+00
1.7587478599541335e+01
5.9999999999999998e-01
-1.0000000000000001e-01
0.0000000000000000e+00
4.0000000000000002e-01
5.1580425263548224e-01
4.6934475469632014e-01
-4.3242528355447624e-01
5.2998804514066905e-03
-7.4687476294580968e+00
1.6796411923163085e+01
5.9999999999999998e-01
-1.0000000000000001e-01
0.0000000000000000e+00
4.0000000000000002e-01
1.9007900000715583e-01
5.6947052073521476e-01
-4.3242528355447624e-01
5.2998804514066905e-03
-7.6065560596529513e+00
1.6870399782650622e+01
5.9999999999999998e-01
-1.0000000000000001e-01
0.0000000000000000e+00
4.0000000000000002e-01
1.7370889366770118e-01
7.0966734790844788e-01
-2.7965037136105869e-01
5.2998804514066905e-03
-8.1385099838022263e+00
1.6625117803208980e+01
5.9999999999999998e-01
-1.0000000000000001e-01
0.0000000000000000e+00
4.0000000000000002e-01
-7.3179478465413716e-01
7.7482825565380919e-01
-7.1368180065183018e-01
5.2998804514066905e-03
-7.2684806431178135e+00
1.6148101914518030e+01
5.9999999999999998e-01
-1.0000000000000001e-01
0.0000000000000000e+00
4.0000000000000002e-01
-1.5598623215055135e-01
8.3338203072590689e-01
-1.5547917156247471e-01
5.2998804514066905e-03
-8.2798170650843659e+00
1.6268685645454081e+01
5.9999999999999998e-01
-1.0000000000000001e-01
0.0000000000000000e+00
4.0000000000000002e-01
1.8395966352129312e-01
7.9832471776051384e-01
-5.4096087067155207e-01
5.2998804514066905e-03
-8.3519171858672170e+00
1.5614931619756373e+01
5.9999999999999998e-01
-1.0000000000000001e-01
0.0000000000000000e+00
4.0000000000000002e-01
7.8506867223584997e-01
8.4135914456887095e-01
-5.9904566693585792e-02
5.2998804514066905e-03
-8.8231591010932000e+00
1.6103770506971035e+01
5.9999999999999998e-01
-1.0000000000000001e-01
0.0000000000000000e+00
4.0000000000000002e-01
9.7906102710569243e-01
7.9059006059212533e-01
5.2249953385907724e-02
5.2998804514066905e-03
-9.5388463410083304e+00
1.6432808763377821e+01
5.9999999999999998e-01
-1.0000000000000001e-01
0.0000000000000000e+00
4.0000000000000002e-01
9.5618287854993689e-01
6.8439130342049437e-01
8.3919460022123482e-01
5.2998804514066905e-03
-8.7129002990666873e+00
1.7016739371780993e+01
5.9999999999999998e-01
-1.0000000000000001e-01
0.0000000000000000e+00
4.0000000000000002e-01
6.4893323951566573e-01
6.5754932415528133e-01
1.2872143828542870e-01
5.2998804514066905e-03
-8.6623547943774710e+00
1.6826408353809953e+01
5.9999999999999998e-01
-1.0000000000000001e-01
0.0000000000000000e+00
4.0000000000000002e-01
6.1949313634240977e-01
6.5754932415528133e-01
5.0883506820769941e-01
5.2998804514066905e-03
-8.0708582642022630e+00
1.6625101329748269e+01
5.9999999999999998e-01
-1.0000000000000001e-01
0.0000000000000000e+00
4.0000000000000002e-01
6.1949313634240977e-01
5.6287562942920177e-01
4.7937965856166520e-01
5.7710601527945727e-03
-7.7305082729552055e+00
1.7141031493608590e+01
5.9999999999999998e-01
-1.0000000000000001e-01
0.0000000000000000e+00
4.0000000000000002e-01
5.2143149908427014e-02
5.6287562942920177e-01
8.7313916520448365e-01
6.9551299054877490e-03
-8.7242368622217441e+00
1.7637869514886969e+01
5.9999999999999998e-01
-1.0000000000000001e-01
0.0000000000000000e+00
4.0000000000000002e-01
3.1801314884031173e-01
4.6150599003253440e-01
-3.1506158633856129e-01
6.9551299054877490e-03
-9.4013811005745200e+00
1.8512805880968209e+01
5.9999999999999998e-01
-1.0000000000000001e-01
0.0000000000000000e+00
4.0000000000000002e-01
-3.0570370144045000e-01
4.7237182742772560e-01
3.5854726807447129e-01
6.9551299054877490e-03
-8.5504010798875374e+00
1.8524558163051243e+01
5.9999999999999998e-01
-1.0000000000000001e-01
0.0000000000000000e+00
4.0000000000000002e-01
-5.2130135721361281e-01
4.6392378366408804e-01
8.5928908185334862e-01
6.9551299054877490e-03
-8.5324154111091186e+00
1.9412345654134388e+01
5.9999999999999998e-01
-1.0000000000000001e-01
0.0000000000000000e+00
4.0000000000000002e-01
5.5130090053919500e-02
5.1930376303611259e-01
2.1456839905353253e-01
6.9762434229490933e-03
-8.4021767894271910e+00
1.9595671189193364e+01
5.9999999999999998e-01
-1.0000000000000001e-01
0.0000000000000000e+00
4.0000000000000002e-01
2.2633848481977337e-01
5.1930376303611259e-01
-7.6564356758026408e-01
6.9762434229490933e-03
-8.3446963662747429e+00
1.9183023614053365e+01
5.9999999999999998e-01
-1.0000000000000001e-01
0.0000000000000000e+00
4.0000000000000002e-01
-7.9567404991781354e-01
5.4053666335759620e-01
-4.1868104531196881e-01
7.3424225874481374e-03
-7.6343454773072281e+00
1.8926365644101736e+01
5.9999999999999998e-01
-1.0000000000000001e-01
0.0000000000000000e+00
4.0000000000000002e-01
-9.6354026204740639e-01
5.0159129745183451e-01
-8.8397292910842218e-01
1.4431204361492173e-02
-7.3224972744006784e+00
1.8835010186199781e+01
5.9999999999999998e-01
-1.0000000000000001e-01
0.0000000000000000e+00
4.0000000000000002e-01
-9.2304015046751142e-01
5.1404149948475819e-01
-9.5460434376029291e-01
1.4935952646308915e-02
-6.0188403789419809e+00
1.9090873077873823e+01
5.9999999999999998e-01
-1.0000000000000001e-01
0.0000000000000000e+00
4.0000000000000002e-01
-1.5195054895078786e-01
4.7058169685719470e-01
-8.8018427847651759e-01
1.4935952646308915e-02
-5.6422217574436342e+00
1.9406101659302351e+01
5.9999999999999998e-01
-1.0000000000000001e-01
0.0000000000000000e+00
4.0000000000000002e-01
-1.4447318379041091e-02
5.0902919072328068e-01
-3.2638047753600397e-01
9.6734896727142493e-03
-5.5235659715253984e+00
1.8715469351772899e+01
5.9999999999999998e-01
-1.0000000000000001e-01
0.0000000000000000e+00
4.0000000000000002e-01
-4.0662302261984007e-01
3.4929347777781938e-01
-3.2638047753600397e-01
9.6734896727142493e-03
-5.8234782990533986e+00
1.8957991869550881e+01
5.9999999999999998e-01
-1.0000000000000001e-01
0.0000000000000000e+00
4.0000000000000002e-01
-3.2583655006086482e-01
3.4465958371428701e-01
9.7945132565218987e-02
8.6592881061372910e-03
-5.3805197682697461e+00
1.8366669378977949e+01
5.9999999999999998e-01
-1.0000000000000001e-01
0.0000000000000000e+00
4.0000000000000002e-01
6.4059625261628961e-01
3.2525345387725091e-01
-6.2468614308862014e-01
8.6592881061372910e-03
-5.4740748431999373e+00
1.8305513430935079e+01
5.9999999999999998e-01
-1.0000000000000001e-01
0.0000000000000000e+00
4.0000000000000002e-01
4.2725614260116557e-01
3.1813985576895926e-01
2.5657678258139596e-02
4.4181085691092177e-03
-5.7214936580974740e+00
1.7678445167642767e+01
5.9999999999999998e-01
-1.0000000000000001e-01
0.0000000000000000e+00
4.0000000000000002e-01
3.4236975665369968e-01
3.3626612987784599e-01
1.1464849175186825e-01
4.4181085691092177e-03
-6.5321981098968669e+00
1.6991179676157170e+01
5.9999999999999998e-01
-1.0000000000000001e-01
0.0000000000000000e+00
4.0000000000000002e-01
7.7476403668317595e-02
3.5575483420161463e-01
-1.7051118004601462e-02
4.4181085691092177e-03
-7.0367268469650428e+00
1.6582491926652125e+01
5.9999999999999998e-01
-1.0000000000000001e-01
0.0000000000000000e+00
4.0000000000000002e-01
5.7249122019091581e-01
3.3846240523127774e-01
-9.2593774138716989e-01
4.4181085691092177e-03
-7.2302789342124143e+00
1.6433697029751471e+01
5.9999999999999998e-01
-1.0000000000000001e-01
0.0000000000000000e+00
4.0000000000000002e-01
-1.7562026147564902e-01
2.3438071348933440e-01
-8.8998425661353409e-01
4.4181085691092177e-03
-6.0493979681749037e+00
1.5781885263127020e+01
5.9999999999999998e-01
-1.0000000000000001e-01
0.0000000000000000e+00
4.0000000000000002e-01
-5.8554458466192738e-01
2.7923306888012150e-01
-5.5467326103476822e-01
4.4181085691092177e-03
-5.6026261855382611e+00
1.5936306924921208e+01
5.9999999999999998e-01
-1.0000000000000001e-01
0.0000000000000000e+00
4.0000000000000002e-01
-4.4444846001287952e-01
2.8268235024480082e-01
-5.5467326103476822e-01
4.4181085691092177e-03
-5.3421208885032820e+00
1.6269239707466895e+01
5.9999999999999998e-01
-1.0000000000000001e-01
0.0000000000000000e+00
4.0000000000000002e-01
-4.5975702849051014e-01
2.8902112039593914e-01
2.1456950993509943e-01
9.3507676586744946e-03
-5.3091729145962878e+00
1.6013602568384940e+01
5.9999999999999998e-01
-1.0000000000000001e-01
0.0000000000000000e+00
4.0000000000000002e-01
3.1633828315118295e-01
3.3782567509679057e-01
6.7576046299654802e-02
9.3507676586744946e-03
-5.8062537277583166e+00
1.6015559157159860e+01
5.9999999999999998e-01
-1.0000000000000001e-01
0.0000000000000000e+00
4.0000000000000002e-01
-3.2572959747931018e-01
3.6962172445325114e-01
3.6654097468825036e-01
9.3507676586744946e-03
-5.8587311828974773e+00
1.6954506250343968e+01
5.9999999999999998e-01
-1.0000000000000001e-01
0.0000000000000000e+00
4.0000000000000002e-01
2.2436623725274546e-01
1.0646637424496869e-01
-6.6708274095086395e-01
9.3507676586744946e-03
-5.5588466966990522e+00
1.7488413142285989e+01
5.9999999999999998e-01
-1.0000000000000001e-01
0.0000000000000000e+00
4.0000000000000002e-01
8.1395272347310521e-01
5.9817157652781380e-03
-1.4744718490866959e-01
9.3507676586744946e-03
-4.8262860084418353e+00
1.7648752827815461e+01
5.9999999999999998e-01
-1.0000000000000001e-01
0.0000000000000000e+00
4.0000000000000002e-01
9.8032275649884670e-01
5.9817157652781380e-03
6.0799578965874368e-01
9.3507676586744946e-03
-4.5644953409675653e+00
1.8801276106632997e+01
5.9999999999999998e-01
-1.0000000000000001e-01
0.0000000000000000e+00
4.0000000000000002e-01
9.8032275649884670e-01
5.9817157652781380e-03
-3.2089695333270368e-01
9.3507676586744946e-03
-3.9903173337225017e+00
1.9189392913378530e+01
5.9999999999999998e-01
-1.0000000000000001e-01
0.0000000000000000e+00
4.0000000000000002e-01
7.2835959288457364e-01
9.8303767111704715e-03
5.6889043034287146e-01
9.3507676586744946e-03
-4.0105185384396611e+00
1.9516249201692396e+01
5.9999999999999998e-01
-1.0000000000000001e-01
0.0000000000000000e+00
4.0000000000000002e-01
-7.9840559035744940e-02
1.6133062031547823e-02
3.7523626090260198e-01
7.7485599942741555e-03
-3.4959739858750400e+00
1.9626272771753126e+01
5.9999999999999998e-01
-1.0000000000000001e-01
0.0000000000000000e+00
4.0000000000000002e-01
-6.0527925801297688e-01
1.8156033423225679e-02
3.7523626090260198e-01
7.7485599942741555e-03
-3.9745927090291078e+00
2.0104496655858810e+01
5.9999999999999998e-01
-1.0000000000000001e-01
0.0000000000000000e+00
4.0000000000000002e-01
-9.8832793068906333e-01
2.7802323487083710e-02
-3.9930094658164333e-01
7.7485599942741555e-03
-2.9729500854853690e+00
2.0390226883686836e+01
5.9999999999999998e-01
-1.0000000000000001e-01
0.0000000000000000e+00
4.0000000000000002e-01
4.1498172450045084e-01
3.6461185124199186e-02
-4.7562672484200763e-02
7.7485599942741555e-03
-3.2482428277377187e+00
2.0256881551364195e+01
5.9999999999999998e-01
-1.0000000000000001e-01
0.0000000000000000e+00
4.0000000000000002e-01
6.3801012016067249e-01
2.9854597744028363e-02
4.1103773952694578e-01
7.7485599942741555e-03
-3.5454730647150572e+00
1.9802775388875734e+01
5.9999999999999998e-01
-1.0000000000000001e-01
0.0000000000000000e+00
4.0000000000000002e-01
8.2149388454088912e-01
5.7987696141556851e-03
5.2072349430294673e-01
7.7485599942741555e-03
-4.1176480954978754e+00
1.9957470439294109e+01
5.9999999999999998e-01
-1.0000000000000001e-01
0.0000000000000000e+00
4.0000000000000002e-01
8.0498258135447243e-01
3.1311855933125410e-02
2.9993822367163342e-01
7.7485599942741555e-03
-3.3865186205599596e+00
1.9597390083888300e+01
5.9999999999999998e-01
-1.0000000000000001e-01
0.0000000000000000e+00
4.0000000000000002e-01
-1.0998984732499373e-01
3.1311855933125410e-02
2.1962462970288438e-01
7.7485599942741555e-03
-3.8163776984904101e+00
2.0199280719378716e+01
5.9999999999999998e-01
-1.0000000000000001e-01
0.0000000000000000e+00
4.0000000000000002e-01
-2.7697106995454085e-01
3.3681897245899789e-03
-2.2442565581528506e-01
7.7485599942741555e-03
-3.8433673819992831e+00
2.0623770455190670e+01
5.9999999999999998e-01
-1.0000000000000001e-01
0.0000000000000000e+00
4.0000000000000002e-01
-6.5429497518410940e-01
2.5756416710521368e-02
3.1199583390029106e-01
7.7485599942741555e-03
-3.6186728766653826e+00
2.0822539700487390e+01
5.9999999999999998e-01
-1.0000000000000001e-01
0.0000000000000000e+00
4.0000000000000002e-01
-1.4644783773293754e-01
2.5756416710521368e-02
6.4097238877089646e-01
7.7485599942741555e-03
-3.1140431141946610e+00
1.9918714137295019e+01
5.9999999999999998e-01
-1.0000000000000001e-01
0.0000000000000000e+00
4.0000000000000002e-01
7.0745185575613712e-01
6.3599132927562377e-02
-5.0997975594131317e-01
7.1338517345724264e-03
-3.0965027960483131e+00
1.9264360092499977e+01
5.9999999999999998e-01
-1.0000000000000001e-01
0.0000000000000000e+00
4.0000000000000002e-01
7.0745185575613712e-01
1.6653059395457886e-02
-6.5890735200373496e-01
7.1338517345724264e-03
-2.4122755500022470e+00
1.9285634178587923e+01
5.9999999999999998e-01
-1.0000000000000001e-01
0.0000000000000000e+00
4.0000000000000002e-01
-8.6081269167568975e-02
3.6260779770518919e-02
-8.8980525604216432e-01
7.1338517345724264e-03
-2.7235049041453898e+00
1.9702896270820627e+01
5.9999999999999998e-01
-1.0000000000000001e-01
0.0000000000000000e+00
4.0000000000000002e-01
8.7496364078650202e-01
6.4553033741618776e-02
-6.5961533090798230e-01
7.1338517345724264e-03
-2.7235049041453898e+00
1.9758413853415973e+01
5.9999999999999998e-01
-1.0000000000000001e-01
0.0000000000000000e+00
4.0000000000000002e-01
2.6003056368956290e-01
6.2235300453807499e-02
-9.6196764073101848e-01
7.1338517345724264e-03
-2.6654844584409298e+00
1.9327670987615114e+01
5.9999999999999998e-01
-1.0000000000000001e-01
0.0000000000000000e+00
4.0000000000000002e-01
9.2344894073137951e-01
9.3060436569706445e-03
-9.7087295553414188e-01
7.7486049212751543e-03
-2.6669649707619252e+00
1.9148032631644732e+01
5.9999999999999998e-01
-1.0000000000000001e-01
0.0000000000000000e+00
4.0000000000000002e-01
8.5415872982868857e-01
9.3060436569706445e-03
-9.6542844126699534e-01
7.7486049212751543e-03
-2.3895049052778785e+00
1.9830942966708665e+01
5.9999999999999998e-01
-1.0000000000000001e-01
0.0000000000000000e+00
4.0000000000000002e-01
8.6610382965931598e-01
2.8151553186084411e-02
-1.9714609469054309e-01
7.7486049212751543e-03
-2.0742417613510198e+00
2.0148430182704455e+01
5.9999999999999998e-01
-1.0000000000000001e-01
0.0000000000000000e+00
4.0000000000000002e-01
4.9569212726483053e-01
2.1974230559970519e-02
-1.9714609469054309e-01
7.7486049212751543e-03
-3.1628224814776482e+00
1.9896188496717937e+01
5.9999999999999998e-01
-1.0000000000000001e-01
0.0000000000000000e+00
4.0000000000000002e-01
4.0369560889134115e-01
3.9298013769642308e-03
5.2744359945179842e-01
7.7486049212751543e-03
-3.1565664345864359e+00
1.9841406150081877e+01
5.9999999999999998e-01
-1.0000000000000001e-01
0.0000000000000000e+00
4.0000000000000002e-01
3.5869186989197444e-01
8.4049411362464799e-02
1.2932177041890047e-01
7.7486049212751543e-03
-3.9155110830906930e+00
1.9845231945732358e+01
5.9999999999999998e-01
-1.0000000000000001e-01
0.0000000000000000e+00
4.0000000000000002e-01
7.3251968733200734e-01
9.0784545487220647e-02
-9.5079463409958453e-01
5.6927984632787858e-03
-3.5302065099124018e+00
1.9955743177154780e+01
5.9999999999999998e-01
-1.0000000000000001e-01
0.0000000000000000e+00
4.0000000000000002e-01
9.4974146894344991e-01
1.2120385772591388e-01
-4.8919305818853953e-01
5.6927984632787858e-03
-3.9670801366213859e+00
2.0482772250393154e+01
5.9999999999999998e-01
-1.0000000000000001e-01
0.0000000000000000e+00
4.0000000000000002e-01
9.7544280341992085e-01
1.3316438830500402e-01
-2.8824301915941830e-01
5.6927984632787858e-03
-3.8385203028563564e+00
2.0432639631548646e+01
5.9999999999999998e-01
-1.0000000000000001e-01
0.0000000000000000e+00
4.0000000000000002e-01
1.9449561170468038e-01
2.0640521071707763e-01
-7.0445484417257898e-01
5.6927984632787858e-03
-3.9726198012475078e+00
2.1016690072336910e+01
5.9999999999999998e-01
-1.0000000000000001e-01
0.0000000000000000e+00
4.0000000000000002e-01
4.3473687819370926e-01
1.4692560522114789e-01
-3.8541970725637656e-02
5.6927984632787858e-03
-3.2244573021773406e+00
2.0921988505044698e+01
5.9999999999999998e-01
-1.0000000000000001e-01
0.0000000000000000e+00
4.0000000000000002e-01
6.5359007052311602e-01
1.1207360355412520e-01
7.1994847429217690e-01
5.6927984632787858e-03
-3.1527335221413684e+00
2.0553096873977896e+01
5.9999999999999998e-01
-1.0000000000000001e-01
0.0000000000000000e+00
4.0000000000000002e-01
1.6574487379917802e-01
8.9855506940241220e-02
3.7226259601535200e-01
5.6927984632787858e-03
-3.3385359252337530e+00
2.0372053129890674e+01
5.9999999999999998e-01
-1.0000000000000001e-01
0.0000000000000000e+00
4.0000000000000002e-01
-6.5587530859580334e-01
1.2797993449723280e-01
9.5435429980279796e-01
5.6927984632787858e-03
-4.3433618927840305e+00
2.0676046509960408e+01
5.9999999999999998e-01
-1.0000000000000001e-01
0.0000000000000000e+00
4.0000000000000002e-01
-9.6028867252936645e-01
2.7935114268815076e-01
5.3094610576750634e-01
5.6927984632787858e-03
-4.8387977624777863e+00
2.0729242198088876e+01
5.9999999999999998e-01
-1.0000000000000001e-01
0.0000000000000000e+00
4.0000000000000002e-01
-2.5559880741706181e-01
2.5784654478585278e-01
9.6154914845246020e-02
5.6927984632787858e-03
-4.4096291354391886e+00
2.0945998151520005e+01
5.9999999999999998e-01
-1.0000000000000001e-01
0.0000000000000000e+00
4.0000000000000002e-01
-2.8942565002312948e-01
2.4325306717907941e-01
7.7842644249321802e-01
3.7120078929004825e-03
-4.7153476402629328e+00
2.0663056386181822e+01
5.9999999999999998e-01
-1.0000000000000001e-01
0.0000000000000000e+00
4.0000000000000002e-01
-1.7083832570185950e-01
1.5327861843859708e-01
7.7842644249321802e-01
3.7120078929004825e-03
-4.6387103125918818e+00
2.1182016212412826e+01
5.9999999999999998e-01
-1.0000000000000001e-01
0.0000000000000000e+00
4.0000000000000002e-01
2.4111765614876446e-01
2.6905296479022062e-01
1.0844241027953017e-01
3.7120078929004825e-03
-4.6433876897674216e+00
2.0424822702178467e+01
5.9999999999999998e-01
-1.0000000000000001e-01
0.0000000000000000e+00
4.0000000000000002e-01
3.9510912290939976e-01
2.4113969220077552e-01
5.3910473335999104e-02
3.7120078929004825e-03
-5.2676340724807389e+00
2.0228314373561847e+01
5.9999999999999998e-01
-1.0000000000000001e-01
0.0000000000000000e+00
4.0000000000000002e-01
1.9136839739212685e-01
2.1244835771476783e-01
3.9089754198910576e-01
3.7120078929004825e-03
-4.7795130069833407e+00
2.0747822613188731e+01
5.9999999999999998e-01
-1.0000000000000001e-01
0.0000000000000000e+00
4.0000000000000002e-01
-5.0725897797217678e-01
2.6038237304842032e-01
9.2886457775952203e-01
3.7120078929004825e-03
-4.3719240288715975e+00
2.0445197982260691e+01
5.9999999999999998e-01
-1.0000000000000001e-01
0.0000000000000000e+00
4.0000000000000002e-01
-4.7172050782313657e-01
2.1596937556421317e-01
5.7073363398434507e-01
3.7120078929004825e-03
-4.3719240288715975e+00
2.1324015777477726e+01
5.9999999999999998e-01
-1.0000000000000001e-01
0.0000000000000000e+00
4.0000000000000002e-01
-7.7450302430262874e-01
1.9175741945063629e-01
8.8250823472859241e-01
3.7120078929004825e-03
-4.0551122378092428e+00
2.1736145489582523e+01
5.9999999999999998e-01
-1.0000000000000001e-01
0.0000000000000000e+00
4.0000000000000002e-01
-4.2409310170283626e-01
1.9888203231846846e-01
6.0885319386841641e-01
3.7120078929004825e-03
-4.3354722992982886e+00
2.1967336454907159e+01
5.9999999999999998e-01
-1.0000000000000001e-01
0.0000000000000000e+00
4.0000000000000002e-01
-6.6809587665667836e-01
2.3768832032238996e-01
-9.2606418977958072e-02
3.7120078929004825e-03
-4.8151582734193816e+00
2.2197469360021600e+01
5.9999999999999998e-01
-1.0000000000000001e-01
0.0000000000000000e+00
4.0000000000000002e-01
-9.4056893445757073e-02
1.8704923121487652e-01
7.0251601693453170e-01
3.7120078929004825e-03
-4.8818144486751569e+00
2.1629726173368940e+01
5.9999999999999998e-01
-1.0000000000000001e-01
0.0000000000000000e+00
4.0000000000000002e-01
-4.1170485601594747e-01
1.3527707241332088e-01
2.4331655499758104e-01
3.7120078929004825e-03
-4.6031277419533740e+00
2.2585790805903923e+01
5.9999999999999998e-01
-1.0000000000000001e-01
0.0000000000000000e+00
4.0000000000000002e-01
-3.3717125640085038e-01
1.2444970916068110e-01
-1.6668072941480297e-01
3.7120078929004825e-03
-4.2670341403689402e+00
2.2207251412061705e+01
5.9999999999999998e-01
-1.0000000000000001e-01
0.0000000000000000e+00
4.0000000000000002e-01
-2.8803275809457590e-01
2.8712371824538263e-01
-1.6668072941480297e-01
3.7120078929004825e-03
-4.3235148416366593e+00
2.1975205535640672e+01
5.9999999999999998e-01
-1.0000000000000001e-01
0.0000000000000000e+00
4.0000000000000002e-01
-9.9890723929574765e-01
2.2299892853056941e-01
-1.1223517837701458e-01
3.7120078929004825e-03
-4.5368825973477378e+00
2.1065771207412435e+01
5.9999999999999998e-01
-1.0000000000000001e-01
0.0000000000000000e+00
4.0000000000000002e-01
-9.9890723929574765e-01
2.3865526579176932e-01
-1.1223517837701458e-01
3.7120078929004825e-03
-4.6453407765831960e+00
2.0804373541673378e+01
5.9999999999999998e-01
-1.0000000000000001e-01
0.0000000000000000e+00
4.0000000000000002e-01
6.5000627651045051e-01
2.1266768992548737e-01
7.9123745260061595e-01
3.7120078929004825e-03
-4.7283351944293983e+00
2.1240250244935709e+01
5.9999999999999998e-01
-1.0000000000000001e-01
0.0000000000000000e+00
4.0000000000000002e-01
7.2639545514414039e-01
1.7929395342474733e-01
7.9123745260061595e-01
3.7120078929004825e-03
-4.6106698141899107e+00
2.0988016014652057e+01
5.9999999999999998e-01
-1.0000000000000001e-01
0.0000000000000000e+00
4.0000000000000002e-01
7.2639545514414039e-01
2.8224674394781941e-02
7.9123745260061595e-01
7.4807156749305877e-03
-5.7128687666263573e+00
2.1373445140676306e+01
5.9999999999999998e-01
-1.0000000000000001e-01
0.0000000000000000e+00
4.0000000000000002e-01
7.5520825936624736e-01
1.8047098907138463e-02
-4.8793270828900953e-01
7.4807156749305877e-03
-5.8132264421787259e+00
2.1177247255401419e+01
5.9999999999999998e-01
-1.0000000000000001e-01
0.0000000000000000e+00
4.0000000000000002e-01
9.5717698886224956e-01
1.8047098907138463e-02
-6.3944336059270523e-01
7.4807156749305877e-03
-5.9295517080929274e+00
2.1116069018201635e+01
5.9999999999999998e-01
-1.0000000000000001e-01
0.0000000000000000e+00
4.0000000000000002e-01
3.2516906573602888e-01
3.0341615470553984e-02
-5.8635859253583567e-01
7.4807156749305877e-03
-5.0311427944805613e+00
2.1466587745504185e+01
5.9999999999999998e-01
-1.0000000000000001e-01
0.0000000000000000e+00
4.0000000000000002e-01
7.4762142195532055e-01
5.1825651022101946e-02
-2.2466051104245799e-01
7.4807156749305877e-03
-5.0619131365325440e+00
2.1727572610335155e+01
5.9999999999999998e-01
-1.0000000000000001e-01
0.0000000000000000e+00
4.0000000000000002e-01
5.1367859377691483e-01
1.1611714110007436e-01
-6.4773631352009753e-03
7.4807156749305877e-03
-4.7773886957671632e+00
2.0894927357988163e+01
5.9999999999999998e-01
-1.0000000000000001e-01
0.0000000000000000e+00
4.0000000000000002e-01
6.9286994262764190e-01
1.2652876624694021e-01
-1.8163491873769186e-01
7.4807156749305877e-03
-6.0433345237281308e+00
2.1195197277622029e+01
5.9999999999999998e-01
-1.0000000000000001e-01
0.0000000000000000e+00
4.0000000000000002e-01
6.9286994262764190e-01
1.1246138033499870e-01
-6.4304449050454515e-01
7.4807156749305877e-03
-6.1696033665444840e+00
2.0958497696475789e+01
5.9999999999999998e-01
-1.0000000000000001e-01
0.0000000000000000e+00
4.0000000000000002e-01
3.6877998992035133e-01
7.5539959999229037e-02
3.2257342131109817e-01
7.4807156749305877e-03
-6.3038009921554607e+00
2.0462982120470805e+01
5.9999999999999998e-01
-1.0000000000000001e-01
0.0000000000000000e+00
4.0000000000000002e-01
-8.4200338438918843e-01
9.0540381821300100e-02
-3.5462672545341867e-01
7.4807156749305877e-03
-6.5857309142593419e+00
2.0502105160908503e+01
5.9999999999999998e-01
-1.0000000000000001e-01
0.0000000000000000e+00
4.0000000000000002e-01
-7.5589222804477463e-01
7.0340768458749356e-02
-5.5109368457226171e-01
7.4807156749305877e-03
-6.0781914601568259e+00
2.1000781893463536e+01
5.9999999999999998e-01
-1.0000000000000001e-01
0.0000000000000000e+00
4.0000000000000002e-01
-4.6298713669946434e-01
4.9946299182678761e-02
-1.7531368030933753e-01
5.3591069855032127e-03
-6.0692860970739400e+00
2.0786571588845650e+01
5.9999999999999998e-01
-1.0000000000000001e-01
0.0000000000000000e+00
4.0000000000000002e-01
-5.0876350209882504e-01
1.8163720427682548e-01
-8.6780824265210044e-01
5.3591069855032127e-03
-6.0000206018332518e+00
2.0856332385273376e+01
5.9999999999999998e-01
-1.0000000000000001e-01
0.0000000000000000e+00
4.0000000000000002e-01
-4.6788515613248582e-01
1.8163720427682548e-01
-4.2182770809857262e-01
5.3591069855032127e-03
-7.1232130164746312e+00
2.0876761358709736e+01
5.9999999999999998e-01
-1.0000000000000001e-01
0.0000000000000000e+00
4.0000000000000002e-01
-6.8824892566373586e-01
1.0126841603448540e-01
-5.6571529707638635e-01
5.3591069855032127e-03
-7.4602057213429465e+00
2.1027198800177974e+01
5.9999999999999998e-01
-1.0000000000000001e-01
0.0000000000000000e+00
4.0000000000000002e-01
-7.2119720534255738e-01
1.3936852990319876e-01
-3.8069164666813649e-02
5.3591069855032127e-03
-8.2468532907310976e+00
2.0415464270965860e+01
5.9999999999999998e-01
-1.0000000000000001e-01
0.0000000000000000e+00
4.0000000000000002e-01
-5.2996357754638423e-01
9.9072375642563382e-02
1.4066492655547252e-01
5.3591069855032127e-03
-9.6201067554298874e+00
2.0229494002660466e+01
5.9999999999999998e-01
-1.0000000000000001e-01
0.0000000000000000e+00
4.0000000000000002e-01
-6.1406199888160462e-01
8.9867681138768585e-03
5.7434913494856943e-01
5.3591069855032127e-03
-9.1783873336855439e+00
1.9775253707369515e+01
5.9999999999999998e-01
-1.0000000000000001e-01
0.0000000000000000e+00
4.0000000000000002e-01
-8.3200326160361993e-01
6.9506938629403502e-03
8.3721503117354501e-01
6.5722872890768211e-03
-8.4026244121138109e+00
1.8914553970297522e+01
5.9999999999999998e-01
-1.0000000000000001e-01
0.0000000000000000e+00
4.0000000000000002e-01
-7.1146744922569027e-01
5.5265077473092054e-02
9.6496561029227368e-01
6.5722872890768211e-03
-9.2130231792573021e+00
1.8760694994603941e+01
5.9999999999999998e-01
-1.0000000000000001e-01
0.0000000000000000e+00
4.0000000000000002e-01
-5.7605157808234919e-01
3.9758679987359033e-02
-1.6798028013436195e-01
6.5722872890768211e-03
-9.4083453590516140e+00
1.9205181266938993e+01
5.9999999999999998e-01
-1.0000000000000001e-01
0.0000000000000000e+00
4.0000000000000002e-01
-7.5760736659934746e-01
2.4829811748998160e-01
3.3505422857123546e-02
3.5593914069471520e-03
-1.0175183721864611e+01
1.9181442519103832e+01
5.9999999999999998e-01
-1.0000000000000001e-01
0.0000000000000000e+00
4.0000000000000002e-01
-9.8421977118423210e-01
2.6125138244168755e-01
3.3505422857123546e-02
3.5593914069471520e-03
-1.0233048594975859e+01
1.9924336252188034e+01
5.9999999999999998e-01
-1.0000000000000001e-01
0.0000000000000000e+00
4.0000000000000002e-01
-4.8078657814135778e-01
2.9918694707887172e-01
4.0505042114527812e-01
3.5593914069471520e-03
-9.7050633857492503e+00
2.0511084154819795e+01
5.9999999999999998e-01
-1.0000000000000001e-01
0.0000000000000000e+00
4.0000000000000002e-01
-5.8830181338658560e-01
3.4880163484947685e-01
-6.6270972124068139e-01
4.7940139599380654e-03
-9.1529282281641073e+00
2.0617811493402073e+01
5.9999999999999998e-01
-1.0000000000000001e-01
0.0000000000000000e+00
4.0000000000000002e-01
-1.9631100990643741e-01
3.3140381437675948e-01
-1.0753090551821584e-01
4.7940139599380654e-03
-9.8206177646760064e+00
2.0398225652998040e+01
5.9999999999999998e-01
-1.0000000000000001e-01
0.0000000000000000e+00
4.0000000000000002e-01
7.6939248806962723e-01
3.3160789829628462e-01
-1.2091990886954659e-01
4.7940139599380654e-03
-9.9196141208056527e+00
2.0771037775104592e+01
5.9999999999999998e-01
-1.0000000000000001e-01
0.0000000000000000e+00
4.0000000000000002e-01
-5.3945545189848199e-01
2.9884516257183541e-01
-1.8977974592475289e-01
4.7940139599380654e-03
-9.8023585910443387e+00
2.0678442528670377e+01
5.9999999999999998e-01
-1.0000000000000001e-01
0.0000000000000000e+00
4.0000000000000002e-01
-3.1562110774984609e-01
2.6488851016895759e-01
-5.1899463026551595e-01
4.7940139599380654e-03
-1.0302040035510451e+01
2.0498060076510257e+01
5.9999999999999998e-01
-1.0000000000000001e-01
0.0000000000000000e+00
4.0000000000000002e-01
-5.9487912767400986e-01
3.5513626983897673e-01
-8.0691137677757141e-01
4.7940139599380654e-03
-1.0509839941049009e+01
2.0565667182313003e+01
5.9999999999999998e-01
-1.0000000000000001e-01
0.0000000000000000e+00
4.0000000000000002e-01
-2.2949794047346361e-01
4.0077824087576852e-01
5.2909504112321037e-02
4.7940139599380654e-03
-1.0559472649777323e+01
2.0096765440808333e+01
5.9999999999999998e-01
-1.0000000000000001e-01
0.0000000000000000e+00
4.0000000000000002e-01
1.1329303867349380e-01
5.1152053351836191e-01
6.7134504550369367e-01
4.7940139599380654e-03
-1.0053126412117868e+01
1.9543775230752029e+01
5.9999999999999998e-01
-1.0000000000000001e-01
0.0000000000000000e+00
4.0000000000000002e-01
6.5154108411798239e-01
3.6674254430966363e-01
7.1800060996087178e-01
4.7940139599380654e-03
-1.0372807058179768e+01
1.9674309268699684e+01
5.9999999999999998e-01
-1.0000000000000001e-01
0.0000000000000000e+00
4.0000000000000002e-01
2.1675012654790640e-01
3.7351163305478086e-01
9.1577236362965686e-01
4.7940139599380654e-03
-1.0529527046764287e+01
1.9502776011930504e+01
5.9999999999999998e-01
-1.0000000000000001e-01
0.0000000000000000e+00
4.0000000000000002e-01
3.2339814461002109e-01
3.2138984562592493e-01
-2.9791707608384066e-02
4.7940139599380654e-03
-1.0221971413726004e+01
1.9853144943796757e+01
5.9999999999999998e-01
-1.0000000000000001e-01
0.0000000000000000e+00
4.0000000000000002e-01
7.1019436753520715e-01
4.1695097471909509e-01
1.1915633806260212e-01
4.7940139599380654e-03
-1.0046827290067466e+01
2.0839193570696477e+01
5.9999999999999998e-01
-1.0000000000000001e-01
0.0000000000000000e+00
4.0000000000000002e-01
9.6480260766277048e-01
2.7923389913277613e-01
-2.0215280583826911e-01
4.7940139599380654e-03
-9.6201101160142741e+00
2.1274396239303712e+01
5.9999999999999998e-01
-1.0000000000000001e-01
0.0000000000000000e+00
4.0000000000000002e-01
9.5926869876477500e-02
2.6852241267399773e-01
-1.8241643956629641e-01
4.7940139599380654e-03
-9.1718378821853719e+00
2.0302640710853701e+01
5.9999999999999998e-01
-1.0000000000000001e-01
0.0000000000000000e+00
4.0000000000000002e-01
-4.1572293185463205e-01
3.3372157301144578e-01
-4.4501279524294735e-01
3.8442425407705467e-03
-9.1732146421913221e+00
1.9818543057785099e+01
5.9999999999999998e-01
-1.0000000000000001e-01
0.0000000000000000e+00
4.0000000000000002e-01
-4.6347631596794381e-01
2.7768666686253529e-01
7.0194574901135565e-01
3.8442425407705467e-03
-7.8857552180532533e+00
1.9001264265821046e+01
5.9999999999999998e-01
-1.0000000000000001e-01
0.0000000000000000e+00
4.0000000000000002e-01
-6.2778433040550008e-01
4.1226543277637945e-01
3.2696467825444342e-01
3.8442425407705467e-03
-7.9141922886017868e+00
1.9009053880245155e+01
5.9999999999999998e-01
-1.0000000000000001e-01
0.0000000000000000e+00
4.0000000000000002e-01
-9.0462746099403157e-01
4.2835846907036290e-01
1.5558180512161857e-01
8.2557537831602253e-03
-7.9280359561089586e+00
1.8127032423288291e+01
5.9999999999999998e-01
-1.0000000000000001e-01
0.0000000000000000e+00
4.0000000000000002e-01
-9.0462746099403157e-01
4.3887054401772008e-01
-1.7912051497725834e-01
8.2557537831602253e-03
-7.4289934898261132e+00
1.7983315144748158e+01
5.9999999999999998e-01
-1.0000000000000001e-01
0.0000000000000000e+00
4.0000000000000002e-01
-8.1876244024207845e-01
4.9775786036388864e-01
-5.4630198298720711e-01
4.3600391127405326e-03
-6.8315771634224962e+00
1.7688022256166406e+01
5.9999999999999998e-01
-1.0000000000000001e-01
0.0000000000000000e+00
4.0000000000000002e-01
-7.1492439285686271e-01
4.7623280739920126e-01
-5.9613078533439035e-01
6.5754288263855133e-03
-7.2221718753222532e+00
1.7939632089704936e+01
5.9999999999999998e-01
-1.0000000000000001e-01
0.0000000000000000e+00
4.0000000000000002e-01
-7.5380892311057102e-01
4.6117749061571350e-01
-5.9613078533439035e-01
7.1805148624119915e-03
-7.1153708095196793e+00
1.8064038648538954e+01
5.9999999999999998e-01
-1.0000000000000001e-01
0.0000000000000000e+00
4.0000000000000002e-01
5.6790932859459864e-01
5.7220323266969908e-01
-4.0700197814730998e-01
7.1805148624119915e-03
-6.9659237181302318e+00
1.7762707307272322e+01
5.9999999999999998e-01
-1.0000000000000001e-01
0.0000000000000000e+00
4.0000000000000002e-01
9.2786448205986960e-01
6.0319915547357783e-01
1.5224715144606238e-01
7.1805148624119915e-03
-6.0603703932371138e+00
1.6312518239569577e+01
5.9999999999999998e-01
-1.0000000000000001e-01
0.0000000000000000e+00
4.0000000000000002e-01
8.4098864133635498e-01
6.5464069285379634e-01
7.3367168636294011e-01
7.1805148624119915e-03
-5.2988230878021714e+00
1.5784132920753867e+01
5.9999999999999998e-01
-1.0000000000000001e-01
0.0000000000000000e+00
4.0000000000000002e-01
8.0261697526255582e-01
7.5236020210428078e-01
9.7758969814749364e-01
7.1805148624119915e-03
-5.3912922972347737e+00
1.5571892010223777e+01
5.9999999999999998e-01
-1.0000000000000001e-01
0.0000000000000000e+00
4.0000000000000002e-01
