3
25
-1.5841099638964430e+01
-1.5841099638964430e+01
0.0000000000000000e+00
-1.2349884214514685e+01
-1.2349884214514685e+01
0.0000000000000000e+00
-1.3725643404319994e+01
-1.3725643404319994e+01
0.0000000000000000e+00
-1.2852228389211104e+01
-1.2852228389211104e+01
0.0000000000000000e+00
-1.4569307200950936e+01
-1.4569307200950936e+01
0.0000000000000000e+00
-1.3134070742231525e+01
-1.3134070742231525e+01
0.0000000000000000e+00
-1.2633293893032508e+01
-1.2633293893032508e+01
0.0000000000000000e+00
-1.5809857878707811e+01
-1.5809857878707811e+01
0.0000000000000000e+00
-1.3124612052061703e+01
-1.3124612052061703e+01
0.0000000000000000e+00
-1.2154416857984739e+01
-1.2154416857984739e+01
0.0000000000000000e+00
-1.2185558806632130e+01
-1.2185558806632130e+01
0.0000000000000000e+00
-1.2886158901132765e+01
-1.2886158901132765e+01
0.0000000000000000e+00
-1.3299926675257250e+01
-1.3299926675257250e+01
0.0000000000000000e+00
-1.2056775961495354e+01
-1.2056775961495354e+01
0.0000000000000000e+00
-1.1858790380711969e+01
-1.1858790380711969e+01
0.0000000000000000e+00
-1.2127103864059023e+01
-1.2127103864059023e+01
0.0000000000000000e+00
-1.2248816588595123e+01
-1.2248816588595123e+01
0.0000000000000000e+00
-1.2801321051620366e+01
-1.2801321051620366e+01
0.0000000000000000e+00
-1.3470519046654243e+01
-1.3470519046654243e+01
0.0000000000000000e+00
-1.3565365846298480e+01
-1.3565365846298480e+01
0.0000000000000000e+00
-1.2222255643026372e+01
-1.2222255643026372e+01
0.0000000000000000e+00
-1.2528290431125452e+01
-1.2528290431125452e+01
0.0000000000000000e+00
-1.4208125595693286e+01
-1.4208125595693286e+01
0.0000000000000000e+00
-1.2363126466945641e+01
-1.2363126466945641e+01
0.0000000000000000e+00
-1.2746714046688787e+01
-1.2746714046688787e+01
0.0000000000000000e+00
