3
25
-1.1529895730850177e+01
-1.1529895730850177e+01
0.0000000000000000e+00
-1.1529699635572925e+01
-1.1529699635572925e+01
0.0000000000000000e+00
-1.1529699389875665e+01
-1.1529699389875665e+01
0.0000000000000000e+00
-1.1529691000219815e+01
-1.1529691000219815e+01
0.0000000000000000e+00
-1.1529688462025872e+01
-1.1529688462025872e+01
0.0000000000000000e+00
-1.1529688462051624e+01
-1.1529688462051624e+01
0.0000000000000000e+00
-1.1529688465595189e+01
-1.1529688465595189e+01
0.0000000000000000e+00
-1.1529688458505069e+01
-1.1529688458505069e+01
0.0000000000000000e+00
-1.1529727622364868e+01
-1.1529727622364868e+01
0.0000000000000000e+00
-1.1529727359631122e+01
-1.1529727359631122e+01
0.0000000000000000e+00
-1.1537229320785807e+01
-1.1537229320785807e+01
0.0000000000000000e+00
-1.1535617270722902e+01
-1.1535617270722902e+01
0.0000000000000000e+00
-1.1535628962212488e+01
-1.1535628962212488e+01
0.0000000000000000e+00
-1.1535539945865249e+01
-1.1535539945865249e+01
0.0000000000000000e+00
-1.1852824646889051e+01
-1.1852824646889051e+01
0.0000000000000000e+00
-1.2095059416500733e+01
-1.2095059416500733e+01
0.0000000000000000e+00
-1.1853347752927338e+01
-1.1853347752927338e+01
0.0000000000000000e+00
-1.2113101785143330e+01
-1.2113101785143330e+01
0.0000000000000000e+00
-1.2105924703518713e+01
-1.2105924703518713e+01
0.0000000000000000e+00
-1.1882134940854009e+01
-1.1882134940854009e+01
0.0000000000000000e+00
-1.1885196305523760e+01
-1.1885196305523760e+01
0.0000000000000000e+00
-1.1881647840525869e+01
-1.1881647840525869e+01
0.0000000000000000e+00
-1.1881308378052756e+01
-1.1881308378052756e+01
0.0000000000000000e+00
-1.1881308851866780e+01
-1.1881308851866780e+01
0.0000000000000000e+00
-1.1883252734612924e+01
-1.1883252734612924e+01
0.0000000000000000e+00
