11
4
2.4321133412042503e-01
7.0212765957446810e-01
1.9877300613496932e-01
2.3239436619718309e-01
6.1349693251533744e-03
1.5757575757575758e-02
0.0000000000000000e+00
0.0000000000000000e+00
0.0000000000000000e+00
0.0000000000000000e+00
2.3560000000000000e-01
1.6940000000000000e-01
1.6919999999999999e-01
1.6300000000000001e-01
1.7040000000000000e-01
1.6300000000000001e-01
1.6500000000000001e-01
0.0000000000000000e+00
0.0000000000000000e+00
0.0000000000000000e+00
0.0000000000000000e+00
1.0000000000000000e+00
2.0600000000000000e+02
5.9400000000000000e+02
1.6200000000000000e+02
1.9800000000000000e+02
5.0000000000000000e+00
1.3000000000000000e+01
0.0000000000000000e+00
0.0000000000000000e+00
0.0000000000000000e+00
0.0000000000000000e+00
1.1780000000000000e+03
8.4700000000000000e+02
8.4600000000000000e+02
8.1500000000000000e+02
8.5200000000000000e+02
8.1500000000000000e+02
8.2500000000000000e+02
0.0000000000000000e+00
0.0000000000000000e+00
0.0000000000000000e+00
0.0000000000000000e+00
5.0000000000000000e+03
