27
4
5.4545454545454543e-02
0.0000000000000000e+00
2.1276595744680851e-01
4.4444444444444446e-02
5.1724137931034482e-02
0.0000000000000000e+00
0.0000000000000000e+00
0.0000000000000000e+00
1.2195121951219512e-01
0.0000000000000000e+00
0.0000000000000000e+00
0.0000000000000000e+00
0.0000000000000000e+00
0.0000000000000000e+00
0.0000000000000000e+00
0.0000000000000000e+00
0.0000000000000000e+00
0.0000000000000000e+00
0.0000000000000000e+00
0.0000000000000000e+00
0.0000000000000000e+00
0.0000000000000000e+00
0.0000000000000000e+00
0.0000000000000000e+00
0.0000000000000000e+00
0.0000000000000000e+00
2.3000000000000000e-02
5.5000000000000000e-02
6.8000000000000005e-02
4.7000000000000000e-02
4.4999999999999998e-02
5.8000000000000003e-02
6.5000000000000002e-02
0.0000000000000000e+00
5.0000000000000003e-02
4.1000000000000002e-02
4.1000000000000002e-02
6.3000000000000000e-02
4.1000000000000002e-02
5.7000000000000002e-02
0.0000000000000000e+00
0.0000000000000000e+00
0.0000000000000000e+00
0.0000000000000000e+00
0.0000000000000000e+00
0.0000000000000000e+00
5.0999999999999997e-02
5.6000000000000001e-02
4.4999999999999998e-02
5.2999999999999999e-02
5.2999999999999999e-02
5.0999999999999997e-02
5.9999999999999998e-02
1.0000000000000000e+00
3.0000000000000000e+00
0.0000000000000000e+00
1.0000000000000000e+01
2.0000000000000000e+00
3.0000000000000000e+00
0.0000000000000000e+00
0.0000000000000000e+00
0.0000000000000000e+00
5.0000000000000000e+00
0.0000000000000000e+00
0.0000000000000000e+00
0.0000000000000000e+00
0.0000000000000000e+00
0.0000000000000000e+00
0.0000000000000000e+00
0.0000000000000000e+00
0.0000000000000000e+00
0.0000000000000000e+00
0.0000000000000000e+00
0.0000000000000000e+00
0.0000000000000000e+00
0.0000000000000000e+00
0.0000000000000000e+00
0.0000000000000000e+00
0.0000000000000000e+00
0.0000000000000000e+00
2.3000000000000000e+01
5.5000000000000000e+01
6.8000000000000000e+01
4.7000000000000000e+01
4.5000000000000000e+01
5.8000000000000000e+01
6.5000000000000000e+01
0.0000000000000000e+00
5.0000000000000000e+01
4.1000000000000000e+01
4.1000000000000000e+01
6.3000000000000000e+01
4.1000000000000000e+01
5.7000000000000000e+01
0.0000000000000000e+00
0.0000000000000000e+00
0.0000000000000000e+00
0.0000000000000000e+00
0.0000000000000000e+00
0.0000000000000000e+00
5.1000000000000000e+01
5.6000000000000000e+01
4.5000000000000000e+01
5.3000000000000000e+01
5.3000000000000000e+01
5.1000000000000000e+01
6.0000000000000000e+01
1.0000000000000000e+03
