10
25
-4.1235547724246985e-01
5.2089988560527545e-02
6.6540489480830700e-01
1.0001715883839885e-01
5.0000000000000003e-02
2.9999999999999999e-02
5.9999999999999998e-01
-1.0000000000000001e-01
0.0000000000000000e+00
4.0000000000000002e-01
-6.1598579588413238e-01
5.5662510235714717e-02
8.4471258447505504e-01
6.1379862522967253e-02
5.0000000000000003e-02
2.9999999999999999e-02
5.9999999999999998e-01
-1.0000000000000001e-01
0.0000000000000000e+00
4.0000000000000002e-01
-6.0744124176979064e-01
5.5662510235714717e-02
8.4471258447505504e-01
7.5185335273630999e-02
5.0000000000000003e-02
2.9999999999999999e-02
5.9999999999999998e-01
-1.0000000000000001e-01
0.0000000000000000e+00
4.0000000000000002e-01
-8.9277136626720432e-01
5.5244163231062696e-02
8.4848425806499983e-01
9.7363523937948143e-02
5.0000000000000003e-02
2.9999999999999999e-02
5.9999999999999998e-01
-1.0000000000000001e-01
0.0000000000000000e+00
4.0000000000000002e-01
-8.9277136626720432e-01
7.0199662107634342e-02
8.5472552419640091e-01
7.4942425877042196e-02
5.0000000000000003e-02
2.9999999999999999e-02
5.9999999999999998e-01
-1.0000000000000001e-01
0.0000000000000000e+00
4.0000000000000002e-01
-8.9277136626720432e-01
6.9934338479372651e-02
8.1994489164091611e-01
6.3062152549214739e-02
5.0000000000000003e-02
2.9999999999999999e-02
5.9999999999999998e-01
-1.0000000000000001e-01
0.0000000000000000e+00
4.0000000000000002e-01
-9.8399623456478125e-01
6.3761483793887283e-02
8.9833846540190232e-01
6.8644463964290997e-02
5.0000000000000003e-02
2.9999999999999999e-02
5.9999999999999998e-01
-1.0000000000000001e-01
0.0000000000000000e+00
4.0000000000000002e-01
-9.8412991899132740e-01
6.5251539127812688e-02
9.5757058114744664e-01
7.3443236374445345e-02
5.0000000000000003e-02
2.9999999999999999e-02
5.9999999999999998e-01
-1.0000000000000001e-01
0.0000000000000000e+00
4.0000000000000002e-01
-8.5756096738457688e-01
5.8176344665572949e-02
9.5757058114744664e-01
4.1389184528179551e-02
5.0000000000000003e-02
2.9999999999999999e-02
5.9999999999999998e-01
-1.0000000000000001e-01
0.0000000000000000e+00
4.0000000000000002e-01
-7.8664854641139526e-01
6.0373027838156526e-02
9.5757058114744664e-01
5.1099374269582415e-02
5.0000000000000003e-02
2.9999999999999999e-02
5.9999999999999998e-01
-1.0000000000000001e-01
0.0000000000000000e+00
4.0000000000000002e-01
-7.0508302087962649e-01
5.7725916515276733e-02
9.5757058114744664e-01
4.2257016888000154e-02
5.0000000000000003e-02
2.9999999999999999e-02
5.9999999999999998e-01
-1.0000000000000001e-01
0.0000000000000000e+00
4.0000000000000002e-01
-7.0782344590008284e-01
5.9723399818823637e-02
9.5275240303017139e-01
2.9068086743690158e-02
5.0000000000000003e-02
2.9999999999999999e-02
5.9999999999999998e-01
-1.0000000000000001e-01
0.0000000000000000e+00
4.0000000000000002e-01
-8.9314026366055033e-01
6.0578518495843704e-02
9.5275240303017139e-01
2.8807675072290088e-02
5.0000000000000003e-02
2.9999999999999999e-02
5.9999999999999998e-01
-1.0000000000000001e-01
0.0000000000000000e+00
4.0000000000000002e-01
-8.5683058868229423e-01
6.0578518495843704e-02
9.5578142167068958e-01
2.7473499456383374e-02
5.0000000000000003e-02
2.9999999999999999e-02
5.9999999999999998e-01
-1.0000000000000001e-01
0.0000000000000000e+00
4.0000000000000002e-01
-9.1575514982521578e-01
6.0216063624159391e-02
9.5221627593971736e-01
1.3847831878439458e-03
5.0000000000000003e-02
2.9999999999999999e-02
5.9999999999999998e-01
-1.0000000000000001e-01
0.0000000000000000e+00
4.0000000000000002e-01
-9.4385238270342398e-01
3.1759528169021903e-02
8.9936828435398586e-01
1.3847831878439458e-03
5.0000000000000003e-02
2.9999999999999999e-02
5.9999999999999998e-01
-1.0000000000000001e-01
0.0000000000000000e+00
4.0000000000000002e-01
-8.0689688245832958e-01
1.9119056864366830e-02
8.9712586821056850e-01
1.3847831878439458e-03
5.0000000000000003e-02
2.9999999999999999e-02
5.9999999999999998e-01
-1.0000000000000001e-01
0.0000000000000000e+00
4.0000000000000002e-01
4.5495825488984543e-01
1.8618189329639972e-02
8.9712586821056850e-01
5.1794549170890169e-04
5.0000000000000003e-02
2.9999999999999999e-02
5.9999999999999998e-01
-1.0000000000000001e-01
0.0000000000000000e+00
4.0000000000000002e-01
8.2075687874972769e-01
1.0368574094632267e-03
9.6465626121498593e-01
5.1794549170890169e-04
5.0000000000000003e-02
2.9999999999999999e-02
5.9999999999999998e-01
-1.0000000000000001e-01
0.0000000000000000e+00
4.0000000000000002e-01
8.0306336154162827e-01
3.8661369275161620e-03
9.2639528633095269e-01
5.1794549170890169e-04
5.0000000000000003e-02
2.9999999999999999e-02
5.9999999999999998e-01
-1.0000000000000001e-01
0.0000000000000000e+00
4.0000000000000002e-01
1.3018983115374991e-01
1.0893877766639888e-02
9.2639528633095269e-01
4.2950804454748793e-04
5.0000000000000003e-02
2.9999999999999999e-02
5.9999999999999998e-01
-1.0000000000000001e-01
0.0000000000000000e+00
4.0000000000000002e-01
3.9833346356570670e-01
2.3994712794334593e-02
9.1250536681152827e-01
4.2950804454748793e-04
5.0000000000000003e-02
2.9999999999999999e-02
5.9999999999999998e-01
-1.0000000000000001e-01
0.0000000000000000e+00
4.0000000000000002e-01
2.9746246864020776e-01
1.6967572957784831e-02
8.5537521244026671e-01
4.2950804454748793e-04
5.0000000000000003e-02
2.9999999999999999e-02
5.9999999999999998e-01
-1.0000000000000001e-01
0.0000000000000000e+00
4.0000000000000002e-01
-3.6696993540108253e-01
1.9312026465446649e-02
9.7649446965195175e-01
4.2950804454748793e-04
5.0000000000000003e-02
2.9999999999999999e-02
5.9999999999999998e-01
-1.0000000000000001e-01
0.0000000000000000e+00
4.0000000000000002e-01
-1.0252271960556560e-01
4.0480615954906637e-02
7.8089250684715739e-01
4.2950804454748793e-04
5.0000000000000003e-02
2.9999999999999999e-02
5.9999999999999998e-01
-1.0000000000000001e-01
0.0000000000000000e+00
4.0000000000000002e-01
