3
25
-1.1883253438166047e+01
-1.1883253438166047e+01
0.0000000000000000e+00
-1.1883163847428770e+01
-1.1883163847428770e+01
0.0000000000000000e+00
-1.1881648135756313e+01
-1.1881648135756313e+01
0.0000000000000000e+00
-1.1881503725705636e+01
-1.1881503725705636e+01
0.0000000000000000e+00
-1.1879621829520962e+01
-1.1879621829520962e+01
0.0000000000000000e+00
-1.1879831768247286e+01
-1.1879831768247286e+01
0.0000000000000000e+00
-1.1885114812054521e+01
-1.1885114812054521e+01
0.0000000000000000e+00
-1.1888253671367089e+01
-1.1888253671367089e+01
0.0000000000000000e+00
-1.1889024011800737e+01
-1.1889024011800737e+01
0.0000000000000000e+00
-1.1883499709689655e+01
-1.1883499709689655e+01
0.0000000000000000e+00
-1.1888314812516086e+01
-1.1888314812516086e+01
0.0000000000000000e+00
-1.1882383282890276e+01
-1.1882383282890276e+01
0.0000000000000000e+00
-1.1529696865493445e+01
-1.1529696865493445e+01
0.0000000000000000e+00
-1.1529705601309519e+01
-1.1529705601309519e+01
0.0000000000000000e+00
-1.1530389129367807e+01
-1.1530389129367807e+01
0.0000000000000000e+00
-1.1529711240015928e+01
-1.1529711240015928e+01
0.0000000000000000e+00
-1.1529711266569969e+01
-1.1529711266569969e+01
0.0000000000000000e+00
-1.1529801797807282e+01
-1.1529801797807282e+01
0.0000000000000000e+00
-1.1543848395175045e+01
-1.1543848395175045e+01
0.0000000000000000e+00
-1.1529760662629375e+01
-1.1529760662629375e+01
0.0000000000000000e+00
-1.1529759746772505e+01
-1.1529759746772505e+01
0.0000000000000000e+00
-1.1529709720669494e+01
-1.1529709720669494e+01
0.0000000000000000e+00
-1.1529710741265198e+01
-1.1529710741265198e+01
0.0000000000000000e+00
-1.1529706423987912e+01
-1.1529706423987912e+01
0.0000000000000000e+00
-1.1529707447735991e+01
-1.1529707447735991e+01
0.0000000000000000e+00
