10
25
-5.0470807569634224e-01
4.3340882709831899e-02
9.6205934063531373e-01
3.4486745355193787e-04
5.0000000000000003e-02
2.9999999999999999e-02
5.9999999999999998e-01
-1.0000000000000001e-01
0.0000000000000000e+00
4.0000000000000002e-01
-1.6596338229786656e-01
8.8823562406511014e-02
9.4924293325282549e-01
3.4486745355193787e-04
5.0000000000000003e-02
2.9999999999999999e-02
5.9999999999999998e-01
-1.0000000000000001e-01
0.0000000000000000e+00
4.0000000000000002e-01
5.7913069290507535e-01
8.0067763203592018e-02
9.4924293325282549e-01
3.4486745355193787e-04
5.0000000000000003e-02
2.9999999999999999e-02
5.9999999999999998e-01
-1.0000000000000001e-01
0.0000000000000000e+00
4.0000000000000002e-01
1.9814061564791891e-01
7.8700950226993277e-02
9.4924293325282549e-01
3.4486745355193787e-04
5.0000000000000003e-02
2.9999999999999999e-02
5.9999999999999998e-01
-1.0000000000000001e-01
0.0000000000000000e+00
4.0000000000000002e-01
-6.8407382088314794e-01
7.7849598481864651e-02
9.4924293325282549e-01
3.4486745355193787e-04
5.0000000000000003e-02
2.9999999999999999e-02
5.9999999999999998e-01
-1.0000000000000001e-01
0.0000000000000000e+00
4.0000000000000002e-01
-6.6794212895046967e-01
1.0358177710975053e-01
9.4924293325282549e-01
3.4486745355193787e-04
5.0000000000000003e-02
2.9999999999999999e-02
5.9999999999999998e-01
-1.0000000000000001e-01
0.0000000000000000e+00
4.0000000000000002e-01
-2.7645243363987704e-01
1.3307816487277388e-01
9.4924293325282549e-01
3.4486745355193787e-04
5.0000000000000003e-02
2.9999999999999999e-02
5.9999999999999998e-01
-1.0000000000000001e-01
0.0000000000000000e+00
4.0000000000000002e-01
6.8019195122111542e-01
9.4750684587606174e-02
9.4924293325282549e-01
3.4486745355193787e-04
5.0000000000000003e-02
2.9999999999999999e-02
5.9999999999999998e-01
-1.0000000000000001e-01
0.0000000000000000e+00
4.0000000000000002e-01
7.3905880016673309e-01
8.7497493609436733e-02
9.4924293325282549e-01
3.4486745355193787e-04
5.0000000000000003e-02
2.9999999999999999e-02
5.9999999999999998e-01
-1.0000000000000001e-01
0.0000000000000000e+00
4.0000000000000002e-01
3.5565134090769990e-01
1.1097262724066613e-01
9.4924293325282549e-01
3.4486745355193787e-04
5.0000000000000003e-02
2.9999999999999999e-02
5.9999999999999998e-01
-1.0000000000000001e-01
0.0000000000000000e+00
4.0000000000000002e-01
-6.7964764314305082e-01
1.0187094990576147e-01
9.9547923670150251e-01
3.4486745355193787e-04
5.0000000000000003e-02
2.9999999999999999e-02
5.9999999999999998e-01
-1.0000000000000001e-01
0.0000000000000000e+00
4.0000000000000002e-01
9.9335713809616394e-02
1.3293352382267354e-01
9.7478560612536880e-01
4.3535650051285569e-05
5.0000000000000003e-02
2.9999999999999999e-02
5.9999999999999998e-01
-1.0000000000000001e-01
0.0000000000000000e+00
4.0000000000000002e-01
2.0962571663249235e-01
1.9270371078277471e-01
9.7478560612536880e-01
4.3535650051285569e-05
5.0000000000000003e-02
2.9999999999999999e-02
5.9999999999999998e-01
-1.0000000000000001e-01
0.0000000000000000e+00
4.0000000000000002e-01
-2.6467129545819063e-01
2.0851359182054641e-01
9.9253242955543008e-01
4.3535650051285569e-05
5.0000000000000003e-02
2.9999999999999999e-02
5.9999999999999998e-01
-1.0000000000000001e-01
0.0000000000000000e+00
4.0000000000000002e-01
-6.6262967603813894e-01
1.9404581724280953e-01
9.9253242955543008e-01
4.3535650051285569e-05
5.0000000000000003e-02
2.9999999999999999e-02
5.9999999999999998e-01
-1.0000000000000001e-01
0.0000000000000000e+00
4.0000000000000002e-01
-4.4644786657024871e-03
1.4413096537644504e-01
9.5215414390899145e-01
4.3535650051285569e-05
5.0000000000000003e-02
2.9999999999999999e-02
5.9999999999999998e-01
-1.0000000000000001e-01
0.0000000000000000e+00
4.0000000000000002e-01
-5.0800066965233581e-01
1.5752308926875233e-01
9.6444748342968434e-01
4.3535650051285569e-05
5.0000000000000003e-02
2.9999999999999999e-02
5.9999999999999998e-01
-1.0000000000000001e-01
0.0000000000000000e+00
4.0000000000000002e-01
-4.5164271565686959e-01
1.8450516063536046e-01
9.6444748342968434e-01
3.4926149932210619e-04
5.0000000000000003e-02
2.9999999999999999e-02
5.9999999999999998e-01
-1.0000000000000001e-01
0.0000000000000000e+00
4.0000000000000002e-01
-7.5897032471906434e-01
1.5978174572015641e-01
9.6444748342968434e-01
3.4926149932210619e-04
5.0000000000000003e-02
2.9999999999999999e-02
5.9999999999999998e-01
-1.0000000000000001e-01
0.0000000000000000e+00
4.0000000000000002e-01
-8.4097345086347353e-01
1.4629574504876969e-01
9.6444748342968434e-01
8.9038139111449082e-05
5.0000000000000003e-02
2.9999999999999999e-02
5.9999999999999998e-01
-1.0000000000000001e-01
0.0000000000000000e+00
4.0000000000000002e-01
-7.4750361653577579e-01
1.4395759702289937e-01
9.6444748342968434e-01
8.9038139111449082e-05
5.0000000000000003e-02
2.9999999999999999e-02
5.9999999999999998e-01
-1.0000000000000001e-01
0.0000000000000000e+00
4.0000000000000002e-01
-5.3092796298276690e-01
1.1917410256231663e-01
9.2325445354916069e-01
8.9038139111449082e-05
5.0000000000000003e-02
2.9999999999999999e-02
5.9999999999999998e-01
-1.0000000000000001e-01
0.0000000000000000e+00
4.0000000000000002e-01
-5.0543157743822842e-01
1.1808075797165271e-01
9.2325445354916069e-01
8.9038139111449082e-05
5.0000000000000003e-02
2.9999999999999999e-02
5.9999999999999998e-01
-1.0000000000000001e-01
0.0000000000000000e+00
4.0000000000000002e-01
-6.5855229544054772e-01
1.1456558172131415e-01
9.2325445354916069e-01
8.9038139111449082e-05
5.0000000000000003e-02
2.9999999999999999e-02
5.9999999999999998e-01
-1.0000000000000001e-01
0.0000000000000000e+00
4.0000000000000002e-01
-7.1443703579317841e-01
9.3073534593828888e-02
9.2325445354916069e-01
8.9038139111449082e-05
5.0000000000000003e-02
2.9999999999999999e-02
5.9999999999999998e-01
-1.0000000000000001e-01
0.0000000000000000e+00
4.0000000000000002e-01
