10
25
1.4846999999999999e-01
4.6039999999999998e-02
6.9999999999999996e-01
1.0000000000000000e-02
5.0000000000000003e-02
2.9999999999999999e-02
5.9999999999999998e-01
-1.0000000000000001e-01
0.0000000000000000e+00
4.0000000000000002e-01
5.2188380928039554e-02
4.6530259263962502e-02
5.4318339109420766e-01
4.2945329458117493e-02
5.0000000000000003e-02
2.9999999999999999e-02
5.9999999999999998e-01
-1.0000000000000001e-01
0.0000000000000000e+00
4.0000000000000002e-01
7.3974044294357305e-02
4.6530259263962502e-02
-3.4643026545643812e-01
4.5728905009627355e-02
5.0000000000000003e-02
2.9999999999999999e-02
5.9999999999999998e-01
-1.0000000000000001e-01
0.0000000000000000e+00
4.0000000000000002e-01
6.1721401484012603e-02
4.6530259263962502e-02
-2.7631543129682599e-02
5.3176366042494795e-02
5.0000000000000003e-02
2.9999999999999999e-02
5.9999999999999998e-01
-1.0000000000000001e-01
0.0000000000000000e+00
4.0000000000000002e-01
2.6619891193628309e-01
4.6009953898638482e-02
-2.7631543129682599e-02
5.2308784705251479e-02
5.0000000000000003e-02
2.9999999999999999e-02
5.9999999999999998e-01
-1.0000000000000001e-01
0.0000000000000000e+00
4.0000000000000002e-01
4.8584528238773322e-02
4.3918003257960074e-02
-2.7446885555982625e-02
9.2351857020705946e-02
5.0000000000000003e-02
2.9999999999999999e-02
5.9999999999999998e-01
-1.0000000000000001e-01
0.0000000000000000e+00
4.0000000000000002e-01
-4.7774957149028817e-02
4.2737934969514599e-02
1.1204814270138737e-01
9.6165917737185969e-02
5.0000000000000003e-02
2.9999999999999999e-02
5.9999999999999998e-01
-1.0000000000000001e-01
0.0000000000000000e+00
4.0000000000000002e-01
3.1210151103258127e-01
4.3229735862612716e-02
3.4264489859342537e-02
9.6930192529559145e-02
5.0000000000000003e-02
2.9999999999999999e-02
5.9999999999999998e-01
-1.0000000000000001e-01
0.0000000000000000e+00
4.0000000000000002e-01
2.1258736518144603e-01
4.8621063352823249e-02
3.9557992070913275e-02
8.7211946565508860e-02
5.0000000000000003e-02
2.9999999999999999e-02
5.9999999999999998e-01
-1.0000000000000001e-01
0.0000000000000000e+00
4.0000000000000002e-01
1.4459498313188549e-01
4.8941447468996042e-02
6.2880984991788819e-02
9.9908769827634122e-02
5.0000000000000003e-02
2.9999999999999999e-02
5.9999999999999998e-01
-1.0000000000000001e-01
0.0000000000000000e+00
4.0000000000000002e-01
-3.2453611540675165e-01
4.8941447468996042e-02
4.5791231244802430e-02
6.6558502626270069e-02
5.0000000000000003e-02
2.9999999999999999e-02
5.9999999999999998e-01
-1.0000000000000001e-01
0.0000000000000000e+00
4.0000000000000002e-01
-1.3689983773112296e-01
4.8283417274355880e-02
1.6568306311964984e-01
5.8480428976863633e-02
5.0000000000000003e-02
2.9999999999999999e-02
5.9999999999999998e-01
-1.0000000000000001e-01
0.0000000000000000e+00
4.0000000000000002e-01
-1.1061516123890876e-01
4.8504811221361153e-02
3.0849803492426869e-01
6.0308824056535967e-02
5.0000000000000003e-02
2.9999999999999999e-02
5.9999999999999998e-01
-1.0000000000000001e-01
0.0000000000000000e+00
4.0000000000000002e-01
-3.1541881400227545e-01
4.6848631172180168e-02
5.8814571186900122e-01
4.5759078215509667e-02
5.0000000000000003e-02
2.9999999999999999e-02
5.9999999999999998e-01
-1.0000000000000001e-01
0.0000000000000000e+00
4.0000000000000002e-01
-2.5544921594738956e-01
4.8514640755653371e-02
1.9473678156733495e-01
4.7706899587661049e-02
5.0000000000000003e-02
2.9999999999999999e-02
5.9999999999999998e-01
-1.0000000000000001e-01
0.0000000000000000e+00
4.0000000000000002e-01
-3.0515237289547914e-01
4.8514640755653371e-02
-1.5075983256101780e-02
4.5957411111779520e-02
5.0000000000000003e-02
2.9999999999999999e-02
5.9999999999999998e-01
-1.0000000000000001e-01
0.0000000000000000e+00
4.0000000000000002e-01
4.1159066380262399e-02
4.5718702784776674e-02
3.6941135123372060e-01
4.3950591113753629e-02
5.0000000000000003e-02
2.9999999999999999e-02
5.9999999999999998e-01
-1.0000000000000001e-01
0.0000000000000000e+00
4.0000000000000002e-01
-3.5327905210733407e-01
5.0121174274682982e-02
2.3512226179242116e-01
7.1408009224124269e-02
5.0000000000000003e-02
2.9999999999999999e-02
5.9999999999999998e-01
-1.0000000000000001e-01
0.0000000000000000e+00
4.0000000000000002e-01
-5.1947463068246846e-01
5.0121174274682982e-02
3.8969036415219283e-01
7.3129844600148514e-02
5.0000000000000003e-02
2.9999999999999999e-02
5.9999999999999998e-01
-1.0000000000000001e-01
0.0000000000000000e+00
4.0000000000000002e-01
-3.3757320198297508e-01
5.0121174274682982e-02
1.7086991444230060e-01
9.8279127106852854e-02
5.0000000000000003e-02
2.9999999999999999e-02
5.9999999999999998e-01
-1.0000000000000001e-01
0.0000000000000000e+00
4.0000000000000002e-01
-4.0076490196466452e-01
5.0121174274682982e-02
4.4639507010578894e-02
6.3143920609019716e-02
5.0000000000000003e-02
2.9999999999999999e-02
5.9999999999999998e-01
-1.0000000000000001e-01
0.0000000000000000e+00
4.0000000000000002e-01
-4.0076490196466452e-01
4.6413378204107271e-02
4.4639507010578894e-02
6.4485169113539187e-02
5.0000000000000003e-02
2.9999999999999999e-02
5.9999999999999998e-01
-1.0000000000000001e-01
0.0000000000000000e+00
4.0000000000000002e-01
-4.6131308826684958e-01
5.0022975034639219e-02
-5.6636136025192407e-03
6.1924414336942166e-02
5.0000000000000003e-02
2.9999999999999999e-02
5.9999999999999998e-01
-1.0000000000000001e-01
0.0000000000000000e+00
4.0000000000000002e-01
-3.6036924990892416e-01
5.0022975034639219e-02
1.0923159368336180e-01
6.9737636153958768e-02
5.0000000000000003e-02
2.9999999999999999e-02
5.9999999999999998e-01
-1.0000000000000001e-01
0.0000000000000000e+00
4.0000000000000002e-01
-3.8143599364042285e-01
5.0022975034639219e-02
1.0923159368336180e-01
9.1171474035717584e-02
5.0000000000000003e-02
2.9999999999999999e-02
5.9999999999999998e-01
-1.0000000000000001e-01
0.0000000000000000e+00
4.0000000000000002e-01
