10
250
8.1201135401411204e-02
1.0059687212705237e+00
3.8927513048401918e-01
8.6480246084858992e-02
6.0897617374692192e+00
6.4170048874817249e+00
5.9999999999999998e-01
-1.0000000000000001e-01
0.0000000000000000e+00
4.0000000000000002e-01
3.5278653983755258e-02
8.8970987892147124e-01
3.3885531723848428e-01
1.6111546564032665e-02
6.5677043293748136e+00
6.0706600350342157e+00
5.9999999999999998e-01
-1.0000000000000001e-01
0.0000000000000000e+00
4.0000000000000002e-01
4.6247150081841482e-01
8.8561698862906524e-01
-6.0212660222896486e-01
1.6111546564032665e-02
6.2224046935472721e+00
4.9784050327740079e+00
5.9999999999999998e-01
-1.0000000000000001e-01
0.0000000000000000e+00
4.0000000000000002e-01
-9.7739072854833464e-02
9.4720122000571316e-01
9.4708820584927522e-02
3.6738555717398758e-02
5.8767757405672310e+00
5.8127908688984284e+00
5.9999999999999998e-01
-1.0000000000000001e-01
0.0000000000000000e+00
4.0000000000000002e-01
-4.1542805712969771e-01
8.7596445652838772e-01
9.2462549213086082e-02
6.3542288827826615e-02
5.1544360389147039e+00
6.2476858344874753e+00
5.9999999999999998e-01
-1.0000000000000001e-01
0.0000000000000000e+00
4.0000000000000002e-01
4.0324675399510385e-01
9.1200307175513329e-01
-9.5833189069875613e-01
4.3594915229012605e-02
6.3900587619427682e+00
6.4495015897802492e+00
5.9999999999999998e-01
-1.0000000000000001e-01
0.0000000000000000e+00
4.0000000000000002e-01
1.9588623720852860e-01
8.1550132736559933e-01
-4.5745370447286504e-01
4.0864356714417578e-02
6.0424730838421823e+00
6.7430049576810980e+00
5.9999999999999998e-01
-1.0000000000000001e-01
0.0000000000000000e+00
4.0000000000000002e-01
5.1237664201928501e-01
8.0421889623995846e-01
-2.8539512276300327e-01
6.4520712810685277e-02
4.9555331871990198e+00
6.7287906714729449e+00
5.9999999999999998e-01
-1.0000000000000001e-01
0.0000000000000000e+00
4.0000000000000002e-01
3.1698925951196083e-01
7.5403778091069285e-01
-6.6691310882219212e-01
1.8212030309369201e-02
4.9555331871990198e+00
6.8771863036803387e+00
5.9999999999999998e-01
-1.0000000000000001e-01
0.0000000000000000e+00
4.0000000000000002e-01
9.9682632842732788e-01
5.8773099115487160e-01
-8.6251668452867403e-01
1.7614755067159767e-02
4.8280019716505045e+00
6.7749137812308451e+00
5.9999999999999998e-01
-1.0000000000000001e-01
0.0000000000000000e+00
4.0000000000000002e-01
8.0358787277413724e-01
6.5814047339554838e-01
-1.8266248668088458e-03
1.0165087834291661e-01
5.7709503763500685e+00
6.8585726493052626e+00
5.9999999999999998e-01
-1.0000000000000001e-01
0.0000000000000000e+00
4.0000000000000002e-01
6.8921686032487273e-01
6.6528313055630739e-01
1.3445422292104819e-01
6.7986962231924186e-02
6.8575598293129438e+00
6.3135234230212358e+00
5.9999999999999998e-01
-1.0000000000000001e-01
0.0000000000000000e+00
4.0000000000000002e-01
3.5415773034824183e-02
6.2084476755555684e-01
3.1749581843963726e-01
5.3156457814504753e-02
6.8575598293129438e+00
6.5158413314274934e+00
5.9999999999999998e-01
-1.0000000000000001e-01
0.0000000000000000e+00
4.0000000000000002e-01
1.2278225147796984e-01
5.8327393399175220e-01
1.2153164705610733e-01
7.8504328909446836e-02
6.4301406094018461e+00
6.5158413314274934e+00
5.9999999999999998e-01
-1.0000000000000001e-01
0.0000000000000000e+00
4.0000000000000002e-01
-2.3429693823979980e-01
6.3964207564290576e-01
3.7637621483183370e-01
7.9415799322654843e-02
6.8377810546342381e+00
7.0226042413167145e+00
5.9999999999999998e-01
-1.0000000000000001e-01
0.0000000000000000e+00
4.0000000000000002e-01
-5.7450605517552977e-01
5.6816513536866708e-01
3.7637621483183370e-01
7.2165892425109984e-02
7.8108337451849223e+00
7.7103334956816809e+00
5.9999999999999998e-01
-1.0000000000000001e-01
0.0000000000000000e+00
4.0000000000000002e-01
-6.1458868628667485e-01
5.6517627006765403e-01
8.0795524456887402e-01
7.2909512880375033e-02
7.5275223334465258e+00
7.5068511732868322e+00
5.9999999999999998e-01
-1.0000000000000001e-01
0.0000000000000000e+00
4.0000000000000002e-01
-7.4743735080884577e-01
5.9462131172414812e-01
9.3884374180226493e-01
3.7046336787869581e-02
6.9787450869713066e+00
8.1363718518070343e+00
5.9999999999999998e-01
-1.0000000000000001e-01
0.0000000000000000e+00
4.0000000000000002e-01
-5.5613442546056391e-01
5.3665811455245993e-01
8.4681902625947170e-01
6.0597674477030877e-02
6.9626020153198480e+00
7.6051654704860807e+00
5.9999999999999998e-01
-1.0000000000000001e-01
0.0000000000000000e+00
4.0000000000000002e-01
-4.1167100197003964e-01
4.8788665938373582e-01
8.4681902625947170e-01
3.7569341528346185e-02
6.3840163965854879e+00
8.3322529145530826e+00
5.9999999999999998e-01
-1.0000000000000001e-01
0.0000000000000000e+00
4.0000000000000002e-01
-6.3924330076502445e-01
3.1304763212796222e-01
6.3262341746478246e-01
2.2406545209815151e-02
5.9976065565977335e+00
9.3971194156459941e+00
5.9999999999999998e-01
-1.0000000000000001e-01
0.0000000000000000e+00
4.0000000000000002e-01
-2.8784636816309572e-01
3.3684630194302573e-01
8.1400148817687201e-01
2.9598357605864649e-02
5.3536593129072436e+00
8.8598283682964212e+00
5.9999999999999998e-01
-1.0000000000000001e-01
0.0000000000000000e+00
4.0000000000000002e-01
-1.5400554828512852e-03
3.1649169793721216e-01
-1.9265624395222491e-01
5.7783286738326195e-02
5.6702353154454475e+00
8.2511118416688820e+00
5.9999999999999998e-01
-1.0000000000000001e-01
0.0000000000000000e+00
4.0000000000000002e-01
-5.4676550289915682e-01
3.7377148059006715e-01
-3.2291334739537070e-01
4.5003487753798602e-02
4.9428246121067652e+00
8.4943875555894746e+00
5.9999999999999998e-01
-1.0000000000000001e-01
0.0000000000000000e+00
4.0000000000000002e-01
3.6427698129488334e-01
3.1335311749573730e-01
-5.7212169638485744e-01
7.4358020446380013e-02
4.6076295203674684e+00
8.5447121446035279e+00
5.9999999999999998e-01
-1.0000000000000001e-01
0.0000000000000000e+00
4.0000000000000002e-01
-5.3632697170900001e-01
2.7694241978038031e-01
9.4014529971172059e-02
9.1915784261306158e-02
3.7553849822986973e+00
8.3426700745723608e+00
5.9999999999999998e-01
-1.0000000000000001e-01
0.0000000000000000e+00
4.0000000000000002e-01
6.0245090836359361e-01
1.8667577279914099e-01
1.0742024192004362e-01
8.6130904219230045e-02
3.5791188961971656e+00
8.2034485404394033e+00
5.9999999999999998e-01
-1.0000000000000001e-01
0.0000000000000000e+00
4.0000000000000002e-01
9.7762567819727753e-01
1.6881758118975837e-01
-5.0294858446926904e-01
9.8183539173682555e-02
4.1457130602706336e+00
7.1009563689134474e+00
5.9999999999999998e-01
-1.0000000000000001e-01
0.0000000000000000e+00
4.0000000000000002e-01
9.7762567819727753e-01
1.5949977589953621e-01
-5.0652742555947139e-01
1.3646905135281884e-01
3.6438253513682750e+00
6.8166044031284212e+00
5.9999999999999998e-01
-1.0000000000000001e-01
0.0000000000000000e+00
4.0000000000000002e-01
-7.0976287010891181e-01
1.4574487699378211e-01
-8.1050632359693786e-02
7.3682900658925410e-02
3.6352956853021050e+00
6.8758101052618983e+00
5.9999999999999998e-01
-1.0000000000000001e-01
0.0000000000000000e+00
4.0000000000000002e-01
-6.8270717816261395e-01
1.8742108116853912e-01
2.6729615160613224e-01
8.3863467446645135e-02
4.1661176982481143e+00
7.3610238707638747e+00
5.9999999999999998e-01
-1.0000000000000001e-01
0.0000000000000000e+00
4.0000000000000002e-01
9.5982011986693261e-02
1.8742108116853912e-01
-2.6818655243725609e-01
2.3137644342263584e-02
3.2163222219009060e+00
7.5196874058819780e+00
5.9999999999999998e-01
-1.0000000000000001e-01
0.0000000000000000e+00
4.0000000000000002e-01
3.0449827654453171e-01
2.8333680687654694e-01
4.1788989791064424e-01
6.8940335086663612e-02
3.0595823492068908e+00
7.7405437863446229e+00
5.9999999999999998e-01
-1.0000000000000001e-01
0.0000000000000000e+00
4.0000000000000002e-01
-2.1376714275983927e-01
2.9128715173710068e-01
6.3937109046964813e-01
1.1050399189360940e-01
3.3524289067048691e+00
6.9334475762225143e+00
5.9999999999999998e-01
-1.0000000000000001e-01
0.0000000000000000e+00
4.0000000000000002e-01
-3.6723204310817481e-01
2.8460498413253510e-01
-6.3566491997451613e-01
1.0918752870627248e-01
3.7021563287038468e+00
6.8850555646247615e+00
5.9999999999999998e-01
-1.0000000000000001e-01
0.0000000000000000e+00
4.0000000000000002e-01
-5.5712529327554472e-01
2.3913803541470252e-01
-1.4552689945907424e-01
1.0918752870627248e-01
3.4658899958390856e+00
8.0931095319814421e+00
5.9999999999999998e-01
-1.0000000000000001e-01
0.0000000000000000e+00
4.0000000000000002e-01
2.1005655268003853e-02
2.3994208013821328e-01
1.9743515366106199e-01
7.4078727017273541e-02
3.0323752547759675e+00
7.9580931740827303e+00
5.9999999999999998e-01
-1.0000000000000001e-01
0.0000000000000000e+00
4.0000000000000002e-01
9.4895424101667625e-01
1.4564469514597142e-01
-8.9457647836417975e-01
1.6884155999054552e-02
2.2194750080961847e+00
8.1744059997625094e+00
5.9999999999999998e-01
-1.0000000000000001e-01
0.0000000000000000e+00
4.0000000000000002e-01
9.4895424101667625e-01
2.7289913518316396e-02
-7.6248751557082950e-01
1.6884155999054552e-02
2.0023713286180160e+00
8.6735230761594515e+00
5.9999999999999998e-01
-1.0000000000000001e-01
0.0000000000000000e+00
4.0000000000000002e-01
4.8616559449749219e-01
5.3753029687292224e-02
-3.7232745921821420e-01
8.1494097779621716e-02
1.4075621138472221e+00
9.1650372522897463e+00
5.9999999999999998e-01
-1.0000000000000001e-01
0.0000000000000000e+00
4.0000000000000002e-01
5.0555748136543177e-03
7.0382119249173467e-03
6.7591161200194538e-01
6.6269337604870457e-02
1.9033993045944830e+00
9.6976823526448950e+00
5.9999999999999998e-01
-1.0000000000000001e-01
0.0000000000000000e+00
4.0000000000000002e-01
-5.3848242517394795e-01
3.0048606259710436e-02
1.3843902179389184e-01
8.6136135247652776e-02
2.5555372993607182e+00
9.6318680825657594e+00
5.9999999999999998e-01
-1.0000000000000001e-01
0.0000000000000000e+00
4.0000000000000002e-01
-5.6795107777995835e-01
5.6367373298474620e-03
-9.1619416168541723e-01
2.3984953281586421e-02
2.6220860856730597e+00
1.1197141409201121e+01
5.9999999999999998e-01
-1.0000000000000001e-01
0.0000000000000000e+00
4.0000000000000002e-01
-4.3547964718026888e-01
1.6797571783847456e-02
-9.1619416168541723e-01
3.3795830127899898e-02
2.5817590887803692e+00
1.0767776778621172e+01
5.9999999999999998e-01
-1.0000000000000001e-01
0.0000000000000000e+00
4.0000000000000002e-01
-9.9832577016038671e-01
6.5555185681171066e-02
-9.9127612462849424e-01
2.5911721346085319e-02
2.9720014925260201e+00
1.1120760724229310e+01
5.9999999999999998e-01
-1.0000000000000001e-01
0.0000000000000000e+00
4.0000000000000002e-01
-9.9832577016038671e-01
7.2922882860488536e-02
-2.9055046966881554e-01
2.1639070478384741e-02
3.1278982642252102e+00
1.2819683134836646e+01
5.9999999999999998e-01
-1.0000000000000001e-01
0.0000000000000000e+00
4.0000000000000002e-01
-2.9204438950700540e-01
1.4765557265836679e-01
5.3280075141577909e-01
5.0255788055365319e-02
2.2884037318784851e+00
1.2795933481586667e+01
5.9999999999999998e-01
-1.0000000000000001e-01
0.0000000000000000e+00
4.0000000000000002e-01
-4.9520168091935890e-01
1.7028662109930001e-01
-2.6610301426262661e-01
9.0747089115088220e-02
2.0760064306814332e+00
1.2593051976036783e+01
5.9999999999999998e-01
-1.0000000000000001e-01
0.0000000000000000e+00
4.0000000000000002e-01
-3.8952298905534521e-01
1.4277414912540398e-01
1.6783939429907990e-01
5.9960689750616782e-02
2.3418597362149614e+00
1.3440722641420123e+01
5.9999999999999998e-01
-1.0000000000000001e-01
0.0000000000000000e+00
4.0000000000000002e-01
-5.6104095097465301e-01
1.7272510690051995e-01
2.2057250419049454e-01
3.3012572256033657e-02
9.8362929738649307e-01
1.3955254837941883e+01
5.9999999999999998e-01
-1.0000000000000001e-01
0.0000000000000000e+00
4.0000000000000002e-01
-4.0722776528281956e-01
1.3229899854022942e-01
4.3310829320340349e-01
5.4713324193959474e-02
1.7473903237987416e+00
1.4553663563799619e+01
5.9999999999999998e-01
-1.0000000000000001e-01
0.0000000000000000e+00
4.0000000000000002e-01
-9.8933333184404160e-01
1.6061064810115774e-01
8.5749587250291293e-01
3.4358587687020541e-02
1.4344829260517018e+00
1.4618238085579632e+01
5.9999999999999998e-01
-1.0000000000000001e-01
0.0000000000000000e+00
4.0000000000000002e-01
-9.8933333184404160e-01
1.8812331641275365e-01
5.9707378429709856e-01
2.8841076676850555e-02
1.5819302453804869e+00
1.5587500080537556e+01
5.9999999999999998e-01
-1.0000000000000001e-01
0.0000000000000000e+00
4.0000000000000002e-01
-9.8933333184404160e-01
2.7660506594736056e-01
3.8994477165280761e-01
2.8841076676850555e-02
1.8458107694197552e+00
1.5143268847164270e+01
5.9999999999999998e-01
-1.0000000000000001e-01
0.0000000000000000e+00
4.0000000000000002e-01
-9.6707447316331652e-01
2.7660506594736056e-01
8.2582090583979073e-01
7.2394552772050133e-02
8.7658516309746681e-01
1.4842881902751085e+01
5.9999999999999998e-01
-1.0000000000000001e-01
0.0000000000000000e+00
4.0000000000000002e-01
-6.1742620136422899e-01
4.3407128191549249e-01
3.6638244320987651e-01
4.2846298103337517e-02
8.1992887995728436e-01
1.4689337470826265e+01
5.9999999999999998e-01
-1.0000000000000001e-01
0.0000000000000000e+00
4.0000000000000002e-01
-7.7467377330941944e-01
5.1270680858749818e-01
-4.0245079110027365e-01
4.8192339782719834e-02
4.4493124030121756e-01
1.3009085555073378e+01
5.9999999999999998e-01
-1.0000000000000001e-01
0.0000000000000000e+00
4.0000000000000002e-01
-7.7467377330941944e-01
5.0947958623427814e-01
4.9679218412726123e-01
7.0726648454671123e-02
-9.2901446678153055e-01
1.3372814870324492e+01
5.9999999999999998e-01
-1.0000000000000001e-01
0.0000000000000000e+00
4.0000000000000002e-01
-8.6266785111112387e-01
5.6538609181899491e-01
-1.4278397797257703e-01
6.0633012061124071e-02
-1.1829438009153939e+00
1.3575223656442521e+01
5.9999999999999998e-01
-1.0000000000000001e-01
0.0000000000000000e+00
4.0000000000000002e-01
-9.6920727457685263e-01
6.4077803050536575e-01
-8.0977141498238836e-01
4.7573214595322835e-02
-2.2135799311510101e-01
1.3270205210965630e+01
5.9999999999999998e-01
-1.0000000000000001e-01
0.0000000000000000e+00
4.0000000000000002e-01
-9.6920727457685263e-01
6.6334713815707624e-01
-9.6633966385037695e-01
1.4960434037924311e-01
-7.7719815753808974e-01
1.2531983298134561e+01
5.9999999999999998e-01
-1.0000000000000001e-01
0.0000000000000000e+00
4.0000000000000002e-01
-8.8702753659171851e-01
8.7060133244652216e-01
-8.7706286563188818e-01
1.4808171791315577e-01
-1.1641401366185284e+00
1.2382717901539561e+01
5.9999999999999998e-01
-1.0000000000000001e-01
0.0000000000000000e+00
4.0000000000000002e-01
4.4070180300789075e-01
9.5608901788849299e-01
-3.4868090404779695e-01
1.0959943539381527e-01
-5.0779346980563189e-01
1.3130642569136379e+01
5.9999999999999998e-01
-1.0000000000000001e-01
0.0000000000000000e+00
4.0000000000000002e-01
-1.0684017713947094e-01
9.3415921656597323e-01
3.4584518061368680e-01
5.3373386447434661e-02
-1.0528668270300963e+00
1.3145865830850362e+01
5.9999999999999998e-01
-1.0000000000000001e-01
0.0000000000000000e+00
4.0000000000000002e-01
4.5693309061395132e-01
9.5808984194505875e-01
-7.1522291733534116e-01
5.5167975385790109e-02
-1.5356409356783964e+00
1.4319517865848301e+01
5.9999999999999998e-01
-1.0000000000000001e-01
0.0000000000000000e+00
4.0000000000000002e-01
-3.3083417542112858e-01
9.5891757727969340e-01
-2.0591542436392096e-01
5.5167975385790109e-02
-1.5356409356783964e+00
1.4173252806138752e+01
5.9999999999999998e-01
-1.0000000000000001e-01
0.0000000000000000e+00
4.0000000000000002e-01
-4.5258170120252161e-01
8.7457478309977699e-01
-3.0899991406709937e-01
3.8374676545267342e-02
-1.4437351417116711e+00
1.4634519210529087e+01
5.9999999999999998e-01
-1.0000000000000001e-01
0.0000000000000000e+00
4.0000000000000002e-01
1.1400630451904742e-01
8.9480329967845129e-01
-7.4440144835622102e-01
4.2505063851480715e-02
-2.6168862501479571e+00
1.4207228624891995e+01
5.9999999999999998e-01
-1.0000000000000001e-01
0.0000000000000000e+00
4.0000000000000002e-01
2.8164467908607926e-01
9.7352562786448638e-01
-6.0909302817890920e-02
4.3412355181877846e-02
-2.5223726163007205e+00
1.2548156499933956e+01
5.9999999999999998e-01
-1.0000000000000001e-01
0.0000000000000000e+00
4.0000000000000002e-01
5.2301345841755498e-02
9.9078935934413115e-01
9.9912693066289152e-02
6.6567882773583165e-02
-2.1204586336709448e+00
1.2548156499933956e+01
5.9999999999999998e-01
-1.0000000000000001e-01
0.0000000000000000e+00
4.0000000000000002e-01
4.5772904016243421e-01
1.0450706522594755e+00
9.3800809131353113e-01
2.8274911639397375e-02
-2.7275760898686836e+00
1.3318587932061909e+01
5.9999999999999998e-01
-1.0000000000000001e-01
0.0000000000000000e+00
4.0000000000000002e-01
-4.8461625687612087e-01
1.0453325721155469e+00
9.3800809131353113e-01
2.1817327675526375e-02
-3.2928643422521540e+00
1.2817375049066303e+01
5.9999999999999998e-01
-1.0000000000000001e-01
0.0000000000000000e+00
4.0000000000000002e-01
2.1720669157968964e-01
9.8188389862883729e-01
7.6457351223914838e-01
8.9377814707463019e-02
-3.3154402094282096e+00
1.2854842916202305e+01
5.9999999999999998e-01
-1.0000000000000001e-01
0.0000000000000000e+00
4.0000000000000002e-01
-5.6953605376018079e-01
8.9253931504297901e-01
2.1147059464245060e-01
2.4169285950367689e-02
-3.7545574950374547e+00
1.2835325547379014e+01
5.9999999999999998e-01
-1.0000000000000001e-01
0.0000000000000000e+00
4.0000000000000002e-01
-3.9680913708938148e-01
9.8226064854670225e-01
2.1147059464245060e-01
4.5163637575810198e-02
-4.0512760715879388e+00
1.2805729382556436e+01
5.9999999999999998e-01
-1.0000000000000001e-01
0.0000000000000000e+00
4.0000000000000002e-01
-3.0004336140883958e-01
9.8732590102959339e-01
-5.8876042103976989e-01
3.8510654148762466e-02
-3.2595308812655395e+00
1.3225657651458439e+01
5.9999999999999998e-01
-1.0000000000000001e-01
0.0000000000000000e+00
4.0000000000000002e-01
-6.6272692762149366e-01
9.4760894405651752e-01
6.4344571643858162e-01
8.0170007881825212e-02
-3.0033253016270582e+00
1.3532277468476948e+01
5.9999999999999998e-01
-1.0000000000000001e-01
0.0000000000000000e+00
4.0000000000000002e-01
-7.9158426128161929e-01
8.7830148064900104e-01
9.6158860379247868e-01
3.1377435681526913e-02
-3.6172255101002637e+00
1.2886324410770593e+01
5.9999999999999998e-01
-1.0000000000000001e-01
0.0000000000000000e+00
4.0000000000000002e-01
-7.6394632495773807e-01
9.5384697097349813e-01
9.5839558595209318e-01
6.0874688145821351e-02
-2.7412350582279150e+00
1.2802776478861032e+01
5.9999999999999998e-01
-1.0000000000000001e-01
0.0000000000000000e+00
4.0000000000000002e-01
-9.1735784448517332e-01
9.8712318986464187e-01
2.3431498223333547e-01
9.0896680471604124e-02
-2.7406467603839819e+00
1.3849556290243324e+01
5.9999999999999998e-01
-1.0000000000000001e-01
0.0000000000000000e+00
4.0000000000000002e-01
-8.6549733988774802e-01
1.0431349109988277e+00
5.1097481065778916e-01
3.8135321376030699e-02
-2.4058053927816339e+00
1.3107399216924367e+01
5.9999999999999998e-01
-1.0000000000000001e-01
0.0000000000000000e+00
4.0000000000000002e-01
4.5565672592987660e-02
9.8495740049887359e-01
4.9257379756658259e-01
3.8135321376030699e-02
-2.9966058897174781e+00
1.2886707734481005e+01
5.9999999999999998e-01
-1.0000000000000001e-01
0.0000000000000000e+00
4.0000000000000002e-01
-4.9695873333344798e-02
1.0168400787692136e+00
-4.8795150651247321e-01
5.8753331718151822e-02
-3.1062607186235374e+00
1.2921625022009520e+01
5.9999999999999998e-01
-1.0000000000000001e-01
0.0000000000000000e+00
4.0000000000000002e-01
1.9413190893994772e-01
1.1085291312317913e+00
8.7721873061149302e-01
4.1272983965580719e-02
-3.1062607186235374e+00
1.3877449920937922e+01
5.9999999999999998e-01
-1.0000000000000001e-01
0.0000000000000000e+00
4.0000000000000002e-01
2.8070252500640347e-01
9.6549200722012585e-01
9.9827281550853431e-01
3.5747111973469511e-02
-3.5658450024522725e+00
1.2947549057171255e+01
5.9999999999999998e-01
-1.0000000000000001e-01
0.0000000000000000e+00
4.0000000000000002e-01
-2.5560671247376010e-01
9.0278166165385321e-01
7.8566112355678264e-01
6.1408846316044582e-02
-3.0945391352608689e+00
1.3537227121159939e+01
5.9999999999999998e-01
-1.0000000000000001e-01
0.0000000000000000e+00
4.0000000000000002e-01
1.7322581635584366e-02
8.9256121256384935e-01
4.6418755666701977e-01
6.1408846316044582e-02
-3.3710324700310714e+00
1.2822004738241938e+01
5.9999999999999998e-01
-1.0000000000000001e-01
0.0000000000000000e+00
4.0000000000000002e-01
-3.6789571918381259e-01
8.1370561721358392e-01
4.6418755666701977e-01
7.2398136672680635e-02
-3.1414752762153633e+00
1.4668517664611844e+01
5.9999999999999998e-01
-1.0000000000000001e-01
0.0000000000000000e+00
4.0000000000000002e-01
-5.4028730071915199e-01
7.3972538306746571e-01
-1.9461089952499683e-01
8.2466832813923613e-02
-3.2188545923069012e+00
1.4042195149302987e+01
5.9999999999999998e-01
-1.0000000000000001e-01
0.0000000000000000e+00
4.0000000000000002e-01
5.4398654924501869e-02
8.9512747182879537e-01
-3.3811414225609115e-01
7.9407981571858188e-02
-3.4642417545750628e+00
1.4963962473512201e+01
5.9999999999999998e-01
-1.0000000000000001e-01
0.0000000000000000e+00
4.0000000000000002e-01
-8.9065018071065399e-02
8.5745909061465353e-01
-7.3645703366499449e-03
6.1732045796816612e-02
-3.6416967566445355e+00
1.5553189899564293e+01
5.9999999999999998e-01
-1.0000000000000001e-01
0.0000000000000000e+00
4.0000000000000002e-01
1.6954756699668361e-01
8.4076285622451397e-01
-4.3852018719772623e-02
6.1732045796816612e-02
-3.2892672057583821e+00
1.5525486596465614e+01
5.9999999999999998e-01
-1.0000000000000001e-01
0.0000000000000000e+00
4.0000000000000002e-01
1.6954756699668361e-01
8.4443973992202370e-01
-4.0543534458265706e-01
8.2302882519667414e-02
-3.2502409930661207e+00
1.5515100010276342e+01
5.9999999999999998e-01
-1.0000000000000001e-01
0.0000000000000000e+00
4.0000000000000002e-01
-1.4828036106957002e-01
8.2615680643353551e-01
9.1079831897630281e-01
3.2804592696135317e-02
-3.1565183247759823e+00
1.4757156102896237e+01
5.9999999999999998e-01
-1.0000000000000001e-01
0.0000000000000000e+00
4.0000000000000002e-01
-3.9365015066994236e-01
7.5146588801775061e-01
-1.2103937447653224e-01
2.5311014619772705e-02
-3.6623206283286098e+00
1.3190556701064612e+01
5.9999999999999998e-01
-1.0000000000000001e-01
0.0000000000000000e+00
4.0000000000000002e-01
-4.6962165571583320e-01
7.5110494274828510e-01
-3.8940023542032642e-01
3.2958142456715377e-02
-3.6623206283286098e+00
1.3444523074269796e+01
5.9999999999999998e-01
-1.0000000000000001e-01
0.0000000000000000e+00
4.0000000000000002e-01
3.3656480179924952e-03
7.5402354369494995e-01
-6.8721588133485123e-01
2.7691972670262126e-02
-3.7549681313190493e+00
1.2471388666868712e+01
5.9999999999999998e-01
-1.0000000000000001e-01
0.0000000000000000e+00
4.0000000000000002e-01
5.0602978669272847e-01
6.7979575238559331e-01
-6.4213715850026409e-01
8.7309927311842700e-02
-3.6220532305393252e+00
1.3038105897397305e+01
5.9999999999999998e-01
-1.0000000000000001e-01
0.0000000000000000e+00
4.0000000000000002e-01
7.6861615292893826e-01
6.5776215849254205e-01
-6.4213715850026409e-01
8.7309927311842700e-02
-3.2494306333217655e+00
1.3464950923413541e+01
5.9999999999999998e-01
-1.0000000000000001e-01
0.0000000000000000e+00
4.0000000000000002e-01
5.6822181709276620e-01
7.6790564475390988e-01
6.8380513800074649e-02
3.5535894719069268e-02
-3.3478150289360320e+00
1.3361551703304555e+01
5.9999999999999998e-01
-1.0000000000000001e-01
0.0000000000000000e+00
4.0000000000000002e-01
3.7387160189615676e-01
7.3419299183223319e-01
-5.6991707055480278e-01
3.5535894719069268e-02
-2.8521304111782348e+00
1.3117250267953183e+01
5.9999999999999998e-01
-1.0000000000000001e-01
0.0000000000000000e+00
4.0000000000000002e-01
5.0798522837625926e-01
6.8882696484956796e-01
5.9797025711624818e-01
5.1957134691183821e-02
-3.1051260303560531e+00
1.2597064350337293e+01
5.9999999999999998e-01
-1.0000000000000001e-01
0.0000000000000000e+00
4.0000000000000002e-01
3.1302712805735056e-01
5.6815484046373432e-01
3.8716618539183334e-01
3.2999391344492701e-02
-3.1862806137505806e+00
1.2418345647842195e+01
5.9999999999999998e-01
-1.0000000000000001e-01
0.0000000000000000e+00
4.0000000000000002e-01
7.0892604284154359e-01
5.3484043737683362e-01
5.4360259295790381e-01
2.6050493744318753e-02
-3.3327603753510746e+00
1.2408361393005158e+01
5.9999999999999998e-01
-1.0000000000000001e-01
0.0000000000000000e+00
4.0000000000000002e-01
6.6048545532094427e-01
3.9732155209217140e-01
6.9664444686262805e-01
6.0188383010332851e-02
-3.6378968771401676e+00
1.3019063748956230e+01
5.9999999999999998e-01
-1.0000000000000001e-01
0.0000000000000000e+00
4.0000000000000002e-01
4.5252941303121041e-01
3.5678098833696836e-01
6.9664444686262805e-01
7.8573733297293460e-02
-3.5042841728631293e+00
1.3466758712173011e+01
5.9999999999999998e-01
-1.0000000000000001e-01
0.0000000000000000e+00
4.0000000000000002e-01
3.7785138182507944e-01
4.0471915894882676e-01
6.9664444686262805e-01
7.1632146326010504e-02
-3.1978121053282060e+00
1.3726520731092002e+01
5.9999999999999998e-01
-1.0000000000000001e-01
0.0000000000000000e+00
4.0000000000000002e-01
4.2802979201244301e-01
2.9756142407791614e-01
6.5974303276627277e-01
6.0803517640685124e-02
-3.5101533066335953e+00
1.2807777865767980e+01
5.9999999999999998e-01
-1.0000000000000001e-01
0.0000000000000000e+00
4.0000000000000002e-01
6.6472795427011433e-01
3.3516224795715810e-01
6.5974303276627277e-01
6.1681078494643257e-02
-4.1251223441067966e+00
1.2816196926475072e+01
5.9999999999999998e-01
-1.0000000000000001e-01
0.0000000000000000e+00
4.0000000000000002e-01
8.2176607787774980e-01
3.3567427327619792e-01
8.9260338575928422e-01
6.0572225392912904e-02
-3.2856936063472064e+00
1.2207139625192191e+01
5.9999999999999998e-01
-1.0000000000000001e-01
0.0000000000000000e+00
4.0000000000000002e-01
7.0943069024177363e-01
3.9943504216657877e-01
5.6216528312652325e-01
4.6814441503142401e-02
-4.2030824405927092e+00
1.2458951829165724e+01
5.9999999999999998e-01
-1.0000000000000001e-01
0.0000000000000000e+00
4.0000000000000002e-01
4.5613842768760493e-01
4.6794974114881749e-01
5.9884118376648932e-01
7.2170997120440408e-02
-4.3849897956330208e+00
1.2713977800101544e+01
5.9999999999999998e-01
-1.0000000000000001e-01
0.0000000000000000e+00
4.0000000000000002e-01
-8.3884427266029538e-01
4.0795912065492862e-01
-6.1139932037913292e-01
5.0599476225674553e-02
-4.3849897956330208e+00
1.3192303156924005e+01
5.9999999999999998e-01
-1.0000000000000001e-01
0.0000000000000000e+00
4.0000000000000002e-01
-4.9182488756088438e-01
3.7363971128450629e-01
-7.3970880748354884e-01
5.0599476225674553e-02
-5.3817428594309717e+00
1.2803794242512938e+01
5.9999999999999998e-01
-1.0000000000000001e-01
0.0000000000000000e+00
4.0000000000000002e-01
9.8892299039455223e-01
4.2242634239183663e-01
-9.2138121254975558e-02
5.0599476225674553e-02
-5.3333790277916826e+00
1.4193031214248892e+01
5.9999999999999998e-01
-1.0000000000000001e-01
0.0000000000000000e+00
4.0000000000000002e-01
6.4784758432002831e-01
2.5508387824283835e-01
-1.4400582937174533e-01
4.4300046570599480e-02
-5.7325167810398971e+00
1.3946643360030409e+01
5.9999999999999998e-01
-1.0000000000000001e-01
0.0000000000000000e+00
4.0000000000000002e-01
2.7554594380946923e-01
1.8105883028494119e-01
5.3683385642594594e-01
4.3524378813803596e-02
-5.6910218989331156e+00
1.2862775535952803e+01
5.9999999999999998e-01
-1.0000000000000001e-01
0.0000000000000000e+00
4.0000000000000002e-01
7.9143594784827986e-01
2.7030785253034828e-01
7.5248755516833565e-01
2.5678606905043519e-02
-7.0060112034756568e+00
1.2862775535952803e+01
5.9999999999999998e-01
-1.0000000000000001e-01
0.0000000000000000e+00
4.0000000000000002e-01
4.7977888150306502e-01
2.7030785253034828e-01
-3.6613309500389790e-01
4.8020141996443666e-02
-6.8494229381758593e+00
1.3746036598157643e+01
5.9999999999999998e-01
-1.0000000000000001e-01
0.0000000000000000e+00
4.0000000000000002e-01
9.7812890691848553e-01
2.8333021762357946e-01
-2.2435029802494741e-01
4.5668545819819370e-02
-6.9523717706877610e+00
1.3165063835751770e+01
5.9999999999999998e-01
-1.0000000000000001e-01
0.0000000000000000e+00
4.0000000000000002e-01
2.1838668031783859e-01
3.3698078050600289e-01
7.5992150107747802e-01
3.3267835237086214e-02
-7.0309231584746259e+00
1.3296735675704239e+01
5.9999999999999998e-01
-1.0000000000000001e-01
0.0000000000000000e+00
4.0000000000000002e-01
1.4648484273048201e-01
4.9324532392011877e-01
8.1907598832971340e-01
6.6014169789851113e-02
-6.5310061132389921e+00
1.3244535042416807e+01
5.9999999999999998e-01
-1.0000000000000001e-01
0.0000000000000000e+00
4.0000000000000002e-01
5.5252572205083528e-01
5.0601605381952519e-01
7.3814154142863053e-01
7.6595058418810771e-02
-6.8775445317704094e+00
1.3130406422984358e+01
5.9999999999999998e-01
-1.0000000000000001e-01
0.0000000000000000e+00
4.0000000000000002e-01
9.0715945866124792e-01
5.3963847562061551e-01
-3.6945860659354424e-01
2.3878045357764180e-02
-6.8582039138156778e+00
1.3244651325118300e+01
5.9999999999999998e-01
-1.0000000000000001e-01
0.0000000000000000e+00
4.0000000000000002e-01
6.4625008728521038e-01
5.4928072574125530e-01
-3.6945860659354424e-01
2.3171872295439655e-02
-6.8083000091690433e+00
1.2978981141817327e+01
5.9999999999999998e-01
-1.0000000000000001e-01
0.0000000000000000e+00
4.0000000000000002e-01
-2.0110838506204912e-01
4.8398494365202194e-01
-5.4003298794501520e-01
5.3023365177214551e-02
-6.4748485488671674e+00
1.2084771713685745e+01
5.9999999999999998e-01
-1.0000000000000001e-01
0.0000000000000000e+00
4.0000000000000002e-01
-4.9498082045299829e-01
4.1079038860784772e-01
-6.8606917833560199e-01
7.7919101394713336e-02
-5.8162962652597443e+00
1.1546060806584114e+01
5.9999999999999998e-01
-1.0000000000000001e-01
0.0000000000000000e+00
4.0000000000000002e-01
-3.2988295446915455e-01
4.6595682337270977e-01
-1.1512221550219738e-01
8.5702095456421781e-02
-5.6490817941579836e+00
1.1577859512042753e+01
5.9999999999999998e-01
-1.0000000000000001e-01
0.0000000000000000e+00
4.0000000000000002e-01
-2.2160307776017016e-01
4.3364849569784408e-01
-7.9051584353321269e-01
5.2950825102627684e-02
-6.3922385670099269e+00
1.1968486026000731e+01
5.9999999999999998e-01
-1.0000000000000001e-01
0.0000000000000000e+00
4.0000000000000002e-01
-7.5660803209824379e-01
4.6541069986807115e-01
-3.6069451143615922e-01
7.6508720524609497e-02
-6.7625737048540131e+00
1.1657211304527276e+01
5.9999999999999998e-01
-1.0000000000000001e-01
0.0000000000000000e+00
4.0000000000000002e-01
-8.8961451779885103e-01
3.4748765223609213e-01
6.1956264773732939e-01
3.5365509435534889e-02
-6.3799624137434972e+00
1.1676185148280615e+01
5.9999999999999998e-01
-1.0000000000000001e-01
0.0000000000000000e+00
4.0000000000000002e-01
6.9824058044867710e-01
2.9629318653928044e-01
3.2260641852742949e-01
3.5365509435534889e-02
-6.3271078221354493e+00
1.1153939061683172e+01
5.9999999999999998e-01
-1.0000000000000001e-01
0.0000000000000000e+00
4.0000000000000002e-01
-2.4111189972443381e-01
2.9955899059163332e-01
-2.0542430108063897e-01
3.5365509435534889e-02
-5.9494292586896433e+00
1.1390016719025128e+01
5.9999999999999998e-01
-1.0000000000000001e-01
0.0000000000000000e+00
4.0000000000000002e-01
9.8406540710644907e-01
2.7837591337548501e-01
2.3037230337387837e-01
7.9805283948779518e-02
-5.5885961904976380e+00
1.0714841982048505e+01
5.9999999999999998e-01
-1.0000000000000001e-01
0.0000000000000000e+00
4.0000000000000002e-01
7.4297526437955075e-01
3.5431871556626565e-01
6.1859348023659499e-01
4.0271410271525802e-02
-5.4856368705484879e+00
1.1217607229274266e+01
5.9999999999999998e-01
-1.0000000000000001e-01
0.0000000000000000e+00
4.0000000000000002e-01
9.6035860616879631e-01
3.6527104722844367e-01
-2.0954412274296008e-02
9.5827128380537446e-02
-4.4510060215223453e+00
1.1217607229274266e+01
5.9999999999999998e-01
-1.0000000000000001e-01
0.0000000000000000e+00
4.0000000000000002e-01
2.3872910652475526e-01
3.9120259355889569e-01
3.6536906281835346e-01
4.1356027334928928e-02
-4.7456600772071500e+00
1.1155926417630667e+01
5.9999999999999998e-01
-1.0000000000000001e-01
0.0000000000000000e+00
4.0000000000000002e-01
-4.7662309732122249e-01
3.7105890344964276e-01
-7.2039146028692436e-02
9.4568312168121740e-02
-4.1068720446754128e+00
1.1808896442574019e+01
5.9999999999999998e-01
-1.0000000000000001e-01
0.0000000000000000e+00
4.0000000000000002e-01
7.2236267183141878e-01
3.6626208309220087e-01
3.4196734242490440e-01
8.2242428243160651e-02
-4.6103426435816912e+00
1.1503612133186811e+01
5.9999999999999998e-01
-1.0000000000000001e-01
0.0000000000000000e+00
4.0000000000000002e-01
6.3819555375890902e-01
1.6326552037285580e-01
7.5212220616987846e-01
8.3117580473423408e-02
-4.9345698932040358e+00
1.1381332816999906e+01
5.9999999999999998e-01
-1.0000000000000001e-01
0.0000000000000000e+00
4.0000000000000002e-01
-2.5751309653948035e-02
4.5615431944416773e-01
1.4337555475882191e-01
8.3117580473423408e-02
-4.6591019937623166e+00
1.2342191325944418e+01
5.9999999999999998e-01
-1.0000000000000001e-01
0.0000000000000000e+00
4.0000000000000002e-01
1.9983103010969333e-01
3.9986907327311050e-01
1.7028710194281238e-01
3.6853431224823409e-02
-4.9795479724038270e+00
1.2666751115840428e+01
5.9999999999999998e-01
-1.0000000000000001e-01
0.0000000000000000e+00
4.0000000000000002e-01
-2.9166928794069114e-01
3.8896665966646682e-01
-8.9676891977439402e-03
3.6853431224823409e-02
-4.2533231628724133e+00
1.2859886937659734e+01
5.9999999999999998e-01
-1.0000000000000001e-01
0.0000000000000000e+00
4.0000000000000002e-01
2.3491768717931688e-01
3.9010306763784897e-01
7.7989205487421653e-01
2.9763103425503187e-02
-3.5584133488722842e+00
1.3083129679482930e+01
5.9999999999999998e-01
-1.0000000000000001e-01
0.0000000000000000e+00
4.0000000000000002e-01
-5.0578260405164666e-03
3.8242300871150503e-01
6.5016912587336195e-01
4.9581741988659313e-02
-3.7930442629047434e+00
1.4030197309028855e+01
5.9999999999999998e-01
-1.0000000000000001e-01
0.0000000000000000e+00
4.0000000000000002e-01
8.9095762372182796e-01
4.4217473879592434e-01
3.1516420789412153e-01
4.9581741988659313e-02
-2.9603259695359272e+00
1.3874112816226235e+01
5.9999999999999998e-01
-1.0000000000000001e-01
0.0000000000000000e+00
4.0000000000000002e-01
-1.6837751686407143e-01
4.8626713505523222e-01
-4.2986900530406336e-01
3.9218380510807442e-02
-2.2992675019093558e+00
1.4078616555106393e+01
5.9999999999999998e-01
-1.0000000000000001e-01
0.0000000000000000e+00
4.0000000000000002e-01
-3.9839822037320838e-03
5.1207706681029819e-01
6.5187648314749172e-02
3.5728276193142339e-02
-1.9756637228318261e+00
1.4164249582659952e+01
5.9999999999999998e-01
-1.0000000000000001e-01
0.0000000000000000e+00
4.0000000000000002e-01
2.6470665455030384e-01
5.2901961341636206e-01
3.2848014809540410e-01
6.8021647065878321e-02
-1.4339696539231348e+00
1.3865760468762867e+01
5.9999999999999998e-01
-1.0000000000000001e-01
0.0000000000000000e+00
4.0000000000000002e-01
-5.4476458549333628e-01
4.9821335336701894e-01
-6.0368999164784887e-02
3.7388412967324668e-02
-1.5781238330193565e+00
1.4175783651393404e+01
5.9999999999999998e-01
-1.0000000000000001e-01
0.0000000000000000e+00
4.0000000000000002e-01
3.8252983093427595e-01
4.1550511667268303e-01
1.6683319278410574e-01
3.7388412967324668e-02
-1.4068258417435691e+00
1.3300915735286226e+01
5.9999999999999998e-01
-1.0000000000000001e-01
0.0000000000000000e+00
4.0000000000000002e-01
-3.7794866204095900e-01
3.9241563364999321e-01
-6.3011979276786090e-03
6.9744510784745625e-02
-2.2154538460455414e-01
1.3752086944204320e+01
5.9999999999999998e-01
-1.0000000000000001e-01
0.0000000000000000e+00
4.0000000000000002e-01
-4.2427871852947296e-01
3.4694442317025687e-01
4.5245735355070726e-01
6.9744510784745625e-02
1.0264810494698995e-01
1.3838614425879468e+01
5.9999999999999998e-01
-1.0000000000000001e-01
0.0000000000000000e+00
4.0000000000000002e-01
-5.6578742056919162e-01
2.6910977956788562e-01
8.1671768494299546e-01
5.3508858218789514e-02
3.9253858647860990e-01
1.4989702109318722e+01
5.9999999999999998e-01
-1.0000000000000001e-01
0.0000000000000000e+00
4.0000000000000002e-01
-8.8919493347240519e-01
1.3298976311223526e-01
-6.1601414419361455e-01
4.7954792454839162e-02
5.2612385175742604e-01
1.4609866904538622e+01
5.9999999999999998e-01
-1.0000000000000001e-01
0.0000000000000000e+00
4.0000000000000002e-01
-9.6209578662944861e-01
1.5012751123445053e-01
-9.1816762655624262e-01
7.6008834078908377e-02
3.6747093148149951e-01
1.5109346973222246e+01
5.9999999999999998e-01
-1.0000000000000001e-01
0.0000000000000000e+00
4.0000000000000002e-01
-1.4814136966897082e-01
1.7267404756085891e-01
-4.5936959382380294e-02
7.6008834078908377e-02
-3.6705188832769631e-04
1.5648467641395081e+01
5.9999999999999998e-01
-1.0000000000000001e-01
0.0000000000000000e+00
4.0000000000000002e-01
-2.5981419116092752e-01
1.8121401223676223e-01
-5.0164608776220199e-01
8.9905960872769780e-02
7.2976912032742383e-02
1.3823983599316824e+01
5.9999999999999998e-01
-1.0000000000000001e-01
0.0000000000000000e+00
4.0000000000000002e-01
-8.6497029185129237e-01
1.0802153729597053e-01
-7.5008253991254681e-01
8.9905960872769780e-02
2.7916038430847623e-01
1.4039854249429453e+01
5.9999999999999998e-01
-1.0000000000000001e-01
0.0000000000000000e+00
4.0000000000000002e-01
-8.6497029185129237e-01
1.6754534506002389e-01
-4.3662410556920883e-01
3.5073819473386239e-02
5.5230763315774889e-01
1.5012328475785004e+01
5.9999999999999998e-01
-1.0000000000000001e-01
0.0000000000000000e+00
4.0000000000000002e-01
-6.1254778921438280e-01
1.9754362679222545e-01
-7.5757264792569989e-01
8.7176944091916508e-02
3.3227377891160942e-01
1.3419548992883909e+01
5.9999999999999998e-01
-1.0000000000000001e-01
0.0000000000000000e+00
4.0000000000000002e-01
-7.2794604480100700e-01
2.0615272057751141e-01
-6.2847572415717945e-01
3.9670808956027460e-02
9.8544206380464516e-01
1.2954186265241850e+01
5.9999999999999998e-01
-1.0000000000000001e-01
0.0000000000000000e+00
4.0000000000000002e-01
-6.3300162851644581e-01
1.5766580111483061e-01
7.8441948086372504e-01
6.9188980504870851e-02
8.9618473708250013e-01
1.2800914710086335e+01
5.9999999999999998e-01
-1.0000000000000001e-01
0.0000000000000000e+00
4.0000000000000002e-01
-5.9383984803987566e-01
3.7640136952647885e-01
9.4178333372226841e-01
6.0793538615107973e-02
1.2032990416846463e+00
1.2800914710086335e+01
5.9999999999999998e-01
-1.0000000000000001e-01
0.0000000000000000e+00
4.0000000000000002e-01
-7.3195232629610130e-01
4.0007214946994502e-01
8.7085350185981880e-01
4.3805278584361514e-02
1.0864992102942654e+00
1.2296480831575145e+01
5.9999999999999998e-01
-1.0000000000000001e-01
0.0000000000000000e+00
4.0000000000000002e-01
-8.5540101162923410e-01
4.0007214946994502e-01
-1.4787879630574097e-01
9.3914884611964677e-02
4.5477252300758331e-02
1.2991479348462571e+01
5.9999999999999998e-01
-1.0000000000000001e-01
0.0000000000000000e+00
4.0000000000000002e-01
-7.9795237533582286e-01
3.5951371915588098e-01
-3.2958277150639403e-01
7.1830131605267980e-02
-8.3523625672243096e-01
1.2804837366451073e+01
5.9999999999999998e-01
-1.0000000000000001e-01
0.0000000000000000e+00
4.0000000000000002e-01
-5.6594386510385108e-01
4.0476212765226083e-01
3.1310330781852108e-02
8.3166509464383587e-02
-1.3168774896898077e+00
1.2023215212930488e+01
5.9999999999999998e-01
-1.0000000000000001e-01
0.0000000000000000e+00
4.0000000000000002e-01
-5.8489984221590596e-01
4.9885059397617293e-01
-8.3568673237809044e-01
2.4219244942069520e-02
-1.5340591007509037e+00
1.2166946358491229e+01
5.9999999999999998e-01
-1.0000000000000001e-01
0.0000000000000000e+00
4.0000000000000002e-01
-1.4492554254664045e-01
5.8766979544559428e-01
6.6696979359141473e-01
2.4219244942069520e-02
-1.4346582350917860e+00
1.2453539801646517e+01
5.9999999999999998e-01
-1.0000000000000001e-01
0.0000000000000000e+00
4.0000000000000002e-01
-6.6148370899094200e-01
5.1174345558086343e-01
6.5451703027239927e-01
3.5642119750380986e-02
-1.0624324980788633e+00
1.1696281585913646e+01
5.9999999999999998e-01
-1.0000000000000001e-01
0.0000000000000000e+00
4.0000000000000002e-01
-8.1320706762207595e-01
5.1174345558086343e-01
4.4780387536040434e-01
2.0208971247077462e-02
-3.3158233497671352e-01
1.1834082500614720e+01
5.9999999999999998e-01
-1.0000000000000001e-01
0.0000000000000000e+00
4.0000000000000002e-01
-5.2428864277733411e-01
5.6852473144927940e-01
3.7013541713706144e-01
4.5485191687942017e-02
-8.1190857027105545e-01
1.1656921718992788e+01
5.9999999999999998e-01
-1.0000000000000001e-01
0.0000000000000000e+00
4.0000000000000002e-01
-3.1657610215080823e-01
4.6395348077217058e-01
-5.7814101069816448e-01
4.8229456022382239e-02
-7.1899666224054559e-01
1.2646102629580097e+01
5.9999999999999998e-01
-1.0000000000000001e-01
0.0000000000000000e+00
4.0000000000000002e-01
-6.0307299651039681e-01
5.5452968042293505e-01
3.0856375486007825e-01
6.3932093575597260e-02
-1.0253244939856931e+00
1.2696237336077292e+01
5.9999999999999998e-01
-1.0000000000000001e-01
0.0000000000000000e+00
4.0000000000000002e-01
6.6335885153879226e-02
5.7740745025077778e-01
9.1320624649873872e-01
3.3161726310849647e-02
-1.0253244939856931e+00
1.3449963961519796e+01
5.9999999999999998e-01
-1.0000000000000001e-01
0.0000000000000000e+00
4.0000000000000002e-01
-6.6789592660797670e-01
5.1086920457282969e-01
9.1320624649873872e-01
8.1619593694806550e-02
-2.2221795063713330e+00
1.3781588189282017e+01
5.9999999999999998e-01
-1.0000000000000001e-01
0.0000000000000000e+00
4.0000000000000002e-01
-3.6123478568924500e-01
5.2797783892551375e-01
3.8494317114702370e-01
8.5558135464787938e-02
-2.0306699436405440e+00
1.4352824930824834e+01
5.9999999999999998e-01
-1.0000000000000001e-01
0.0000000000000000e+00
4.0000000000000002e-01
-9.4178116671575141e-01
5.2519151131758401e-01
7.0715842554694919e-01
8.1871780350804779e-02
-2.1274228912094375e+00
1.4464650795586900e+01
5.9999999999999998e-01
-1.0000000000000001e-01
0.0000000000000000e+00
4.0000000000000002e-01
-8.6270518176091748e-01
5.4635990558514302e-01
7.7547008792287619e-01
3.9049729779363135e-02
-1.5017625641325258e+00
1.4206072802074747e+01
5.9999999999999998e-01
-1.0000000000000001e-01
0.0000000000000000e+00
4.0000000000000002e-01
-9.6307228438390335e-01
4.4161566637406052e-01
-2.7873697705800171e-02
2.9961415365338782e-02
-2.1659740399816774e+00
1.4109650964268045e+01
5.9999999999999998e-01
-1.0000000000000001e-01
0.0000000000000000e+00
4.0000000000000002e-01
-9.6307228438390335e-01
4.9700805471787157e-01
5.2156866329139984e-01
8.1819976165891151e-02
-2.4411965843537589e+00
1.3972698444851236e+01
5.9999999999999998e-01
-1.0000000000000001e-01
0.0000000000000000e+00
4.0000000000000002e-01
-9.9409965984357451e-01
5.7761004440436059e-01
5.2156866329139984e-01
4.7917579486966594e-02
-1.8518098484972259e+00
1.4072968962021665e+01
5.9999999999999998e-01
-1.0000000000000001e-01
0.0000000000000000e+00
4.0000000000000002e-01
-9.9083532564176169e-01
4.9812247554907502e-01
3.1876745121902744e-01
5.0069963172078596e-02
-1.8518098484972259e+00
1.4515184462793664e+01
5.9999999999999998e-01
-1.0000000000000001e-01
0.0000000000000000e+00
4.0000000000000002e-01
-8.6850494377149190e-01
4.8665362311849297e-01
4.9012344258255286e-01
3.9716475442052354e-02
-2.1302748393514892e+00
1.5550886358811081e+01
5.9999999999999998e-01
-1.0000000000000001e-01
0.0000000000000000e+00
4.0000000000000002e-01
-3.0310794882310477e-01
5.8488462775895289e-01
-7.5388698058672654e-03
7.2083954408765305e-02
-1.8728700708845396e+00
1.5307539852453887e+01
5.9999999999999998e-01
-1.0000000000000001e-01
0.0000000000000000e+00
4.0000000000000002e-01
5.7469765134321604e-01
5.8488462775895289e-01
-1.8498124280595257e-01
3.9400677517056934e-02
-1.9094144288697978e+00
1.5439704333736120e+01
5.9999999999999998e-01
-1.0000000000000001e-01
0.0000000000000000e+00
4.0000000000000002e-01
4.8192332454191600e-01
5.5769658787498166e-01
-5.7883651056909036e-01
3.5807242438197606e-02
-7.6396566073091265e-01
1.5764491914703070e+01
5.9999999999999998e-01
-1.0000000000000001e-01
0.0000000000000000e+00
4.0000000000000002e-01
7.4931754775511172e-01
5.8685572750816040e-01
-8.0222003617906046e-01
5.4822298154235366e-02
5.0551454059167245e-01
1.5877385353414830e+01
5.9999999999999998e-01
-1.0000000000000001e-01
0.0000000000000000e+00
4.0000000000000002e-01
7.4739406190978441e-01
6.3568264271268538e-01
6.5135387986665225e-02
7.0718481529504537e-02
1.4040187396792920e+00
1.6121107610432919e+01
5.9999999999999998e-01
-1.0000000000000001e-01
0.0000000000000000e+00
4.0000000000000002e-01
-4.2934620059860790e-01
7.4374358786592176e-01
-1.2375634768628550e-01
7.7487084794790037e-02
1.7553418301729709e+00
1.5811342804996784e+01
5.9999999999999998e-01
-1.0000000000000001e-01
0.0000000000000000e+00
4.0000000000000002e-01
-2.7532163990839909e-03
6.9801920475015333e-01
9.8768004676676313e-01
7.7487084794790037e-02
2.3418552764443898e+00
1.6440888499586396e+01
5.9999999999999998e-01
-1.0000000000000001e-01
0.0000000000000000e+00
4.0000000000000002e-01
3.7107510195840965e-02
6.7072186350876850e-01
-1.0138485223288057e-02
7.7487084794790037e-02
2.3699790605096367e+00
1.6851271968452746e+01
5.9999999999999998e-01
-1.0000000000000001e-01
0.0000000000000000e+00
4.0000000000000002e-01
5.9420996152030381e-01
5.9790348774249125e-01
-4.2792408207082228e-01
6.9099455107003938e-02
1.4120951079515962e+00
1.7077847533790880e+01
5.9999999999999998e-01
-1.0000000000000001e-01
0.0000000000000000e+00
4.0000000000000002e-01
-5.2222071863545028e-01
6.3658770513682095e-01
-4.1279098370694595e-01
2.7945378053933875e-02
2.0374868475584531e+00
1.7652517540870715e+01
5.9999999999999998e-01
-1.0000000000000001e-01
0.0000000000000000e+00
4.0000000000000002e-01
-5.6743966869844054e-01
6.0652169346956930e-01
4.0938267162418884e-01
3.3802403617650766e-02
1.3536047615794682e+00
1.7712483088789988e+01
5.9999999999999998e-01
-1.0000000000000001e-01
0.0000000000000000e+00
4.0000000000000002e-01
-9.6182803444398490e-01
5.0114492969362467e-01
8.1000744512653866e-01
7.3471315789968267e-02
1.8405616857795259e+00
1.7401375238715218e+01
5.9999999999999998e-01
-1.0000000000000001e-01
0.0000000000000000e+00
4.0000000000000002e-01
-9.1803940854800792e-01
3.7905226020662525e-01
-1.0709116527461493e-01
3.9183386970311894e-02
3.0605392702607652e+00
1.7342994885264442e+01
5.9999999999999998e-01
-1.0000000000000001e-01
0.0000000000000000e+00
4.0000000000000002e-01
-8.2218927465213376e-01
3.7731721617428998e-01
3.6820205956464125e-02
3.0601056266576544e-02
3.0113125093965074e+00
1.8208095216496393e+01
5.9999999999999998e-01
-1.0000000000000001e-01
0.0000000000000000e+00
4.0000000000000002e-01
-1.3982562921775418e-01
4.4597344352452495e-01
-1.3367434681975332e-01
4.7935413528234258e-02
3.1926873375414155e+00
1.7976017886145517e+01
5.9999999999999998e-01
-1.0000000000000001e-01
0.0000000000000000e+00
4.0000000000000002e-01
-2.9893083475364279e-01
4.2853889797775485e-01
3.8079182198620348e-01
6.2522626567632453e-02
3.1269428630111955e+00
1.9231015723689005e+01
5.9999999999999998e-01
-1.0000000000000001e-01
0.0000000000000000e+00
4.0000000000000002e-01
-2.9893083475364279e-01
5.5263542919008468e-01
-8.5806400248431647e-01
3.3810724902898569e-02
3.6006249089477800e+00
1.9177834787710115e+01
5.9999999999999998e-01
-1.0000000000000001e-01
0.0000000000000000e+00
4.0000000000000002e-01
-4.6163695953620509e-01
5.2735281382648680e-01
2.8197221001959349e-01
5.3167959142476816e-02
3.9405566532848617e+00
1.9072312098486826e+01
5.9999999999999998e-01
-1.0000000000000001e-01
0.0000000000000000e+00
4.0000000000000002e-01
4.3865439073909884e-02
5.3499258865563604e-01
2.8197221001959349e-01
2.6076171804219981e-02
3.6054061152724763e+00
1.9072312098486826e+01
5.9999999999999998e-01
-1.0000000000000001e-01
0.0000000000000000e+00
4.0000000000000002e-01
7.1072877563702019e-01
5.9435942603795267e-01
-7.5316080251359441e-01
3.3700237203389903e-02
3.5379345641223932e+00
1.8681888109190865e+01
5.9999999999999998e-01
-1.0000000000000001e-01
0.0000000000000000e+00
4.0000000000000002e-01
7.1072877563702019e-01
5.4720116777865624e-01
-8.0182537594460945e-01
3.9423445750028388e-02
3.1387955770580311e+00
1.8374686890958351e+01
5.9999999999999998e-01
-1.0000000000000001e-01
0.0000000000000000e+00
4.0000000000000002e-01
5.3396507875789756e-02
5.0321653945891587e-01
3.6530297240591536e-01
5.1465526748449106e-02
3.8685664281932848e+00
1.8504191799952192e+01
5.9999999999999998e-01
-1.0000000000000001e-01
0.0000000000000000e+00
4.0000000000000002e-01
-4.5322651766074740e-01
5.7508639921395499e-01
-1.6818194726132860e-01
5.1465526748449106e-02
2.8785800681201956e+00
1.8288941634191676e+01
5.9999999999999998e-01
-1.0000000000000001e-01
0.0000000000000000e+00
4.0000000000000002e-01
-9.6466184459460824e-01
6.3398524154870239e-01
1.8909432491636763e-01
3.0810629997402916e-02
2.2174620912162801e+00
1.8237112100167678e+01
5.9999999999999998e-01
-1.0000000000000001e-01
0.0000000000000000e+00
4.0000000000000002e-01
-6.4259744249118422e-01
6.0667860068528390e-01
8.3290382823324682e-01
3.0810629997402916e-02
1.7672873184768698e+00
1.6932186486317320e+01
5.9999999999999998e-01
-1.0000000000000001e-01
0.0000000000000000e+00
4.0000000000000002e-01
-3.2134505770934674e-01
6.7386934413163402e-01
7.3739060661173350e-01
4.1376361999661215e-02
1.9700943455783866e+00
1.6509501584364575e+01
5.9999999999999998e-01
-1.0000000000000001e-01
0.0000000000000000e+00
4.0000000000000002e-01
4.4882064618336104e-01
6.5790655590741376e-01
-2.7889318028115745e-01
4.2232381496578937e-02
1.4614175901500723e+00
1.7372582474841280e+01
5.9999999999999998e-01
-1.0000000000000001e-01
0.0000000000000000e+00
4.0000000000000002e-01
7.7393414057957077e-01
5.8787473835198623e-01
-5.2847203174256796e-01
4.2232381496578937e-02
2.0412954755345574e+00
1.6603559676303071e+01
5.9999999999999998e-01
-1.0000000000000001e-01
0.0000000000000000e+00
4.0000000000000002e-01
3.3638302363621148e-01
6.3210076333729970e-01
-2.2085494437837128e-01
3.3911591921002154e-02
1.2189368076840632e+00
1.6384206414713066e+01
5.9999999999999998e-01
-1.0000000000000001e-01
0.0000000000000000e+00
4.0000000000000002e-01
6.0714157380329525e-01
6.7684542186705809e-01
-7.5786902526044364e-01
5.8721410546452288e-02
1.2303649939814800e+00
1.6748491959764166e+01
5.9999999999999998e-01
-1.0000000000000001e-01
0.0000000000000000e+00
4.0000000000000002e-01
8.4791493691669850e-01
5.8642654664962035e-01
-3.6263050654553886e-01
6.4722374174744371e-02
7.3629290240204281e-01
1.6212470396353407e+01
5.9999999999999998e-01
-1.0000000000000001e-01
0.0000000000000000e+00
4.0000000000000002e-01
7.1652940668331522e-01
5.1593037702290756e-01
-4.7227560618543141e-01
2.7803834799677615e-02
5.9053181188499870e-01
1.6212470396353407e+01
5.9999999999999998e-01
-1.0000000000000001e-01
0.0000000000000000e+00
4.0000000000000002e-01
8.2060090817676923e-01
5.2931880903019057e-01
-8.6362517574452868e-01
2.8139097247273207e-02
1.0599003382245296e+00
1.7431452174975082e+01
5.9999999999999998e-01
-1.0000000000000001e-01
0.0000000000000000e+00
4.0000000000000002e-01
8.3561263725327384e-01
5.5723303460849871e-01
-4.1719722190522662e-01
7.2458036769181972e-02
1.7527903326073875e+00
1.7431452174975082e+01
5.9999999999999998e-01
-1.0000000000000001e-01
0.0000000000000000e+00
4.0000000000000002e-01
7.1158745333718199e-01
4.9533121251834977e-01
-9.8535887688631932e-02
6.3647195804864651e-02
2.2838459760168779e+00
1.6074319988979504e+01
5.9999999999999998e-01
-1.0000000000000001e-01
0.0000000000000000e+00
4.0000000000000002e-01
1.6774647906588452e-01
4.9533121251834977e-01
7.5379621824598797e-01
9.0450783271342983e-02
2.9236498505095230e+00
1.5762524921192332e+01
5.9999999999999998e-01
-1.0000000000000001e-01
0.0000000000000000e+00
4.0000000000000002e-01
9.6303803475369376e-02
5.4971777838243596e-01
-3.9832413186901328e-01
4.6606164116412885e-02
3.0215609401682602e+00
1.5454641191406651e+01
5.9999999999999998e-01
-1.0000000000000001e-01
0.0000000000000000e+00
4.0000000000000002e-01
8.9786786988543399e-01
6.0892857168389902e-01
-3.9832413186901328e-01
4.6109576921910526e-02
3.7083508659372315e+00
1.6182524509473250e+01
5.9999999999999998e-01
-1.0000000000000001e-01
0.0000000000000000e+00
4.0000000000000002e-01
-3.0255198924075188e-02
5.5409535364581675e-01
-6.3368634035461668e-01
5.2385850530118225e-02
3.5547949899206146e+00
1.7110842118902607e+01
5.9999999999999998e-01
-1.0000000000000001e-01
0.0000000000000000e+00
4.0000000000000002e-01
3.5601508572863477e-01
5.6559444637371625e-01
-8.6957423051470051e-01
3.8733110528439758e-02
4.8476474601993544e+00
1.6874488578482076e+01
5.9999999999999998e-01
-1.0000000000000001e-01
0.0000000000000000e+00
4.0000000000000002e-01
2.2191923692988297e-01
6.4571202213837231e-01
-5.6254188617342238e-01
3.8733110528439758e-02
4.3367922861347195e+00
1.6749845516426969e+01
5.9999999999999998e-01
-1.0000000000000001e-01
0.0000000000000000e+00
4.0000000000000002e-01
7.3526426986025717e-01
7.9110075409485425e-01
-9.1982748349779375e-01
5.0012040834874393e-02
4.4932001818189615e+00
1.6082790094359328e+01
5.9999999999999998e-01
-1.0000000000000001e-01
0.0000000000000000e+00
4.0000000000000002e-01
7.3526426986025717e-01
9.1098479397369947e-01
-9.2579916974180465e-01
3.3209670763463262e-02
4.2096181083688728e+00
1.5764966632171085e+01
5.9999999999999998e-01
-1.0000000000000001e-01
0.0000000000000000e+00
4.0000000000000002e-01
5.5712332636283790e-01
1.0086012944705638e+00
-4.9229673090973025e-01
5.0571113005280971e-02
4.4890999827752118e+00
1.5780946397526671e+01
5.9999999999999998e-01
-1.0000000000000001e-01
0.0000000000000000e+00
4.0000000000000002e-01
-4.4702085763050170e-01
9.2168295521809185e-01
1.2856649976572859e-01
7.6437178030610564e-02
4.1489899251828195e+00
1.4715574031813553e+01
5.9999999999999998e-01
-1.0000000000000001e-01
0.0000000000000000e+00
4.0000000000000002e-01
-6.1036117397082901e-01
9.8457430054022410e-01
4.1562128823599687e-01
7.7728426843882092e-02
3.7352101896176340e+00
1.4332403075440340e+01
5.9999999999999998e-01
-1.0000000000000001e-01
0.0000000000000000e+00
4.0000000000000002e-01
-8.5626092515719987e-01
1.0355972877867374e+00
-7.0236243564286349e-01
3.2834678798914441e-02
4.0227148954043388e+00
1.3844246846182756e+01
5.9999999999999998e-01
-1.0000000000000001e-01
0.0000000000000000e+00
4.0000000000000002e-01
-4.4430620193315606e-01
9.8637171692921266e-01
-7.0236243564286349e-01
3.4130227997899540e-02
4.1519423488745693e+00
1.4414289334161690e+01
5.9999999999999998e-01
-1.0000000000000001e-01
0.0000000000000000e+00
4.0000000000000002e-01
-3.5045982569290268e-01
9.6533977789951908e-01
-9.2616241354146123e-01
6.5238928034902097e-02
5.6034762379000194e+00
1.3913477781160287e+01
5.9999999999999998e-01
-1.0000000000000001e-01
0.0000000000000000e+00
4.0000000000000002e-01
-3.2074926197363007e-01
9.6706359252853746e-01
-9.2616241354146123e-01
4.1046918705106253e-02
5.7377786543438445e+00
1.3565559696896488e+01
5.9999999999999998e-01
-1.0000000000000001e-01
0.0000000000000000e+00
4.0000000000000002e-01
-2.2734528124166598e-01
1.0109161291537663e+00
-6.2822155523696077e-01
3.0078460529447074e-02
5.0211853843400487e+00
1.3476876058919840e+01
5.9999999999999998e-01
-1.0000000000000001e-01
0.0000000000000000e+00
4.0000000000000002e-01
-5.2691573709083661e-01
1.0452439520774266e+00
-3.7091993022360936e-01
3.6114278391004083e-02
5.3705514300832755e+00
1.3656728169067316e+01
5.9999999999999998e-01
-1.0000000000000001e-01
0.0000000000000000e+00
4.0000000000000002e-01
-1.7086713723672498e-01
1.1171954948870324e+00
3.4865580153069364e-01
3.6114278391004083e-02
4.5147687498698241e+00
1.3731427249802760e+01
5.9999999999999998e-01
-1.0000000000000001e-01
0.0000000000000000e+00
4.0000000000000002e-01
-3.4833765320314036e-01
1.1939845629898689e+00
9.5443287562928070e-01
3.4278335288167476e-02
4.6446681503424649e+00
1.4237754334254673e+01
5.9999999999999998e-01
-1.0000000000000001e-01
0.0000000000000000e+00
4.0000000000000002e-01
1.1955362506376638e-01
1.1043881785837792e+00
7.0861659568152302e-01
7.9154335692525390e-02
6.2367561463484762e+00
1.3638873798890522e+01
5.9999999999999998e-01
-1.0000000000000001e-01
0.0000000000000000e+00
4.0000000000000002e-01
8.1563045235146431e-02
1.0783266094891213e+00
2.1848947745165698e-01
5.7031254187226779e-02
6.5544986907610889e+00
1.2599010885997226e+01
5.9999999999999998e-01
-1.0000000000000001e-01
0.0000000000000000e+00
4.0000000000000002e-01
-1.1932598113847837e-01
1.1067977067200325e+00
8.9939706471166492e-01
2.4100106850266943e-02
7.0184538213754291e+00
1.3172950621439625e+01
5.9999999999999998e-01
-1.0000000000000001e-01
0.0000000000000000e+00
4.0000000000000002e-01
1.3226520300077332e-01
1.1059968785015724e+00
7.2539831426343793e-01
2.4100106850266943e-02
6.5866660205865495e+00
1.3318330737693717e+01
5.9999999999999998e-01
-1.0000000000000001e-01
0.0000000000000000e+00
4.0000000000000002e-01
-6.2084796279502974e-01
1.1154788719979902e+00
4.4661931183538311e-01
4.6640788316727168e-02
6.0384538619065866e+00
1.2824082317693641e+01
5.9999999999999998e-01
-1.0000000000000001e-01
0.0000000000000000e+00
4.0000000000000002e-01
-4.7884191483093363e-01
1.1519847146240851e+00
-2.3992642495432021e-01
7.9495755553246020e-02
5.5306366292977920e+00
1.2649081554754186e+01
5.9999999999999998e-01
-1.0000000000000001e-01
0.0000000000000000e+00
4.0000000000000002e-01
1.7537910379635230e-01
1.1903043061463019e+00
2.7920545269152991e-01
6.6108882546425343e-02
5.5072433857465368e+00
1.2581438335521627e+01
5.9999999999999998e-01
-1.0000000000000001e-01
0.0000000000000000e+00
4.0000000000000002e-01
7.2344839014278783e-01
1.2610540426937720e+00
2.4010835457942351e-01
5.1395366698503975e-02
5.7946181988561731e+00
1.2448831803841996e+01
5.9999999999999998e-01
-1.0000000000000001e-01
0.0000000000000000e+00
4.0000000000000002e-01
4.4265157617794415e-01
1.2497470725742956e+00
-5.1934836615110780e-02
5.3025691658258919e-02
5.8962315684402569e+00
1.1822770531220842e+01
5.9999999999999998e-01
-1.0000000000000001e-01
0.0000000000000000e+00
4.0000000000000002e-01
8.3764229096638099e-01
1.2125090225605151e+00
-4.5977023910381926e-01
6.0040964275599004e-02
5.3974598175132860e+00
1.0992483700557161e+01
5.9999999999999998e-01
-1.0000000000000001e-01
0.0000000000000000e+00
4.0000000000000002e-01
5.3755155764685991e-01
1.1809489311208805e+00
-4.5977023910381926e-01
3.8433083087206360e-02
5.6239970496142488e+00
1.0942582882686068e+01
5.9999999999999998e-01
-1.0000000000000001e-01
0.0000000000000000e+00
4.0000000000000002e-01
