27
4
2.0000000000000000e-02
0.0000000000000000e+00
6.3829787234042548e-02
0.0000000000000000e+00
2.8070175438596490e-01
0.0000000000000000e+00
0.0000000000000000e+00
0.0000000000000000e+00
0.0000000000000000e+00
0.0000000000000000e+00
0.0000000000000000e+00
0.0000000000000000e+00
2.0408163265306121e-02
0.0000000000000000e+00
0.0000000000000000e+00
0.0000000000000000e+00
0.0000000000000000e+00
0.0000000000000000e+00
0.0000000000000000e+00
0.0000000000000000e+00
0.0000000000000000e+00
0.0000000000000000e+00
0.0000000000000000e+00
0.0000000000000000e+00
0.0000000000000000e+00
0.0000000000000000e+00
2.1000000000000001e-02
5.0000000000000003e-02
4.2999999999999997e-02
4.7000000000000000e-02
5.1999999999999998e-02
5.7000000000000002e-02
5.8999999999999997e-02
0.0000000000000000e+00
4.8000000000000001e-02
5.7000000000000002e-02
5.5000000000000000e-02
6.4000000000000001e-02
5.1999999999999998e-02
4.9000000000000002e-02
0.0000000000000000e+00
0.0000000000000000e+00
0.0000000000000000e+00
0.0000000000000000e+00
0.0000000000000000e+00
0.0000000000000000e+00
5.2999999999999999e-02
4.7000000000000000e-02
5.3999999999999999e-02
4.8000000000000001e-02
5.3999999999999999e-02
5.8000000000000003e-02
5.2999999999999999e-02
1.0000000000000000e+00
1.0000000000000000e+00
0.0000000000000000e+00
3.0000000000000000e+00
0.0000000000000000e+00
1.6000000000000000e+01
0.0000000000000000e+00
0.0000000000000000e+00
0.0000000000000000e+00
0.0000000000000000e+00
0.0000000000000000e+00
0.0000000000000000e+00
0.0000000000000000e+00
1.0000000000000000e+00
0.0000000000000000e+00
0.0000000000000000e+00
0.0000000000000000e+00
0.0000000000000000e+00
0.0000000000000000e+00
0.0000000000000000e+00
0.0000000000000000e+00
0.0000000000000000e+00
0.0000000000000000e+00
0.0000000000000000e+00
0.0000000000000000e+00
0.0000000000000000e+00
0.0000000000000000e+00
2.1000000000000000e+01
5.0000000000000000e+01
4.3000000000000000e+01
4.7000000000000000e+01
5.2000000000000000e+01
5.7000000000000000e+01
5.9000000000000000e+01
0.0000000000000000e+00
4.8000000000000000e+01
5.7000000000000000e+01
5.5000000000000000e+01
6.4000000000000000e+01
5.2000000000000000e+01
4.9000000000000000e+01
0.0000000000000000e+00
0.0000000000000000e+00
0.0000000000000000e+00
0.0000000000000000e+00
0.0000000000000000e+00
0.0000000000000000e+00
5.3000000000000000e+01
4.7000000000000000e+01
5.4000000000000000e+01
4.8000000000000000e+01
5.4000000000000000e+01
5.8000000000000000e+01
5.3000000000000000e+01
1.0000000000000000e+03
