11
4
5.1515151515151514e-01
8.1481481481481477e-01
3.9495798319327730e-01
2.4822695035460993e-01
0.0000000000000000e+00
0.0000000000000000e+00
0.0000000000000000e+00
0.0000000000000000e+00
0.0000000000000000e+00
0.0000000000000000e+00
4.7599999999999998e-01
2.6400000000000001e-01
2.1600000000000000e-01
2.3799999999999999e-01
2.8199999999999997e-01
0.0000000000000000e+00
0.0000000000000000e+00
0.0000000000000000e+00
0.0000000000000000e+00
0.0000000000000000e+00
0.0000000000000000e+00
1.0000000000000000e+00
6.8000000000000000e+01
8.8000000000000000e+01
4.7000000000000000e+01
3.5000000000000000e+01
0.0000000000000000e+00
0.0000000000000000e+00
0.0000000000000000e+00
0.0000000000000000e+00
0.0000000000000000e+00
0.0000000000000000e+00
2.3800000000000000e+02
1.3200000000000000e+02
1.0800000000000000e+02
1.1900000000000000e+02
1.4100000000000000e+02
0.0000000000000000e+00
0.0000000000000000e+00
0.0000000000000000e+00
0.0000000000000000e+00
0.0000000000000000e+00
0.0000000000000000e+00
5.0000000000000000e+02
