smooth_mean, smooth_sdev, filter_mean, filter_sdev, x
0.0462965,7.15064e-16,0.0462965,7.15064e-16,0.0171407
0.0352801,7.15064e-16,0.0187938,0.00125842,0.00259957
0.0327164,1.87444e-16,0.0075964,0.00107678,0.0157893
0.0556672,5.62332e-16,0.00305968,0.00182601,0.0211617
0.112274,7.08121e-16,0.00133257,0.00358994,0.00468554
-0.0219748,3.05464e-16,0.000410981,0.00175726,0.00407308
-0.0287135,4.51254e-16,-0.000131332,0.00243951,-0.00279183
0.000697269,8.02711e-18,-0.000276675,0.00159223,-0.0196827
-0.0564719,6.24813e-17,-0.00067176,0.00330981,-0.00623935
0.0655202,1.02747e-15,-0.000247386,0.00505653,-0.00919603
0.0395917,4.92908e-16,3.37896e-05,0.00326741,-0.00561408
0.197595,1.6384e-15,0.000653949,0.0109137,-0.0162968
0.00761202,9.89287e-17,0.000163729,0.00369831,-0.00533855
-0.00392663,0.00443332,-6.28095e-05,0.0014214,-0.00594979
0.000929757,0.0064703,2.63928e-05,0.00191139,0.00179382
0.000777049,0.00299317,0.00020675,0.00184148,0.0159614
0.000272675,0.00161055,0.000141756,0.00111753,0.00202846
4.57762e-05,0.00113268,6.98158e-05,0.000859164,-0.00737575
2.30877e-05,0.000439741,3.89715e-05,0.000757302,-0.0179734
0.00016725,0.000969653,3.95737e-05,0.000808761,-0.0114117
-4.52633e-05,0.00200812,3.39604e-05,0.00100112,-0.00760471
-0.000513997,0.00404974,-0.000101331,0.00179064,0.00845445
0.0010327,0.00737637,8.29509e-05,0.00261017,0.0143939
-7.90461e-05,0.00111304,3.20015e-06,0.00107077,-0.00115329
0.000156839,0.00148703,-4.7571e-05,0.000975781,0.00294674
-3.21744e-05,0.000845048,-7.94241e-06,0.000820524,0.0028227
-8.26395e-05,0.00178217,5.31686e-06,0.000861329,-0.0059792
-0.000514762,0.0033978,-2.2776e-05,0.00135249,-0.00195208
-0.000690314,0.00237264,-4.99757e-05,0.000986943,0.00112073
0.000115373,0.00224313,1.02227e-05,0.0010473,0.00954812
0.00031868,0.00262649,4.34638e-05,0.00118152,0.012394
-0.000159818,0.00290598,3.35732e-05,0.00101497,0.0178884
0.000683663,0.0017004,9.71971e-05,0.00088097,0.0223448
0.000211439,0.000932224,7.57544e-05,0.000785339,0.0134916
-1.62269e-05,0.000706398,-2.93838e-05,0.00075063,0.00433234
0.000359733,0.00376084,5.63709e-05,0.0011375,-0.00248234
0.000289329,0.00164406,4.29123e-05,0.000880528,0.00378636
-7.12839e-07,0.0019266,-0.00010296,0.00112673,-0.00486579
0.000573743,0.000698635,-1.46893e-05,0.000786443,-0.00824087
-0.000262615,0.00566719,-2.21987e-05,0.00152257,-0.0112895
-0.000499785,0.00580862,-9.94212e-05,0.00247396,-0.00549096
0.00065096,0.00146948,-1.94008e-05,0.00120419,-0.00722791
0.000503803,0.00219542,5.70521e-06,0.000954861,-0.0331738
0.000288524,0.00209339,2.02409e-05,0.000987338,-0.0341295
-0.000201517,0.000716213,3.63906e-05,0.000808164,-0.00454564
0.000530585,0.00258807,4.43284e-05,0.00143212,-0.00834794
-0.000682015,0.00419648,-2.67536e-05,0.00128973,0.0067998
0.000329371,0.00418511,6.91366e-05,0.00186088,-0.000443436
0.000309863,0.00303843,1.35159e-05,0.00123909,0.00402434
-0.00071233,0.00444172,-4.11325e-05,0.00130822,0.0095886
-0.000977089,0.00672469,-0.000154928,0.00286374,0.0106406
-0.00059004,0.00434789,-6.42834e-05,0.00167205,-0.00618576
-0.000382713,0.00373844,-4.27982e-05,0.00150196,-0.00453365
-3.71522e-06,0.00108001,-0.000101417,0.00101024,-0.0219167
0.000408628,0.000921179,-5.66712e-05,0.000849282,-0.0100381
0.000624525,0.00456905,5.00311e-05,0.00171251,0.00114174
8.63212e-05,0.00255862,0.000116821,0.0012751,-0.00769702
0.000807636,0.00588208,0.000116077,0.00212563,-0.0140733
0.000132109,0.00102155,-4.37099e-07,0.00113849,-0.0107384
-0.00024547,0.000913488,4.58551e-05,0.000829241,-0.0191463
-0.000255467,0.00230214,2.34247e-06,0.000915121,-0.0119918
-0.000351208,0.000876789,2.12483e-05,0.000803713,-0.0165536
-7.8417e-05,0.000896613,5.78248e-05,0.00077386,-0.0225168
-6.21379e-05,0.00221371,0.000106153,0.00110921,-0.0124148
-0.000387404,0.00145914,5.67992e-05,0.000867248,-0.0146871
-0.000840502,0.00492376,-0.000127359,0.00215162,-0.00930119
-0.000781616,0.00531382,-0.000106131,0.00191823,-0.00699921
0.000999399,0.0039836,4.73535e-05,0.00153817,0.00999687
0.000448508,0.000781741,5.7429e-06,0.000751917,-0.000133299
-0.000236215,0.00300731,-3.64057e-05,0.00122571,0.0092046
0.000471371,0.00391357,2.40078e-05,0.00175712,-0.0119035
0.00066921,0.00665019,8.5518e-05,0.00233998,-0.0416435
0.000722666,0.00280164,4.11839e-05,0.00149334,-0.0126452
0.000872346,0.00453374,0.000138337,0.00175718,-0.025487
0.000952028,0.00340059,4.43182e-05,0.00120953,-0.0276816
0.000211161,0.000854311,4.73969e-06,0.000732896,-0.012852
-2.63264e-05,0.00168553,1.71176e-05,0.000868369,-0.00872369
-0.00117567,0.00637536,-0.000155768,0.00227633,0.00138378
0.000141064,0.00115611,-8.42325e-06,0.000795274,-0.00226127
-0.00030067,0.000913999,1.60607e-05,0.000761034,0.000778533
0.000307013,0.00535202,3.43555e-05,0.00147019,0.00848371
-0.000691587,0.000760465,-6.63327e-05,0.000789343,0.0206876
-0.000808159,0.00119137,-4.96627e-05,0.000862627,0.0117071
0.0001283,0.00192981,2.80746e-05,0.000962059,0.0255316
-0.00117048,0.00747146,-0.000138164,0.00316656,0.00724725
-0.00119166,0.00789265,-0.000192468,0.00345878,0.00315293
-0.000198919,0.00234413,-2.55595e-06,0.00158223,0.00436835
0.000876125,0.0045943,3.95733e-05,0.00141741,-0.00666227
0.000460585,0.00136507,7.90516e-06,0.00089251,-0.000745054
8.58773e-05,0.00105899,-3.96899e-05,0.00083883,0.0100385
-0.000207981,0.00274565,-4.56944e-05,0.00120152,0.00294558
-0.000207459,0.00179297,-6.41529e-05,0.00091606,0.0245505
-0.000693209,0.00351136,-9.6322e-05,0.00138825,0.0127475
0.00017296,0.000824739,-1.29544e-05,0.00083997,0.00667186
0.000502361,0.00251254,3.76743e-05,0.00112125,0.0139882
-3.61344e-05,0.00124417,-1.55713e-05,0.000854513,-0.00390958
-0.000201477,0.00378426,-1.43897e-05,0.00116926,-0.0138703
-0.000507823,0.00683424,-7.0468e-05,0.00288635,-0.00536363
-0.000303179,0.00268115,-6.4344e-05,0.00157944,0.00730688
0.000284795,0.0039075,0.000103046,0.00178169,-0.0227363
0.000810808,0.00584184,0.00018287,0.00260221,-0.0160507
0.00126995,0.00674869,0.000147364,0.00248056,-0.00809432
0.00111141,0.00482748,5.85346e-05,0.00175468,-0.0224326
0.000652355,0.00569965,8.464e-05,0.00162289,-0.0274189
-0.000334104,0.00397775,-2.96853e-05,0.0012221,-0.0209384
-0.000401061,0.00223499,-4.16924e-05,0.00104326,-0.039967
0.000515766,0.00454208,0.000127272,0.00200272,-0.0201054
0.000571324,0.00184613,8.89475e-05,0.000961355,-0.0291586
-6.199e-05,0.00238466,-4.3009e-05,0.00104302,-0.0176172
0.000130445,0.00224271,-7.56623e-05,0.00101627,-0.0217444
0.000107639,0.00107653,-4.33137e-05,0.000851046,-0.00978535
-0.000687798,0.00365313,-0.000171992,0.00188597,-0.0114497
-0.000146737,0.000708917,-5.6608e-05,0.000930903,-0.0148061
-0.000433703,0.00330014,-9.1475e-05,0.00151889,-0.00977838
-0.000209096,0.00104799,-4.05124e-05,0.000868872,0.000759291
0.000935289,0.00744116,0.00018895,0.00312881,-0.0124507
0.00102981,0.00816873,0.000465989,0.00498284,-0.00647923
0.00143939,0.00949128,0.000176763,0.00277963,-0.0169443
0.00118211,0.00905651,0.000371426,0.00437671,-0.0379368
0.00091806,0.00606671,8.63462e-05,0.00186445,-0.0290593
0.000569149,0.00419521,0.000144355,0.0021077,0.000380305
0.000367309,0.0038446,0.000113904,0.00165305,0.00304701
-0.00020916,0.000976467,7.38092e-05,0.000812541,0.0052896
0.000574628,0.00313384,0.000106748,0.00149346,-0.00281399
0.000487707,0.00144208,2.66779e-05,0.000905337,0.0120356
0.000834003,0.00702709,9.78604e-05,0.00181273,-0.000629818
0.000337419,0.0033999,3.82968e-05,0.00134481,-0.00598085
-0.000115142,0.000732634,2.4764e-05,0.000872943,0.00909315
0.00047906,0.00281318,4.43885e-05,0.00103494,-0.00711548
0.000496539,0.00304168,3.2424e-06,0.00106114,0.00657329
0.000397137,0.000953139,-3.63925e-05,0.000816205,0.00962215
0.000289088,0.00112343,3.43237e-05,0.000833458,-0.002526
-0.000495256,0.00338206,-3.31983e-05,0.00153606,0.0199918
0.000769779,0.00606908,0.000117314,0.00218391,0.000100362
0.00030496,0.00350636,0.000143079,0.00176456,0.00407607
0.000476597,0.00346926,9.69396e-05,0.00114362,0.00182495
0.000775451,0.00343231,-6.44258e-06,0.00109643,-0.00579582
0.000300282,0.000873164,1.31692e-05,0.00077786,-0.0122836
0.000337876,0.000811571,6.61619e-05,0.00075997,0.00443329
0.000848643,0.00460366,0.00014947,0.00169949,-0.00614513
0.000477594,0.00306753,5.49951e-05,0.00112513,-0.0219985
0.00101214,0.00697989,8.98684e-05,0.00245018,-0.0178071
0.000452421,0.00247237,6.44512e-05,0.00110845,-0.0169149
0.000254419,0.00141518,4.98945e-05,0.000836021,-0.00504857
-1.69343e-06,0.000709797,2.09124e-05,0.000750406,-0.015117
0.000110348,0.000722507,9.91317e-06,0.000728229,0.00987634
0.000116246,0.000625254,-7.28906e-07,0.000766506,0.00167095
0.000153253,0.00121472,5.10905e-05,0.000753665,0.0173437
-5.99461e-05,0.000592723,3.6268e-05,0.00076092,0.0166995
-0.000114988,0.000678444,5.44145e-05,0.000767606,-0.00195386
-2.6576e-06,0.000922359,3.59842e-05,0.000806061,0.00148633
0.000124568,0.00109589,6.56227e-05,0.000841466,0.00475528
-0.00010058,0.0012612,8.43392e-05,0.000927832,0.0123213
4.00075e-05,0.000857146,2.96748e-05,0.000778564,0.0116573
0.000197639,0.00117553,1.92003e-05,0.000826557,0.0174185
0.000260813,0.000956204,1.18188e-05,0.000795577,0.00911125
-5.1741e-05,0.00075549,4.71852e-06,0.000755595,-0.00683696
-5.04439e-06,0.000711102,-2.69718e-05,0.000743087,0.00466278
-3.42727e-05,0.00126011,-5.41843e-05,0.000767494,-0.00666804
-1.59142e-05,0.00068274,-4.74802e-05,0.000742605,-0.00917938
0.000132113,0.00114181,6.79286e-06,0.000812326,-0.0176862
-0.000152418,0.00115503,7.21322e-05,0.000825943,-0.0052636
-0.000192126,0.00102914,-2.79781e-05,0.000779343,-0.00621023
-2.57826e-05,0.000590287,-9.24462e-06,0.000788399,-0.000505835
-0.000151045,0.000768844,-3.04828e-05,0.000749727,-0.0177902
-0.000113223,0.000811534,1.34163e-05,0.000785891,-0.0219388
5.40816e-05,0.000652797,3.18209e-05,0.000740639,-0.00968972
0.00012805,0.000953227,-3.12859e-07,0.000730123,-0.00998275
7.14385e-05,0.000892635,3.63062e-05,0.000757558,-0.00337764
-5.79374e-05,0.00072818,1.16702e-05,0.00078924,-0.00923337
1.71361e-05,0.000787986,1.06571e-05,0.000780209,0.00290878
5.32182e-05,0.00103181,2.53549e-05,0.00078733,-0.00758433
7.7567e-05,0.000749047,1.3752e-05,0.000759696,-0.0204208
-0.000126322,0.00106513,-4.23911e-05,0.000836674,-0.0182944
-0.000203327,0.000957874,-2.2816e-05,0.000803083,0.00147509
6.24179e-05,0.000921204,-2.88039e-05,0.000798893,0.0141869
-3.23191e-05,0.00105043,1.92121e-05,0.000832369,0.0137407
-2.68631e-06,0.000747883,5.12134e-05,0.000776006,0.0140826
-0.000119844,0.000768228,2.57536e-05,0.000788464,-0.00933263
0.000164324,0.000906299,7.78075e-05,0.000738094,0.015158
0.000211781,0.00116989,3.29689e-05,0.000794106,-0.0136532
0.000218249,0.00105891,-3.13349e-05,0.000838315,-0.0179002
0.000106859,0.000791878,-5.64582e-05,0.000793954,0.0157445
-0.000111388,0.000695111,-2.34048e-05,0.000738909,0.0351167
-0.000100933,0.000715968,-3.96181e-05,0.00075293,0.0260492
-7.07505e-05,0.000738388,5.96326e-06,0.000758452,0.0207877
1.06922e-05,0.000731732,-3.57531e-06,0.000736585,0.0147449
5.7714e-05,0.000745389,7.03532e-05,0.000742388,0.00414687
6.75651e-05,0.000695668,3.25959e-05,0.000767587,0.000357805
3.63894e-05,0.000799891,-2.03579e-05,0.000768399,-0.00672008
-0.000102762,0.00144573,-4.97254e-05,0.00112829,-0.0413537
-0.000102124,0.000915451,-5.23204e-05,0.000799244,-0.0431388
-4.83808e-05,0.000673356,-4.46153e-06,0.000712743,-0.0349124
-9.49123e-05,0.00115677,-2.99662e-06,0.000851866,-0.0308198
-4.51459e-05,0.000944105,-7.65059e-05,0.000830533,-0.0357025
8.00275e-05,0.000761038,-3.27331e-05,0.000769729,-0.0087105
0.000112983,0.000807127,4.31993e-05,0.000879562,0.00922076
-8.11721e-06,0.000734127,-2.4932e-05,0.000762813,0.0134573
4.53866e-06,0.000770398,1.83658e-05,0.000755279,0.00379542
9.98463e-06,0.000790476,3.43567e-05,0.000781232,0.0185397
3.40164e-05,0.000785494,3.40164e-05,0.000785494,0.0136392
