10
25
-7.1443703579317841e-01
9.3208987584733338e-02
9.2325445354916069e-01
8.9038139111449082e-05
5.0000000000000003e-02
2.9999999999999999e-02
5.9999999999999998e-01
-1.0000000000000001e-01
0.0000000000000000e+00
4.0000000000000002e-01
-5.6733379291903296e-01
5.6444568948172902e-02
9.2433573112822986e-01
8.9038139111449082e-05
5.0000000000000003e-02
2.9999999999999999e-02
5.9999999999999998e-01
-1.0000000000000001e-01
0.0000000000000000e+00
4.0000000000000002e-01
-8.2208666825406979e-02
6.1254097445630401e-02
9.8557576284743764e-01
8.9038139111449082e-05
5.0000000000000003e-02
2.9999999999999999e-02
5.9999999999999998e-01
-1.0000000000000001e-01
0.0000000000000000e+00
4.0000000000000002e-01
-8.9961001249563011e-01
6.4079135182225064e-02
9.8557576284743764e-01
8.9038139111449082e-05
5.0000000000000003e-02
2.9999999999999999e-02
5.9999999999999998e-01
-1.0000000000000001e-01
0.0000000000000000e+00
4.0000000000000002e-01
-9.1494253131162440e-01
4.3121250645243484e-02
9.2751326099969367e-01
8.9038139111449082e-05
5.0000000000000003e-02
2.9999999999999999e-02
5.9999999999999998e-01
-1.0000000000000001e-01
0.0000000000000000e+00
4.0000000000000002e-01
-9.2688399943124555e-01
2.5103063894831495e-02
9.2751326099969367e-01
8.9038139111449082e-05
5.0000000000000003e-02
2.9999999999999999e-02
5.9999999999999998e-01
-1.0000000000000001e-01
0.0000000000000000e+00
4.0000000000000002e-01
-9.2688399943124555e-01
4.1908875680291009e-02
9.2432997108437043e-01
8.9038139111449082e-05
5.0000000000000003e-02
2.9999999999999999e-02
5.9999999999999998e-01
-1.0000000000000001e-01
0.0000000000000000e+00
4.0000000000000002e-01
-5.8838740321409011e-01
6.5209380769426853e-02
9.2432997108437043e-01
1.2872416630861636e-04
5.0000000000000003e-02
2.9999999999999999e-02
5.9999999999999998e-01
-1.0000000000000001e-01
0.0000000000000000e+00
4.0000000000000002e-01
-5.9371389749061376e-01
4.6151436552698648e-02
9.2432997108437043e-01
1.2872416630861636e-04
5.0000000000000003e-02
2.9999999999999999e-02
5.9999999999999998e-01
-1.0000000000000001e-01
0.0000000000000000e+00
4.0000000000000002e-01
-6.1201170923721104e-01
3.1709019957515336e-02
9.8241220594383694e-01
1.2872416630861636e-04
5.0000000000000003e-02
2.9999999999999999e-02
5.9999999999999998e-01
-1.0000000000000001e-01
0.0000000000000000e+00
4.0000000000000002e-01
-1.6935940625678805e-01
4.7671493955585099e-02
9.8241220594383694e-01
5.4210338713276138e-03
5.0000000000000003e-02
2.9999999999999999e-02
5.9999999999999998e-01
-1.0000000000000001e-01
0.0000000000000000e+00
4.0000000000000002e-01
-4.1481690140973837e-01
4.8838387630316352e-02
9.8114255302585573e-01
5.7704548426764958e-03
5.0000000000000003e-02
2.9999999999999999e-02
5.9999999999999998e-01
-1.0000000000000001e-01
0.0000000000000000e+00
4.0000000000000002e-01
-2.5225191625367910e-01
4.8988594515244399e-02
9.8114255302585573e-01
5.7704548426764958e-03
5.0000000000000003e-02
2.9999999999999999e-02
5.9999999999999998e-01
-1.0000000000000001e-01
0.0000000000000000e+00
4.0000000000000002e-01
4.1284320083845349e-01
4.6438272399823101e-02
9.8114255302585573e-01
5.7704548426764958e-03
5.0000000000000003e-02
2.9999999999999999e-02
5.9999999999999998e-01
-1.0000000000000001e-01
0.0000000000000000e+00
4.0000000000000002e-01
-1.0566106649648457e-01
4.4337086854497824e-02
9.8114255302585573e-01
9.8561584993499280e-03
5.0000000000000003e-02
2.9999999999999999e-02
5.9999999999999998e-01
-1.0000000000000001e-01
0.0000000000000000e+00
4.0000000000000002e-01
-1.3503536077749043e-01
4.5560893171648416e-02
9.8114255302585573e-01
5.2830821170705327e-03
5.0000000000000003e-02
2.9999999999999999e-02
5.9999999999999998e-01
-1.0000000000000001e-01
0.0000000000000000e+00
4.0000000000000002e-01
-6.4641913923036354e-01
6.0054430224816234e-02
9.2829099767841305e-01
7.6358010997153170e-05
5.0000000000000003e-02
2.9999999999999999e-02
5.9999999999999998e-01
-1.0000000000000001e-01
0.0000000000000000e+00
4.0000000000000002e-01
-2.6341524156343238e-01
9.2619857547203921e-02
9.5223527782596551e-01
7.6358010997153170e-05
5.0000000000000003e-02
2.9999999999999999e-02
5.9999999999999998e-01
-1.0000000000000001e-01
0.0000000000000000e+00
4.0000000000000002e-01
-8.0898442590348785e-02
5.0457088519479082e-02
9.5223527782596551e-01
7.6358010997153170e-05
5.0000000000000003e-02
2.9999999999999999e-02
5.9999999999999998e-01
-1.0000000000000001e-01
0.0000000000000000e+00
4.0000000000000002e-01
9.2800081697691184e-01
6.9610696059609692e-02
9.5223527782596551e-01
7.6358010997153170e-05
5.0000000000000003e-02
2.9999999999999999e-02
5.9999999999999998e-01
-1.0000000000000001e-01
0.0000000000000000e+00
4.0000000000000002e-01
5.5126556364286639e-01
9.4009806036013097e-02
9.5223527782596551e-01
1.3317883788151229e-04
5.0000000000000003e-02
2.9999999999999999e-02
5.9999999999999998e-01
-1.0000000000000001e-01
0.0000000000000000e+00
4.0000000000000002e-01
7.9983093416578610e-02
1.4381006565328214e-01
9.5223527782596551e-01
1.3317883788151229e-04
5.0000000000000003e-02
2.9999999999999999e-02
5.9999999999999998e-01
-1.0000000000000001e-01
0.0000000000000000e+00
4.0000000000000002e-01
9.8205685762155759e-01
1.5785152157779309e-01
9.3630714409984550e-01
1.3317883788151229e-04
5.0000000000000003e-02
2.9999999999999999e-02
5.9999999999999998e-01
-1.0000000000000001e-01
0.0000000000000000e+00
4.0000000000000002e-01
8.5305099753130187e-01
1.1126046833153343e-01
9.3630714409984550e-01
1.3317883788151229e-04
5.0000000000000003e-02
2.9999999999999999e-02
5.9999999999999998e-01
-1.0000000000000001e-01
0.0000000000000000e+00
4.0000000000000002e-01
5.7652984110105743e-01
1.4892013119693373e-01
9.3630714409984550e-01
1.3317883788151229e-04
5.0000000000000003e-02
2.9999999999999999e-02
5.9999999999999998e-01
-1.0000000000000001e-01
0.0000000000000000e+00
4.0000000000000002e-01
