11
4
4.6400000000000002e-01
7.2357723577235777e-01
4.5669291338582679e-01
1.7599999999999999e-01
0.0000000000000000e+00
0.0000000000000000e+00
0.0000000000000000e+00
0.0000000000000000e+00
0.0000000000000000e+00
0.0000000000000000e+00
4.5400000000000001e-01
2.5000000000000000e-01
2.4600000000000000e-01
2.5400000000000000e-01
2.5000000000000000e-01
0.0000000000000000e+00
0.0000000000000000e+00
0.0000000000000000e+00
0.0000000000000000e+00
0.0000000000000000e+00
0.0000000000000000e+00
1.0000000000000000e+00
5.8000000000000000e+01
8.9000000000000000e+01
5.8000000000000000e+01
2.2000000000000000e+01
0.0000000000000000e+00
0.0000000000000000e+00
0.0000000000000000e+00
0.0000000000000000e+00
0.0000000000000000e+00
0.0000000000000000e+00
2.2700000000000000e+02
1.2500000000000000e+02
1.2300000000000000e+02
1.2700000000000000e+02
1.2500000000000000e+02
0.0000000000000000e+00
0.0000000000000000e+00
0.0000000000000000e+00
0.0000000000000000e+00
0.0000000000000000e+00
0.0000000000000000e+00
5.0000000000000000e+02
