11
4
1.9285714285714287e-01
1.9327731092436976e-01
9.1666666666666663e-01
9.0909090909090906e-01
0.0000000000000000e+00
0.0000000000000000e+00
0.0000000000000000e+00
0.0000000000000000e+00
0.0000000000000000e+00
0.0000000000000000e+00
5.4000000000000004e-01
2.8000000000000003e-01
2.3799999999999999e-01
2.3999999999999999e-01
2.4199999999999999e-01
0.0000000000000000e+00
0.0000000000000000e+00
0.0000000000000000e+00
0.0000000000000000e+00
0.0000000000000000e+00
0.0000000000000000e+00
1.0000000000000000e+00
2.7000000000000000e+01
2.3000000000000000e+01
1.1000000000000000e+02
1.1000000000000000e+02
0.0000000000000000e+00
0.0000000000000000e+00
0.0000000000000000e+00
0.0000000000000000e+00
0.0000000000000000e+00
0.0000000000000000e+00
2.7000000000000000e+02
1.4000000000000000e+02
1.1900000000000000e+02
1.2000000000000000e+02
1.2100000000000000e+02
0.0000000000000000e+00
0.0000000000000000e+00
0.0000000000000000e+00
0.0000000000000000e+00
0.0000000000000000e+00
0.0000000000000000e+00
5.0000000000000000e+02
