10
16
-3.5685901078462606e-01
5.0022975034639219e-02
4.6390017218887780e-01
7.4152055336050737e-02
5.0000000000000003e-02
2.9999999999999999e-02
5.9999999999999998e-01
-1.0000000000000001e-01
0.0000000000000000e+00
4.0000000000000002e-01
-5.4625062438726435e-01
5.2348384461328369e-02
5.5948938794434044e-01
8.4318814827911606e-02
5.0000000000000003e-02
2.9999999999999999e-02
5.9999999999999998e-01
-1.0000000000000001e-01
0.0000000000000000e+00
4.0000000000000002e-01
-4.5818921777486810e-01
5.4095731024667602e-02
3.0495673604309537e-01
4.3489455270580991e-02
5.0000000000000003e-02
2.9999999999999999e-02
5.9999999999999998e-01
-1.0000000000000001e-01
0.0000000000000000e+00
4.0000000000000002e-01
-3.6609886678934106e-01
5.1371723768040521e-02
2.9368854977190467e-01
3.6674199909381616e-02
5.0000000000000003e-02
2.9999999999999999e-02
5.9999999999999998e-01
-1.0000000000000001e-01
0.0000000000000000e+00
4.0000000000000002e-01
-4.2923675539970407e-01
5.1371723768040521e-02
4.9811072446405857e-01
8.2874254157953020e-02
5.0000000000000003e-02
2.9999999999999999e-02
5.9999999999999998e-01
-1.0000000000000001e-01
0.0000000000000000e+00
4.0000000000000002e-01
-3.3075741472721110e-01
4.7686124607846131e-02
6.4281346268951856e-01
8.7645225021056886e-02
5.0000000000000003e-02
2.9999999999999999e-02
5.9999999999999998e-01
-1.0000000000000001e-01
0.0000000000000000e+00
4.0000000000000002e-01
-1.0078388976931582e-01
4.7686124607846131e-02
6.2680443711578815e-01
1.1265555290024734e-01
5.0000000000000003e-02
2.9999999999999999e-02
5.9999999999999998e-01
-1.0000000000000001e-01
0.0000000000000000e+00
4.0000000000000002e-01
3.3240330886960018e-01
4.5732279755994670e-02
5.2318230576813196e-01
1.1504205091934656e-01
5.0000000000000003e-02
2.9999999999999999e-02
5.9999999999999998e-01
-1.0000000000000001e-01
0.0000000000000000e+00
4.0000000000000002e-01
7.3600205601453667e-02
4.6355152716264121e-02
5.4403872259892505e-01
9.5645161962918987e-02
5.0000000000000003e-02
2.9999999999999999e-02
5.9999999999999998e-01
-1.0000000000000001e-01
0.0000000000000000e+00
4.0000000000000002e-01
9.1751167075037859e-02
4.6632976202294223e-02
4.5802242525853193e-01
9.1480749893896346e-02
5.0000000000000003e-02
2.9999999999999999e-02
5.9999999999999998e-01
-1.0000000000000001e-01
0.0000000000000000e+00
4.0000000000000002e-01
2.7882960964858522e-01
4.4703332060053932e-02
3.4334180363453898e-01
8.9216015615873098e-02
5.0000000000000003e-02
2.9999999999999999e-02
5.9999999999999998e-01
-1.0000000000000001e-01
0.0000000000000000e+00
4.0000000000000002e-01
-9.0793999164104564e-02
4.7123181672543271e-02
4.7163479336537395e-01
5.6998919980861318e-02
5.0000000000000003e-02
2.9999999999999999e-02
5.9999999999999998e-01
-1.0000000000000001e-01
0.0000000000000000e+00
4.0000000000000002e-01
-2.9596680971860895e-01
4.7123181672543271e-02
5.7179844305850536e-01
8.9820115765072484e-02
5.0000000000000003e-02
2.9999999999999999e-02
5.9999999999999998e-01
-1.0000000000000001e-01
0.0000000000000000e+00
4.0000000000000002e-01
-1.4019810321807868e-01
4.9740451403111202e-02
4.2144727752543959e-01
8.8633105056025174e-02
5.0000000000000003e-02
2.9999999999999999e-02
5.9999999999999998e-01
-1.0000000000000001e-01
0.0000000000000000e+00
4.0000000000000002e-01
-5.3884712043285377e-01
5.1646713889837249e-02
5.8375624225474865e-01
8.1501783901639369e-02
5.0000000000000003e-02
2.9999999999999999e-02
5.9999999999999998e-01
-1.0000000000000001e-01
0.0000000000000000e+00
4.0000000000000002e-01
-4.1235547724246985e-01
4.9093975328057989e-02
6.7764346138574150e-01
7.4423221877701673e-02
5.0000000000000003e-02
2.9999999999999999e-02
5.9999999999999998e-01
-1.0000000000000001e-01
0.0000000000000000e+00
4.0000000000000002e-01
