3
25
-1.2954886799426898e+01
-1.2954886799426898e+01
0.0000000000000000e+00
-1.2399668209274605e+01
-1.2399668209274605e+01
0.0000000000000000e+00
-1.2136550298446885e+01
-1.2136550298446885e+01
0.0000000000000000e+00
-1.1999099255163367e+01
-1.1999099255163367e+01
0.0000000000000000e+00
-1.2922643028367453e+01
-1.2922643028367453e+01
0.0000000000000000e+00
-1.2910511325578257e+01
-1.2910511325578257e+01
0.0000000000000000e+00
-1.4154601330121229e+01
-1.4154601330121229e+01
0.0000000000000000e+00
-1.4530830427338401e+01
-1.4530830427338401e+01
0.0000000000000000e+00
-1.3119647584398631e+01
-1.3119647584398631e+01
0.0000000000000000e+00
-1.4086708694672687e+01
-1.4086708694672687e+01
0.0000000000000000e+00
-1.5698533328249500e+01
-1.5698533328249500e+01
0.0000000000000000e+00
-1.2481359120782699e+01
-1.2481359120782699e+01
0.0000000000000000e+00
-1.3743378065360275e+01
-1.3743378065360275e+01
0.0000000000000000e+00
-1.2755817941602706e+01
-1.2755817941602706e+01
0.0000000000000000e+00
-1.1833482558473438e+01
-1.1833482558473438e+01
0.0000000000000000e+00
-1.2694364468691614e+01
-1.2694364468691614e+01
0.0000000000000000e+00
-1.4147717556096499e+01
-1.4147717556096499e+01
0.0000000000000000e+00
-1.1964927429794487e+01
-1.1964927429794487e+01
0.0000000000000000e+00
-1.2935652721028619e+01
-1.2935652721028619e+01
0.0000000000000000e+00
-1.3489083430603504e+01
-1.3489083430603504e+01
0.0000000000000000e+00
-1.2121014959014133e+01
-1.2121014959014133e+01
0.0000000000000000e+00
-1.3538601135725216e+01
-1.3538601135725216e+01
0.0000000000000000e+00
-1.2291817724079955e+01
-1.2291817724079955e+01
0.0000000000000000e+00
-1.1979306523660078e+01
-1.1979306523660078e+01
0.0000000000000000e+00
-1.3267499057943978e+01
-1.3267499057943978e+01
0.0000000000000000e+00
