3
200
-1.6134673226013103e+01
-1.6134673226013103e+01
0.0000000000000000e+00
-1.6136737680510681e+01
-1.6136737680510681e+01
0.0000000000000000e+00
-1.6140175270932957e+01
-1.6140175270932957e+01
0.0000000000000000e+00
-1.6140920306948985e+01
-1.6140920306948985e+01
0.0000000000000000e+00
-1.6143522749516663e+01
-1.6143522749516663e+01
0.0000000000000000e+00
-1.6145109830552805e+01
-1.6145109830552805e+01
0.0000000000000000e+00
-1.6163989999736359e+01
-1.6163989999736359e+01
0.0000000000000000e+00
-1.6163260913795209e+01
-1.6163260913795209e+01
0.0000000000000000e+00
-1.6163374544554767e+01
-1.6163374544554767e+01
0.0000000000000000e+00
-1.6163601545231323e+01
-1.6163601545231323e+01
0.0000000000000000e+00
-1.6164025967671659e+01
-1.6164025967671659e+01
0.0000000000000000e+00
-1.6171319805147441e+01
-1.6171319805147441e+01
0.0000000000000000e+00
-1.6181817592073461e+01
-1.6181817592073461e+01
0.0000000000000000e+00
-1.6199443387235704e+01
-1.6199443387235704e+01
0.0000000000000000e+00
-1.6199527679857255e+01
-1.6199527679857255e+01
0.0000000000000000e+00
-1.6199152683378582e+01
-1.6199152683378582e+01
0.0000000000000000e+00
-1.6200727527457840e+01
-1.6200727527457840e+01
0.0000000000000000e+00
-1.6232650145290322e+01
-1.6232650145290322e+01
0.0000000000000000e+00
-1.6232365917089066e+01
-1.6232365917089066e+01
0.0000000000000000e+00
-1.6160074203774258e+01
-1.6160074203774258e+01
0.0000000000000000e+00
-1.6149112181211606e+01
-1.6149112181211606e+01
0.0000000000000000e+00
-1.6152849214956284e+01
-1.6152849214956284e+01
0.0000000000000000e+00
-1.6139493893656120e+01
-1.6139493893656120e+01
0.0000000000000000e+00
-1.6139515238701406e+01
-1.6139515238701406e+01
0.0000000000000000e+00
-1.6142080216209738e+01
-1.6142080216209738e+01
0.0000000000000000e+00
-1.6139642850808606e+01
-1.6139642850808606e+01
0.0000000000000000e+00
-1.6133871029036786e+01
-1.6133871029036786e+01
0.0000000000000000e+00
-1.6135177509158513e+01
-1.6135177509158513e+01
0.0000000000000000e+00
-1.6135183962121587e+01
-1.6135183962121587e+01
0.0000000000000000e+00
-1.6143379677374558e+01
-1.6143379677374558e+01
0.0000000000000000e+00
-1.6154535720107134e+01
-1.6154535720107134e+01
0.0000000000000000e+00
-1.6156400786735237e+01
-1.6156400786735237e+01
0.0000000000000000e+00
-1.6160830875269035e+01
-1.6160830875269035e+01
0.0000000000000000e+00
-1.6160560753153348e+01
-1.6160560753153348e+01
0.0000000000000000e+00
-1.6155465305243265e+01
-1.6155465305243265e+01
0.0000000000000000e+00
-1.6149157010078035e+01
-1.6149157010078035e+01
0.0000000000000000e+00
-1.6149213391900744e+01
-1.6149213391900744e+01
0.0000000000000000e+00
-1.6149222920062758e+01
-1.6149222920062758e+01
0.0000000000000000e+00
-1.6149348401127131e+01
-1.6149348401127131e+01
0.0000000000000000e+00
-1.6149212204236385e+01
-1.6149212204236385e+01
0.0000000000000000e+00
-1.6197968709616759e+01
-1.6197968709616759e+01
0.0000000000000000e+00
-1.6177092914928494e+01
-1.6177092914928494e+01
0.0000000000000000e+00
-1.6174572014578938e+01
-1.6174572014578938e+01
0.0000000000000000e+00
-1.6130016939347037e+01
-1.6130016939347037e+01
0.0000000000000000e+00
-1.6129998842610103e+01
-1.6129998842610103e+01
0.0000000000000000e+00
-1.6129999084232868e+01
-1.6129999084232868e+01
0.0000000000000000e+00
-1.6130006657119065e+01
-1.6130006657119065e+01
0.0000000000000000e+00
-1.6129999274140840e+01
-1.6129999274140840e+01
0.0000000000000000e+00
-1.6129583104779577e+01
-1.6129583104779577e+01
0.0000000000000000e+00
-1.6129583226857765e+01
-1.6129583226857765e+01
0.0000000000000000e+00
-1.6129581626906827e+01
-1.6129581626906827e+01
0.0000000000000000e+00
-1.6129585610349221e+01
-1.6129585610349221e+01
0.0000000000000000e+00
-1.6129584245394149e+01
-1.6129584245394149e+01
0.0000000000000000e+00
-1.6129582765652522e+01
-1.6129582765652522e+01
0.0000000000000000e+00
-1.6129564886299633e+01
-1.6129564886299633e+01
0.0000000000000000e+00
-1.6129566010537054e+01
-1.6129566010537054e+01
0.0000000000000000e+00
-1.6129566231717050e+01
-1.6129566231717050e+01
0.0000000000000000e+00
-1.6129562015635926e+01
-1.6129562015635926e+01
0.0000000000000000e+00
-1.6129570874623646e+01
-1.6129570874623646e+01
0.0000000000000000e+00
-1.6129574199070731e+01
-1.6129574199070731e+01
0.0000000000000000e+00
-1.6130015539614270e+01
-1.6130015539614270e+01
0.0000000000000000e+00
-1.6143762582143900e+01
-1.6143762582143900e+01
0.0000000000000000e+00
-1.6139790942676910e+01
-1.6139790942676910e+01
0.0000000000000000e+00
-1.6145690116738997e+01
-1.6145690116738997e+01
0.0000000000000000e+00
-1.6132998883174736e+01
-1.6132998883174736e+01
0.0000000000000000e+00
-1.6133043723311381e+01
-1.6133043723311381e+01
0.0000000000000000e+00
-1.6132698095905507e+01
-1.6132698095905507e+01
0.0000000000000000e+00
-1.6132724536445195e+01
-1.6132724536445195e+01
0.0000000000000000e+00
-1.6134116159278051e+01
-1.6134116159278051e+01
0.0000000000000000e+00
-1.6129475371074960e+01
-1.6129475371074960e+01
0.0000000000000000e+00
-1.6129670455155697e+01
-1.6129670455155697e+01
0.0000000000000000e+00
-1.6129997844736693e+01
-1.6129997844736693e+01
0.0000000000000000e+00
-1.6129475163651563e+01
-1.6129475163651563e+01
0.0000000000000000e+00
-1.6129475163651563e+01
-1.6129475163651563e+01
0.0000000000000000e+00
-1.6129475163651207e+01
-1.6129475163651207e+01
0.0000000000000000e+00
-1.6129475163651474e+01
-1.6129475163651474e+01
0.0000000000000000e+00
-1.6129475163651119e+01
-1.6129475163651119e+01
0.0000000000000000e+00
-1.6129475626438705e+01
-1.6129475626438705e+01
0.0000000000000000e+00
-1.6129475624990071e+01
-1.6129475624990071e+01
0.0000000000000000e+00
-1.6129475525103921e+01
-1.6129475525103921e+01
0.0000000000000000e+00
-1.6129475519413383e+01
-1.6129475519413383e+01
0.0000000000000000e+00
-1.6129475499436026e+01
-1.6129475499436026e+01
0.0000000000000000e+00
-1.6129475499436474e+01
-1.6129475499436474e+01
0.0000000000000000e+00
-1.6129475490345946e+01
-1.6129475490345946e+01
0.0000000000000000e+00
-1.6232656185586919e+01
-1.6232656185586919e+01
0.0000000000000000e+00
-1.6234707798022765e+01
-1.6234707798022765e+01
0.0000000000000000e+00
-1.6237390664816630e+01
-1.6237390664816630e+01
0.0000000000000000e+00
-1.6241941423998103e+01
-1.6241941423998103e+01
0.0000000000000000e+00
-1.6207071021833460e+01
-1.6207071021833460e+01
0.0000000000000000e+00
-1.6259042106449087e+01
-1.6259042106449087e+01
0.0000000000000000e+00
-1.6296787565896089e+01
-1.6296787565896089e+01
0.0000000000000000e+00
-1.6284944964346362e+01
-1.6284944964346362e+01
0.0000000000000000e+00
-1.6258667868010313e+01
-1.6258667868010313e+01
0.0000000000000000e+00
-1.6154492574023767e+01
-1.6154492574023767e+01
0.0000000000000000e+00
-1.6150469275683449e+01
-1.6150469275683449e+01
0.0000000000000000e+00
-1.6193532384661747e+01
-1.6193532384661747e+01
0.0000000000000000e+00
-1.6191748722001016e+01
-1.6191748722001016e+01
0.0000000000000000e+00
-1.6190708238096160e+01
-1.6190708238096160e+01
0.0000000000000000e+00
-1.6192398041467872e+01
-1.6192398041467872e+01
0.0000000000000000e+00
-1.6156856199171401e+01
-1.6156856199171401e+01
0.0000000000000000e+00
-1.6156808495475584e+01
-1.6156808495475584e+01
0.0000000000000000e+00
-1.6157735941854426e+01
-1.6157735941854426e+01
0.0000000000000000e+00
-1.6162427801315985e+01
-1.6162427801315985e+01
0.0000000000000000e+00
-1.6141512689647335e+01
-1.6141512689647335e+01
0.0000000000000000e+00
-1.6143090814875929e+01
-1.6143090814875929e+01
0.0000000000000000e+00
-1.6132366652543269e+01
-1.6132366652543269e+01
0.0000000000000000e+00
-1.6131030412446378e+01
-1.6131030412446378e+01
0.0000000000000000e+00
-1.6133253953952963e+01
-1.6133253953952963e+01
0.0000000000000000e+00
-1.6133160218034018e+01
-1.6133160218034018e+01
0.0000000000000000e+00
-1.6132789125871412e+01
-1.6132789125871412e+01
0.0000000000000000e+00
-1.6131323031123131e+01
-1.6131323031123131e+01
0.0000000000000000e+00
-1.6131277394073731e+01
-1.6131277394073731e+01
0.0000000000000000e+00
-1.6129705937840292e+01
-1.6129705937840292e+01
0.0000000000000000e+00
-1.6130218097105836e+01
-1.6130218097105836e+01
0.0000000000000000e+00
-1.6130017125825120e+01
-1.6130017125825120e+01
0.0000000000000000e+00
-1.6130013634198026e+01
-1.6130013634198026e+01
0.0000000000000000e+00
-1.6130019733739193e+01
-1.6130019733739193e+01
0.0000000000000000e+00
-1.6129914621355162e+01
-1.6129914621355162e+01
0.0000000000000000e+00
-1.6129912641601582e+01
-1.6129912641601582e+01
0.0000000000000000e+00
-1.6129913961995843e+01
-1.6129913961995843e+01
0.0000000000000000e+00
-1.6130946580409695e+01
-1.6130946580409695e+01
0.0000000000000000e+00
-1.6132560045859321e+01
-1.6132560045859321e+01
0.0000000000000000e+00
-1.6132637302807524e+01
-1.6132637302807524e+01
0.0000000000000000e+00
-1.6132668049590475e+01
-1.6132668049590475e+01
0.0000000000000000e+00
-1.6131170397908313e+01
-1.6131170397908313e+01
0.0000000000000000e+00
-1.6133208412358485e+01
-1.6133208412358485e+01
0.0000000000000000e+00
-1.6133449541987108e+01
-1.6133449541987108e+01
0.0000000000000000e+00
-1.6133401987796635e+01
-1.6133401987796635e+01
0.0000000000000000e+00
-1.6133858233983780e+01
-1.6133858233983780e+01
0.0000000000000000e+00
-1.6134084959135713e+01
-1.6134084959135713e+01
0.0000000000000000e+00
-1.6134032397010280e+01
-1.6134032397010280e+01
0.0000000000000000e+00
-1.6134620057343920e+01
-1.6134620057343920e+01
0.0000000000000000e+00
-1.6134606991392378e+01
-1.6134606991392378e+01
0.0000000000000000e+00
-1.6129530216340818e+01
-1.6129530216340818e+01
0.0000000000000000e+00
-1.6129531734657615e+01
-1.6129531734657615e+01
0.0000000000000000e+00
-1.6129527025487334e+01
-1.6129527025487334e+01
0.0000000000000000e+00
-1.6129527204413233e+01
-1.6129527204413233e+01
0.0000000000000000e+00
-1.6129526136009240e+01
-1.6129526136009240e+01
0.0000000000000000e+00
-1.6129828976937805e+01
-1.6129828976937805e+01
0.0000000000000000e+00
-1.6130190956247475e+01
-1.6130190956247475e+01
0.0000000000000000e+00
-1.6130014048485140e+01
-1.6130014048485140e+01
0.0000000000000000e+00
-1.6129991226022696e+01
-1.6129991226022696e+01
0.0000000000000000e+00
-1.6130016482074947e+01
-1.6130016482074947e+01
0.0000000000000000e+00
-1.6129945555188009e+01
-1.6129945555188009e+01
0.0000000000000000e+00
-1.6129999582312749e+01
-1.6129999582312749e+01
0.0000000000000000e+00
-1.6129993516456445e+01
-1.6129993516456445e+01
0.0000000000000000e+00
-1.6129563038196597e+01
-1.6129563038196597e+01
0.0000000000000000e+00
-1.6129561474631949e+01
-1.6129561474631949e+01
0.0000000000000000e+00
-1.6129571084770600e+01
-1.6129571084770600e+01
0.0000000000000000e+00
-1.6129653098222633e+01
-1.6129653098222633e+01
0.0000000000000000e+00
-1.6129792559536547e+01
-1.6129792559536547e+01
0.0000000000000000e+00
-1.6132977533946992e+01
-1.6132977533946992e+01
0.0000000000000000e+00
-1.6133194152104529e+01
-1.6133194152104529e+01
0.0000000000000000e+00
-1.6132975700982424e+01
-1.6132975700982424e+01
0.0000000000000000e+00
-1.6161631325661251e+01
-1.6161631325661251e+01
0.0000000000000000e+00
-1.6556556141205075e+01
-1.6556556141205075e+01
0.0000000000000000e+00
-1.6699244548084945e+01
-1.6699244548084945e+01
0.0000000000000000e+00
-1.6705428491939788e+01
-1.6705428491939788e+01
0.0000000000000000e+00
-1.6706753733492597e+01
-1.6706753733492597e+01
0.0000000000000000e+00
-1.6707389896831586e+01
-1.6707389896831586e+01
0.0000000000000000e+00
-1.6717910598864385e+01
-1.6717910598864385e+01
0.0000000000000000e+00
-1.6701450456809106e+01
-1.6701450456809106e+01
0.0000000000000000e+00
-1.6700594981153721e+01
-1.6700594981153721e+01
0.0000000000000000e+00
-1.6528375631435082e+01
-1.6528375631435082e+01
0.0000000000000000e+00
-1.6272468026202354e+01
-1.6272468026202354e+01
0.0000000000000000e+00
-1.6282896175798111e+01
-1.6282896175798111e+01
0.0000000000000000e+00
-1.6340796882133297e+01
-1.6340796882133297e+01
0.0000000000000000e+00
-1.6338427974040762e+01
-1.6338427974040762e+01
0.0000000000000000e+00
-1.6391283488715501e+01
-1.6391283488715501e+01
0.0000000000000000e+00
-1.6382826311292952e+01
-1.6382826311292952e+01
0.0000000000000000e+00
-1.6374427849773713e+01
-1.6374427849773713e+01
0.0000000000000000e+00
-1.6386104627740860e+01
-1.6386104627740860e+01
0.0000000000000000e+00
-1.6377195872388956e+01
-1.6377195872388956e+01
0.0000000000000000e+00
-1.6206597522761243e+01
-1.6206597522761243e+01
0.0000000000000000e+00
-1.6206771047760775e+01
-1.6206771047760775e+01
0.0000000000000000e+00
-1.6210968955285772e+01
-1.6210968955285772e+01
0.0000000000000000e+00
-1.6206822302109298e+01
-1.6206822302109298e+01
0.0000000000000000e+00
-1.6205405691437285e+01
-1.6205405691437285e+01
0.0000000000000000e+00
-1.6169983971285973e+01
-1.6169983971285973e+01
0.0000000000000000e+00
-1.6187526128241498e+01
-1.6187526128241498e+01
0.0000000000000000e+00
-1.6180975295982474e+01
-1.6180975295982474e+01
0.0000000000000000e+00
-1.6181213072203423e+01
-1.6181213072203423e+01
0.0000000000000000e+00
-1.6181200168822226e+01
-1.6181200168822226e+01
0.0000000000000000e+00
-1.6134099475386904e+01
-1.6134099475386904e+01
0.0000000000000000e+00
-1.6134435010818219e+01
-1.6134435010818219e+01
0.0000000000000000e+00
-1.6145729994635378e+01
-1.6145729994635378e+01
0.0000000000000000e+00
-1.6146218721749761e+01
-1.6146218721749761e+01
0.0000000000000000e+00
-1.6138596331212629e+01
-1.6138596331212629e+01
0.0000000000000000e+00
-1.6142715688902207e+01
-1.6142715688902207e+01
0.0000000000000000e+00
-1.6143893641441728e+01
-1.6143893641441728e+01
0.0000000000000000e+00
-1.6143873688180431e+01
-1.6143873688180431e+01
0.0000000000000000e+00
-1.6129919085090034e+01
-1.6129919085090034e+01
0.0000000000000000e+00
-1.6129921409574354e+01
-1.6129921409574354e+01
0.0000000000000000e+00
-1.6182060055017459e+01
-1.6182060055017459e+01
0.0000000000000000e+00
-1.6179586912262302e+01
-1.6179586912262302e+01
0.0000000000000000e+00
-1.6171205039533561e+01
-1.6171205039533561e+01
0.0000000000000000e+00
-1.6224168883988654e+01
-1.6224168883988654e+01
0.0000000000000000e+00
-1.6217630855147728e+01
-1.6217630855147728e+01
0.0000000000000000e+00
-1.6218885646510252e+01
-1.6218885646510252e+01
0.0000000000000000e+00
-1.6237585420520130e+01
-1.6237585420520130e+01
0.0000000000000000e+00
