 0.0167450814
 0.0262556036
 0.0228728281
 0.0111236136
 0.0074405530
 0.0137781111
 0.0182582879
-0.0115963474
-0.0246668806
-0.0168445098
-0.0120589343
-0.0200852266
-0.0205523895
-0.0292123264
-0.0389736555
-0.0575271256
-0.0385025372
-0.0227051372
-0.0103636307
-0.0019289745
-0.0083686436
 0.0008677562
 0.0034618137
 0.0110328139
-0.0008946190
 0.0047968148
 0.0062560732
 0.0040194050
-0.0090583228
-0.0124646046
-0.0128099192
 0.0004578576
 0.0138474204
 0.0082223496
-0.0059108894
 0.0038924474
 0.0113257010
 0.0221096192
-0.0018399910
-0.0067811651
-0.0152313231
 0.0019862950
 0.0147377137
 0.0287290740
 0.0087729604
-0.0005484850
-0.0070197933
-0.0117341173
-0.0049301558
 0.0104218566
 0.0067032280
-0.0149384126
-0.0032867814
-0.0011470844
 0.0028821661
 0.0040584879
-0.0117208685
-0.0133041152
 0.0015248290
-0.0072088915
 0.0191987476
 0.0044866763
-0.0103040830
 0.0102405669
 0.0038482798
 0.0106317340
-0.0055298673
-0.0119151962
 0.0047118522
 0.0023615368
 0.0090486066
 0.0096969881
 0.0084612448
 0.0001962132
-0.0101249055
-0.0148793624
-0.0245073647
 0.0055111603
-0.0079224848
-0.0057605819
 0.0029847885
-0.0031384036
 0.0017564620
 0.0041957241
-0.0132333236
-0.0109858674
-0.0060622479
-0.0081031933
-0.0134589077
-0.0000450618
-0.0009656881
 0.0289777463
 0.0200823455
 0.0172217281
 0.0069639180
 0.0040502795
-0.0184154481
-0.0063977495
-0.0016407874
-0.0077719490
-0.0049659749
-0.0018336227
 0.0069341786
 0.0083296580
 0.0082089673
-0.0196534073
-0.0058028994
-0.0054267255
 0.0093944218
-0.0017219917
-0.0017169529
-0.0005352197
 0.0003299975
-0.0006486152
 0.0052196952
-0.0093095170
-0.0148958485
-0.0142529929
-0.0056122322
 0.0062203884
-0.0012787473
-0.0052415060
-0.0130857785
-0.0097057389
-0.0093298520
-0.0184889475
-0.0032630089
-0.0025291777
 0.0000972443
-0.0033206004
-0.0056354951
-0.0038105261
-0.0207739710
-0.0193183846
-0.0249259014
-0.0113983336
-0.0154612158
-0.0024075627
-0.0015162454
-0.0181626285
-0.0114859291
-0.0118446535
-0.0173644484
-0.0018868598
-0.0122680127
-0.0065584215
-0.0099067548
-0.0400832377
-0.0216147770
-0.0126596566
-0.0017119302
 0.0128642370
 0.0144165081
 0.0018356793
-0.0000043089
-0.0083924902
 0.0015804462
-0.0077118988
-0.0076131919
-0.0047808805
-0.0143227375
-0.0044874532
 0.0023569018
 0.0040262963
 0.0129690399
 0.0086038239
-0.0050084811
-0.0103725615
-0.0058568671
-0.0184002374
-0.0133998601
-0.0087623108
-0.0165007980
-0.0124137491
 0.0033617715
-0.0060904797
-0.0153828864
-0.0071979119
-0.0001702880
-0.0000452901
 0.0031583924
-0.0128417806
 0.0042619505
 0.0059128963
-0.0020082284
-0.0012601641
 0.0070912399
 0.0126129162
-0.0005414712
-0.0063291882
-0.0000732525
-0.0083998751
 0.0000799880
-0.0018046794
-0.0101721866
-0.0131666666
-0.0216038149
-0.0108853026
 0.0048697753
-0.0017658776
 0.0046874464
