
======================================================

The InputParamFile used for these calculations

======================================================

                           values
M                              12
N                             500
ask_print                       1
datafilename             data.dat
draw_from_prior                 0
iseed                  1741133992
lag_hac                         0
lag_hac_gmm                     1
lag_obs_factor                  1
len_model_func                  1
len_model_param                26
len_simul                     100
model_paramfile          __none__
no_sandwich                     1
num_mcmc_draws               1000
num_mcmc_files                  9
numb_obs_factor                 2
numb_returns                    8
particle_update                50
project_name                  sdf
proposal_scale_factor          10
proposaltype                    0
sample_size                   200
temperature                     1
thin                            5
var_cols                        1
version                         1



======================================================

Summary statistics for the parameters 

======================================================

The log posterior (log prior - log likelihood) at the mode is     -16.129.

   params  starting_value  active  rank  proposal_scale   thetamode  thetamean     sehess
0     A11        0.190971     1.0     1        0.003125    -0.52982   -0.41228    0.29783
2     A21        3.247931     1.0     2        0.003125      3.1194     3.2097    0.29095
1     A12        0.036028     1.0     3        0.003125    -0.24015   -0.11903    0.20077
3     A22        0.084861     1.0     4        0.003125      0.4016    0.29475    0.20165
4     C11        0.000013     1.0     5        0.000031  0.00017514  0.0012559  0.0012677
6     C21       -0.053939     1.0     6        0.003125    -0.59922   -0.76637    0.36976
5     C12        0.000000     0.0     7        0.003125           0          0          0
7     C22        0.081298     1.0     8        0.003125     0.34377    0.38079    0.15838
24    rho        0.783338     1.0     9        0.003125     0.99397    0.75331    0.14721
25  sigma        0.001111     1.0    10        0.000031   0.0069799  0.0070872    0.00379
12   l_01        0.050635     1.0    11        0.003125    -0.87747   -0.62927    0.30239
13   l_02        0.050279     1.0    12        0.003125    0.077132    0.29122    0.22434
14   l_03       -0.045232     1.0    13        0.003125     0.10101   -0.21441    0.36436
18  l_y11        0.000000     0.0    14        0.003125           0          0          0
19  l_y12        0.000000     0.0    15        0.003125           0          0          0
20  l_y21        0.000000     0.0    16        0.003125           0          0          0
21  l_y22        0.000000     0.0    17        0.003125           0          0          0
22  l_y31        0.000000     0.0    18        0.003125           0          0          0
23  l_y32        0.000000     0.0    19        0.003125           0          0          0
15   l_x1       -0.012657     1.0    20        0.003125    -0.22465   -0.19272    0.14974
16   l_x2        0.001367     1.0    21        0.003125   -0.068027   -0.17611    0.11503
17   l_x3        0.025826     1.0    22        0.003125     0.21314    0.31403    0.19727
8     d_0       -0.057942     1.0    23        0.003125    -0.28281   -0.45131    0.12029
10   d_y1        0.017122     1.0    24        0.003125     0.50585     0.1034    0.27287
11   d_y2       -0.036164     1.0    25        0.003125    -0.36006   -0.20419    0.26012
9     d_x        0.019526     1.0    26        0.003125      0.1612  0.0098094    0.13987



======================================================

Rejection table calculated from the entire sample

======================================================

        rejection_rate  freq_move  numb_rejection  numb_moves
params                                                       
A11           0.034026     0.0529            18.0       529.0
A21           0.005576     0.0538             3.0       538.0
A12           0.113503     0.0511            58.0       511.0
A22           0.009225     0.0542             5.0       542.0
C11           0.229885     0.0522           120.0       522.0
Total         0.229885     0.0522           120.0       522.0
C21           0.000000     0.0520             0.0       520.0
C12           0.000000     0.0000             0.0         0.0
C22           0.001942     0.0515             1.0       515.0
rho           0.031802     0.0566            18.0       566.0
sigma         0.004090     0.0489             2.0       489.0
l_01          0.018832     0.0531            10.0       531.0
l_02          0.000000     0.0534             0.0       534.0
l_03          0.001880     0.0532             1.0       532.0
l_y11         0.000000     0.0000             0.0         0.0
l_y12         0.000000     0.0000             0.0         0.0
l_y21         0.000000     0.0000             0.0         0.0
l_y22         0.000000     0.0000             0.0         0.0
l_y31         0.000000     0.0000             0.0         0.0
l_y32         0.000000     0.0000             0.0         0.0
l_x1          0.003670     0.0545             2.0       545.0
l_x2          0.000000     0.0496             0.0       496.0
l_x3          0.000000     0.0543             0.0       543.0
d_0           0.000000     0.0495             0.0       495.0
d_y1          0.000000     0.0527             0.0       527.0
d_y2          0.000000     0.0521             0.0       521.0
d_x           0.000000     0.0544             0.0       544.0