1
1001
1.0092453203497512e-01
1.0710198515175329e-01
5.9030339785564323e-02
-1.8869208758554162e-02
3.6933491654808283e-02
2.0559653413387110e-02
-1.0330702084534013e-01
-2.3532513156122087e-01
1.6431564987034705e-01
-1.4840659379695964e-01
3.4326053621489910e-02
1.6756423135295795e-02
-1.1063082262122402e-02
-7.3231195008153740e-02
-1.0208064682912432e-01
-1.4434860044822378e-01
-1.9612466211402643e-01
-6.7611739359571363e-02
-1.3301840680657886e-02
-9.8928268440119944e-03
-3.0330245152119999e-02
-1.8475286122560836e-01
-1.2857237324238091e-01
8.5966814636228323e-02
1.1577368702812024e-01
1.3700379869399890e-01
4.5159134793745878e-02
9.5577749433888914e-02
-1.4896855495155709e-02
2.7871757686791354e-01
2.4901671660469005e-01
2.0924656278909071e-01
2.1375685780859649e-01
1.6852413836561966e-01
1.9784697273129881e-01
1.8767006797595551e-01
1.2015782378517573e-01
2.3806183403653294e-01
1.9090118922529534e-01
-8.9630747495190982e-02
7.4598566962801080e-02
1.4692359667899027e-01
9.4811168824687125e-02
2.3842271368905271e-01
2.0018839424812290e-01
9.0062358665176201e-02
-7.5666015396350247e-02
-2.7185659009882762e-03
5.3816928037113437e-02
1.8913887793307698e-02
-7.9661953167529748e-02
-1.5048766948096898e-01
-2.7563075476736187e-01
-3.0520430607676796e-01
-2.5535057656431431e-01
-4.8632646936149782e-01
-4.8298582305885462e-01
-4.0576193229657098e-01
-2.2873981989464512e-01
1.6208583537408922e-02
-1.5483746971792442e-01
-2.7629006740336787e-01
-3.3380958506969749e-01
-2.5540338958905651e-01
-1.6627620860422862e-01
4.6160999577425921e-03
-5.1215240665977560e-02
2.2029225580926452e-02
2.1495044124552182e-02
5.5715361152035854e-02
2.0167555325344633e-01
1.1776524216425761e-01
1.0758611852321900e-01
7.9519789770395588e-02
3.1836986625314576e-02
6.3961651988125506e-02
-9.6539761966628501e-02
5.1054730934967457e-02
-1.7886737591181606e-01
-1.6802471016768147e-01
-1.2469138486125891e-01
-9.8937653204809239e-02
1.3473337276696315e-01
7.2199521533005642e-02
2.1179243495887193e-03
2.5105550851092791e-02
-5.1685434607135407e-02
-5.6714925787820149e-02
-2.2342769195395609e-01
-2.2515423110928459e-01
-2.9633056729480683e-01
-3.4784266229033939e-02
8.3457280194278761e-03
-9.1040125294116168e-03
1.9875112906806706e-02
1.4157451688107892e-01
-4.3329501161121997e-02
3.5802494280224112e-02
-1.1858073240371490e-02
-5.8261615924717548e-02
-9.8320738786603273e-02
-1.0396305129062754e-01
-4.0750450135323385e-02
-2.1613284845435857e-01
-2.2735128918714714e-01
-1.3386605377536928e-01
-5.0075427258347793e-02
1.8000010207149558e-01
1.4622595248254674e-01
1.9274185965563884e-01
1.3827336575671856e-01
1.4051637348401408e-01
3.6985609767331967e-01
4.1558157871162332e-01
4.5292022999124082e-01
1.7079128900873708e-03
6.3144375012692461e-02
-4.3384185134270468e-02
-6.8303181289751269e-02
6.9587434483274674e-02
9.1268997512423886e-02
1.3478067415685566e-02
9.7788400271027129e-04
-6.7966643756083731e-02
-4.8719886346023950e-02
-2.6671781115421993e-02
-9.7404455322177688e-02
2.1641715226053015e-02
1.3356729655065444e-01
7.4589151609725207e-02
2.3643287792830828e-02
4.2847492516063984e-02
6.1401361799258661e-02
7.7457641224875987e-02
3.8391152748119786e-02
7.0232589823923081e-02
1.5584934137894438e-01
7.7527085007299795e-02
-8.2111816357716083e-02
-2.0121502538613018e-01
-1.2559542385809846e-01
-3.2779863103812756e-02
1.5086139738888883e-02
7.5968011617923853e-02
-1.2300718307284450e-02
6.2354156589676593e-02
1.1512355940832270e-01
2.4746891607676802e-01
2.0075962754456092e-01
3.6173325230572934e-01
3.2510964433268164e-01
1.5050194152129059e-01
1.2822769523010547e-01
1.7559879374778983e-01
2.0281488380652044e-01
4.3595688993305959e-02
-5.0764946178936170e-02
-4.8526288498515452e-02
2.2748718148146110e-01
2.2874709455707898e-01
2.2237537990839665e-01
3.8809472474123152e-01
4.3020118596287660e-01
4.7028299428726905e-01
3.8263460850879094e-01
2.0398888473641508e-01
1.2572667388066955e-01
8.2766146496558862e-03
6.5987088762571394e-02
1.3943997103599706e-01
1.3431260797284444e-01
1.3716228356283824e-01
1.0772796648499904e-01
3.1612221541212038e-01
3.6710949851835595e-01
4.1738472472639743e-01
2.7599010142494729e-01
2.8127656199780698e-01
2.1787634769676206e-01
1.7106874807356262e-01
1.3962065602533788e-01
2.0482168336862544e-01
1.3815528146548448e-01
1.6039710336624285e-01
8.2869445035447298e-02
1.4438543518058150e-02
-8.7524750789267469e-02
-7.1027820041487735e-02
-1.2361900586343616e-01
-1.4889435532456088e-01
-1.1277010937742749e-01
4.2946029502452548e-02
1.1009451452756019e-01
4.1115055114937564e-02
-1.2734873389472372e-02
1.5349576608715867e-01
6.2628239284979625e-02
-2.1472513762293394e-02
8.0106455018378792e-02
2.8434461588085297e-01
3.1189443059301858e-01
2.0614810794620900e-01
1.9748099851631473e-01
1.1732363071460208e-01
2.7302245590224805e-01
2.1290673933434442e-01
2.8770144480075804e-01
2.1914259873911834e-01
1.5522522306907255e-01
2.3866205028439183e-02
-9.7060085446242797e-02
-3.4879771757606114e-02
-1.2140165081408378e-02
-1.1422777995331031e-01
4.3137925268308785e-02
5.5309880980622499e-03
2.9058023727637272e-02
1.1169257119234542e-01
1.5828205430456910e-01
2.5265245265920094e-01
1.7584505480256982e-01
1.9516944727680929e-01
6.2777333191091605e-02
3.3647245352311762e-02
4.9166956988846336e-02
-1.4722236836125449e-01
-2.2499310846463838e-01
-6.5396939717419930e-02
-1.6418387095347087e-01
-2.1861221273911033e-01
-1.0273968879518536e-01
-1.6088399919967869e-02
-1.5350871374853534e-01
-5.2411453649585105e-02
-8.9481414735463977e-02
7.8134764193314582e-03
2.0020031364431529e-01
7.2458006395264868e-02
1.4583957191575719e-01
1.4313935932532273e-01
1.8545452711594362e-01
1.2097436354646890e-01
1.2300275696190047e-01
5.5392256839051628e-02
9.1181724439442002e-02
1.5504913862848149e-02
1.1945108360950460e-01
2.7549472480538933e-01
8.8698828454998713e-02
2.0763639945680906e-01
2.4072276225801320e-01
1.8858111338707617e-01
3.3733941663815825e-01
4.7643510142576095e-01
4.5749605806359767e-01
2.9531964947135547e-01
3.7166407023678599e-02
-1.2920276696299682e-01
-5.4562177259247863e-02
4.8515483936849152e-02
-7.0058882076594900e-02
4.6889913210031456e-02
1.2556503186921841e-01
2.0565719183524900e-01
1.4028178474299474e-01
2.5521241681569706e-01
1.5987371052737148e-01
1.9649995529135947e-02
-2.7225707440788841e-02
1.0247504355969804e-01
1.6695242836048430e-01
4.1065619102877191e-02
6.8705246418127863e-02
-3.4748172307483796e-02
-2.0950329744376536e-01
-2.9994721765166754e-01
-2.8926687284188457e-01
-3.0310208474697264e-01
-1.3307100037814451e-01
-1.3903608818913518e-01
-2.6725015560837606e-01
-2.9478841837288555e-01
-2.3441807900576089e-01
-6.7510461606250571e-02
4.6677483736146524e-03
-1.4521153818617910e-01
-2.8011894664009929e-01
-1.8330145828597164e-01
-1.3254514497655565e-01
-8.2618866659306955e-02
2.2860612527759594e-01
-2.1441330657623325e-05
-1.6120661381892065e-01
-1.7206216719954570e-01
-1.5638356003927678e-01
-2.4497424438609675e-01
-1.7506607770930924e-01
-8.7154830694287588e-02
3.1495241165089949e-02
7.1997378539982115e-02
2.2299840789790365e-01
1.1962457690044573e-01
-9.2145795079832643e-02
-4.0469060900024875e-02
4.2189543944896810e-03
5.4856911142850046e-02
1.3148227321321498e-01
5.8929264443832487e-02
-1.8934185513041987e-01
1.2738289768039590e-02
-9.8894618086386193e-02
-1.7701317042697945e-01
-9.5767346386825880e-02
8.3923318096227773e-02
1.7386056829152691e-01
9.9030068307385338e-02
3.9227284621608648e-02
6.1265465721617056e-02
1.7091510065804316e-01
-5.0018569879449248e-02
-7.1470636548335090e-03
-6.3470307860512318e-02
6.3919684192547177e-02
6.6353355567462427e-02
1.0448239820862387e-01
1.6847536029549104e-01
1.7389501978660954e-01
1.6644623674594045e-02
1.9136999591004270e-01
2.7221920525083082e-01
1.3375629929740540e-01
2.8799773810735796e-01
2.5375791089480287e-01
1.0575786985353762e-01
1.8540516501582571e-01
5.4673612164790691e-02
1.6493947509712797e-01
1.9610433939128574e-01
1.8167818417572545e-01
1.9047441248435631e-01
1.6809614381662094e-01
2.3345958297627040e-01
2.4108833555521067e-01
2.0154868153048752e-01
3.4792414973031044e-01
4.5912542875489049e-01
3.8883413621489565e-01
1.9932785231832156e-01
1.5949195722031576e-01
3.2317835881614548e-02
1.3597245517913809e-01
2.0687633755639642e-01
1.6987001898157955e-01
6.4260041731741921e-02
1.9905786992561572e-01
-2.7634471404935884e-02
1.5018377324073637e-01
1.0581929729484815e-01
1.9976486957950035e-01
1.0190888601050886e-01
7.3976342489370614e-02
2.2601948150797599e-01
2.9660327012383075e-01
1.1447379012936856e-01
5.9017330567316263e-02
1.6458323014599169e-01
1.9891917238888807e-01
3.2699676595192489e-02
2.6408228500025045e-02
7.4625619827379044e-02
5.9057190893650455e-02
4.7604517006661323e-02
-4.6960233955553508e-02
2.4241352630479066e-02
-3.1813447036089154e-02
-1.0542155254502428e-01
-1.9310355940357316e-01
-2.2479479916012662e-01
-9.4814230260184443e-02
-1.6192409138435607e-01
-5.6209168756441164e-02
3.4538645009648095e-02
1.2674266970988218e-01
1.3390685135810404e-02
1.7563992342526821e-01
9.9357956458529711e-02
2.0804867252461187e-01
2.5497679793637651e-01
3.9586952037653655e-01
2.4014633661144047e-01
1.8563580922788836e-01
1.0489242404704459e-01
2.1297227382700984e-02
3.6584506762060598e-02
1.8832720147135504e-01
1.4064972685029228e-01
4.0427337775628736e-02
5.7610106023153446e-02
-1.5637272870381613e-01
-7.1470942305246518e-02
3.4587940608088556e-02
7.7782301930287984e-02
1.8668491747196475e-01
7.6280554979769086e-02
-9.5279319405772139e-02
-6.9160737997466609e-02
-1.4578301434655418e-02
-1.1881130037700291e-01
-1.2917612968282027e-01
-4.7785677782386377e-03
5.9094306765263095e-02
1.4416611741594330e-02
3.8545998176425185e-02
-7.8318534501004636e-02
5.4431284898433352e-02
7.8087055034568531e-02
9.4182831722204388e-02
-5.3539897856947183e-02
-2.4046967611977575e-02
2.7913496743624120e-02
1.3217196532168762e-01
4.8975544516871583e-02
-3.0002347751752367e-02
-9.6023326813615043e-02
5.9838981867284244e-02
5.6331375640988883e-02
-1.2302234617681462e-01
-1.9619976264724406e-02
3.0938460602371480e-02
4.6503985761808225e-02
1.3852924890455157e-01
7.5097459849807022e-02
-6.4053914310858731e-02
-2.1703287054956822e-02
6.1860466726731567e-02
3.0274141115436009e-02
5.7353549824149655e-02
1.4528908819038969e-01
-5.7238535165156534e-02
-1.3468665566393981e-01
-4.5395093650414546e-02
2.9450039076174099e-02
6.5498637165518445e-02
8.1392486497475186e-02
-1.0834655395769001e-01
-1.5888239329356291e-01
-1.6001698581614762e-01
-2.7319959567577579e-01
-1.9355650855375084e-01
-2.6306781064091328e-01
-1.3471180709694391e-01
-7.3415796061313682e-02
-7.7760463039045755e-02
3.1888504759498261e-02
-7.7133603941577422e-02
-4.2254201015772624e-02
-1.6642219340081393e-01
2.3891933637655738e-02
-1.0962663262860223e-01
-7.1585350094447497e-02
-2.7581900642879777e-02
9.9103235970681533e-02
1.4059985977073164e-01
2.5327849230495814e-01
2.4955095820687395e-01
2.9320143837183466e-01
3.4596407952666086e-01
2.8441032751607737e-01
2.3919323148693913e-01
2.3986997653934380e-01
3.1928261081292647e-01
1.4359449513685241e-01
1.4306085649582023e-02
4.4032182171704196e-02
9.8056444227506173e-02
5.5604050516930785e-02
-4.3900964689375911e-02
-6.8828119263745907e-02
5.8972216903608987e-02
6.2568692671809159e-02
7.4893565621021244e-02
1.1975097191019285e-01
-1.3568643477094744e-02
9.5590588453187492e-02
-1.0996898410499931e-02
-4.2494903324270916e-02
1.2415087963561479e-02
-6.0622335079971737e-02
-1.7098110962205235e-01
-3.1454827823871856e-01
-2.8000097126670270e-01
-2.3727883518463447e-01
-9.2649210458803768e-02
1.4583292884365034e-01
2.9354436622250329e-01
1.9858650208463871e-01
2.2717376423637553e-01
2.6247779427179085e-01
8.0718393311567216e-02
-8.2678296679917079e-03
1.1695774010700680e-01
2.1117650359378415e-01
2.6831491899097887e-01
2.0315255859776282e-01
1.2008553357349987e-01
1.7551918913068101e-01
8.5742537889017478e-02
3.3140970041858210e-02
3.7563426510895934e-02
1.6909371389075632e-02
-2.5286728495508470e-01
-4.2744276805043258e-01
-3.5146541775918039e-01
-2.8803708906297709e-01
-3.8498984380821255e-01
-2.4760133110888694e-01
-3.4500883883959366e-01
-3.4779741459470048e-01
-1.6252190346225942e-01
-2.0282460828387616e-01
-1.1105134550542736e-01
-4.3129728943595132e-02
2.5822530817597042e-02
-1.8633171667130077e-01
-7.5876502191792206e-02
-2.1120982010823114e-01
-2.2557088247666063e-01
-3.0477850049121624e-01
-5.0972469973074164e-01
-3.5619186224545457e-01
-2.9393406798049143e-01
-2.9084635249459212e-01
-1.7679824011869008e-01
-1.6420527460055967e-01
-2.6427901317181124e-01
-1.1775801602603542e-01
2.4847153635012734e-02
2.6707011509885494e-02
8.4204056301872013e-02
-1.9853990523687942e-02
-3.5203465818303387e-02
-1.1650659561072793e-01
-1.7341913914612933e-01
-1.7667776553576792e-01
-3.2103862928347271e-01
-1.9173260583080037e-01
-1.3511682741719236e-01
-2.2548582309784693e-01
-2.3101040644885862e-01
-1.9261651276303740e-01
-5.6634883393871085e-02
7.9668430240927290e-02
1.9080917656578872e-01
1.1368704235679511e-01
1.1597792523007873e-01
-1.0394132362285231e-01
-1.3066080988628845e-01
-1.1236256609307274e-01
-1.1267822285450733e-01
-1.4321743289595634e-01
-1.5944541068844631e-01
-1.2514338277357923e-01
-6.9199433982993025e-02
-7.3939569640656205e-02
-1.5234758881608637e-01
-1.0696037255032852e-01
-1.2672562414251959e-01
-3.4735556553548139e-02
-8.0181071051554337e-02
-1.3412780276028036e-01
-1.1527782369357101e-02
5.7570721158423620e-02
1.9641532536271303e-01
2.9724169203379225e-01
2.4231343014032419e-01
2.4710981880021712e-01
2.1492015389118690e-01
1.6718323495498577e-01
-2.8322387007782640e-02
5.5799433972112511e-02
-5.6685380629164249e-02
-1.1697293519295238e-01
-1.6536296963148900e-01
-1.8174996721310288e-01
-1.6375380404840206e-01
9.3689396794237323e-02
1.3895233854897629e-01
5.0931643267298626e-03
-9.7708160017345363e-02
-5.4505021837881432e-02
-1.7792327520651122e-01
-1.3580219153485695e-01
-1.8081249359386764e-01
-2.4051755120863599e-01
2.0551113680918359e-02
-7.1662188851102718e-02
-2.3442981666934114e-02
4.8317328877356680e-03
2.0917501575049616e-01
1.7678204845425971e-01
-9.0545720176896383e-03
-4.3680272008339641e-02
1.4257945574441960e-03
2.9088323926623194e-03
-1.8041443080449460e-02
-8.0792883039112376e-02
-6.1376495361801384e-02
-5.1619520843407631e-02
-5.8370684433286288e-02
1.5054432960486025e-01
2.1979890395908047e-01
2.1634469036029569e-01
4.5808601678752336e-03
4.5261878679938574e-04
-8.5755089132700385e-02
-6.1528920250109052e-02
2.1818614707810706e-02
1.3447739418858135e-01
1.0447419101209518e-01
1.1138602526355647e-01
1.1921402956143112e-01
-1.1692630091547238e-02
-1.1051446345586720e-01
-2.0633978960624649e-01
-2.5012346957295195e-01
-2.4132619384264198e-01
-2.7498757508067484e-01
-1.8234131667350290e-01
-3.2532841708926008e-01
-5.3483802053671231e-02
-2.3313021896150998e-01
-1.7645798663590187e-01
-5.5409205280096005e-02
-5.9151956020599000e-03
1.1626913479337650e-01
8.8844699686722414e-02
9.1809029798473094e-02
2.2035679453274820e-01
2.2854640669553453e-01
1.7263330190920015e-01
1.8413782155150715e-01
1.8043017670588052e-02
2.6588678884566910e-02
2.5551526588444795e-01
1.6032930288509439e-01
2.4146866062320005e-01
1.7389898456364261e-01
1.8920262819313519e-01
8.4461908863254498e-02
-5.5337551175540206e-02
3.3701903112844517e-03
1.2516202501361498e-01
1.2609300094369991e-01
3.1359708370784078e-01
2.2947142024452807e-01
2.8365762630792712e-01
2.6283109980362679e-02
3.4922521152129196e-02
-3.0320456951435069e-02
-1.2786140944924010e-01
-5.8320193738667592e-02
-1.4222678482606288e-01
-1.1232517071872375e-01
-1.9120327956127661e-01
-1.6153907191075911e-01
-5.6617010921780495e-02
-1.0883114678902962e-01
-1.0409350738871406e-02
1.4038871880694367e-01
2.9329212233483110e-01
2.2652650207328254e-01
2.4739591145553158e-01
2.2681658954650535e-01
2.1592495633149444e-01
9.3026882751657963e-02
3.5636835371553419e-02
8.1784230927705384e-02
9.8730022676849064e-02
1.4267538386032080e-01
-5.1048899511932561e-02
1.7623248511915268e-01
1.3292103411249209e-01
1.1678754733198396e-01
4.7554524311967793e-02
-1.3899198645786595e-01
-1.6692540426600896e-01
-2.9238322413356471e-02
-2.2820425322781918e-03
-1.3408637382913677e-01
-8.1267034716042269e-02
9.5183165306542417e-02
-9.8052738956853486e-02
-2.1466450971162107e-02
3.8046388163728885e-02
-1.2213730944429765e-01
-1.5333804594067679e-01
-1.2634782726834573e-01
-2.2992577038370432e-02
-1.8903785046294620e-02
-5.4685612291934423e-03
4.4693172790937243e-02
-1.4932154958778532e-02
1.8737099222713002e-01
2.9951994937557613e-01
2.3958875179037920e-01
1.0313128185069936e-01
1.5924840769605936e-01
1.6980236153949979e-01
1.9282318457881359e-01
4.0124686801369791e-01
2.6469608540483958e-01
1.3725324984509663e-01
3.4969844548852574e-02
-8.0810826516984832e-02
-5.9752156036566841e-02
-7.2770658888396539e-02
9.7842544253850666e-03
3.7268819803888374e-02
-5.9382568638366301e-03
-3.2652871730599279e-03
-9.7062846574995809e-02
8.2650502082654731e-02
6.6370092670988659e-02
1.6938377049833270e-01
1.8222360827682277e-02
-6.8424052780343803e-02
6.4342791409910755e-02
-5.3954555859483250e-04
4.2775890736157342e-03
-1.3418003697524498e-02
-6.1710419242223336e-03
-6.2969313462786069e-03
1.9693248380023542e-01
2.6686598387398963e-01
2.9714320919544418e-01
1.8900909679437414e-01
3.6829886164112680e-01
3.4253946503674026e-01
2.5752788035611340e-01
2.3576827644141540e-01
1.5639065443541228e-01
8.7713975832114099e-03
9.5113969177027510e-02
3.3090927267090460e-02
8.2836312503827406e-02
1.1791790521241251e-01
7.7967906463917283e-02
1.0418788351120647e-01
-7.7880817592127366e-02
2.2287861156476949e-02
6.7544881024371325e-02
4.3294267172345115e-02
-6.3247041849510993e-02
-1.8191890476717258e-02
-1.9415010632931155e-02
8.5176118515444627e-02
2.4790869418979711e-01
1.5932318678856713e-01
3.6079311459351243e-01
2.2567167352905804e-01
-1.1534838110042162e-02
-2.6001222514973124e-02
2.1129962735282552e-02
-1.7167770319853490e-02
-2.0406377328375393e-02
1.2329064845010487e-01
5.4285208693860755e-02
1.1466867551145458e-01
-1.4855002701332171e-01
1.0450573492010434e-01
7.8614105605761223e-02
6.8137123543961856e-02
1.7338827797487896e-01
-1.1189992835398344e-02
6.4161113412955745e-02
1.8334730674250399e-02
3.1360802916227559e-02
1.6959284374518299e-01
1.5985300941787645e-01
8.4739546406447763e-02
1.2570446366324417e-01
-3.7570744017410840e-03
1.7197009330911250e-01
5.6008930253369116e-02
1.1422436455677550e-01
-3.5077114742671653e-02
-3.0499021199677406e-01
-3.4660563061502792e-01
-2.1155010016653714e-01
-3.1810481430605075e-01
-3.4527707959425469e-01
-3.1554981859693543e-01
-3.3612049056823745e-01
-3.5832780348249826e-01
-2.7487881951124316e-01
-1.8117713111711220e-01
-2.2699928822575155e-01
-8.0581693191990392e-02
4.1170526870357882e-02
7.2949737769975570e-02
7.0480801532756737e-02
-7.0043462220755054e-02
-1.1840590003273352e-02
-3.4096190860383881e-02
-5.7108818118185342e-02
8.1881297727894375e-02
-5.1531389550593804e-03
-1.7266000868449427e-01
-7.2451705229837238e-02
-7.7028948162045918e-02
8.3790158478046772e-03
1.8673377317171300e-01
2.3704716429695294e-01
1.0163997304904306e-01
2.8774203215017197e-01
1.7872000220596215e-01
7.7737591530318437e-02
1.0123199174041381e-01
7.8768666524476200e-03
-1.5973177465289543e-01
-4.0599685211894596e-02
-6.5863418618772568e-02
-6.7875584395674177e-02
-2.4599571659719732e-01
-2.4102607476358245e-01
-2.0169021870807513e-01
-2.3824204155695999e-01
-1.2686622459803076e-01
-1.0835197672537210e-01
-8.4163912557859710e-03
-7.2493928148213996e-02
-7.5435849010041536e-02
-2.3301851906704202e-01
-1.8901628400297799e-01
-4.2112995349660218e-02
8.0674633055293793e-02
-2.5066340232400702e-02
-1.1478731693433608e-02
-8.9185245562876783e-02
-2.3836112204619661e-02
-2.7703308757884040e-02
-1.3512806800399410e-02
9.2634187771960752e-02
5.9631618665921420e-02
-1.2691352520570971e-02
6.8772038814079117e-02
-1.0407350778845841e-01
1.3418777225272710e-02
1.0857159967252164e-01
1.1125219424588323e-01
5.1916421930176739e-02
6.9344816788182842e-02
9.8364398353466900e-03
1.8321615818923073e-01
8.6894515067619943e-02
1.2042685675845828e-02
1.9771098556698393e-02
-2.1383764786515155e-01
-2.1091289375617919e-01
-1.0801182631170606e-01
-2.4513053849153404e-01
-2.7356275284141451e-01
-1.5282350273013234e-01
1.5161710189914607e-01
1.1788374486772937e-01
1.9252180102037370e-01
1.8003459705962327e-01
4.4980791680443971e-02
-1.9436587911900928e-02
7.6408918681099378e-02
1.5916117706485938e-01
4.4361097485504097e-04
-1.4508967127108033e-01
-1.5540033897323177e-01
-1.0812318132768287e-01
-1.1259124423225891e-01
-7.2598358950298411e-02
-1.9593503948949290e-01
-6.4301847433269138e-02
-8.5213633589124774e-02
-2.4091120332222063e-02
-4.4357195114883487e-02
5.9781533785031087e-02
-7.0336463207113079e-02
-1.5979714913453527e-02
-4.8379013226714680e-03
-4.2397252463204617e-02
-3.4716347096435590e-02
1.5215703706894529e-01
1.7344701179626953e-01
4.1672282526996701e-02
1.0406946024155359e-03
1.2978642979310798e-01
-6.2051607775315876e-02
2.8657616291343981e-02
1.0360152809929835e-01
9.5988365821933652e-02
3.2208161801414420e-02
5.3113122582687328e-02
2.9807485723515620e-01
3.1969570584313289e-01
1.9928129488004220e-01
1.4233139682827772e-01
2.2457755032395033e-01
1.7216185118474225e-02
8.4254337855750455e-02
-3.8295127146582508e-02
7.9918462281910019e-02
1.2303033729035652e-01
-2.7969298683492377e-02
7.3258401614119187e-02
-2.2848873009928411e-02
-7.8465371267516099e-02
3.8580907236322820e-02
-1.2768753937817806e-01
-2.2839073794632908e-01
-2.7824994528274360e-03
2.1733586462022416e-02
-2.0007469298705932e-01
-6.3330916899565687e-02
-1.0319126712332077e-01
-6.9035733775694441e-02
-2.5572113596312152e-01
-8.4086476984913727e-02
-1.8805872140192637e-01
-7.9468144876668048e-02
-1.6316305311752097e-01
4.1753513635577055e-03
2.5081765196433171e-02
8.9914968841640561e-02
2.2254634398887033e-01
2.2648154297407053e-01
1.8293697372474738e-01
1.1107667672950799e-01
1.7193545010239092e-02
-2.4128171518206433e-02
-5.0538878810214870e-02
-3.3154566523876092e-02
9.0617450525405971e-02
1.0655603901548621e-01
5.1460858949052793e-02
9.8260954434098810e-02
1.9761873516593140e-01
1.4432953384044778e-01
1.7466219136335859e-01
3.4836231763536463e-01
3.1784621950288400e-01
3.2974815031925669e-01
3.4327840535672371e-01
4.5093868007913152e-02
9.0255919162952836e-02
1.6918136721016880e-01
1.4736596704651450e-01
2.2630767394009860e-01
2.4088465467217474e-01
3.4536697304346492e-01
4.2263441352922382e-01
1.8353918050828508e-01
7.5740383904003547e-02
2.5428207191485919e-02
-9.6185027382645005e-02
-7.7501077106841801e-02
-1.2237741641302777e-01
-1.2461208042302718e-02
6.2344121744792473e-02
2.2313058599675564e-01
2.1488153815146185e-01
1.5992956066032965e-01
8.2627038788006466e-02
9.0118829414213314e-02
5.2820624613733783e-02
-5.8562480049155798e-02
6.8241888175946369e-02
2.3133764973524562e-01
2.8243521301939767e-01
1.1123577713167415e-01
1.4036593603448666e-01
7.3258626598966897e-02
2.4485900512419369e-02
-1.0695717127257805e-02
-2.5460346651978667e-02
9.9614072551006183e-02
1.6709227856769093e-01
1.9092360136329276e-01
2.3749221561288153e-01
1.9158298133162910e-01
1.7054495053170726e-01
1.2722153608344877e-01
1.3251778498763153e-01
2.3253922474761257e-01
3.3258767376247605e-01
1.9198616107228245e-01
-8.4023819288231189e-02
6.3867997391528097e-02
2.0323928297639388e-01
1.9187790037060182e-01
1.7753077501745546e-01
2.3533254428459427e-01
2.2112904142342585e-01
2.5480651578110519e-01
3.2610828654608781e-01
